#Title, #runnumber: 1 yelloweye_data.ss yelloweye_control.ss 7242.99 1113.56 382.585 StartTime: Mon May 12 19:05:10 2025
SSv3_default_rebuild.dat
# Number of sexes
1
# Age range to consider (minimum age; maximum age)
0 100
# Number of fleets
7
# First year of projection (Yinit)
2011
# First Year of rebuilding period (Ydecl)
2013
# Number of simulations
1000
# Maximum number of years
500
# Conduct projections with multiple starting values (0=No;else yes)
0
# Number of parameter vectors
1000
# Is the maximum age a plus-group (1=Yes;2=No)
1
# Generate future recruitments using historical recruitments (1)  historical recruits/spawner (2)  or a stock-recruitment (3)
3
# Constant fishing mortality (1) or constant Catch (2) projections
1
# Fishing mortality based on SPR (1) or actual rate (2)
1
# Pre-specify the year of recovery (or -1) to ignore
-1
# Fecundity-at-age
# 0 1 2 3 4 5 6 7 8 9 10 11 12 13 14 15 16 17 18 19 20 21 22 23 24 25 26 27 28 29 30 31 32 33 34 35 36 37 38 39 40 41 42 43 44 45 46 47 48 49 50 51 52 53 54 55 56 57 58 59 60 61 62 63 64 65 66 67 68 69 70 71 72 73 74 75 76 77 78 79 80 81 82 83 84 85 86 87 88 89 90 91 92 93 94 95 96 97 98 99 100 #runnumber: 1 yelloweye_data.ss yelloweye_control.ss 7242.99 1113.56 382.585
 0 0 2.58452e-09 5.46429e-08 7.04352e-07 6.37917e-06 4.41899e-05 0.000244275 0.00109081 0.00391185 0.0112477 0.0263372 0.0516857 0.0878301 0.133235 0.185136 0.240577 0.297096 0.352973 0.407175 0.45918 0.508788 0.555981 0.600828 0.643426 0.68388 0.722285 0.758728 0.793284 0.826025 0.857015 0.886317 0.913992 0.940102 0.964708 0.987873 1.00966 1.03012 1.04933 1.06734 1.08422 1.10002 1.11481 1.12863 1.14154 1.1536 1.16485 1.17534 1.18513 1.19425 1.20274 1.21065 1.21801 1.22486 1.23123 1.23716 1.24266 1.24778 1.25254 1.25696 1.26107 1.26488 1.26842 1.27171 1.27476 1.2776 1.28023 1.28267 1.28493 1.28703 1.28898 1.29082 1.29252 1.2941 1.29557 1.29692 1.29818 1.29935 1.30044 1.30144 1.30237 1.30324 1.30404 1.30478 1.30547 1.30611 1.3067 1.30725 1.30775 1.30822 1.30866 1.30907 1.30944 1.30979 1.31011 1.31041 1.31068 1.31094 1.31118 1.3114 1.31172 #female fecundity; weighted by N in year Y_init across morphs and areas
# Age specific selectivity and weight adjusted for discard and discard mortality
 #wt and selex for gender,fleet: 1 1 1_CA_TWL
 0.00896707 0.00906981 0.0272007 0.0684518 0.130637 0.212895 0.312392 0.425769 0.549741 0.681371 0.818216 0.9585 1.10126 1.24622 1.3934 1.54262 1.69328 1.84441 1.9948 2.14325 2.28868 2.4302 2.56716 2.69906 2.82559 2.94655 3.06186 3.17148 3.27548 3.37393 3.46697 3.55476 3.63747 3.71528 3.7884 3.85704 3.9214 3.9817 4.03815 4.09094 4.14028 4.18637 4.22939 4.26952 4.30695 4.34183 4.37432 4.40458 4.43275 4.45896 4.48335 4.50603 4.52711 4.54671 4.56492 4.58184 4.59756 4.61216 4.62571 4.6383 4.64998 4.66083 4.67089 4.68023 4.6889 4.69694 4.7044 4.71132 4.71773 4.72369 4.72924 4.73442 4.73923 4.74368 4.74782 4.75165 4.7552 4.75849 4.76154 4.76437 4.767 4.76943 4.77168 4.77377 4.77571 4.77751 4.77917 4.78071 4.78214 4.78347 4.78469 4.78583 4.78689 4.78786 4.78877 4.78961 4.79039 4.79111 4.79178 4.7924 4.7933
 0 0.00105255 0.00233118 0.00898925 0.0271126 0.0651451 0.129907 0.22266 0.337684 0.463988 0.588797 0.701022 0.793586 0.86415 0.914292 0.947821 0.969133 0.982135 0.989819 0.994254 0.996772 0.998186 0.998977 0.999418 0.999666 0.999805 0.999885 0.999931 0.999957 0.999973 0.999982 0.999988 0.999992 0.999994 0.999995 0.999996 0.999997 0.999997 0.999997 0.999997 0.999997 0.999997 0.999997 0.999997 0.999997 0.999997 0.999997 0.999997 0.999997 0.999997 0.999997 0.999997 0.999997 0.999997 0.999997 0.999997 0.999997 0.999997 0.999997 0.999997 0.999997 0.999997 0.999997 0.999997 0.999997 0.999997 0.999997 0.999997 0.999997 0.999997 0.999997 0.999997 0.999997 0.999997 0.999997 0.999997 0.999997 0.999997 0.999997 0.999997 0.999997 0.999997 0.999997 0.999997 0.999997 0.999997 0.999997 0.999997 0.999997 0.999997 0.999997 0.999997 0.999997 0.999997 0.999997 0.999997 0.999997 0.999997 0.999997 0.999997 0.999997
 #wt and selex for gender,fleet: 1 2 2_CA_NONTWL
 0.00896707 0.00906979 0.0269435 0.0677742 0.129481 0.2113 0.310516 0.423857 0.548075 0.68024 0.817867 0.959067 1.1027 1.24831 1.39581 1.54502 1.69544 1.8462 1.99619 2.14428 2.28941 2.43071 2.56751 2.69929 2.82575 2.94666 3.06192 3.17153 3.27551 3.37395 3.46699 3.55477 3.63747 3.71528 3.7884 3.85704 3.92141 3.9817 4.03815 4.09094 4.14028 4.18637 4.22939 4.26952 4.30695 4.34183 4.37432 4.40458 4.43275 4.45896 4.48335 4.50602 4.52711 4.54671 4.56492 4.58184 4.59756 4.61216 4.62571 4.6383 4.64998 4.66083 4.67089 4.68023 4.6889 4.69694 4.7044 4.71131 4.71773 4.72368 4.72924 4.73442 4.73923 4.74368 4.74781 4.75164 4.7552 4.75849 4.76154 4.76437 4.767 4.76943 4.77168 4.77377 4.77571 4.7775 4.77917 4.78071 4.78214 4.78346 4.78469 4.78583 4.78688 4.78786 4.78877 4.78961 4.79039 4.79111 4.79177 4.79239 4.79329
 0 0.00128409 0.00277464 0.0101019 0.0291613 0.0678669 0.132317 0.223346 0.335435 0.458353 0.580283 0.690863 0.783248 0.854832 0.906664 0.942041 0.965014 0.979337 0.987987 0.993086 0.996041 0.997734 0.998699 0.999248 0.999561 0.99974 0.999844 0.999904 0.99994 0.999961 0.999974 0.999982 0.999986 0.999989 0.999991 0.999992 0.999993 0.999994 0.999994 0.999994 0.999994 0.999994 0.999994 0.999994 0.999994 0.999994 0.999994 0.999994 0.999994 0.999994 0.999994 0.999993 0.999993 0.999993 0.999993 0.999993 0.999993 0.999993 0.999993 0.999993 0.999993 0.999993 0.999993 0.999993 0.999993 0.999993 0.999993 0.999993 0.999993 0.999993 0.999993 0.999993 0.999993 0.999993 0.999993 0.999993 0.999993 0.999993 0.999993 0.999993 0.999993 0.999993 0.999993 0.999993 0.999993 0.999993 0.999993 0.999993 0.999993 0.999993 0.999993 0.999993 0.999993 0.999993 0.999993 0.999993 0.999993 0.999993 0.999993 0.999993 0.999993
 #wt and selex for gender,fleet: 1 3 3_CA_REC
 0.00896707 0.00906975 0.0263003 0.0657966 0.125472 0.204554 0.300481 0.410163 0.530529 0.65883 0.792919 0.931548 1.07432 1.22117 1.37175 1.52515 1.68002 1.83486 1.98821 2.13885 2.28581 2.42837 2.566 2.69833 2.82513 2.94627 3.06167 3.17137 3.2754 3.37388 3.46694 3.55474 3.63745 3.71527 3.7884 3.85704 3.9214 3.9817 4.03815 4.09094 4.14028 4.18637 4.22939 4.26952 4.30695 4.34183 4.37432 4.40458 4.43275 4.45896 4.48335 4.50603 4.52711 4.54671 4.56492 4.58184 4.59756 4.61216 4.62572 4.6383 4.64999 4.66083 4.67089 4.68023 4.6889 4.69694 4.7044 4.71132 4.71773 4.72369 4.72924 4.73442 4.73923 4.74368 4.74782 4.75165 4.7552 4.75849 4.76155 4.76438 4.767 4.76943 4.77169 4.77377 4.77571 4.77751 4.77917 4.78071 4.78214 4.78347 4.7847 4.78583 4.78689 4.78786 4.78877 4.78961 4.79039 4.79111 4.79178 4.7924 4.7933
 0 0.00394725 0.00803349 0.0250475 0.0629341 0.129749 0.227556 0.350091 0.48461 0.616178 0.73201 0.824392 0.891564 0.936481 0.96441 0.980758 0.989876 0.994774 0.997335 0.998649 0.999315 0.999652 0.999821 0.999907 0.999951 0.999974 0.999986 0.999992 0.999995 0.999997 0.999998 0.999999 0.999999 0.999999 0.999999 0.999999 0.999999 0.999999 0.999999 0.999999 0.999999 0.999999 0.999999 0.999999 0.999999 0.999999 0.999999 0.999999 0.999999 0.999999 0.999999 0.999999 0.999999 0.999999 0.999999 0.999999 0.999999 0.999999 0.999999 0.999999 0.999999 0.999999 0.999999 0.999999 0.999999 0.999999 0.999999 0.999999 0.999999 0.999999 0.999999 0.999999 0.999999 0.999999 0.999999 0.999999 0.999999 0.999999 0.999999 0.999999 0.999999 0.999999 0.999999 0.999999 0.999999 0.999999 0.999999 0.999999 0.999999 0.999999 0.999999 0.999999 0.999999 0.999999 0.999999 0.999999 0.999999 0.999999 0.999999 0.999999 0.999999
 #wt and selex for gender,fleet: 1 4 4_ORWA_TWL
 0.00896707 0.00906968 0.025115 0.0624222 0.1195 0.195925 0.289686 0.398118 0.518402 0.647858 0.784153 0.925545 1.071 1.21994 1.37183 1.52586 1.6809 1.83565 1.98883 2.1393 2.28612 2.42857 2.56613 2.69841 2.82518 2.9463 3.06169 3.17138 3.27541 3.37389 3.46694 3.55474 3.63745 3.71527 3.7884 3.85704 3.9214 3.9817 4.03814 4.09094 4.14028 4.18637 4.22939 4.26952 4.30695 4.34183 4.37432 4.40458 4.43275 4.45896 4.48335 4.50603 4.52711 4.54671 4.56492 4.58184 4.59756 4.61216 4.62571 4.6383 4.64998 4.66083 4.67089 4.68023 4.6889 4.69694 4.7044 4.71132 4.71773 4.72368 4.72924 4.73442 4.73923 4.74368 4.74782 4.75165 4.7552 4.75849 4.76154 4.76437 4.767 4.76943 4.77168 4.77377 4.77571 4.77751 4.77917 4.78071 4.78214 4.78347 4.78469 4.78583 4.78689 4.78786 4.78877 4.78961 4.79039 4.79111 4.79178 4.79239 4.7933
 0 0.0127436 0.0232533 0.0547332 0.109813 0.190899 0.294867 0.413485 0.535906 0.651519 0.752096 0.83294 0.89312 0.93479 0.961819 0.978392 0.988093 0.993566 0.996569 0.998183 0.99904 0.999491 0.999729 0.999854 0.99992 0.999955 0.999974 0.999984 0.99999 0.999993 0.999995 0.999996 0.999996 0.999997 0.999997 0.999997 0.999997 0.999997 0.999997 0.999997 0.999997 0.999997 0.999996 0.999996 0.999996 0.999996 0.999996 0.999996 0.999996 0.999996 0.999996 0.999996 0.999996 0.999996 0.999996 0.999996 0.999996 0.999996 0.999996 0.999996 0.999996 0.999996 0.999996 0.999996 0.999996 0.999996 0.999996 0.999996 0.999996 0.999996 0.999996 0.999996 0.999996 0.999996 0.999995 0.999995 0.999995 0.999995 0.999995 0.999995 0.999995 0.999995 0.999995 0.999995 0.999995 0.999995 0.999995 0.999995 0.999995 0.999995 0.999995 0.999995 0.999995 0.999995 0.999995 0.999995 0.999995 0.999995 0.999995 0.999995 0.999995
 #wt and selex for gender,fleet: 1 5 5_ORWA_NONTWL
 0.00896707 0.00906977 0.0265703 0.0670851 0.129069 0.212224 0.314218 0.431961 0.562212 0.701903 0.848295 0.999023 1.15209 1.30587 1.45908 1.61076 1.7603 1.90728 2.05146 2.19261 2.33049 2.46484 2.59534 2.72169 2.84358 2.96076 3.07304 3.18027 3.28239 3.37938 3.47129 3.5582 3.64022 3.7175 3.79021 3.85852 3.92262 3.98272 4.039 4.09166 4.1409 4.1869 4.22985 4.26993 4.3073 4.34214 4.37461 4.40484 4.43298 4.45917 4.48354 4.5062 4.52728 4.54686 4.56507 4.58198 4.59769 4.61228 4.62583 4.63841 4.65009 4.66093 4.67099 4.68033 4.68899 4.69703 4.70448 4.7114 4.71782 4.72377 4.72932 4.7345 4.7393 4.74376 4.74789 4.75172 4.75527 4.75857 4.76162 4.76445 4.76707 4.7695 4.77176 4.77384 4.77578 4.77758 4.77924 4.78078 4.78221 4.78354 4.78476 4.7859 4.78695 4.78793 4.78884 4.78968 4.79045 4.79118 4.79184 4.79246 4.79336
 0 0.000644018 0.00134133 0.00453787 0.0126817 0.0295396 0.0590744 0.104097 0.165224 0.240578 0.326253 0.417235 0.508377 0.595169 0.674204 0.743353 0.801711 0.849399 0.887271 0.916614 0.938877 0.955482 0.967698 0.976595 0.983028 0.987659 0.990986 0.993376 0.995098 0.996342 0.997245 0.997905 0.99839 0.99875 0.999019 0.999221 0.999375 0.999493 0.999585 0.999656 0.999712 0.999757 0.999792 0.999821 0.999845 0.999864 0.99988 0.999893 0.999904 0.999913 0.999921 0.999928 0.999934 0.999939 0.999943 0.999947 0.99995 0.999953 0.999955 0.999957 0.999959 0.999961 0.999963 0.999964 0.999965 0.999966 0.999967 0.999968 0.999969 0.99997 0.999971 0.999971 0.999971 0.999972 0.999972 0.999972 0.999973 0.999973 0.999973 0.999973 0.999974 0.999974 0.999974 0.999974 0.999974 0.999974 0.999975 0.999975 0.999975 0.999975 0.999975 0.999975 0.999975 0.999975 0.999975 0.999975 0.999975 0.999975 0.999975 0.999976 0.999976
 #wt and selex for gender,fleet: 1 6 6_OR_REC
 0.00896707 0.0090705 0.0341693 0.0841425 0.155009 0.242635 0.341692 0.44768 0.557723 0.67156 0.791383 0.91985 1.05807 1.20506 1.35839 1.51531 1.67334 1.83054 1.98549 2.13713 2.28467 2.42755 2.56535 2.69776 2.82458 2.94572 3.06111 3.17078 3.27479 3.37324 3.46628 3.55405 3.63673 3.71453 3.78763 3.85625 3.9206 3.98088 4.03731 4.09009 4.13942 4.18549 4.2285 4.26862 4.30603 4.3409 4.37339 4.40364 4.4318 4.45801 4.48239 4.50506 4.52613 4.54573 4.56394 4.58085 4.59657 4.61116 4.62471 4.63729 4.64898 4.65982 4.66988 4.67922 4.68788 4.69592 4.70337 4.71029 4.71671 4.72266 4.72821 4.73339 4.73819 4.74265 4.74678 4.75061 4.75416 4.75745 4.7605 4.76333 4.76595 4.76838 4.77063 4.77272 4.77466 4.77645 4.77812 4.77966 4.78109 4.78241 4.78364 4.78477 4.78583 4.78681 4.78771 4.78855 4.78933 4.79005 4.79072 4.79133 4.79224
 0 1.85633e-05 8.77055e-05 0.00134376 0.0104961 0.0471404 0.138222 0.292839 0.485072 0.669212 0.811002 0.902364 0.953498 0.979169 0.991027 0.996158 0.998248 0.999035 0.99928 0.999304 0.999239 0.999139 0.999024 0.998905 0.998786 0.998669 0.998555 0.998445 0.998339 0.998237 0.99814 0.998048 0.99796 0.997877 0.997798 0.997724 0.997655 0.997589 0.997527 0.99747 0.997415 0.997365 0.997317 0.997273 0.997231 0.997193 0.997156 0.997123 0.997091 0.997062 0.997035 0.997009 0.996986 0.996964 0.996944 0.996925 0.996907 0.996891 0.996875 0.996861 0.996848 0.996836 0.996825 0.996814 0.996804 0.996795 0.996787 0.996779 0.996772 0.996765 0.996759 0.996753 0.996748 0.996743 0.996738 0.996734 0.996729 0.996726 0.996722 0.996719 0.996716 0.996713 0.996711 0.996708 0.996706 0.996704 0.996702 0.996701 0.996699 0.996698 0.996696 0.996695 0.996694 0.996693 0.996692 0.996691 0.99669 0.996689 0.996688 0.996687 0.996686
 #wt and selex for gender,fleet: 1 7 7_WA_REC
 0.00896707 0.00907053 0.0346288 0.08676 0.162724 0.259009 0.370252 0.491432 0.618469 0.748336 0.879134 1.01029 1.14248 1.27702 1.41508 1.55704 1.70238 1.84988 1.99795 2.14499 2.2896 2.43067 2.56739 2.69917 2.82564 2.94657 3.06186 3.17148 3.27547 3.37393 3.46697 3.55476 3.63746 3.71528 3.7884 3.85704 3.9214 3.9817 4.03815 4.09094 4.14028 4.18637 4.22939 4.26952 4.30695 4.34183 4.37432 4.40458 4.43275 4.45896 4.48335 4.50603 4.52711 4.54671 4.56492 4.58184 4.59756 4.61216 4.62572 4.6383 4.64999 4.66083 4.67089 4.68023 4.6889 4.69694 4.7044 4.71132 4.71773 4.72369 4.72924 4.73442 4.73923 4.74368 4.74782 4.75165 4.7552 4.75849 4.76155 4.76438 4.767 4.76943 4.77169 4.77378 4.77571 4.77751 4.77917 4.78071 4.78214 4.78347 4.7847 4.78583 4.78689 4.78786 4.78877 4.78961 4.79039 4.79111 4.79178 4.7924 4.7933
 0 1.4492e-06 7.12339e-06 0.000126185 0.0012182 0.00701582 0.0267997 0.0741666 0.159538 0.281825 0.426798 0.573423 0.703046 0.80535 0.878837 0.927724 0.958313 0.976557 0.987051 0.992927 0.996158 0.997914 0.998863 0.999376 0.999654 0.999805 0.999889 0.999935 0.999962 0.999977 0.999986 0.999991 0.999994 0.999996 0.999997 0.999998 0.999998 0.999999 0.999999 0.999999 0.999999 0.999999 0.999999 0.999999 0.999999 0.999999 0.999999 0.999999 0.999999 0.999999 0.999999 0.999999 0.999999 0.999999 0.999999 0.999999 0.999999 0.999999 0.999999 0.999999 0.999999 0.999999 0.999999 0.999999 0.999999 0.999999 0.999999 0.999999 0.999999 0.999999 0.999999 0.999999 0.999999 0.999999 0.999999 0.999999 0.999999 0.999999 0.999999 0.999999 0.999999 0.999999 0.999999 0.999999 0.999999 0.999999 0.999999 0.999999 0.999999 0.999999 0.999999 0.999999 0.999999 0.999999 0.999999 0.999999 0.999999 0.999999 0.999999 0.999999 0.999999
# Sex ratio correction
1
# M and current age-structure in year Yinit: 2011
 # gender = 1
 0.0439034 0.0439034 0.0439034 0.0439034 0.0439034 0.0439034 0.0439034 0.0439034 0.0439034 0.0439034 0.0439034 0.0439034 0.0439034 0.0439034 0.0439034 0.0439034 0.0439034 0.0439034 0.0439034 0.0439034 0.0439034 0.0439034 0.0439034 0.0439034 0.0439034 0.0439034 0.0439034 0.0439034 0.0439034 0.0439034 0.0439034 0.0439034 0.0439034 0.0439034 0.0439034 0.0439034 0.0439034 0.0439034 0.0439034 0.0439034 0.0439034 0.0439034 0.0439034 0.0439034 0.0439034 0.0439034 0.0439034 0.0439034 0.0439034 0.0439034 0.0439034 0.0439034 0.0439034 0.0439034 0.0439034 0.0439034 0.0439034 0.0439034 0.0439034 0.0439034 0.0439034 0.0439034 0.0439034 0.0439034 0.0439034 0.0439034 0.0439034 0.0439034 0.0439034 0.0439034 0.0439034 0.0439034 0.0439034 0.0439034 0.0439034 0.0439034 0.0439034 0.0439034 0.0439034 0.0439034 0.0439034 0.0439034 0.0439034 0.0439034 0.0439034 0.0439034 0.0439034 0.0439034 0.0439034 0.0439034 0.0439034 0.0439034 0.0439034 0.0439034 0.0439034 0.0439034 0.0439034 0.0439034 0.0439034 0.0439034 0.0439034
 223.978 277.157 287.291 330.403 195.508 179.949 102.387 64.0732 91.2454 209.263 61.377 48.8443 86.1109 54.5346 33.9531 26.9764 26.8622 52.4665 56.3045 27.4204 22.0269 22.0488 21.4161 21.7703 24.8065 27.5451 33.7738 32.6382 20.7517 22.2982 19.085 15.2649 10.933 7.37119 8.46052 7.61859 7.80304 4.81471 3.90647 4.58987 7.26724 4.46289 3.34005 2.82619 2.19006 1.84446 1.45445 1.18369 1.10825 1.1679 1.27825 1.29796 1.16885 1.00934 0.889467 0.81354 0.776183 0.77374 0.805545 0.874125 0.978873 1.09962 1.17131 1.11914 0.979076 0.837389 0.726308 0.64551 0.587487 0.544607 0.511897 0.486098 0.46521 0.447752 0.432285 0.417598 0.4028 0.387605 0.372164 0.356958 0.342485 0.329124 0.31697 0.30598 0.295853 0.286177 0.276866 0.267693 0.258486 0.249162 0.239706 0.230139 0.220532 0.211002 0.201573 0.192371 0.183474 0.174926 0.166754 0.158971 3.41245
# Age-structure at Ydeclare= 2013
 454.792 196.917 205.149 253.854 263.127 302.581 179.003 164.68 93.628 58.5311 83.2536 190.707 55.875 44.4269 78.2704 49.5447 30.8357 24.4937 24.386 47.6246 51.1044 24.8867 19.9908 20.01 19.4353 19.7561 22.5108 24.9952 30.6462 29.6145 18.8284 20.2306 17.3145 13.8482 9.91792 6.68659 7.67452 6.91062 7.07775 4.36708 3.54319 4.16293 6.59109 4.04756 3.02915 2.56307 1.98613 1.67268 1.31898 1.07343 1.00501 1.05909 1.15916 1.17702 1.05994 0.91529 0.806582 0.737728 0.703851 0.701635 0.730476 0.792664 0.887649 0.997145 1.06215 1.01484 0.887829 0.759346 0.658617 0.585349 0.532733 0.493849 0.464188 0.440793 0.421851 0.40602 0.391995 0.378676 0.365258 0.351479 0.337477 0.323688 0.310564 0.298449 0.287427 0.277462 0.268278 0.259504 0.251062 0.242744 0.234394 0.22594 0.217365 0.208689 0.199978 0.191337 0.182786 0.174442 0.166374 0.158623 3.38978
# Year for Tmin Age-structure (set to Ydecl by SS)
2013
#  recruitment and biomass
# Number of historical assessment years
137
# Historical data
# year recruitment spawner in B0 in R project in R/S project
1888  1889 1890 1891 1892 1893 1894 1895 1896 1897 1898 1899 1900 1901 1902 1903 1904 1905 1906 1907 1908 1909 1910 1911 1912 1913 1914 1915 1916 1917 1918 1919 1920 1921 1922 1923 1924 1925 1926 1927 1928 1929 1930 1931 1932 1933 1934 1935 1936 1937 1938 1939 1940 1941 1942 1943 1944 1945 1946 1947 1948 1949 1950 1951 1952 1953 1954 1955 1956 1957 1958 1959 1960 1961 1962 1963 1964 1965 1966 1967 1968 1969 1970 1971 1972 1973 1974 1975 1976 1977 1978 1979 1980 1981 1982 1983 1984 1985 1986 1987 1988 1989 1990 1991 1992 1993 1994 1995 1996 1997 1998 1999 2000 2001 2002 2003 2004 2005 2006 2007 2008 2009 2010 2011 2012 2013 2014 2015 2016 2017 2018 2019 2020 2021 2022 2023 2024 #years (with first value representing R0)
219.852 223.828 223.968 224.114 224.265 224.412 224.565 224.724 224.896 225.075 225.262 225.457 225.662 225.877 226.102 226.336 226.583 226.847 227.128 227.437 227.771 228.13 228.516 228.923 229.35 229.778 230.184 230.526 230.756 230.813 230.619 230.057 229.141 227.79 225.984 223.744 221.125 218.223 215.187 212.182 209.25 206.632 204.456 202.663 201.117 199.551 197.682 195.303 192.412 189.225 186.183 183.785 182.512 182.755 184.981 189.936 198.719 212.943 233.837 260.394 283.446 282.451 252.41 213.838 181.693 159.286 145.518 138.809 138.304 143.688 154.865 170.23 179.294 167.322 144.697 129.768 130.746 151.146 179.773 199.384 239.116 260.936 319.509 472.613 268.583 203.684 221.553 314.017 265.852 253.954 188.863 237.39 279.041 292.011 284.091 219.25 285.615 245.143 166.752 126.343 94.3513 80.0459 72.184 64.1888 72.2875 136.309 118.14 56.7886 53.8989 64.3628 98.3259 147.862 79.9513 95.8392 311.941 129.939 87.2244 133.31 224.164 233.055 376.925 313.659 289.596 223.978 205.755 454.792 224.664 296.923 212.683 108.384 105.429 111.609 111.415 148.458 166.283 171.301 182.402  #recruits; first value is R0 (virgin)
1113.56  1113.56 1113.55 1113.54 1113.51 1113.04 1112.59 1112.12 1111.97 1111.89 1111.81 1111.75 1111.68 1111.63 1111.61 1111.61 1111.65 1111.72 1111.84 1111.99 1112.17 1112.26 1112.48 1112.73 1113 1113.28 1113.58 1113.89 1114.14 1114.48 1114.67 1112.82 1112.57 1112.45 1112.42 1112.7 1112.91 1112.61 1111.97 1110.55 1108.42 1106.42 1104.9 1103.05 1102.25 1101.62 1100.98 1099.81 1098.59 1096.36 1094.34 1091.95 1090.11 1087.03 1082.34 1077.19 1067.43 1056.88 1041 1026.24 1019.14 1010.94 1004.42 997.117 988.14 980.202 974.047 966.73 959.844 953 945.182 938.232 932.6 928.353 926.133 923.299 921.978 921.822 911.768 908.527 903.006 897.183 882.011 871.338 857.327 840.021 821.229 800.71 781.108 758.766 736.829 702.374 666.177 638.923 604.303 547.78 499.85 472.176 435.376 406.079 378.808 355.658 326.49 306.381 274.146 244.923 217.022 202.295 187.346 170.814 151.47 146.398 136.845 139.362 141.424 147.225 153.154 159.361 165.485 171.842 177.692 183.891 190.025 196.894 204.042 211.506 219.873 229.189 239.002 250.066 261.302 274.182 288.35 304.847 322.863 341.15 360.155 #spbio; first value is SSB_virgin (virgin)
1 0 0 0 0 0 0 0 0 0 0 0 0 0 0 0 0 0 0 0 0 0 0 0 0 0 0 0 0 0 0 0 0 0 0 0 0 0 0 0 0 0 0 0 0 0 0 0 0 0 0 0 0 0 0 0 0 0 0 0 0 0 0 0 0 0 0 0 0 0 0 0 0 0 0 0 0 0 0 0 0 0 0 0 0 0 0 0 0 0 0 0 0 0 0 0 0 0 0 0 0 0 0 0 0 0 0 0 0 0 0 0 0 0 0 0 0 0 0 0 0 0 0 0 0 0 0 0 0 0 0 0 0 0 0 0 0  # in Bzero
0 1 1 1 1 1 1 1 1 1 1 1 1 1 1 1 1 1 1 1 1 1 1 1 1 1 1 1 1 1 1 1 1 1 1 1 1 1 1 1 1 1 1 1 1 1 1 1 1 1 1 1 1 1 1 1 1 1 1 1 1 1 1 1 1 1 1 1 1 1 1 1 1 1 1 1 1 1 1 1 1 1 1 1 1 1 1 1 1 1 1 1 1 1 1 1 1 1 1 1 1 1 1 1 1 1 1 1 1 1 1 1 1 1 1 1 1 1 1 1 1 1 1 1 1 1 1 1 1 1 1 1 1 1  0 0 0 # in R project
0 1 1 1 1 1 1 1 1 1 1 1 1 1 1 1 1 1 1 1 1 1 1 1 1 1 1 1 1 1 1 1 1 1 1 1 1 1 1 1 1 1 1 1 1 1 1 1 1 1 1 1 1 1 1 1 1 1 1 1 1 1 1 1 1 1 1 1 1 1 1 1 1 1 1 1 1 1 1 1 1 1 1 1 1 1 1 1 1 1 1 1 1 1 1 1 1 1 1 1 1 1 1 1 1 1 1 1 1 1 1 1 1 1 1 1 1 1 1 1 1 1 1 1 1 1 1 1 1 1 1 1 1 1  0 0 0 # in R/S project
# Number of years with pre-specified catches
0
# catches for years with pre-specified catches go next
# Number of future recruitments to override
-2
# Process for overiding (-1 for average otherwise index in data list)
# Which probability to product detailed results for (1=0.5; 2=0.6; etc.)
3
# Steepness sigma-R Auto-correlation
0.718 0.5 0
# Target SPR rate (FMSY Proxy); manually change to SPR_MSY if not using SPR_target
0.5
# Discount rate (for cumulative catch)
0.1
# Truncate the series when 0.4B0 is reached (1=Yes)
0
# Set F to FMSY once 0.4B0 is reached (1=Yes)
0
# Maximum possible F for projection (-1 to set to FMSY)
-1
# Defintion of recovery (1=now only;2=now or before)
2
# Projection type
4
# Definition of the 40-10 rule
10 40
# Sigma Assessment Error (Base, Year1, Slope, MaxSigma)
1.0 2025 0.075 2.0
# Pstar
0.45
# Constrain catches by the ABC (1=yes, 2=no)
2
# Implementation Error (0=no; 1=lognormal; 2=uniform)
0
#Parameters of Implementaion Error
1 0.3
# Calculate coefficients of variation (1=Yes)
0
# Number of replicates to use
10
# Random number seed
-99004
# File with multiple parameter vectors 
rebuild.SSO
# User-specific projection (1=Yes); Output replaced (1->9)
0  5
# Catches and Fs (Year; 1/2/3 (F or C or SPR); value); Final row is -1
2024 1 1
-1 -1 -1
# Fixed catch project (1=Yes); Output replaced (1->9); Approach (-1=Read in else 1-9)
0 2 -1
# (48a) Special catch options (1-Yes) [CUT_OFF, Emsy, distribution, MAXCAT, Add, replace_code]
0 0.18 1.00 1.00 0 6
# (48b) B1Target
150000
# Split of Fs
2011  0.00676925
 0.108787
 0.247476
 0.0144307
 0.395882
 0.138491
 0.0881639
-1  1 1 1 1 1 1 1 1 1 1 1 1
# Yrs to define T_target for projection type 4 (a.k.a. 5 pre-specified inputs)
2030 2031 2032 2033 2034 
# Year for probability of recovery
2034 2035 2036 2037 2038 2039 2040 2041
# Time varying weight-at-age (1=Yes;0=No)
0
# File with time series of weight-at-age data
none
# Use bisection (0) or linear interpolation (1)
1
# Target Depletion
0.4
# CV of implementation error
0
