#Title, #runnumber: 1 yelloweye_data.ss yelloweye_control.ss 5705.75 2154.75 755.526 StartTime: Wed Mar  5 22:22:23 2025
SSv3_default_rebuild.dat
# Number of sexes
1
# Age range to consider (minimum age; maximum age)
0 100
# Number of fleets
7
# First year of projection (Yinit)
2011
# First Year of rebuilding period (Ydecl)
2013
# Number of simulations
1000
# Maximum number of years
500
# Conduct projections with multiple starting values (0=No;else yes)
0
# Number of parameter vectors
1000
# Is the maximum age a plus-group (1=Yes;2=No)
1
# Generate future recruitments using historical recruitments (1)  historical recruits/spawner (2)  or a stock-recruitment (3)
3
# Constant fishing mortality (1) or constant Catch (2) projections
1
# Fishing mortality based on SPR (1) or actual rate (2)
1
# Pre-specify the year of recovery (or -1) to ignore
-1
# Fecundity-at-age
# 0 1 2 3 4 5 6 7 8 9 10 11 12 13 14 15 16 17 18 19 20 21 22 23 24 25 26 27 28 29 30 31 32 33 34 35 36 37 38 39 40 41 42 43 44 45 46 47 48 49 50 51 52 53 54 55 56 57 58 59 60 61 62 63 64 65 66 67 68 69 70 71 72 73 74 75 76 77 78 79 80 81 82 83 84 85 86 87 88 89 90 91 92 93 94 95 96 97 98 99 100 #runnumber: 1 yelloweye_data.ss yelloweye_control.ss 5705.75 2154.75 755.526
 0 0 3.26262e-08 4.07493e-07 3.63327e-06 2.49878e-05 0.000137367 0.000607762 0.00215757 0.0061925 0.0146903 0.0296554 0.0524477 0.0833785 0.121722 0.16603 0.214546 0.265553 0.317592 0.369549 0.420656 0.470427 0.518594 0.565033 0.609712 0.652649 0.693886 0.733474 0.771464 0.807903 0.842835 0.876298 0.90833 0.938965 0.968238 0.996183 1.02284 1.04823 1.07241 1.0954 1.11726 1.13801 1.15769 1.17636 1.19404 1.21078 1.22662 1.24159 1.25575 1.26912 1.28174 1.29365 1.30488 1.31548 1.32546 1.33486 1.34372 1.35206 1.35991 1.3673 1.37425 1.38078 1.38693 1.3927 1.39813 1.40324 1.40803 1.41253 1.41676 1.42074 1.42447 1.42806 1.43143 1.4346 1.43757 1.44036 1.44297 1.44543 1.44773 1.4499 1.45192 1.45383 1.45561 1.45728 1.45885 1.46033 1.46171 1.463 1.46421 1.46535 1.46642 1.46742 1.46836 1.46924 1.47006 1.47083 1.47156 1.47224 1.47288 1.47347 1.47441 #female fecundity; weighted by N in year Y_init across morphs and areas
# Age specific selectivity and weight adjusted for discard and discard mortality
 #wt and selex for gender,fleet: 1 1 1_CA_TWL
 0.0111815 0.0234665 0.0628237 0.121056 0.197691 0.289826 0.394079 0.507338 0.627005 0.751038 0.877927 1.00667 1.13674 1.26797 1.40045 1.53432 1.66965 1.80634 1.94407 2.08234 2.2205 2.3578 2.49352 2.62696 2.7575 2.88465 3.008 3.12726 3.24223 3.35277 3.45882 3.56036 3.65742 3.75006 3.83836 3.92241 4.00233 4.07825 4.1503 4.21862 4.28334 4.34462 4.40259 4.4574 4.5092 4.55811 4.60428 4.64785 4.68893 4.72765 4.76414 4.79852 4.83089 4.86136 4.89003 4.91701 4.94238 4.96625 4.98868 5.00977 5.02958 5.0482 5.0657 5.08213 5.09756 5.11205 5.12565 5.13842 5.15041 5.16166 5.17232 5.18243 5.1919 5.2008 5.20914 5.21697 5.22431 5.23119 5.23765 5.24371 5.24939 5.25472 5.25972 5.2644 5.26879 5.27291 5.27677 5.2804 5.28379 5.28697 5.28996 5.29275 5.29538 5.29783 5.30014 5.3023 5.30432 5.30622 5.308 5.30967 5.31228
 0 0.000762469 0.0028435 0.00918352 0.0239473 0.0521018 0.0976755 0.162142 0.243719 0.337782 0.438014 0.537786 0.631342 0.714536 0.785088 0.842423 0.887268 0.921156 0.945985 0.963679 0.97598 0.984346 0.989927 0.993588 0.995954 0.997464 0.998419 0.999018 0.99939 0.999622 0.999765 0.999853 0.999908 0.999941 0.999962 0.999976 0.999984 0.999989 0.999992 0.999994 0.999996 0.999996 0.999997 0.999997 0.999998 0.999998 0.999998 0.999998 0.999998 0.999998 0.999998 0.999998 0.999998 0.999998 0.999998 0.999998 0.999998 0.999998 0.999998 0.999998 0.999998 0.999998 0.999998 0.999998 0.999998 0.999998 0.999998 0.999998 0.999998 0.999998 0.999997 0.999997 0.999997 0.999997 0.999997 0.999997 0.999997 0.999997 0.999997 0.999997 0.999997 0.999997 0.999997 0.999997 0.999997 0.999997 0.999997 0.999997 0.999997 0.999997 0.999997 0.999997 0.999997 0.999997 0.999997 0.999997 0.999997 0.999997 0.999997 0.999997 0.999997
 #wt and selex for gender,fleet: 1 3 3_CA_REC
 0.0110821 0.0218674 0.0569599 0.109686 0.179554 0.264319 0.361215 0.46759 0.581151 0.700078 0.823093 0.949477 1.07898 1.21159 1.34733 1.48606 1.62736 1.77058 1.91486 2.05924 2.20277 2.34457 2.48389 2.6201 2.75271 2.88136 3.00577 3.12577 3.24124 3.35211 3.45839 3.56008 3.65724 3.74994 3.83828 3.92236 4.0023 4.07823 4.15028 4.21861 4.28333 4.34461 4.40259 4.4574 4.5092 4.55811 4.60428 4.64785 4.68893 4.72765 4.76414 4.79852 4.83089 4.86136 4.89003 4.91701 4.94239 4.96625 4.98868 5.00977 5.02958 5.0482 5.0657 5.08213 5.09756 5.11205 5.12565 5.13842 5.15041 5.16167 5.17233 5.18243 5.1919 5.2008 5.20914 5.21697 5.22431 5.23119 5.23765 5.24371 5.24939 5.25472 5.25972 5.2644 5.26879 5.27291 5.27678 5.2804 5.28379 5.28697 5.28996 5.29275 5.29538 5.29783 5.30014 5.3023 5.30432 5.30622 5.308 5.30967 5.31228
 0 0.00592419 0.0159733 0.0384607 0.0785961 0.139701 0.22134 0.319154 0.426041 0.533924 0.635439 0.725131 0.799973 0.859262 0.904065 0.936505 0.959103 0.974306 0.984217 0.9905 0.994384 0.996732 0.998124 0.998935 0.999401 0.999665 0.999814 0.999897 0.999943 0.999968 0.999982 0.99999 0.999994 0.999997 0.999998 0.999999 0.999999 0.999999 0.999999 0.999999 0.999999 0.999999 0.999999 0.999999 0.999999 0.999999 0.999999 0.999999 0.999999 0.999999 0.999999 0.999999 0.999999 0.999999 0.999999 0.999999 0.999999 0.999999 0.999999 0.999999 0.999999 0.999999 0.999999 0.999999 0.999999 0.999999 0.999999 0.999999 0.999999 0.999999 0.999999 0.999999 0.999999 0.999999 0.999999 0.999999 0.999999 0.999999 0.999999 0.999999 0.999999 0.999999 0.999999 0.999999 0.999999 0.999999 0.999999 0.999999 0.999999 0.999999 0.999999 0.999999 0.999999 0.999999 0.999999 0.999999 0.999999 0.999999 0.999999 0.999999 0.999999
 #wt and selex for gender,fleet: 1 4 4_ORWA_TWL
 0.0109818 0.0202233 0.0506991 0.0986311 0.164205 0.246319 0.34311 0.452417 0.572061 0.699992 0.83436 0.973534 1.11609 1.26082 1.40666 1.55274 1.69832 1.84279 1.98565 2.12649 2.26498 2.40082 2.53377 2.66361 2.79014 2.91316 3.03253 3.14809 3.25973 3.36736 3.47089 3.57031 3.66559 3.75675 3.84384 3.92689 4.00601 4.08127 4.15278 4.22067 4.28504 4.34603 4.40377 4.4584 4.51004 4.55882 4.60489 4.64837 4.68938 4.72804 4.76449 4.79882 4.83115 4.86159 4.89024 4.9172 4.94255 4.9664 4.98882 5.00989 5.0297 5.04831 5.0658 5.08222 5.09764 5.11213 5.12573 5.1385 5.15048 5.16173 5.17239 5.18249 5.19196 5.20085 5.2092 5.21702 5.22436 5.23125 5.23771 5.24376 5.24944 5.25477 5.25977 5.26445 5.26884 5.27296 5.27682 5.28044 5.28384 5.28702 5.29 5.2928 5.29542 5.29788 5.30018 5.30234 5.30437 5.30626 5.30804 5.30971 5.31232
 0 0.0138682 0.0262866 0.0463978 0.0753104 0.113618 0.161015 0.216356 0.277871 0.343441 0.410867 0.47808 0.543292 0.605068 0.662353 0.714457 0.761018 0.801951 0.837396 0.867655 0.893149 0.914365 0.931822 0.946036 0.957501 0.96667 0.973948 0.979686 0.984186 0.987698 0.990429 0.992548 0.994188 0.995456 0.996437 0.997196 0.997784 0.99824 0.998596 0.998873 0.99909 0.999261 0.999396 0.999503 0.999588 0.999656 0.999711 0.999756 0.999792 0.999822 0.999846 0.999866 0.999883 0.999897 0.999909 0.999919 0.999927 0.999934 0.99994 0.999946 0.99995 0.999954 0.999957 0.99996 0.999963 0.999965 0.999967 0.999969 0.999971 0.999972 0.999973 0.999974 0.999975 0.999975 0.999976 0.999976 0.999977 0.999977 0.999978 0.999978 0.999978 0.999979 0.999979 0.999979 0.99998 0.99998 0.99998 0.99998 0.99998 0.99998 0.999981 0.999981 0.999981 0.999981 0.999981 0.999981 0.999981 0.999981 0.999982 0.999982 0.999982
 #wt and selex for gender,fleet: 1 5 5_ORWA_NONTWL
 0.0110983 0.0221574 0.0584794 0.113711 0.187837 0.278761 0.383636 0.499571 0.623946 0.75452 0.889443 1.02722 1.16665 1.30682 1.44702 1.58677 1.72571 1.86361 2.00029 2.1356 2.26937 2.40138 2.5314 2.65914 2.78431 2.90659 3.02569 3.14134 3.25332 3.36143 3.46554 3.56555 3.66142 3.75313 3.84072 3.92422 4.00373 4.07933 4.15114 4.21927 4.28385 4.34502 4.40291 4.45766 4.5094 4.55828 4.60442 4.64796 4.68902 4.72773 4.76421 4.79857 4.83093 4.8614 4.89007 4.91704 4.94241 4.96627 4.9887 5.00979 5.0296 5.04822 5.06571 5.08214 5.09757 5.11206 5.12566 5.13843 5.15042 5.16167 5.17233 5.18243 5.19191 5.2008 5.20915 5.21697 5.22431 5.2312 5.23766 5.24372 5.2494 5.25473 5.25972 5.26441 5.2688 5.27292 5.27678 5.2804 5.2838 5.28698 5.28996 5.29276 5.29538 5.29784 5.30014 5.3023 5.30433 5.30623 5.308 5.30967 5.31229
 0 0.00123428 0.00357106 0.0093987 0.0211778 0.0416902 0.0732601 0.117094 0.172947 0.23917 0.313062 0.391349 0.470669 0.547953 0.620689 0.687049 0.745915 0.796811 0.839799 0.875339 0.904153 0.927104 0.945093 0.958992 0.969593 0.977588 0.98356 0.987983 0.991237 0.993617 0.995352 0.996611 0.997525 0.998187 0.998667 0.999015 0.999268 0.999453 0.999589 0.999689 0.999762 0.999817 0.999858 0.999889 0.999913 0.999931 0.999944 0.999955 0.999963 0.99997 0.999975 0.999979 0.999982 0.999985 0.999987 0.999989 0.99999 0.999991 0.999992 0.999993 0.999994 0.999995 0.999995 0.999995 0.999996 0.999996 0.999996 0.999997 0.999997 0.999997 0.999997 0.999997 0.999997 0.999997 0.999998 0.999998 0.999998 0.999998 0.999998 0.999998 0.999998 0.999998 0.999998 0.999998 0.999998 0.999998 0.999998 0.999998 0.999998 0.999998 0.999998 0.999998 0.999998 0.999998 0.999998 0.999998 0.999998 0.999998 0.999998 0.999998 0.999998
 #wt and selex for gender,fleet: 1 6 6_OR_REC
 0.0117495 0.0309516 0.0814572 0.149402 0.231541 0.322344 0.417576 0.514777 0.613444 0.714756 0.82074 0.933348 1.0538 1.18231 1.31811 1.45976 1.60549 1.75348 1.90216 2.05017 2.19649 2.3403 2.48099 2.61809 2.75127 2.88026 3.00487 3.12497 3.24049 3.35139 3.45766 3.55935 3.65649 3.74918 3.8375 3.92157 4.00149 4.07741 4.14946 4.21776 4.28248 4.34375 4.40172 4.45652 4.50831 4.55722 4.60339 4.64694 4.68802 4.72674 4.76323 4.7976 4.82996 4.86043 4.8891 4.91608 4.94145 4.96531 4.98774 5.00883 5.02864 5.04726 5.06475 5.08118 5.09661 5.1111 5.1247 5.13747 5.14946 5.16071 5.17137 5.18147 5.19094 5.19983 5.20817 5.21599 5.22333 5.23021 5.23667 5.24273 5.24841 5.25373 5.25873 5.26341 5.2678 5.27192 5.27578 5.2794 5.28279 5.28597 5.28895 5.29175 5.29437 5.29683 5.29913 5.30129 5.30331 5.30521 5.30699 5.30865 5.31127
 0 6.73916e-05 0.000813857 0.00587482 0.0257411 0.0767328 0.17065 0.303867 0.457286 0.606689 0.73373 0.830495 0.89784 0.941327 0.967684 0.982809 0.991074 0.995389 0.997535 0.998541 0.998966 0.999105 0.999106 0.999043 0.998951 0.998845 0.998736 0.998625 0.998515 0.998408 0.998303 0.998202 0.998104 0.99801 0.997919 0.997833 0.99775 0.99767 0.997595 0.997522 0.997454 0.997389 0.997327 0.997268 0.997213 0.99716 0.99711 0.997063 0.997019 0.996977 0.996937 0.9969 0.996865 0.996832 0.9968 0.996771 0.996743 0.996717 0.996692 0.996669 0.996648 0.996627 0.996608 0.99659 0.996573 0.996557 0.996542 0.996528 0.996515 0.996503 0.996491 0.99648 0.996469 0.996459 0.99645 0.996441 0.996433 0.996426 0.996419 0.996412 0.996406 0.9964 0.996394 0.996389 0.996384 0.996379 0.996375 0.996371 0.996367 0.996364 0.996361 0.996357 0.996355 0.996352 0.996349 0.996347 0.996345 0.996343 0.996341 0.996339 0.996336
 #wt and selex for gender,fleet: 1 7 7_WA_REC
 0.0117317 0.0309796 0.0835565 0.157167 0.24932 0.35429 0.467044 0.583826 0.70211 0.820436 0.938288 1.05594 1.1742 1.29411 1.41665 1.54248 1.67186 1.8046 1.94007 2.07738 2.21547 2.35324 2.48967 2.62387 2.75514 2.88289 3.00673 3.12636 3.2416 3.35234 3.45852 3.56016 3.65729 3.74997 3.8383 3.92237 4.0023 4.07823 4.15029 4.21861 4.28334 4.34461 4.40259 4.4574 4.5092 4.55811 4.60428 4.64785 4.68893 4.72765 4.76414 4.79852 4.83089 4.86136 4.89003 4.91701 4.94239 4.96625 4.98868 5.00977 5.02958 5.0482 5.0657 5.08213 5.09756 5.11205 5.12565 5.13842 5.15041 5.16167 5.17233 5.18243 5.1919 5.2008 5.20914 5.21697 5.22431 5.23119 5.23765 5.24371 5.24939 5.25472 5.25972 5.2644 5.26879 5.27291 5.27678 5.2804 5.28379 5.28697 5.28996 5.29275 5.29538 5.29783 5.30014 5.3023 5.30432 5.30622 5.308 5.30967 5.31228
 0 6.91122e-06 8.82088e-05 0.000730544 0.00384914 0.0141121 0.0388928 0.0857029 0.15842 0.25491 0.367449 0.485379 0.598326 0.698555 0.781885 0.847382 0.89642 0.931612 0.95595 0.972243 0.982845 0.989574 0.993754 0.996303 0.997833 0.998739 0.99927 0.999579 0.999758 0.99986 0.999919 0.999953 0.999973 0.999984 0.99999 0.999994 0.999996 0.999998 0.999998 0.999999 0.999999 0.999999 0.999999 0.999999 0.999999 0.999999 0.999999 0.999999 0.999999 0.999999 0.999999 0.999999 0.999999 0.999999 0.999999 0.999999 0.999999 0.999999 0.999999 0.999999 0.999999 0.999999 0.999999 0.999999 0.999999 0.999999 0.999999 0.999999 0.999999 0.999999 0.999999 0.999999 0.999999 0.999999 0.999999 0.999999 0.999999 0.999999 0.999999 0.999999 0.999999 0.999999 0.999999 0.999999 0.999999 0.999999 0.999999 0.999999 0.999999 0.999999 0.999999 0.999999 0.999999 0.999999 0.999999 0.999999 0.999999 0.999999 0.999999 0.999999 0.999999
# Sex ratio correction
1
# M and current age-structure in year Yinit: 2011
 # gender = 1
 0.0439034 0.0439034 0.0439034 0.0439034 0.0439034 0.0439034 0.0439034 0.0439034 0.0439034 0.0439034 0.0439034 0.0439034 0.0439034 0.0439034 0.0439034 0.0439034 0.0439034 0.0439034 0.0439034 0.0439034 0.0439034 0.0439034 0.0439034 0.0439034 0.0439034 0.0439034 0.0439034 0.0439034 0.0439034 0.0439034 0.0439034 0.0439034 0.0439034 0.0439034 0.0439034 0.0439034 0.0439034 0.0439034 0.0439034 0.0439034 0.0439034 0.0439034 0.0439034 0.0439034 0.0439034 0.0439034 0.0439034 0.0439034 0.0439034 0.0439034 0.0439034 0.0439034 0.0439034 0.0439034 0.0439034 0.0439034 0.0439034 0.0439034 0.0439034 0.0439034 0.0439034 0.0439034 0.0439034 0.0439034 0.0439034 0.0439034 0.0439034 0.0439034 0.0439034 0.0439034 0.0439034 0.0439034 0.0439034 0.0439034 0.0439034 0.0439034 0.0439034 0.0439034 0.0439034 0.0439034 0.0439034 0.0439034 0.0439034 0.0439034 0.0439034 0.0439034 0.0439034 0.0439034 0.0439034 0.0439034 0.0439034 0.0439034 0.0439034 0.0439034 0.0439034 0.0439034 0.0439034 0.0439034 0.0439034 0.0439034 0.0439034
 217.681 218.608 196.19 251.347 157.184 118.31 88.222 65.5677 136.303 260.058 95.2965 68.0883 129.071 66.6645 38.7405 31.5042 31.4969 63.7707 84.2604 32.4206 24.4811 25.8186 28.2617 28.9588 29.1511 27.99 31.9105 38.9733 29.9952 34.721 23.2017 15.4288 11.1133 8.47575 8.94365 8.29822 7.82506 4.97762 4.61261 5.50984 8.46156 5.7522 4.25287 3.11358 2.3565 1.9026 1.45164 1.17657 1.10666 1.17711 1.31429 1.39257 1.30932 1.13822 0.977911 0.863497 0.799711 0.781246 0.803015 0.862762 0.95387 1.05035 1.09556 1.04356 0.926052 0.80414 0.704194 0.628641 0.572771 0.530468 0.497515 0.470996 0.449091 0.430383 0.413358 0.396685 0.379443 0.361493 0.343269 0.32553 0.308959 0.293974 0.280653 0.268914 0.258487 0.249048 0.240303 0.232007 0.223958 0.21603 0.208146 0.200265 0.192394 0.184594 0.176857 0.169148 0.161673 0.154464 0.14754 0.140919 3.11068
# Age-structure at Ydeclare= 2013
 114.024 106.345 199.381 200.227 179.686 230.18 143.916 108.284 80.702 59.937 124.5 237.347 86.9075 62.0525 117.563 60.6932 35.2581 28.6649 28.653 58.0052 76.6355 29.485 22.2634 23.479 25.7001 26.3334 26.5076 25.4511 29.015 35.4358 27.2716 31.5671 21.0934 14.0263 10.1027 7.70479 8.12989 7.54299 7.1127 4.52436 4.19248 5.00786 7.69045 5.22787 3.86511 2.82963 2.14155 1.72903 1.31918 1.0692 1.00566 1.06966 1.19431 1.26544 1.18978 1.03431 0.888626 0.784655 0.726691 0.70991 0.729691 0.783981 0.866768 0.954433 0.995513 0.948269 0.841487 0.730707 0.639887 0.571233 0.520464 0.482025 0.452081 0.427983 0.408078 0.391079 0.375608 0.360458 0.344791 0.32848 0.31192 0.295802 0.280744 0.267128 0.255024 0.244356 0.234881 0.226305 0.218359 0.21082 0.203507 0.196303 0.189138 0.181977 0.174825 0.167738 0.160707 0.153702 0.14691 0.140359 3.08876
# Year for Tmin Age-structure (set to Ydecl by SS)
2013
#  recruitment and biomass
# Number of historical assessment years
137
# Historical data
# year recruitment spawner in B0 in R project in R/S project
1888  1889 1890 1891 1892 1893 1894 1895 1896 1897 1898 1899 1900 1901 1902 1903 1904 1905 1906 1907 1908 1909 1910 1911 1912 1913 1914 1915 1916 1917 1918 1919 1920 1921 1922 1923 1924 1925 1926 1927 1928 1929 1930 1931 1932 1933 1934 1935 1936 1937 1938 1939 1940 1941 1942 1943 1944 1945 1946 1947 1948 1949 1950 1951 1952 1953 1954 1955 1956 1957 1958 1959 1960 1961 1962 1963 1964 1965 1966 1967 1968 1969 1970 1971 1972 1973 1974 1975 1976 1977 1978 1979 1980 1981 1982 1983 1984 1985 1986 1987 1988 1989 1990 1991 1992 1993 1994 1995 1996 1997 1998 1999 2000 2001 2002 2003 2004 2005 2006 2007 2008 2009 2010 2011 2012 2013 2014 2015 2016 2017 2018 2019 2020 2021 2022 2023 2024 #years (with first value representing R0)
207.992 206.458 206.41 206.361 206.311 206.251 206.191 206.128 206.07 206.012 205.952 205.892 205.826 205.761 205.7 205.627 205.554 205.485 205.419 205.367 205.321 205.276 205.237 205.201 205.161 205.098 204.991 204.801 204.494 204.025 203.172 202.004 200.556 198.791 196.731 194.433 191.974 189.458 187.024 184.819 182.992 181.683 180.963 180.778 180.985 181.283 181.298 180.696 179.363 177.469 175.477 173.924 173.305 173.975 176.334 181.027 188.937 201.277 218.604 239.433 256.602 256.163 233.503 201.582 173.286 153.247 141.611 137.622 140.993 151.384 166.886 181.592 182.407 162.277 136.679 120.507 119.75 137.534 167.05 190.705 230.825 286.816 350.266 461.49 266.973 196.999 186.004 254.105 232.688 215.247 174.06 193.682 227.101 287.419 361.224 262.078 286.632 198.476 148.364 132.964 114.97 98.8878 80.6773 69.1878 83.8902 201.839 142.749 66.3542 62.793 73.2996 120.008 221.36 111.36 148.733 387.584 194.101 89.2651 114.875 147.387 187.375 286.739 214.196 228.42 217.681 111.118 114.024 118.172 137.641 163.083 165.073 166.602 168.169 169.503 170.992 172.467 173.587 174.432  #recruits; first value is R0 (virgin)
2154.75  2154.75 2154.74 2154.71 2154.65 2153.72 2152.8 2151.87 2151.56 2151.4 2151.21 2151.03 2150.8 2150.51 2150.16 2149.75 2149.27 2148.7 2148.08 2147.4 2146.65 2145.61 2144.73 2143.81 2142.82 2141.79 2140.7 2139.57 2138.25 2137.05 2135.5 2129.79 2127.23 2124.89 2122.66 2120.97 2119.1 2116.11 2112.39 2107.03 2100.2 2093.53 2087.75 2081.25 2076.77 2072.56 2068.3 2062.92 2057.44 2049.94 2042.94 2035.28 2028.85 2020.1 2008.31 1995.83 1974.33 1951.53 1918.32 1887.9 1873.25 1857.28 1844.88 1831.07 1814.25 1800.02 1789.49 1776.99 1765.47 1753.89 1740.44 1728.15 1718 1710.31 1706.07 1700.5 1698.55 1699.1 1680.3 1676.24 1669.54 1661.62 1636.56 1621.27 1599.47 1571.1 1542.4 1510.91 1478.02 1442.59 1407.44 1347.95 1279.38 1211.4 1144.62 1036.66 981.27 938.922 886.254 842.797 788.191 739.611 679.358 637.24 568.314 507.251 449.369 418.484 388.184 355.491 317.753 307.771 289.972 297.661 304.219 319.5 334.966 351.596 367.261 383.253 398.215 415.226 432.667 451.479 471.383 492.7 515.946 540.677 566.26 590.575 610.272 631.477 650.365 672.461 695.474 713.723 727.981 #spbio; first value is SSB_virgin (virgin)
1 0 0 0 0 0 0 0 0 0 0 0 0 0 0 0 0 0 0 0 0 0 0 0 0 0 0 0 0 0 0 0 0 0 0 0 0 0 0 0 0 0 0 0 0 0 0 0 0 0 0 0 0 0 0 0 0 0 0 0 0 0 0 0 0 0 0 0 0 0 0 0 0 0 0 0 0 0 0 0 0 0 0 0 0 0 0 0 0 0 0 0 0 0 0 0 0 0 0 0 0 0 0 0 0 0 0 0 0 0 0 0 0 0 0 0 0 0 0 0 0 0 0 0 0 0 0 0 0 0 0 0 0 0 0 0 0  # in Bzero
0 1 1 1 1 1 1 1 1 1 1 1 1 1 1 1 1 1 1 1 1 1 1 1 1 1 1 1 1 1 1 1 1 1 1 1 1 1 1 1 1 1 1 1 1 1 1 1 1 1 1 1 1 1 1 1 1 1 1 1 1 1 1 1 1 1 1 1 1 1 1 1 1 1 1 1 1 1 1 1 1 1 1 1 1 1 1 1 1 1 1 1 1 1 1 1 1 1 1 1 1 1 1 1 1 1 1 1 1 1 1 1 1 1 1 1 1 1 1 1 1 1 1 1 1 1 1 1 1 1 1 1 1 1  0 0 0 # in R project
0 1 1 1 1 1 1 1 1 1 1 1 1 1 1 1 1 1 1 1 1 1 1 1 1 1 1 1 1 1 1 1 1 1 1 1 1 1 1 1 1 1 1 1 1 1 1 1 1 1 1 1 1 1 1 1 1 1 1 1 1 1 1 1 1 1 1 1 1 1 1 1 1 1 1 1 1 1 1 1 1 1 1 1 1 1 1 1 1 1 1 1 1 1 1 1 1 1 1 1 1 1 1 1 1 1 1 1 1 1 1 1 1 1 1 1 1 1 1 1 1 1 1 1 1 1 1 1 1 1 1 1 1 1  0 0 0 # in R/S project
# Number of years with pre-specified catches
0
# catches for years with pre-specified catches go next
# Number of future recruitments to override
-2
# Process for overiding (-1 for average otherwise index in data list)
# Which probability to product detailed results for (1=0.5; 2=0.6; etc.)
3
# Steepness sigma-R Auto-correlation
0.718 0.5 0
# Target SPR rate (FMSY Proxy); manually change to SPR_MSY if not using SPR_target
0.5
# Discount rate (for cumulative catch)
0.1
# Truncate the series when 0.4B0 is reached (1=Yes)
0
# Set F to FMSY once 0.4B0 is reached (1=Yes)
0
# Maximum possible F for projection (-1 to set to FMSY)
-1
# Defintion of recovery (1=now only;2=now or before)
2
# Projection type
4
# Definition of the 40-10 rule
10 40
# Sigma Assessment Error (Base, Year1, Slope, MaxSigma)
1.0 2025 0.075 2.0
# Pstar
0.45
# Constrain catches by the ABC (1=yes, 2=no)
2
# Implementation Error (0=no; 1=lognormal; 2=uniform)
0
#Parameters of Implementaion Error
1 0.3
# Calculate coefficients of variation (1=Yes)
0
# Number of replicates to use
10
# Random number seed
-99004
# File with multiple parameter vectors 
rebuild.SSO
# User-specific projection (1=Yes); Output replaced (1->9)
0  5
# Catches and Fs (Year; 1/2/3 (F or C or SPR); value); Final row is -1
2024 1 1
-1 -1 -1
# Fixed catch project (1=Yes); Output replaced (1->9); Approach (-1=Read in else 1-9)
0 2 -1
# (48a) Special catch options (1-Yes) [CUT_OFF, Emsy, distribution, MAXCAT, Add, replace_code]
0 0.18 1.00 1.00 0 6
# (48b) B1Target
150000
# Split of Fs
2011  0.0166478
 0
 0.358624
 0.0269296
 0.187073
 0.203699
 0.207027
-1  1 1 1 1 1 1 1 1 1 1 1 1
# Yrs to define T_target for projection type 4 (a.k.a. 5 pre-specified inputs)
2030 2031 2032 2033 2034 
# Year for probability of recovery
2034 2035 2036 2037 2038 2039 2040 2041
# Time varying weight-at-age (1=Yes;0=No)
0
# File with time series of weight-at-age data
none
# Use bisection (0) or linear interpolation (1)
1
# Target Depletion
0.4
# CV of implementation error
0
