#Title, #runnumber: 1 yelloweye_data.ss yelloweye_control.ss 7219.44 1174.78 423.824 StartTime: Thu May  1 10:18:00 2025
SSv3_default_rebuild.dat
# Number of sexes
1
# Age range to consider (minimum age; maximum age)
0 100
# Number of fleets
7
# First year of projection (Yinit)
2011
# First Year of rebuilding period (Ydecl)
2013
# Number of simulations
1000
# Maximum number of years
500
# Conduct projections with multiple starting values (0=No;else yes)
0
# Number of parameter vectors
1000
# Is the maximum age a plus-group (1=Yes;2=No)
1
# Generate future recruitments using historical recruitments (1)  historical recruits/spawner (2)  or a stock-recruitment (3)
3
# Constant fishing mortality (1) or constant Catch (2) projections
1
# Fishing mortality based on SPR (1) or actual rate (2)
1
# Pre-specify the year of recovery (or -1) to ignore
-1
# Fecundity-at-age
# 0 1 2 3 4 5 6 7 8 9 10 11 12 13 14 15 16 17 18 19 20 21 22 23 24 25 26 27 28 29 30 31 32 33 34 35 36 37 38 39 40 41 42 43 44 45 46 47 48 49 50 51 52 53 54 55 56 57 58 59 60 61 62 63 64 65 66 67 68 69 70 71 72 73 74 75 76 77 78 79 80 81 82 83 84 85 86 87 88 89 90 91 92 93 94 95 96 97 98 99 100 #runnumber: 1 yelloweye_data.ss yelloweye_control.ss 7219.44 1174.78 423.824
 0 0 2.63603e-09 5.54806e-08 7.12303e-07 6.43292e-06 4.44678e-05 0.000245411 0.00109449 0.0039212 0.0112661 0.0263653 0.0517186 0.0878581 0.133247 0.185122 0.240533 0.297021 0.35287 0.407049 0.459034 0.508628 0.55581 0.600649 0.643243 0.683695 0.7221 0.758544 0.793103 0.825848 0.856843 0.886151 0.913834 0.939952 0.964567 0.98774 1.00953 1.03001 1.04923 1.06725 1.08414 1.09995 1.11475 1.12858 1.1415 1.15357 1.16483 1.17534 1.18513 1.19426 1.20277 1.21068 1.21805 1.22491 1.23129 1.23723 1.24274 1.24787 1.25264 1.25706 1.26118 1.265 1.26854 1.27184 1.2749 1.27773 1.28037 1.28281 1.28508 1.28719 1.28914 1.29098 1.29269 1.29427 1.29574 1.2971 1.29836 1.29954 1.30062 1.30163 1.30256 1.30343 1.30423 1.30498 1.30567 1.30631 1.3069 1.30745 1.30796 1.30843 1.30887 1.30927 1.30965 1.31 1.31032 1.31062 1.3109 1.31115 1.31139 1.31161 1.31194 #female fecundity; weighted by N in year Y_init across morphs and areas
# Age specific selectivity and weight adjusted for discard and discard mortality
 #wt and selex for gender,fleet: 1 1 1_CA_TWL
 0.00896707 0.00907922 0.0273707 0.0686735 0.130896 0.213172 0.312678 0.42607 0.550067 0.681734 0.818626 0.958955 1.10174 1.24669 1.39381 1.54293 1.69347 1.84446 1.99472 2.14305 2.28839 2.42983 2.56673 2.69858 2.82508 2.94602 3.06131 3.17093 3.27492 3.37338 3.46644 3.55424 3.63696 3.71479 3.78794 3.8566 3.92099 3.98132 4.03779 4.09061 4.13999 4.18611 4.22916 4.26932 4.30678 4.34169 4.37421 4.4045 4.4327 4.45894 4.48335 4.50605 4.52716 4.54679 4.56502 4.58197 4.59771 4.61233 4.6259 4.63851 4.65021 4.66107 4.67116 4.68051 4.68919 4.69725 4.70472 4.71165 4.71808 4.72405 4.72961 4.7348 4.73962 4.74409 4.74823 4.75207 4.75563 4.75893 4.76199 4.76482 4.76745 4.76989 4.77215 4.77425 4.77619 4.77799 4.77966 4.78121 4.78264 4.78397 4.7852 4.78634 4.7874 4.78838 4.78929 4.79013 4.79091 4.79163 4.7923 4.79292 4.79383
 0 0.00105884 0.00236062 0.00905945 0.0272127 0.0652013 0.129778 0.22219 0.336775 0.462649 0.58715 0.699258 0.791901 0.862688 0.91312 0.946942 0.968507 0.981709 0.989538 0.994073 0.996657 0.998114 0.998932 0.99939 0.999648 0.999794 0.999878 0.999926 0.999954 0.999971 0.999981 0.999987 0.999991 0.999993 0.999995 0.999996 0.999996 0.999997 0.999997 0.999997 0.999997 0.999997 0.999997 0.999997 0.999997 0.999997 0.999997 0.999997 0.999997 0.999997 0.999997 0.999997 0.999997 0.999997 0.999997 0.999997 0.999997 0.999997 0.999997 0.999997 0.999997 0.999997 0.999997 0.999997 0.999997 0.999997 0.999997 0.999997 0.999997 0.999997 0.999997 0.999997 0.999997 0.999997 0.999997 0.999997 0.999997 0.999997 0.999997 0.999997 0.999997 0.999997 0.999997 0.999997 0.999997 0.999997 0.999997 0.999997 0.999997 0.999997 0.999997 0.999997 0.999997 0.999997 0.999997 0.999997 0.999997 0.999997 0.999997 0.999997 0.999997
 #wt and selex for gender,fleet: 1 3 3_CA_REC
 0.00896707 0.00907915 0.0264955 0.0660954 0.125857 0.204989 0.300923 0.410568 0.530853 0.659037 0.792989 0.931484 1.07415 1.22094 1.37147 1.52485 1.67971 1.83452 1.98784 2.13845 2.28538 2.42791 2.56551 2.69781 2.8246 2.94571 3.06111 3.1708 3.27484 3.37333 3.4664 3.55421 3.63694 3.71478 3.78793 3.8566 3.92099 3.98132 4.03779 4.09061 4.13999 4.1861 4.22916 4.26932 4.30678 4.34169 4.37421 4.4045 4.4327 4.45894 4.48335 4.50606 4.52717 4.54679 4.56502 4.58197 4.59771 4.61233 4.6259 4.63851 4.65021 4.66107 4.67116 4.68051 4.68919 4.69725 4.70472 4.71165 4.71808 4.72405 4.72961 4.7348 4.73962 4.74409 4.74823 4.75207 4.75563 4.75893 4.76199 4.76483 4.76746 4.76989 4.77215 4.77425 4.77619 4.77799 4.77966 4.78121 4.78264 4.78397 4.7852 4.78634 4.7874 4.78838 4.78929 4.79013 4.79091 4.79163 4.7923 4.79293 4.79383
 0 0.00390574 0.00801742 0.0250649 0.0630672 0.130136 0.228333 0.351317 0.486224 0.618005 0.733815 0.82597 0.892798 0.937358 0.964986 0.981113 0.990083 0.994891 0.997399 0.998683 0.999333 0.999661 0.999826 0.99991 0.999952 0.999974 0.999986 0.999992 0.999995 0.999997 0.999998 0.999999 0.999999 0.999999 0.999999 0.999999 0.999999 0.999999 0.999999 0.999999 0.999999 0.999999 0.999999 0.999999 0.999999 0.999999 0.999999 0.999999 0.999999 0.999999 0.999999 0.999999 0.999999 0.999999 0.999999 0.999999 0.999999 0.999999 0.999999 0.999999 0.999999 0.999999 0.999999 0.999999 0.999999 0.999999 0.999999 0.999999 0.999999 0.999999 0.999999 0.999999 0.999999 0.999999 0.999999 0.999999 0.999999 0.999999 0.999999 0.999999 0.999999 0.999999 0.999999 0.999999 0.999999 0.999999 0.999999 0.999999 0.999999 0.999999 0.999999 0.999999 0.999999 0.999999 0.999999 0.999999 0.999999 0.999999 0.999999 0.999999 0.999999
 #wt and selex for gender,fleet: 1 4 4_ORWA_TWL
 0.00896707 0.00907906 0.0252522 0.0625925 0.119694 0.196143 0.289949 0.398463 0.518877 0.648511 0.785015 0.9266 1.07216 1.22108 1.37282 1.52662 1.6814 1.8359 1.98886 2.13916 2.28585 2.42821 2.5657 2.69793 2.82467 2.94576 3.06114 3.17082 3.27485 3.37334 3.4664 3.55421 3.63694 3.71478 3.78793 3.8566 3.92099 3.98132 4.03779 4.09061 4.13999 4.1861 4.22916 4.26932 4.30678 4.34169 4.37421 4.4045 4.4327 4.45894 4.48335 4.50605 4.52716 4.54679 4.56502 4.58197 4.59771 4.61233 4.6259 4.63851 4.65021 4.66107 4.67116 4.68051 4.68919 4.69725 4.70472 4.71165 4.71808 4.72404 4.72961 4.7348 4.73962 4.74409 4.74823 4.75207 4.75563 4.75893 4.76199 4.76482 4.76745 4.76989 4.77215 4.77425 4.77619 4.77799 4.77966 4.7812 4.78264 4.78397 4.7852 4.78634 4.7874 4.78838 4.78929 4.79013 4.79091 4.79163 4.7923 4.79292 4.79383
 0 0.0128428 0.0234951 0.05488 0.109472 0.189594 0.292222 0.409392 0.53059 0.645484 0.745985 0.827362 0.888494 0.931268 0.959329 0.976737 0.987046 0.992929 0.996192 0.997965 0.998916 0.999421 0.999689 0.999831 0.999907 0.999948 0.99997 0.999982 0.999989 0.999993 0.999995 0.999996 0.999997 0.999997 0.999997 0.999997 0.999997 0.999997 0.999997 0.999997 0.999997 0.999997 0.999997 0.999997 0.999997 0.999997 0.999997 0.999997 0.999997 0.999997 0.999997 0.999997 0.999997 0.999997 0.999997 0.999997 0.999996 0.999996 0.999996 0.999996 0.999996 0.999996 0.999996 0.999996 0.999996 0.999996 0.999996 0.999996 0.999996 0.999996 0.999996 0.999996 0.999996 0.999996 0.999996 0.999996 0.999996 0.999996 0.999996 0.999996 0.999996 0.999996 0.999996 0.999996 0.999996 0.999996 0.999996 0.999996 0.999996 0.999996 0.999996 0.999996 0.999996 0.999996 0.999996 0.999996 0.999996 0.999996 0.999996 0.999996 0.999996
 #wt and selex for gender,fleet: 1 5 5_ORWA_NONTWL
 0.00896707 0.00907917 0.026711 0.0672357 0.129201 0.212312 0.314257 0.431968 0.562218 0.701946 0.848414 0.999255 1.15247 1.30642 1.45979 1.61164 1.76131 1.90838 2.05258 2.1937 2.33149 2.46571 2.59607 2.72225 2.84399 2.96103 3.07318 3.1803 3.28233 3.37925 3.4711 3.55797 3.63996 3.71722 3.78992 3.85823 3.92234 3.98245 4.03874 4.09142 4.14068 4.1867 4.22968 4.26978 4.30718 4.34205 4.37453 4.40479 4.43296 4.45918 4.48357 4.50626 4.52735 4.54696 4.56519 4.58212 4.59786 4.61247 4.62604 4.63864 4.65033 4.66119 4.67127 4.68062 4.6893 4.69735 4.70482 4.71175 4.71818 4.72414 4.7297 4.73489 4.73971 4.74417 4.74831 4.75215 4.75571 4.75901 4.76207 4.76491 4.76754 4.76998 4.77224 4.77433 4.77627 4.77807 4.77974 4.78129 4.78272 4.78405 4.78528 4.78642 4.78748 4.78846 4.78937 4.79021 4.79099 4.79171 4.79238 4.793 4.79391
 0 0.000661481 0.00138249 0.00462969 0.0128286 0.0296925 0.059106 0.103812 0.164405 0.239045 0.323914 0.414108 0.504584 0.590909 0.669716 0.738875 0.79745 0.845505 0.883836 0.913671 0.936417 0.953464 0.966069 0.975295 0.981998 0.986847 0.990347 0.992874 0.994702 0.996029 0.996997 0.997707 0.998231 0.998621 0.998914 0.999135 0.999304 0.999433 0.999534 0.999613 0.999675 0.999725 0.999764 0.999797 0.999823 0.999844 0.999862 0.999877 0.99989 0.9999 0.999909 0.999917 0.999923 0.999929 0.999934 0.999938 0.999942 0.999945 0.999948 0.99995 0.999953 0.999955 0.999957 0.999958 0.99996 0.999961 0.999962 0.999963 0.999964 0.999965 0.999966 0.999966 0.999967 0.999967 0.999967 0.999968 0.999968 0.999968 0.999969 0.999969 0.999969 0.999969 0.99997 0.99997 0.99997 0.99997 0.99997 0.99997 0.99997 0.999971 0.999971 0.999971 0.999971 0.999971 0.999971 0.999971 0.999971 0.999971 0.999971 0.999971 0.999971
 #wt and selex for gender,fleet: 1 6 6_OR_REC
 0.00896707 0.00908002 0.034327 0.0842698 0.155066 0.242595 0.341556 0.447467 0.557463 0.671293 0.791151 0.919677 1.05795 1.20496 1.35829 1.51517 1.67314 1.83029 1.98518 2.13676 2.28426 2.4271 2.56486 2.69724 2.82405 2.94516 3.06055 3.17021 3.27423 3.37269 3.46573 3.55352 3.63622 3.71404 3.78717 3.85581 3.92018 3.9805 4.03695 4.08976 4.13912 4.18522 4.22826 4.26842 4.30586 4.34076 4.37327 4.40356 4.43174 4.45798 4.48238 4.50508 4.52618 4.5458 4.56403 4.58097 4.59671 4.61132 4.6249 4.6375 4.6492 4.66006 4.67013 4.67949 4.68817 4.69622 4.70369 4.71062 4.71705 4.72301 4.72857 4.73376 4.73858 4.74304 4.74718 4.75102 4.75458 4.75788 4.76094 4.76377 4.7664 4.76884 4.7711 4.77319 4.77513 4.77693 4.7786 4.78014 4.78158 4.7829 4.78414 4.78528 4.78633 4.78731 4.78822 4.78906 4.78984 4.79057 4.79124 4.79186 4.79276
 0 1.95836e-05 9.33616e-05 0.00140538 0.0108301 0.0481733 0.140282 0.295746 0.48817 0.671823 0.81281 0.903429 0.95405 0.979426 0.991137 0.996201 0.998264 0.999039 0.99928 0.999303 0.999237 0.999136 0.999022 0.998903 0.998783 0.998666 0.998552 0.998442 0.998335 0.998233 0.998136 0.998044 0.997956 0.997873 0.997794 0.99772 0.99765 0.997585 0.997523 0.997465 0.997411 0.99736 0.997312 0.997268 0.997226 0.997188 0.997151 0.997118 0.997086 0.997057 0.99703 0.997004 0.99698 0.996959 0.996938 0.996919 0.996901 0.996885 0.99687 0.996856 0.996842 0.99683 0.996819 0.996808 0.996798 0.996789 0.996781 0.996773 0.996766 0.996759 0.996753 0.996747 0.996742 0.996736 0.996732 0.996727 0.996723 0.99672 0.996716 0.996713 0.99671 0.996707 0.996705 0.996702 0.9967 0.996698 0.996696 0.996694 0.996693 0.996691 0.99669 0.996689 0.996687 0.996686 0.996685 0.996684 0.996683 0.996683 0.996682 0.996681 0.99668
 #wt and selex for gender,fleet: 1 7 7_WA_REC
 0.00896707 0.00907998 0.0342793 0.0857723 0.160989 0.256665 0.367628 0.48895 0.616567 0.7474 0.879421 1.01182 1.14501 1.28012 1.41828 1.55996 1.70479 1.85169 1.99918 2.14573 2.28995 2.43074 2.56724 2.69888 2.82525 2.94611 3.06136 3.17096 3.27494 3.37339 3.46644 3.55424 3.63696 3.71479 3.78794 3.8566 3.92099 3.98132 4.03779 4.09062 4.13999 4.18611 4.22916 4.26932 4.30678 4.34169 4.37421 4.4045 4.4327 4.45894 4.48335 4.50606 4.52717 4.54679 4.56502 4.58197 4.59771 4.61233 4.62591 4.63851 4.65021 4.66107 4.67116 4.68051 4.68919 4.69725 4.70472 4.71165 4.71808 4.72405 4.72961 4.7348 4.73962 4.74409 4.74823 4.75207 4.75563 4.75893 4.76199 4.76483 4.76746 4.76989 4.77215 4.77425 4.77619 4.77799 4.77966 4.78121 4.78264 4.78397 4.7852 4.78634 4.7874 4.78838 4.78929 4.79013 4.79091 4.79163 4.7923 4.79293 4.79383
 0 2.08637e-06 9.73603e-06 0.000154041 0.00137218 0.00747698 0.0275272 0.0744091 0.157842 0.276851 0.418299 0.562497 0.691508 0.794837 0.870282 0.921345 0.953863 0.973606 0.985165 0.991755 0.995442 0.997482 0.998603 0.99922 0.99956 0.999748 0.999854 0.999914 0.999948 0.999968 0.99998 0.999987 0.999992 0.999994 0.999996 0.999997 0.999998 0.999998 0.999999 0.999999 0.999999 0.999999 0.999999 0.999999 0.999999 0.999999 0.999999 0.999999 0.999999 0.999999 0.999999 0.999999 0.999999 0.999999 0.999999 0.999999 0.999999 0.999999 0.999999 0.999999 0.999999 0.999999 0.999999 0.999999 0.999999 0.999999 0.999999 0.999999 0.999999 0.999999 0.999999 0.999999 0.999999 0.999999 0.999999 0.999999 0.999999 0.999999 0.999999 0.999999 0.999999 0.999999 0.999999 0.999999 0.999999 0.999999 0.999999 0.999999 0.999999 0.999999 0.999999 0.999999 0.999999 0.999999 0.999999 0.999999 0.999999 0.999999 0.999999 0.999999 0.999999
# Sex ratio correction
1
# M and current age-structure in year Yinit: 2011
 # gender = 1
 0.0439034 0.0439034 0.0439034 0.0439034 0.0439034 0.0439034 0.0439034 0.0439034 0.0439034 0.0439034 0.0439034 0.0439034 0.0439034 0.0439034 0.0439034 0.0439034 0.0439034 0.0439034 0.0439034 0.0439034 0.0439034 0.0439034 0.0439034 0.0439034 0.0439034 0.0439034 0.0439034 0.0439034 0.0439034 0.0439034 0.0439034 0.0439034 0.0439034 0.0439034 0.0439034 0.0439034 0.0439034 0.0439034 0.0439034 0.0439034 0.0439034 0.0439034 0.0439034 0.0439034 0.0439034 0.0439034 0.0439034 0.0439034 0.0439034 0.0439034 0.0439034 0.0439034 0.0439034 0.0439034 0.0439034 0.0439034 0.0439034 0.0439034 0.0439034 0.0439034 0.0439034 0.0439034 0.0439034 0.0439034 0.0439034 0.0439034 0.0439034 0.0439034 0.0439034 0.0439034 0.0439034 0.0439034 0.0439034 0.0439034 0.0439034 0.0439034 0.0439034 0.0439034 0.0439034 0.0439034 0.0439034 0.0439034 0.0439034 0.0439034 0.0439034 0.0439034 0.0439034 0.0439034 0.0439034 0.0439034 0.0439034 0.0439034 0.0439034 0.0439034 0.0439034 0.0439034 0.0439034 0.0439034 0.0439034 0.0439034 0.0439034
 246.372 306.471 313.37 368.2 211.868 200.068 111.887 69.178 98.2683 234.947 65.2193 52.4307 96.525 59.7278 36.9352 29.2819 29.0167 57.8838 62.4542 29.7663 24.0692 24.2487 23.5427 23.9392 27.3896 30.2402 37.4178 36.3493 22.4615 24.8599 21.1193 16.3713 12.3935 8.16217 9.35609 8.45604 8.61706 5.35845 4.36409 5.1465 8.01165 5.00362 3.73478 3.15273 2.44899 2.06334 1.63174 1.3312 1.24698 1.31255 1.43314 1.45393 1.31255 1.13675 1.00371 0.919167 0.877616 0.875167 0.911061 0.987769 1.10361 1.23447 1.30911 1.25146 1.09978 0.944242 0.82084 0.730403 0.665152 0.61681 0.579887 0.550752 0.527158 0.507437 0.48998 0.473433 0.456805 0.439768 0.422478 0.405454 0.389239 0.374246 0.36058 0.348195 0.336759 0.325822 0.315291 0.30492 0.294522 0.284008 0.273362 0.262607 0.251819 0.241124 0.230545 0.220219 0.210229 0.200623 0.19143 0.182665 3.97579
# Age-structure at Ydeclare= 2013
 507.331 212.022 225.66 280.703 287.014 337.201 193.988 183.105 102.329 63.2083 89.6899 214.201 59.4018 47.7149 87.7874 54.2956 33.5648 26.6037 26.3585 52.5755 56.7226 27.0332 21.8584 22.0208 21.3791 21.7387 24.8713 27.459 33.9754 33.0039 20.3934 22.5699 19.173 14.8619 11.2504 7.40908 8.49258 7.67537 7.82132 4.8635 3.96088 4.67088 7.27105 4.54097 3.38938 2.8611 2.22242 1.87242 1.48073 1.20799 1.13155 1.19105 1.30047 1.31932 1.19103 1.0315 0.91078 0.834061 0.796356 0.794133 0.826702 0.896306 1.00142 1.12016 1.18789 1.13558 0.99794 0.856804 0.744829 0.662766 0.603556 0.559691 0.526187 0.49975 0.47834 0.460446 0.444605 0.42959 0.414502 0.399042 0.383354 0.367906 0.353193 0.339588 0.327188 0.31595 0.305573 0.295649 0.286093 0.276683 0.267247 0.257707 0.248047 0.238288 0.2285 0.218794 0.209196 0.199826 0.190761 0.182044 3.94707
# Year for Tmin Age-structure (set to Ydecl by SS)
2013
#  recruitment and biomass
# Number of historical assessment years
137
# Historical data
# year recruitment spawner in B0 in R project in R/S project
1888  1889 1890 1891 1892 1893 1894 1895 1896 1897 1898 1899 1900 1901 1902 1903 1904 1905 1906 1907 1908 1909 1910 1911 1912 1913 1914 1915 1916 1917 1918 1919 1920 1921 1922 1923 1924 1925 1926 1927 1928 1929 1930 1931 1932 1933 1934 1935 1936 1937 1938 1939 1940 1941 1942 1943 1944 1945 1946 1947 1948 1949 1950 1951 1952 1953 1954 1955 1956 1957 1958 1959 1960 1961 1962 1963 1964 1965 1966 1967 1968 1969 1970 1971 1972 1973 1974 1975 1976 1977 1978 1979 1980 1981 1982 1983 1984 1985 1986 1987 1988 1989 1990 1991 1992 1993 1994 1995 1996 1997 1998 1999 2000 2001 2002 2003 2004 2005 2006 2007 2008 2009 2010 2011 2012 2013 2014 2015 2016 2017 2018 2019 2020 2021 2022 2023 2024 #years (with first value representing R0)
231.955 233.55 233.605 233.663 233.723 233.776 233.832 233.889 233.956 234.026 234.1 234.178 234.261 234.35 234.443 234.54 234.645 234.762 234.891 235.042 235.212 235.404 235.617 235.849 236.097 236.343 236.564 236.722 236.769 236.647 236.278 235.555 234.486 232.998 231.068 228.72 226.004 223.013 219.893 216.805 213.787 211.079 208.806 206.91 205.259 203.591 201.63 199.174 196.227 193.003 189.943 187.54 186.279 186.554 188.837 193.878 202.763 217.059 237.864 263.913 286.04 284.944 255.825 217.708 185.448 162.762 148.75 141.888 141.32 146.704 157.886 173.145 182.032 170.152 147.609 132.641 133.68 154.284 183.121 203.181 243.303 266.426 327.555 477.261 276.469 209.457 227.699 321.397 274.571 262.42 196.247 253.572 283.107 306.846 301.915 227.155 305.866 262.461 177.83 136.197 101.773 86.6736 78.4635 69.5167 77.9429 150.428 129.838 61.1651 58.375 69.8954 107.545 165.573 85.7562 101.785 350.107 139.912 94.1642 145.672 249.222 252.555 420.043 342.132 320.225 246.372 221.538 507.331 238.916 326.859 227.799 112.269 107.809 112.402 110.989 147.007 164.141 168.735 194.786  #recruits; first value is R0 (virgin)
1174.78  1174.78 1174.77 1174.76 1174.73 1174.27 1173.81 1173.34 1173.19 1173.11 1173.03 1172.96 1172.87 1172.79 1172.7 1172.61 1172.53 1172.45 1172.38 1172.31 1172.25 1172.07 1172.01 1171.94 1171.88 1171.81 1171.74 1171.67 1171.52 1171.44 1171.2 1168.91 1168.2 1167.62 1167.11 1166.89 1166.61 1165.78 1164.61 1162.65 1159.97 1157.4 1155.3 1152.87 1151.47 1150.24 1148.99 1147.2 1145.35 1142.48 1139.83 1136.8 1134.32 1130.6 1125.27 1119.48 1109.07 1097.88 1081.35 1065.96 1058.25 1049.44 1042.32 1034.43 1024.86 1016.35 1009.63 1001.77 994.342 986.972 978.635 971.176 965.043 960.302 957.598 954.286 952.502 951.896 941.385 937.713 932.048 925.862 910.4 899.525 885.436 868.157 849.508 829.098 809.096 786.362 764.043 729.213 692.742 665.182 630.288 573.509 525.381 497.632 460.802 431.556 404.411 381.457 352.515 332.096 297.977 267.224 237.828 222.461 206.996 190.037 170.217 164.401 154.225 156.031 157.179 163.512 170.013 176.715 183.392 190.36 196.796 203.594 210.343 217.854 225.71 233.949 243.166 253.414 264.227 276.393 288.894 303.197 318.974 337.286 357.298 377.736 399.019 #spbio; first value is SSB_virgin (virgin)
1 0 0 0 0 0 0 0 0 0 0 0 0 0 0 0 0 0 0 0 0 0 0 0 0 0 0 0 0 0 0 0 0 0 0 0 0 0 0 0 0 0 0 0 0 0 0 0 0 0 0 0 0 0 0 0 0 0 0 0 0 0 0 0 0 0 0 0 0 0 0 0 0 0 0 0 0 0 0 0 0 0 0 0 0 0 0 0 0 0 0 0 0 0 0 0 0 0 0 0 0 0 0 0 0 0 0 0 0 0 0 0 0 0 0 0 0 0 0 0 0 0 0 0 0 0 0 0 0 0 0 0 0 0 0 0 0  # in Bzero
0 1 1 1 1 1 1 1 1 1 1 1 1 1 1 1 1 1 1 1 1 1 1 1 1 1 1 1 1 1 1 1 1 1 1 1 1 1 1 1 1 1 1 1 1 1 1 1 1 1 1 1 1 1 1 1 1 1 1 1 1 1 1 1 1 1 1 1 1 1 1 1 1 1 1 1 1 1 1 1 1 1 1 1 1 1 1 1 1 1 1 1 1 1 1 1 1 1 1 1 1 1 1 1 1 1 1 1 1 1 1 1 1 1 1 1 1 1 1 1 1 1 1 1 1 1 1 1 1 1 1 1 1 1  0 0 0 # in R project
0 1 1 1 1 1 1 1 1 1 1 1 1 1 1 1 1 1 1 1 1 1 1 1 1 1 1 1 1 1 1 1 1 1 1 1 1 1 1 1 1 1 1 1 1 1 1 1 1 1 1 1 1 1 1 1 1 1 1 1 1 1 1 1 1 1 1 1 1 1 1 1 1 1 1 1 1 1 1 1 1 1 1 1 1 1 1 1 1 1 1 1 1 1 1 1 1 1 1 1 1 1 1 1 1 1 1 1 1 1 1 1 1 1 1 1 1 1 1 1 1 1 1 1 1 1 1 1 1 1 1 1 1 1  0 0 0 # in R/S project
# Number of years with pre-specified catches
0
# catches for years with pre-specified catches go next
# Number of future recruitments to override
-2
# Process for overiding (-1 for average otherwise index in data list)
# Which probability to product detailed results for (1=0.5; 2=0.6; etc.)
3
# Steepness sigma-R Auto-correlation
0.718 0.5 0
# Target SPR rate (FMSY Proxy); manually change to SPR_MSY if not using SPR_target
0.5
# Discount rate (for cumulative catch)
0.1
# Truncate the series when 0.4B0 is reached (1=Yes)
0
# Set F to FMSY once 0.4B0 is reached (1=Yes)
0
# Maximum possible F for projection (-1 to set to FMSY)
-1
# Defintion of recovery (1=now only;2=now or before)
2
# Projection type
4
# Definition of the 40-10 rule
10 40
# Sigma Assessment Error (Base, Year1, Slope, MaxSigma)
1.0 2025 0.075 2.0
# Pstar
0.45
# Constrain catches by the ABC (1=yes, 2=no)
2
# Implementation Error (0=no; 1=lognormal; 2=uniform)
0
#Parameters of Implementaion Error
1 0.3
# Calculate coefficients of variation (1=Yes)
0
# Number of replicates to use
10
# Random number seed
-99004
# File with multiple parameter vectors 
rebuild.SSO
# User-specific projection (1=Yes); Output replaced (1->9)
0  5
# Catches and Fs (Year; 1/2/3 (F or C or SPR); value); Final row is -1
2024 1 1
-1 -1 -1
# Fixed catch project (1=Yes); Output replaced (1->9); Approach (-1=Read in else 1-9)
0 2 -1
# (48a) Special catch options (1-Yes) [CUT_OFF, Emsy, distribution, MAXCAT, Add, replace_code]
0 0.18 1.00 1.00 0 6
# (48b) B1Target
150000
# Split of Fs
2011  0.0174904
 0
 0.412893
 0.023018
 0.185054
 0.189616
 0.171928
-1  1 1 1 1 1 1 1 1 1 1 1 1
# Yrs to define T_target for projection type 4 (a.k.a. 5 pre-specified inputs)
2030 2031 2032 2033 2034 
# Year for probability of recovery
2034 2035 2036 2037 2038 2039 2040 2041
# Time varying weight-at-age (1=Yes;0=No)
0
# File with time series of weight-at-age data
none
# Use bisection (0) or linear interpolation (1)
1
# Target Depletion
0.4
# CV of implementation error
0
