#Title, #runnumber: 1 yelloweye_data.ss yelloweye_control.ss 7131.03 1136.95 357.292 StartTime: Thu May  1 10:15:18 2025
SSv3_default_rebuild.dat
# Number of sexes
1
# Age range to consider (minimum age; maximum age)
0 100
# Number of fleets
7
# First year of projection (Yinit)
2011
# First Year of rebuilding period (Ydecl)
2013
# Number of simulations
1000
# Maximum number of years
500
# Conduct projections with multiple starting values (0=No;else yes)
0
# Number of parameter vectors
1000
# Is the maximum age a plus-group (1=Yes;2=No)
1
# Generate future recruitments using historical recruitments (1)  historical recruits/spawner (2)  or a stock-recruitment (3)
3
# Constant fishing mortality (1) or constant Catch (2) projections
1
# Fishing mortality based on SPR (1) or actual rate (2)
1
# Pre-specify the year of recovery (or -1) to ignore
-1
# Fecundity-at-age
# 0 1 2 3 4 5 6 7 8 9 10 11 12 13 14 15 16 17 18 19 20 21 22 23 24 25 26 27 28 29 30 31 32 33 34 35 36 37 38 39 40 41 42 43 44 45 46 47 48 49 50 51 52 53 54 55 56 57 58 59 60 61 62 63 64 65 66 67 68 69 70 71 72 73 74 75 76 77 78 79 80 81 82 83 84 85 86 87 88 89 90 91 92 93 94 95 96 97 98 99 100 #runnumber: 1 yelloweye_data.ss yelloweye_control.ss 7131.03 1136.95 357.292
 0 0 2.39954e-09 5.15875e-08 6.74311e-07 6.16683e-06 4.30335e-05 0.000239318 0.00107456 0.00387377 0.0111896 0.0262951 0.0517309 0.0880401 0.133658 0.185778 0.241405 0.298059 0.354015 0.408247 0.460241 0.509807 0.556935 0.601698 0.644198 0.684542 0.722826 0.759139 0.793558 0.826154 0.856993 0.886139 0.913656 0.939604 0.964046 0.987045 1.00866 1.02897 1.04801 1.06586 1.08258 1.09823 1.11286 1.12653 1.1393 1.15122 1.16233 1.1727 1.18236 1.19135 1.19973 1.20752 1.21478 1.22152 1.2278 1.23363 1.23905 1.24408 1.24876 1.2531 1.25714 1.26088 1.26436 1.26758 1.27057 1.27335 1.27593 1.27832 1.28053 1.28259 1.28449 1.28629 1.28795 1.2895 1.29093 1.29226 1.29349 1.29463 1.29568 1.29666 1.29757 1.29841 1.29919 1.29991 1.30058 1.3012 1.30178 1.30231 1.3028 1.30326 1.30368 1.30408 1.30444 1.30478 1.30509 1.30538 1.30565 1.30589 1.30612 1.30634 1.30665 #female fecundity; weighted by N in year Y_init across morphs and areas
# Age specific selectivity and weight adjusted for discard and discard mortality
 #wt and selex for gender,fleet: 1 1 1_CA_TWL
 0.00896707 0.00903689 0.0267334 0.0681607 0.130928 0.214272 0.315325 0.430649 0.556862 0.690923 0.83026 0.972853 1.11736 1.26315 1.41007 1.55806 1.70687 1.8559 2.00428 2.15095 2.29493 2.43529 2.57133 2.70249 2.8284 2.94881 3.06361 3.17275 3.27626 3.37423 3.46679 3.55409 3.6363 3.71362 3.78625 3.85439 3.91827 3.97808 4.03404 4.08636 4.13524 4.18088 4.22346 4.26317 4.30018 4.33466 4.36677 4.39665 4.42446 4.45033 4.47439 4.49675 4.51753 4.53684 4.55477 4.57143 4.5869 4.60126 4.61459 4.62696 4.63844 4.64909 4.65897 4.66813 4.67663 4.68452 4.69183 4.69861 4.70489 4.71072 4.71615 4.72122 4.72592 4.73028 4.73431 4.73806 4.74152 4.74474 4.74772 4.75048 4.75303 4.7554 4.7576 4.75963 4.76152 4.76326 4.76488 4.76638 4.76777 4.76906 4.77025 4.77135 4.77238 4.77333 4.7742 4.77502 4.77577 4.77647 4.77712 4.77772 4.77859
 0 0.000629477 0.00138581 0.00571415 0.0183515 0.0466202 0.0976708 0.174909 0.275832 0.392479 0.513918 0.629288 0.73024 0.81221 0.874423 0.918914 0.949148 0.968839 0.981234 0.988832 0.993399 0.996108 0.997702 0.998636 0.999184 0.999507 0.999698 0.999812 0.999881 0.999924 0.99995 0.999966 0.999977 0.999983 0.999988 0.999991 0.999993 0.999994 0.999995 0.999996 0.999996 0.999996 0.999997 0.999997 0.999997 0.999997 0.999997 0.999997 0.999997 0.999997 0.999997 0.999997 0.999997 0.999997 0.999997 0.999997 0.999997 0.999997 0.999997 0.999997 0.999997 0.999997 0.999997 0.999997 0.999997 0.999997 0.999997 0.999997 0.999997 0.999997 0.999997 0.999997 0.999997 0.999997 0.999997 0.999997 0.999997 0.999997 0.999997 0.999997 0.999997 0.999997 0.999997 0.999997 0.999997 0.999997 0.999997 0.999997 0.999997 0.999997 0.999997 0.999997 0.999997 0.999997 0.999997 0.999997 0.999997 0.999997 0.999997 0.999997 0.999997
 #wt and selex for gender,fleet: 1 3 3_CA_REC
 0.00896707 0.00903685 0.0256518 0.0649763 0.124853 0.204695 0.302022 0.413744 0.536734 0.668116 0.805435 0.946841 1.09124 1.23819 1.38749 1.53876 1.69124 1.84384 1.99535 2.14458 2.2905 2.43228 2.56931 2.70115 2.82751 2.94823 3.06322 3.17249 3.27609 3.37412 3.46671 3.55404 3.63627 3.7136 3.78623 3.85438 3.91826 3.97807 4.03404 4.08636 4.13524 4.18088 4.22346 4.26317 4.30018 4.33466 4.36677 4.39665 4.42446 4.45033 4.47439 4.49675 4.51753 4.53684 4.55478 4.57143 4.5869 4.60126 4.61459 4.62696 4.63844 4.64909 4.65897 4.66813 4.67663 4.68452 4.69183 4.69861 4.70489 4.71072 4.71615 4.72122 4.72592 4.73028 4.73432 4.73806 4.74152 4.74474 4.74772 4.75048 4.75303 4.7554 4.7576 4.75963 4.76152 4.76326 4.76488 4.76638 4.76777 4.76906 4.77025 4.77136 4.77238 4.77333 4.77421 4.77502 4.77577 4.77647 4.77712 4.77772 4.77859
 0 0.00285384 0.00567686 0.0179498 0.0461231 0.09768 0.176462 0.280058 0.400152 0.525147 0.643454 0.74612 0.828273 0.889238 0.931502 0.959114 0.97628 0.986531 0.992466 0.995824 0.997694 0.998726 0.999293 0.999604 0.999776 0.999871 0.999925 0.999956 0.999973 0.999983 0.999989 0.999993 0.999995 0.999997 0.999998 0.999998 0.999999 0.999999 0.999999 0.999999 0.999999 0.999999 0.999999 0.999999 0.999999 0.999999 0.999999 0.999999 0.999999 0.999999 0.999999 0.999999 0.999999 0.999999 0.999999 0.999999 0.999999 0.999999 0.999999 0.999999 0.999999 0.999999 0.999999 0.999999 0.999999 0.999999 0.999999 0.999999 0.999999 0.999999 0.999999 0.999999 0.999999 0.999999 0.999999 0.999999 0.999999 0.999999 0.999999 0.999999 0.999999 0.999999 0.999999 0.999999 0.999999 0.999999 0.999999 0.999999 0.999999 0.999999 0.999999 0.999999 0.999999 0.999999 0.999999 0.999999 0.999999 0.999999 0.999999 0.999999 0.999999
 #wt and selex for gender,fleet: 1 4 4_ORWA_TWL
 0.00896707 0.00903683 0.0248742 0.0624085 0.119497 0.19545 0.287947 0.394125 0.511123 0.636537 0.768952 0.907941 1.0533 1.20427 1.35941 1.51686 1.67479 1.83161 1.98604 2.13708 2.28397 2.42615 2.56319 2.69482 2.82084 2.94114 3.05569 3.1645 3.26765 3.36525 3.45743 3.54436 3.62622 3.70319 3.7755 3.84334 3.90693 3.96647 4.02219 4.07428 4.12294 4.16838 4.21077 4.2503 4.28715 4.32148 4.35345 4.38321 4.4109 4.43665 4.4606 4.48287 4.50356 4.52279 4.54065 4.55723 4.57264 4.58693 4.60021 4.61252 4.62395 4.63456 4.6444 4.65352 4.66199 4.66984 4.67712 4.68387 4.69013 4.69593 4.70134 4.70637 4.71104 4.71536 4.71937 4.72309 4.72653 4.72972 4.73268 4.73542 4.73796 4.74031 4.74249 4.74451 4.74638 4.74812 4.74973 4.75121 4.75259 4.75387 4.75506 4.75615 4.75717 4.75811 4.75898 4.75979 4.76054 4.76123 4.76187 4.76247 4.76333
 0 0.0133318 0.0247178 0.0636885 0.13542 0.242183 0.376248 0.521819 0.660746 0.778192 0.866376 0.92542 0.960967 0.980385 0.990009 0.994191 0.995521 0.995397 0.994535 0.993291 0.991845 0.990294 0.988692 0.987075 0.985467 0.983883 0.982337 0.980837 0.97939 0.978001 0.976672 0.975406 0.974202 0.973061 0.971981 0.970962 0.970002 0.969098 0.968249 0.967453 0.966706 0.966007 0.965353 0.964742 0.964171 0.963638 0.963141 0.962677 0.962245 0.961843 0.961469 0.96112 0.960796 0.960495 0.960215 0.959954 0.959713 0.959488 0.959279 0.959085 0.958905 0.958738 0.958584 0.95844 0.958306 0.958183 0.958068 0.957961 0.957863 0.957771 0.957685 0.957605 0.957531 0.957463 0.957399 0.95734 0.957285 0.957235 0.957188 0.957144 0.957104 0.957066 0.957032 0.957 0.95697 0.956942 0.956917 0.956893 0.956871 0.956851 0.956832 0.956815 0.956798 0.956784 0.95677 0.956757 0.956745 0.956734 0.956724 0.956714 0.9567
 #wt and selex for gender,fleet: 1 5 5_ORWA_NONTWL
 0.00896707 0.00903686 0.026055 0.0664796 0.128421 0.21155 0.313438 0.430919 0.560698 0.699687 0.845146 0.994728 1.14648 1.29884 1.45064 1.60111 1.74978 1.89638 2.04067 2.18239 2.32118 2.45664 2.58833 2.71581 2.83871 2.95674 3.06968 3.17739 3.27982 3.37697 3.46891 3.55574 3.63759 3.71464 3.78706 3.85505 3.9188 3.97851 4.0344 4.08666 4.1355 4.1811 4.22365 4.26333 4.30032 4.33478 4.36688 4.39675 4.42455 4.45041 4.47446 4.49682 4.51759 4.5369 4.55483 4.57148 4.58695 4.60131 4.61463 4.627 4.63848 4.64913 4.659 4.66817 4.67667 4.68455 4.69186 4.69864 4.70492 4.71075 4.71618 4.72125 4.72595 4.73031 4.73434 4.73808 4.74155 4.74476 4.74774 4.7505 4.75306 4.75543 4.75762 4.75966 4.76154 4.76329 4.76491 4.76641 4.7678 4.76908 4.77028 4.77138 4.7724 4.77335 4.77423 4.77504 4.7758 4.77649 4.77714 4.77774 4.77861
 0 0.000639491 0.00131905 0.0046614 0.0134663 0.0320726 0.0650244 0.115403 0.183568 0.266876 0.360369 0.457976 0.553732 0.642681 0.721373 0.787991 0.84219 0.884752 0.917159 0.941194 0.958638 0.971081 0.979841 0.985951 0.990188 0.993118 0.995143 0.996546 0.997521 0.998203 0.998683 0.999024 0.999268 0.999444 0.999572 0.999667 0.999738 0.999791 0.999831 0.999862 0.999886 0.999905 0.99992 0.999931 0.999941 0.999949 0.999955 0.99996 0.999965 0.999968 0.999971 0.999974 0.999976 0.999978 0.999979 0.999981 0.999982 0.999983 0.999984 0.999985 0.999986 0.999986 0.999987 0.999987 0.999988 0.999988 0.999989 0.999989 0.999989 0.999989 0.99999 0.99999 0.99999 0.99999 0.99999 0.99999 0.99999 0.999991 0.999991 0.999991 0.999991 0.999991 0.999991 0.999991 0.999991 0.999991 0.999991 0.999991 0.999991 0.999991 0.999991 0.999991 0.999991 0.999991 0.999991 0.999991 0.999991 0.999991 0.999991 0.999991 0.999991
 #wt and selex for gender,fleet: 1 6 6_OR_REC
 0.00896707 0.00903718 0.0330669 0.0824254 0.152695 0.239879 0.338667 0.444544 0.554632 0.668733 0.789134 0.918473 1.05771 1.20567 1.35981 1.51733 1.67577 1.83323 1.98832 2.14 2.28751 2.4303 2.56793 2.70012 2.82668 2.9475 3.06254 3.17183 3.27543 3.37345 3.46603 3.55333 3.63554 3.71285 3.78547 3.8536 3.91746 3.97725 4.0332 4.08551 4.13438 4.18 4.22257 4.26227 4.29927 4.33374 4.36584 4.39572 4.42352 4.44938 4.47343 4.49578 4.51656 4.53586 4.55379 4.57045 4.58591 4.60027 4.61359 4.62596 4.63743 4.64808 4.65796 4.66712 4.67562 4.6835 4.69081 4.69759 4.70387 4.7097 4.71513 4.72019 4.72489 4.72925 4.73328 4.73702 4.74049 4.7437 4.74667 4.74943 4.75199 4.75436 4.75655 4.75859 4.76047 4.76222 4.76383 4.76533 4.76672 4.76801 4.7692 4.7703 4.77133 4.77227 4.77315 4.77396 4.77472 4.77542 4.77606 4.77666 4.77753
 0 2.14933e-05 9.37432e-05 0.00142522 0.0110735 0.0494205 0.143899 0.302634 0.497581 0.681606 0.820931 0.909062 0.957447 0.981268 0.992057 0.996632 0.998453 0.999115 0.999304 0.999303 0.999226 0.99912 0.999002 0.998881 0.998761 0.998642 0.998527 0.998416 0.99831 0.998207 0.99811 0.998017 0.997929 0.997846 0.997768 0.997694 0.997624 0.997558 0.997497 0.997439 0.997385 0.997334 0.997287 0.997243 0.997201 0.997163 0.997127 0.997094 0.997062 0.997033 0.997006 0.996981 0.996958 0.996936 0.996916 0.996897 0.996879 0.996863 0.996848 0.996834 0.996821 0.996809 0.996798 0.996788 0.996778 0.996769 0.996761 0.996753 0.996746 0.996739 0.996733 0.996727 0.996722 0.996717 0.996713 0.996708 0.996704 0.996701 0.996697 0.996694 0.996691 0.996689 0.996686 0.996684 0.996682 0.99668 0.996678 0.996676 0.996674 0.996673 0.996672 0.99667 0.996669 0.996668 0.996667 0.996666 0.996665 0.996665 0.996664 0.996663 0.996662
 #wt and selex for gender,fleet: 1 7 7_WA_REC
 0.00896707 0.00903727 0.0346349 0.0874553 0.164242 0.261105 0.372366 0.492854 0.618473 0.746298 0.874726 1.00371 1.13452 1.2688 1.40769 1.55124 1.69848 1.8478 1.99739 2.14557 2.29094 2.43246 2.56936 2.70115 2.8275 2.94821 3.0632 3.17247 3.27608 3.37411 3.46671 3.55403 3.63626 3.71359 3.78623 3.85438 3.91826 3.97807 4.03404 4.08636 4.13524 4.18088 4.22346 4.26317 4.30018 4.33466 4.36677 4.39665 4.42446 4.45033 4.47439 4.49675 4.51753 4.53684 4.55478 4.57143 4.5869 4.60126 4.61459 4.62696 4.63844 4.64909 4.65897 4.66813 4.67663 4.68452 4.69183 4.69861 4.70489 4.71072 4.71615 4.72122 4.72592 4.73028 4.73432 4.73806 4.74152 4.74474 4.74772 4.75048 4.75303 4.7554 4.7576 4.75963 4.76152 4.76326 4.76488 4.76638 4.76777 4.76906 4.77025 4.77136 4.77238 4.77333 4.77421 4.77502 4.77577 4.77647 4.77712 4.77772 4.77859
 0 8.25403e-07 4.28713e-06 9.38422e-05 0.00105048 0.00667517 0.027132 0.0778524 0.17048 0.302654 0.456597 0.607842 0.736624 0.833977 0.900764 0.943164 0.968499 0.982953 0.990921 0.995209 0.997481 0.998673 0.999297 0.999624 0.999796 0.999888 0.999937 0.999964 0.999979 0.999987 0.999992 0.999995 0.999997 0.999998 0.999998 0.999999 0.999999 0.999999 0.999999 0.999999 0.999999 0.999999 0.999999 0.999999 0.999999 0.999999 0.999999 0.999999 0.999999 0.999999 0.999999 0.999999 0.999999 0.999999 0.999999 0.999999 0.999999 0.999999 0.999999 0.999999 0.999999 0.999999 0.999999 0.999999 0.999999 0.999999 0.999999 0.999999 0.999999 0.999999 0.999999 0.999999 0.999999 0.999999 0.999999 0.999999 0.999999 0.999999 0.999999 0.999999 0.999999 0.999999 0.999999 0.999999 0.999999 0.999999 0.999999 0.999999 0.999999 0.999999 0.999999 0.999999 0.999999 0.999999 0.999999 0.999999 0.999999 0.999999 0.999999 0.999999 0.999999
# Sex ratio correction
1
# M and current age-structure in year Yinit: 2011
 # gender = 1
 0.0439034 0.0439034 0.0439034 0.0439034 0.0439034 0.0439034 0.0439034 0.0439034 0.0439034 0.0439034 0.0439034 0.0439034 0.0439034 0.0439034 0.0439034 0.0439034 0.0439034 0.0439034 0.0439034 0.0439034 0.0439034 0.0439034 0.0439034 0.0439034 0.0439034 0.0439034 0.0439034 0.0439034 0.0439034 0.0439034 0.0439034 0.0439034 0.0439034 0.0439034 0.0439034 0.0439034 0.0439034 0.0439034 0.0439034 0.0439034 0.0439034 0.0439034 0.0439034 0.0439034 0.0439034 0.0439034 0.0439034 0.0439034 0.0439034 0.0439034 0.0439034 0.0439034 0.0439034 0.0439034 0.0439034 0.0439034 0.0439034 0.0439034 0.0439034 0.0439034 0.0439034 0.0439034 0.0439034 0.0439034 0.0439034 0.0439034 0.0439034 0.0439034 0.0439034 0.0439034 0.0439034 0.0439034 0.0439034 0.0439034 0.0439034 0.0439034 0.0439034 0.0439034 0.0439034 0.0439034 0.0439034 0.0439034 0.0439034 0.0439034 0.0439034 0.0439034 0.0439034 0.0439034 0.0439034 0.0439034 0.0439034 0.0439034 0.0439034 0.0439034 0.0439034 0.0439034 0.0439034 0.0439034 0.0439034 0.0439034 0.0439034
 212.414 264.863 273.578 316.773 184.837 172.269 96.6039 60.2938 86.2113 199.816 57.1739 45.6376 81.8792 50.5775 31.8904 25.3625 24.8902 47.5994 53.269 25.8943 20.1684 19.2814 17.8557 18.2287 22.139 23.7396 27.5862 34.7199 18.2536 22.8928 17.8794 13.5742 10.1671 6.66014 7.93878 7.01507 7.38054 4.54069 3.69991 4.36685 7.20683 4.1766 3.1474 2.62615 2.01588 1.69051 1.33923 1.09862 1.03467 1.0946 1.20214 1.22867 1.11687 0.971851 0.861075 0.790875 0.757052 0.75649 0.788724 0.85607 0.957109 1.07064 1.13487 1.08499 0.954324 0.82023 0.713642 0.63538 0.578798 0.536705 0.504343 0.478473 0.457279 0.439607 0.424207 0.409858 0.395593 0.38104 0.366267 0.351683 0.337749 0.324819 0.313001 0.302278 0.292367 0.28288 0.273746 0.264757 0.255755 0.246663 0.237465 0.22818 0.218877 0.209664 0.20056 0.19168 0.183093 0.174839 0.166939 0.159403 3.51063
# Age-structure at Ydeclare= 2013
 440.915 187.339 194.557 242.594 250.568 290.101 169.215 157.587 88.2764 55.0294 78.5823 181.903 51.9891 41.4601 74.3311 45.8913 28.9253 22.999 22.5674 43.1535 48.2911 23.4739 18.2831 17.479 16.1866 16.5247 20.0695 21.5207 25.0078 31.4748 16.5476 20.7532 16.2085 12.3056 9.21696 6.03775 7.19691 6.35954 6.69086 4.11639 3.35417 3.9588 6.5334 3.78632 2.8533 2.38076 1.82751 1.53254 1.21409 0.995959 0.937989 0.992321 1.08981 1.11386 1.01251 0.88104 0.780616 0.716975 0.686313 0.685804 0.715026 0.776079 0.867678 0.970605 1.02883 0.983608 0.865153 0.74359 0.646961 0.576012 0.524716 0.486557 0.457219 0.433766 0.414552 0.398531 0.38457 0.371562 0.35863 0.345437 0.332044 0.318823 0.30619 0.294469 0.283756 0.274034 0.265049 0.256449 0.248168 0.240019 0.231858 0.223616 0.215277 0.20686 0.198426 0.190074 0.18182 0.173771 0.165986 0.158503 3.47846
# Year for Tmin Age-structure (set to Ydecl by SS)
2013
#  recruitment and biomass
# Number of historical assessment years
137
# Historical data
# year recruitment spawner in B0 in R project in R/S project
1888  1889 1890 1891 1892 1893 1894 1895 1896 1897 1898 1899 1900 1901 1902 1903 1904 1905 1906 1907 1908 1909 1910 1911 1912 1913 1914 1915 1916 1917 1918 1919 1920 1921 1922 1923 1924 1925 1926 1927 1928 1929 1930 1931 1932 1933 1934 1935 1936 1937 1938 1939 1940 1941 1942 1943 1944 1945 1946 1947 1948 1949 1950 1951 1952 1953 1954 1955 1956 1957 1958 1959 1960 1961 1962 1963 1964 1965 1966 1967 1968 1969 1970 1971 1972 1973 1974 1975 1976 1977 1978 1979 1980 1981 1982 1983 1984 1985 1986 1987 1988 1989 1990 1991 1992 1993 1994 1995 1996 1997 1998 1999 2000 2001 2002 2003 2004 2005 2006 2007 2008 2009 2010 2011 2012 2013 2014 2015 2016 2017 2018 2019 2020 2021 2022 2023 2024 #years (with first value representing R0)
224.709 224.447 224.438 224.428 224.418 224.399 224.38 224.36 224.345 224.332 224.32 224.308 224.299 224.291 224.285 224.28 224.279 224.288 224.305 224.343 224.397 224.471 224.567 224.682 224.813 224.946 225.063 225.127 225.094 224.914 224.514 223.792 222.762 221.353 219.545 217.359 214.841 212.073 209.192 206.346 203.572 201.091 199.024 197.315 195.84 194.346 192.568 190.311 187.582 184.592 181.772 179.588 178.478 178.807 181.047 185.93 194.499 208.254 228.232 253.225 274.537 273.806 246.272 209.863 178.902 157.082 143.57 136.9 136.25 141.288 151.832 166.072 173.802 161.678 139.858 125.472 126.284 145.632 173.527 194.755 237.917 266.07 327.475 520.077 287.371 219.694 240.56 344.957 286.737 282.887 206.279 272.537 313.451 353.816 386.063 260.475 415.336 273.158 193.088 148.598 101.972 83.6114 75.7194 66.7478 73.6352 134.544 109.763 53.3709 51.1514 60.8952 91.7458 141.248 74.9486 89.4704 298.2 122.823 82.0895 125.783 214.598 220.335 361.376 298.687 276.751 212.414 195.747 440.915 211.882 283.402 200.385 99.655 96.2652 102.629 101.946 136.321 152.049 156.615 182.094  #recruits; first value is R0 (virgin)
1136.95  1136.95 1136.94 1136.93 1136.9 1136.44 1135.98 1135.51 1135.36 1135.28 1135.2 1135.11 1135.01 1134.89 1134.75 1134.59 1134.41 1134.19 1133.97 1133.73 1133.46 1133.07 1132.76 1132.44 1132.11 1131.75 1131.38 1130.99 1130.51 1130.1 1129.51 1126.86 1125.78 1124.81 1123.9 1123.27 1122.56 1121.32 1119.72 1117.33 1114.21 1111.19 1108.63 1105.73 1103.86 1102.16 1100.43 1098.16 1095.86 1092.55 1089.46 1086.02 1083.16 1079.07 1073.42 1067.33 1056.68 1045.33 1028.74 1013.27 1005.31 996.293 988.925 980.8 971.046 962.372 955.521 947.583 940.092 932.685 924.357 916.894 910.764 906.048 903.375 900.116 898.417 897.923 887.621 884.14 878.717 872.806 857.682 847.124 833.373 816.439 798.124 778.069 758.403 736.032 714.121 679.925 644.355 617.669 585.118 529.001 482.065 455.086 419.407 391.515 366.039 344.8 318.089 300.122 270.165 242.415 215.075 200.979 186.608 170.301 150.837 144.497 133.546 134.185 134.134 139.068 144.172 149.489 154.794 160.401 165.537 171.035 176.509 182.702 189.207 196.033 203.733 212.359 221.459 231.781 242.321 254.435 267.784 283.404 300.539 317.928 335.935 #spbio; first value is SSB_virgin (virgin)
1 0 0 0 0 0 0 0 0 0 0 0 0 0 0 0 0 0 0 0 0 0 0 0 0 0 0 0 0 0 0 0 0 0 0 0 0 0 0 0 0 0 0 0 0 0 0 0 0 0 0 0 0 0 0 0 0 0 0 0 0 0 0 0 0 0 0 0 0 0 0 0 0 0 0 0 0 0 0 0 0 0 0 0 0 0 0 0 0 0 0 0 0 0 0 0 0 0 0 0 0 0 0 0 0 0 0 0 0 0 0 0 0 0 0 0 0 0 0 0 0 0 0 0 0 0 0 0 0 0 0 0 0 0 0 0 0  # in Bzero
0 1 1 1 1 1 1 1 1 1 1 1 1 1 1 1 1 1 1 1 1 1 1 1 1 1 1 1 1 1 1 1 1 1 1 1 1 1 1 1 1 1 1 1 1 1 1 1 1 1 1 1 1 1 1 1 1 1 1 1 1 1 1 1 1 1 1 1 1 1 1 1 1 1 1 1 1 1 1 1 1 1 1 1 1 1 1 1 1 1 1 1 1 1 1 1 1 1 1 1 1 1 1 1 1 1 1 1 1 1 1 1 1 1 1 1 1 1 1 1 1 1 1 1 1 1 1 1 1 1 1 1 1 1  0 0 0 # in R project
0 1 1 1 1 1 1 1 1 1 1 1 1 1 1 1 1 1 1 1 1 1 1 1 1 1 1 1 1 1 1 1 1 1 1 1 1 1 1 1 1 1 1 1 1 1 1 1 1 1 1 1 1 1 1 1 1 1 1 1 1 1 1 1 1 1 1 1 1 1 1 1 1 1 1 1 1 1 1 1 1 1 1 1 1 1 1 1 1 1 1 1 1 1 1 1 1 1 1 1 1 1 1 1 1 1 1 1 1 1 1 1 1 1 1 1 1 1 1 1 1 1 1 1 1 1 1 1 1 1 1 1 1 1  0 0 0 # in R/S project
# Number of years with pre-specified catches
0
# catches for years with pre-specified catches go next
# Number of future recruitments to override
-2
# Process for overiding (-1 for average otherwise index in data list)
# Which probability to product detailed results for (1=0.5; 2=0.6; etc.)
3
# Steepness sigma-R Auto-correlation
0.718 0.5 0
# Target SPR rate (FMSY Proxy); manually change to SPR_MSY if not using SPR_target
0.5
# Discount rate (for cumulative catch)
0.1
# Truncate the series when 0.4B0 is reached (1=Yes)
0
# Set F to FMSY once 0.4B0 is reached (1=Yes)
0
# Maximum possible F for projection (-1 to set to FMSY)
-1
# Defintion of recovery (1=now only;2=now or before)
2
# Projection type
4
# Definition of the 40-10 rule
10 40
# Sigma Assessment Error (Base, Year1, Slope, MaxSigma)
1.0 2025 0.075 2.0
# Pstar
0.45
# Constrain catches by the ABC (1=yes, 2=no)
2
# Implementation Error (0=no; 1=lognormal; 2=uniform)
0
#Parameters of Implementaion Error
1 0.3
# Calculate coefficients of variation (1=Yes)
0
# Number of replicates to use
10
# Random number seed
-99004
# File with multiple parameter vectors 
rebuild.SSO
# User-specific projection (1=Yes); Output replaced (1->9)
0  5
# Catches and Fs (Year; 1/2/3 (F or C or SPR); value); Final row is -1
2024 1 1
-1 -1 -1
# Fixed catch project (1=Yes); Output replaced (1->9); Approach (-1=Read in else 1-9)
0 2 -1
# (48a) Special catch options (1-Yes) [CUT_OFF, Emsy, distribution, MAXCAT, Add, replace_code]
0 0.18 1.00 1.00 0 6
# (48b) B1Target
150000
# Split of Fs
2011  0.0188737
 0
 0.444042
 0.0219082
 0.172155
 0.181041
 0.16198
-1  1 1 1 1 1 1 1 1 1 1 1 1
# Yrs to define T_target for projection type 4 (a.k.a. 5 pre-specified inputs)
2030 2031 2032 2033 2034 
# Year for probability of recovery
2034 2035 2036 2037 2038 2039 2040 2041
# Time varying weight-at-age (1=Yes;0=No)
0
# File with time series of weight-at-age data
none
# Use bisection (0) or linear interpolation (1)
1
# Target Depletion
0.4
# CV of implementation error
0
