#Title, #runnumber: 1 yelloweye_data.ss yelloweye_control.ss 5031.74 1127.41 450.174 StartTime: Thu Apr 24 14:41:14 2025
SSv3_default_rebuild.dat
# Number of sexes
1
# Age range to consider (minimum age; maximum age)
0 100
# Number of fleets
7
# First year of projection (Yinit)
2011
# First Year of rebuilding period (Ydecl)
2013
# Number of simulations
1000
# Maximum number of years
500
# Conduct projections with multiple starting values (0=No;else yes)
0
# Number of parameter vectors
1000
# Is the maximum age a plus-group (1=Yes;2=No)
1
# Generate future recruitments using historical recruitments (1)  historical recruits/spawner (2)  or a stock-recruitment (3)
3
# Constant fishing mortality (1) or constant Catch (2) projections
1
# Fishing mortality based on SPR (1) or actual rate (2)
1
# Pre-specify the year of recovery (or -1) to ignore
-1
# Fecundity-at-age
# 0 1 2 3 4 5 6 7 8 9 10 11 12 13 14 15 16 17 18 19 20 21 22 23 24 25 26 27 28 29 30 31 32 33 34 35 36 37 38 39 40 41 42 43 44 45 46 47 48 49 50 51 52 53 54 55 56 57 58 59 60 61 62 63 64 65 66 67 68 69 70 71 72 73 74 75 76 77 78 79 80 81 82 83 84 85 86 87 88 89 90 91 92 93 94 95 96 97 98 99 100 #runnumber: 1 yelloweye_data.ss yelloweye_control.ss 5031.74 1127.41 450.174
 0 0 3.16418e-08 4.26665e-07 4.03218e-06 2.89982e-05 0.000164382 0.000737191 0.00260789 0.00736966 0.0171101 0.0337498 0.0583795 0.0909753 0.130542 0.175498 0.224085 0.274675 0.325931 0.37686 0.42678 0.475267 0.522082 0.567112 0.610326 0.651734 0.691373 0.72929 0.765534 0.800157 0.833206 0.864727 0.894767 0.923369 0.950579 0.97644 1.001 1.02429 1.04638 1.06729 1.08709 1.10581 1.12349 1.14019 1.15595 1.17082 1.18482 1.19802 1.21044 1.22213 1.23313 1.24346 1.25318 1.26231 1.27088 1.27893 1.28648 1.29357 1.30022 1.30645 1.3123 1.31778 1.32291 1.32772 1.33223 1.33645 1.3404 1.34411 1.34757 1.35082 1.35385 1.35678 1.35951 1.36207 1.36446 1.3667 1.3688 1.37076 1.37259 1.37431 1.37591 1.37741 1.37882 1.38013 1.38135 1.3825 1.38357 1.38458 1.38551 1.38639 1.38721 1.38797 1.38869 1.38936 1.38999 1.39057 1.39112 1.39163 1.3921 1.39255 1.39324 #female fecundity; weighted by N in year Y_init across morphs and areas
# Age specific selectivity and weight adjusted for discard and discard mortality
 #wt and selex for gender,fleet: 1 1 1_CA_TWL
 0.00901097 0.0222781 0.0619525 0.121504 0.20031 0.295189 0.40244 0.518673 0.641077 0.767458 0.896214 1.0263 1.15719 1.28869 1.42086 1.55379 1.68749 1.8218 1.95639 2.09079 2.22438 2.35652 2.48656 2.6139 2.73801 2.85846 2.97492 3.08713 3.19493 3.29823 3.397 3.49123 3.58099 3.66635 3.74742 3.82431 3.89716 3.9661 4.0313 4.09289 4.15103 4.20588 4.25759 4.3063 4.35217 4.39533 4.43594 4.47411 4.50999 4.5437 4.57535 4.60507 4.63296 4.65912 4.68366 4.70668 4.72825 4.74847 4.76743 4.78518 4.80181 4.81739 4.83198 4.84564 4.85843 4.8704 4.88161 4.89209 4.9019 4.91109 4.91976 4.92797 4.93565 4.94283 4.94955 4.95583 4.9617 4.9672 4.97233 4.97714 4.98163 4.98583 4.98976 4.99343 4.99686 5.00007 5.00307 5.00587 5.00849 5.01094 5.01323 5.01537 5.01738 5.01925 5.02099 5.02263 5.02415 5.02558 5.02692 5.02816 5.03008
 0 0.000810302 0.00301601 0.00976289 0.0253982 0.0549497 0.102249 0.168334 0.250921 0.345009 0.444172 0.541958 0.632987 0.71357 0.781828 0.837455 0.881277 0.914794 0.939777 0.957988 0.971012 0.980176 0.986537 0.990903 0.993873 0.99588 0.997229 0.998134 0.99874 0.999145 0.999417 0.999599 0.999723 0.999806 0.999863 0.999903 0.99993 0.999949 0.999962 0.999971 0.999978 0.999983 0.999986 0.999989 0.999991 0.999992 0.999993 0.999994 0.999995 0.999995 0.999995 0.999996 0.999996 0.999996 0.999996 0.999996 0.999996 0.999996 0.999997 0.999997 0.999997 0.999997 0.999997 0.999997 0.999997 0.999997 0.999997 0.999997 0.999997 0.999997 0.999997 0.999997 0.999997 0.999997 0.999997 0.999997 0.999997 0.999997 0.999997 0.999997 0.999997 0.999997 0.999997 0.999997 0.999997 0.999997 0.999997 0.999997 0.999997 0.999997 0.999997 0.999997 0.999997 0.999997 0.999997 0.999997 0.999997 0.999997 0.999997 0.999997 0.999997
 #wt and selex for gender,fleet: 1 3 3_CA_REC
 0.00901085 0.0209027 0.0564505 0.110559 0.18257 0.269953 0.369629 0.478677 0.594602 0.715463 0.839934 0.967297 1.0973 1.2299 1.36507 1.5026 1.64201 1.78263 1.92362 2.06409 2.20315 2.34 2.47393 2.6044 2.73096 2.85328 2.97114 3.0844 3.19296 3.29681 3.39597 3.4905 3.58046 3.66597 3.74714 3.8241 3.897 3.96599 4.03121 4.09282 4.15098 4.20584 4.25756 4.30628 4.35215 4.39532 4.43593 4.47411 4.50999 4.54369 4.57535 4.60506 4.63295 4.65912 4.68366 4.70668 4.72825 4.74847 4.76743 4.78518 4.80181 4.81739 4.83198 4.84564 4.85843 4.8704 4.88161 4.89209 4.9019 4.91109 4.91977 4.92797 4.93565 4.94283 4.94955 4.95583 4.9617 4.9672 4.97234 4.97714 4.98163 4.98583 4.98976 4.99343 4.99686 5.00007 5.00307 5.00587 5.00849 5.01094 5.01323 5.01538 5.01738 5.01925 5.02099 5.02263 5.02416 5.02558 5.02692 5.02816 5.03008
 0 0.00572709 0.0157105 0.0384688 0.0793797 0.141719 0.224728 0.323586 0.430797 0.538126 0.638327 0.726273 0.799343 0.85717 0.901008 0.93301 0.955613 0.971125 0.98151 0.988316 0.992696 0.995473 0.997211 0.998289 0.998953 0.999359 0.999607 0.999758 0.999851 0.999907 0.999942 0.999963 0.999976 0.999985 0.99999 0.999993 0.999995 0.999997 0.999998 0.999998 0.999999 0.999999 0.999999 0.999999 0.999999 0.999999 0.999999 0.999999 0.999999 0.999999 0.999999 0.999999 0.999999 0.999999 0.999999 0.999999 0.999999 0.999999 0.999999 0.999999 0.999999 0.999999 0.999999 0.999999 0.999999 0.999999 0.999999 0.999999 0.999999 0.999999 0.999999 0.999999 0.999999 0.999999 0.999999 0.999999 0.999999 0.999999 0.999999 0.999999 0.999999 0.999999 0.999999 0.999999 0.999999 0.999999 0.999999 0.999999 0.999999 0.999999 0.999999 0.999999 0.999999 0.999999 0.999999 0.999999 0.999999 0.999999 0.999999 0.999999 0.999999
 #wt and selex for gender,fleet: 1 4 4_ORWA_TWL
 0.00901074 0.0196046 0.0510895 0.100766 0.168517 0.252783 0.351254 0.46143 0.580912 0.707546 0.839467 0.975112 1.11322 1.25281 1.39316 1.53372 1.67405 1.81378 1.95252 2.08988 2.22542 2.3587 2.48929 2.61677 2.74076 2.86095 2.97708 3.08896 3.19645 3.29947 3.398 3.49203 3.58163 3.66686 3.74782 3.82463 3.89741 3.96631 4.03146 4.09302 4.15114 4.20597 4.25766 4.30636 4.35222 4.39538 4.43597 4.47414 4.51002 4.54372 4.57537 4.60508 4.63297 4.65913 4.68367 4.70669 4.72826 4.74848 4.76743 4.78519 4.80182 4.8174 4.83199 4.84565 4.85843 4.8704 4.88161 4.89209 4.90191 4.91109 4.91977 4.92797 4.93565 4.94283 4.94955 4.95583 4.96171 4.9672 4.97234 4.97714 4.98163 4.98583 4.98976 4.99343 4.99686 5.00007 5.00307 5.00587 5.0085 5.01095 5.01324 5.01538 5.01738 5.01925 5.021 5.02263 5.02416 5.02558 5.02692 5.02816 5.03008
 0 0.0158928 0.0322258 0.0602747 0.101607 0.15659 0.223814 0.300387 0.382556 0.466356 0.548144 0.62494 0.694596 0.755823 0.808116 0.851616 0.88694 0.915002 0.936858 0.953582 0.966179 0.975539 0.982413 0.98741 0.991014 0.993597 0.995438 0.996747 0.997675 0.998333 0.998799 0.999131 0.999367 0.999535 0.999657 0.999744 0.999807 0.999854 0.999888 0.999913 0.999932 0.999946 0.999956 0.999965 0.999971 0.999976 0.999979 0.999982 0.999985 0.999987 0.999988 0.999989 0.99999 0.999991 0.999992 0.999992 0.999993 0.999993 0.999993 0.999994 0.999994 0.999994 0.999994 0.999994 0.999994 0.999995 0.999995 0.999995 0.999995 0.999995 0.999995 0.999995 0.999995 0.999995 0.999995 0.999995 0.999995 0.999995 0.999995 0.999995 0.999995 0.999995 0.999995 0.999995 0.999995 0.999995 0.999995 0.999995 0.999995 0.999995 0.999995 0.999995 0.999995 0.999995 0.999995 0.999995 0.999995 0.999995 0.999995 0.999995 0.999995
 #wt and selex for gender,fleet: 1 5 5_ORWA_NONTWL
 0.00901088 0.0212393 0.0582087 0.115031 0.191503 0.285181 0.392851 0.511318 0.637741 0.769736 0.905372 1.04312 1.18182 1.32061 1.45889 1.5963 1.73258 1.86758 2.00114 2.1331 2.26325 2.39133 2.51706 2.64012 2.76018 2.87696 2.99018 3.0996 3.20506 3.30641 3.40358 3.49652 3.58524 3.66977 3.75017 3.82653 3.89895 3.96757 4.03249 4.09387 4.15184 4.20656 4.25815 4.30678 4.35257 4.39568 4.43624 4.47437 4.51022 4.54389 4.57552 4.60522 4.63309 4.65924 4.68377 4.70678 4.72834 4.74856 4.7675 4.78525 4.80188 4.81746 4.83204 4.8457 4.85848 4.87045 4.88165 4.89214 4.90195 4.91113 4.91981 4.92801 4.93569 4.94287 4.94958 4.95586 4.96174 4.96723 4.97237 4.97717 4.98167 4.98586 4.98979 4.99346 4.99689 5.0001 5.0031 5.00591 5.00853 5.01098 5.01327 5.01541 5.01741 5.01928 5.02103 5.02266 5.02419 5.02561 5.02695 5.02819 5.03011
 0 0.00129224 0.00386111 0.0104572 0.0239616 0.0475296 0.083599 0.13312 0.195264 0.267628 0.346768 0.428831 0.51012 0.5875 0.658624 0.722002 0.776939 0.823404 0.861854 0.893062 0.917967 0.937547 0.952746 0.964416 0.973296 0.980002 0.985038 0.988802 0.991609 0.993697 0.99525 0.996405 0.997266 0.99791 0.998392 0.998754 0.999028 0.999236 0.999395 0.999517 0.999612 0.999685 0.999742 0.999787 0.999823 0.999852 0.999875 0.999893 0.999908 0.999921 0.999931 0.999939 0.999947 0.999952 0.999957 0.999962 0.999965 0.999968 0.999971 0.999973 0.999975 0.999977 0.999979 0.99998 0.999981 0.999982 0.999983 0.999984 0.999985 0.999985 0.999986 0.999986 0.999987 0.999987 0.999987 0.999987 0.999988 0.999988 0.999988 0.999988 0.999988 0.999988 0.999989 0.999989 0.999989 0.999989 0.999989 0.999989 0.999989 0.999989 0.999989 0.999989 0.999989 0.999989 0.999989 0.99999 0.99999 0.99999 0.99999 0.99999 0.99999
 #wt and selex for gender,fleet: 1 6 6_OR_REC
 0.00901171 0.0298454 0.0818518 0.151986 0.236463 0.329151 0.42554 0.523285 0.622304 0.724191 0.831131 0.944943 1.06654 1.19579 1.33168 1.47263 1.61684 1.76256 1.90827 2.05272 2.19492 2.33412 2.46975 2.6014 2.72876 2.8516 2.9698 3.08326 3.19195 3.29588 3.39507 3.48961 3.57958 3.66508 3.74624 3.82319 3.89608 3.96505 4.03026 4.09186 4.15001 4.20486 4.25656 4.30527 4.35113 4.3943 4.43489 4.47307 4.50894 4.54264 4.57429 4.604 4.63188 4.65804 4.68258 4.70559 4.72716 4.74738 4.76633 4.78409 4.80072 4.81629 4.83088 4.84454 4.85732 4.86929 4.8805 4.89098 4.90079 4.90997 4.91865 4.92685 4.93452 4.9417 4.94841 4.95469 4.96056 4.96606 4.97119 4.97599 4.98048 4.98468 4.98861 4.99228 4.99571 4.99891 5.00191 5.00471 5.00733 5.00978 5.01207 5.01421 5.01621 5.01808 5.01983 5.02146 5.02299 5.02441 5.02575 5.02699 5.02891
 0 6.19826e-05 0.000824733 0.00632227 0.0283892 0.0848358 0.186777 0.327221 0.483664 0.631067 0.752789 0.84336 0.90539 0.945123 0.969216 0.983169 0.990934 0.995099 0.997251 0.998312 0.998796 0.998981 0.999015 0.998974 0.998896 0.998801 0.998698 0.998594 0.99849 0.998389 0.99829 0.998194 0.998103 0.998015 0.99793 0.99785 0.997773 0.9977 0.997631 0.997565 0.997503 0.997444 0.997388 0.997336 0.997286 0.997239 0.997195 0.997153 0.997114 0.997077 0.997042 0.99701 0.996979 0.99695 0.996923 0.996898 0.996874 0.996852 0.996831 0.996811 0.996793 0.996776 0.996759 0.996744 0.99673 0.996717 0.996704 0.996693 0.996682 0.996672 0.996662 0.996653 0.996644 0.996636 0.996629 0.996622 0.996615 0.996609 0.996603 0.996598 0.996593 0.996588 0.996584 0.99658 0.996576 0.996572 0.996569 0.996566 0.996563 0.99656 0.996558 0.996555 0.996553 0.996551 0.996549 0.996547 0.996545 0.996544 0.996542 0.996541 0.996539
 #wt and selex for gender,fleet: 1 7 7_WA_REC
 0.00901178 0.0307666 0.0862074 0.16385 0.260316 0.368907 0.484036 0.601751 0.7196 0.836442 0.952252 1.06781 1.18428 1.30287 1.42448 1.54958 1.67815 1.80969 1.94338 2.07818 2.21299 2.34674 2.47848 2.60743 2.73296 2.85459 2.97199 3.08495 3.19332 3.29705 3.39613 3.49059 3.58052 3.66601 3.74717 3.82412 3.89702 3.966 4.03122 4.09283 4.15099 4.20585 4.25756 4.30628 4.35215 4.39532 4.43593 4.47411 4.50999 4.54369 4.57535 4.60506 4.63295 4.65912 4.68366 4.70668 4.72825 4.74847 4.76743 4.78518 4.80181 4.81739 4.83198 4.84564 4.85843 4.8704 4.88161 4.89209 4.9019 4.91109 4.91977 4.92797 4.93565 4.94283 4.94955 4.95583 4.9617 4.9672 4.97234 4.97714 4.98163 4.98583 4.98976 4.99343 4.99686 5.00007 5.00307 5.00587 5.00849 5.01094 5.01323 5.01538 5.01738 5.01925 5.02099 5.02263 5.02416 5.02558 5.02692 5.02816 5.03008
 0 4.42852e-06 7.14025e-05 0.000693904 0.00402837 0.015581 0.0440113 0.0975601 0.179294 0.284835 0.403931 0.524354 0.635623 0.731056 0.807992 0.866886 0.91005 0.940547 0.961437 0.975379 0.984482 0.990319 0.994007 0.99631 0.997735 0.998611 0.999148 0.999476 0.999676 0.999798 0.999874 0.99992 0.999949 0.999967 0.999978 0.999986 0.99999 0.999993 0.999995 0.999997 0.999997 0.999998 0.999998 0.999999 0.999999 0.999999 0.999999 0.999999 0.999999 0.999999 0.999999 0.999999 0.999999 0.999999 0.999999 0.999999 0.999999 0.999999 0.999999 0.999999 0.999999 0.999999 0.999999 0.999999 0.999999 0.999999 0.999999 0.999999 0.999999 0.999999 0.999999 0.999999 0.999999 0.999999 0.999999 0.999999 0.999999 0.999999 0.999999 0.999999 0.999999 0.999999 0.999999 0.999999 0.999999 0.999999 0.999999 0.999999 0.999999 0.999999 0.999999 0.999999 0.999999 0.999999 0.999999 0.999999 0.999999 0.999999 0.999999 0.999999 0.999999
# Sex ratio correction
1
# M and current age-structure in year Yinit: 2011
 # gender = 1
 0.0439034 0.0439034 0.0439034 0.0439034 0.0439034 0.0439034 0.0439034 0.0439034 0.0439034 0.0439034 0.0439034 0.0439034 0.0439034 0.0439034 0.0439034 0.0439034 0.0439034 0.0439034 0.0439034 0.0439034 0.0439034 0.0439034 0.0439034 0.0439034 0.0439034 0.0439034 0.0439034 0.0439034 0.0439034 0.0439034 0.0439034 0.0439034 0.0439034 0.0439034 0.0439034 0.0439034 0.0439034 0.0439034 0.0439034 0.0439034 0.0439034 0.0439034 0.0439034 0.0439034 0.0439034 0.0439034 0.0439034 0.0439034 0.0439034 0.0439034 0.0439034 0.0439034 0.0439034 0.0439034 0.0439034 0.0439034 0.0439034 0.0439034 0.0439034 0.0439034 0.0439034 0.0439034 0.0439034 0.0439034 0.0439034 0.0439034 0.0439034 0.0439034 0.0439034 0.0439034 0.0439034 0.0439034 0.0439034 0.0439034 0.0439034 0.0439034 0.0439034 0.0439034 0.0439034 0.0439034 0.0439034 0.0439034 0.0439034 0.0439034 0.0439034 0.0439034 0.0439034 0.0439034 0.0439034 0.0439034 0.0439034 0.0439034 0.0439034 0.0439034 0.0439034 0.0439034 0.0439034 0.0439034 0.0439034 0.0439034 0.0439034
 212.416 237.194 216.885 308.405 200.256 136.641 99.1859 77.3925 153.827 355.115 82.3086 59.323 109.149 71.1244 37.6377 31.8038 34.0363 82.411 86.7009 32.8667 25.7442 26.9151 28.788 29.5729 31.1813 33.0122 41.9108 43.702 28.6425 35.6855 24.1071 16.8899 11.9784 9.52469 11.0745 11.6288 10.2283 5.77296 5.43197 6.89928 9.81205 5.67582 4.47437 3.56608 2.76413 2.25626 1.76521 1.46031 1.3871 1.47344 1.61755 1.65371 1.51319 1.32346 1.17005 1.06664 1.01233 1.00513 1.04476 1.13372 1.26964 1.42435 1.5135 1.44482 1.26483 1.08189 0.937753 0.83272 0.757393 0.701953 0.659886 0.626903 0.600387 0.578426 0.55913 0.540844 0.522275 0.502924 0.482947 0.46301 0.443868 0.426123 0.409986 0.395452 0.382246 0.369927 0.357881 0.346081 0.334284 0.322375 0.310317 0.29813 0.285895 0.273754 0.261731 0.249985 0.23861 0.227665 0.217179 0.207173 4.46995
# Age-structure at Ydeclare= 2013
 124.523 111.982 194.559 217.249 198.639 282.43 183.351 125.06 90.7314 70.7487 140.518 324.155 75.0823 54.0833 99.4619 64.7878 34.2749 28.9564 30.9846 75.0144 78.9139 29.9134 23.4302 24.4953 26.1994 26.9133 28.3768 30.0426 38.1402 39.7697 26.0649 32.4735 21.9369 15.3691 10.8997 8.66685 10.077 10.5811 9.30677 5.25277 4.94245 6.27746 8.92761 5.16417 4.07099 3.24455 2.51489 2.05281 1.60602 1.32862 1.262 1.34055 1.47166 1.50455 1.3767 1.20409 1.06451 0.970424 0.921018 0.914466 0.950524 1.03146 1.15511 1.29586 1.37697 1.31449 1.15074 0.984295 0.853163 0.757605 0.689072 0.638633 0.600361 0.570353 0.546229 0.526248 0.508694 0.492056 0.475163 0.457558 0.439383 0.421244 0.403829 0.387685 0.373003 0.35978 0.347765 0.336558 0.325598 0.314862 0.30413 0.293295 0.282325 0.271238 0.260106 0.24906 0.238122 0.227435 0.217087 0.207129 4.45282
# Year for Tmin Age-structure (set to Ydecl by SS)
2013
#  recruitment and biomass
# Number of historical assessment years
137
# Historical data
# year recruitment spawner in B0 in R project in R/S project
1888  1889 1890 1891 1892 1893 1894 1895 1896 1897 1898 1899 1900 1901 1902 1903 1904 1905 1906 1907 1908 1909 1910 1911 1912 1913 1914 1915 1916 1917 1918 1919 1920 1921 1922 1923 1924 1925 1926 1927 1928 1929 1930 1931 1932 1933 1934 1935 1936 1937 1938 1939 1940 1941 1942 1943 1944 1945 1946 1947 1948 1949 1950 1951 1952 1953 1954 1955 1956 1957 1958 1959 1960 1961 1962 1963 1964 1965 1966 1967 1968 1969 1970 1971 1972 1973 1974 1975 1976 1977 1978 1979 1980 1981 1982 1983 1984 1985 1986 1987 1988 1989 1990 1991 1992 1993 1994 1995 1996 1997 1998 1999 2000 2001 2002 2003 2004 2005 2006 2007 2008 2009 2010 2011 2012 2013 2014 2015 2016 2017 2018 2019 2020 2021 2022 2023 2024 #years (with first value representing R0)
222.545 225.839 225.956 226.077 226.203 226.325 226.451 226.583 226.725 226.874 227.029 227.19 227.358 227.533 227.714 227.899 228.093 228.299 228.514 228.754 229.01 229.282 229.568 229.861 230.163 230.454 230.712 230.893 230.953 230.836 230.461 229.717 228.617 227.087 225.115 222.726 219.981 216.979 213.874 210.677 207.705 205.132 203.016 201.278 199.759 198.164 196.2 193.67 190.607 187.272 184.135 181.688 180.392 180.61 182.798 187.711 196.457 210.626 231.37 257.548 280.097 279.318 250.205 212.255 180.349 158.115 144.688 138.571 138.789 144.655 155.374 168.56 174.611 161.678 139.178 123.559 122.34 138.61 165.419 188.324 224.574 258.877 299.763 469.748 297.278 209.158 197.264 308.064 306.666 254.025 188.763 203.758 245.076 296.823 371.378 251.483 323.887 263.012 176.546 143.344 118.124 101.115 84.217 72.6816 84.7832 206.743 183.491 71.3112 63.0657 70.8988 127.582 186.696 96.8441 128.311 528.897 218.981 105.348 129.145 170.221 238.72 351.831 236.791 247.839 212.416 117.007 124.523 126.703 144.997 150.052 169.746 173.606 177.516 181.383 185.313 189.185 191.045 192.426  #recruits; first value is R0 (virgin)
1127.41  1127.41 1127.4 1127.39 1127.36 1126.9 1126.44 1125.98 1125.82 1125.75 1125.67 1125.61 1125.55 1125.49 1125.45 1125.43 1125.42 1125.43 1125.48 1125.54 1125.63 1125.61 1125.73 1125.86 1126.01 1126.17 1126.33 1126.51 1126.62 1126.82 1126.86 1124.86 1124.45 1124.18 1123.98 1124.07 1124.11 1123.6 1122.76 1121.12 1118.77 1116.52 1114.74 1112.62 1111.51 1110.55 1109.58 1108.05 1106.47 1103.87 1101.49 1098.74 1096.55 1093.14 1088.12 1082.67 1072.61 1061.76 1045.55 1030.53 1023.2 1015.02 1008.44 1000.98 991.862 983.894 977.663 970.364 963.454 956.571 948.632 941.485 935.469 930.626 927.611 923.877 921.768 920.876 910.193 906.722 901.454 895.738 881.27 871.558 858.456 841.963 824.389 804.775 785.297 762.973 740.916 706.158 669.768 642.073 606.849 551.222 522.198 500.351 473.452 451.506 424.464 400.851 371.683 351.443 316.127 284.662 254.751 238.963 223.56 206.816 187.311 181.453 171.829 174.968 177.192 184.821 192.62 200.842 209.114 217.828 226.05 234.781 243.524 253.061 263.329 274.294 286.487 299.649 313.439 328.149 342.544 357.766 373.112 389.477 405.813 420.689 434.501 #spbio; first value is SSB_virgin (virgin)
1 0 0 0 0 0 0 0 0 0 0 0 0 0 0 0 0 0 0 0 0 0 0 0 0 0 0 0 0 0 0 0 0 0 0 0 0 0 0 0 0 0 0 0 0 0 0 0 0 0 0 0 0 0 0 0 0 0 0 0 0 0 0 0 0 0 0 0 0 0 0 0 0 0 0 0 0 0 0 0 0 0 0 0 0 0 0 0 0 0 0 0 0 0 0 0 0 0 0 0 0 0 0 0 0 0 0 0 0 0 0 0 0 0 0 0 0 0 0 0 0 0 0 0 0 0 0 0 0 0 0 0 0 0 0 0 0  # in Bzero
0 1 1 1 1 1 1 1 1 1 1 1 1 1 1 1 1 1 1 1 1 1 1 1 1 1 1 1 1 1 1 1 1 1 1 1 1 1 1 1 1 1 1 1 1 1 1 1 1 1 1 1 1 1 1 1 1 1 1 1 1 1 1 1 1 1 1 1 1 1 1 1 1 1 1 1 1 1 1 1 1 1 1 1 1 1 1 1 1 1 1 1 1 1 1 1 1 1 1 1 1 1 1 1 1 1 1 1 1 1 1 1 1 1 1 1 1 1 1 1 1 1 1 1 1 1 1 1 1 1 1 1 1 1  0 0 0 # in R project
0 1 1 1 1 1 1 1 1 1 1 1 1 1 1 1 1 1 1 1 1 1 1 1 1 1 1 1 1 1 1 1 1 1 1 1 1 1 1 1 1 1 1 1 1 1 1 1 1 1 1 1 1 1 1 1 1 1 1 1 1 1 1 1 1 1 1 1 1 1 1 1 1 1 1 1 1 1 1 1 1 1 1 1 1 1 1 1 1 1 1 1 1 1 1 1 1 1 1 1 1 1 1 1 1 1 1 1 1 1 1 1 1 1 1 1 1 1 1 1 1 1 1 1 1 1 1 1 1 1 1 1 1 1  0 0 0 # in R/S project
# Number of years with pre-specified catches
0
# catches for years with pre-specified catches go next
# Number of future recruitments to override
-2
# Process for overiding (-1 for average otherwise index in data list)
# Which probability to product detailed results for (1=0.5; 2=0.6; etc.)
3
# Steepness sigma-R Auto-correlation
0.718 0.5 0
# Target SPR rate (FMSY Proxy); manually change to SPR_MSY if not using SPR_target
0.5
# Discount rate (for cumulative catch)
0.1
# Truncate the series when 0.4B0 is reached (1=Yes)
0
# Set F to FMSY once 0.4B0 is reached (1=Yes)
0
# Maximum possible F for projection (-1 to set to FMSY)
-1
# Defintion of recovery (1=now only;2=now or before)
2
# Projection type
4
# Definition of the 40-10 rule
10 40
# Sigma Assessment Error (Base, Year1, Slope, MaxSigma)
1.0 2025 0.075 2.0
# Pstar
0.45
# Constrain catches by the ABC (1=yes, 2=no)
2
# Implementation Error (0=no; 1=lognormal; 2=uniform)
0
#Parameters of Implementaion Error
1 0.3
# Calculate coefficients of variation (1=Yes)
0
# Number of replicates to use
10
# Random number seed
-99004
# File with multiple parameter vectors 
rebuild.SSO
# User-specific projection (1=Yes); Output replaced (1->9)
0  5
# Catches and Fs (Year; 1/2/3 (F or C or SPR); value); Final row is -1
2024 1 1
-1 -1 -1
# Fixed catch project (1=Yes); Output replaced (1->9); Approach (-1=Read in else 1-9)
0 2 -1
# (48a) Special catch options (1-Yes) [CUT_OFF, Emsy, distribution, MAXCAT, Add, replace_code]
0 0.18 1.00 1.00 0 6
# (48b) B1Target
150000
# Split of Fs
2011  0.0172592
 0
 0.404699
 0.0236341
 0.174138
 0.189485
 0.190784
-1  1 1 1 1 1 1 1 1 1 1 1 1
# Yrs to define T_target for projection type 4 (a.k.a. 5 pre-specified inputs)
2030 2031 2032 2033 2034 
# Year for probability of recovery
2034 2035 2036 2037 2038 2039 2040 2041
# Time varying weight-at-age (1=Yes;0=No)
0
# File with time series of weight-at-age data
none
# Use bisection (0) or linear interpolation (1)
1
# Target Depletion
0.4
# CV of implementation error
0
