#Title, #runnumber: 1 yelloweye_data.ss yelloweye_control.ss 6811.93 1076.28 319.7 StartTime: Thu Apr 24 15:44:54 2025
SSv3_default_rebuild.dat
# Number of sexes
1
# Age range to consider (minimum age; maximum age)
0 100
# Number of fleets
7
# First year of projection (Yinit)
2011
# First Year of rebuilding period (Ydecl)
2013
# Number of simulations
1000
# Maximum number of years
500
# Conduct projections with multiple starting values (0=No;else yes)
0
# Number of parameter vectors
1000
# Is the maximum age a plus-group (1=Yes;2=No)
1
# Generate future recruitments using historical recruitments (1)  historical recruits/spawner (2)  or a stock-recruitment (3)
3
# Constant fishing mortality (1) or constant Catch (2) projections
1
# Fishing mortality based on SPR (1) or actual rate (2)
1
# Pre-specify the year of recovery (or -1) to ignore
-1
# Fecundity-at-age
# 0 1 2 3 4 5 6 7 8 9 10 11 12 13 14 15 16 17 18 19 20 21 22 23 24 25 26 27 28 29 30 31 32 33 34 35 36 37 38 39 40 41 42 43 44 45 46 47 48 49 50 51 52 53 54 55 56 57 58 59 60 61 62 63 64 65 66 67 68 69 70 71 72 73 74 75 76 77 78 79 80 81 82 83 84 85 86 87 88 89 90 91 92 93 94 95 96 97 98 99 100 #runnumber: 1 yelloweye_data.ss yelloweye_control.ss 6811.93 1076.28 319.7
 0 0 2.10462e-09 4.61006e-08 6.16565e-07 5.73751e-06 4.06141e-05 0.000228707 0.00103881 0.0037852 0.0110383 0.0261466 0.0517614 0.0885051 0.134815 0.187817 0.244426 0.302088 0.359033 0.414219 0.467135 0.517602 0.56562 0.611273 0.654667 0.695911 0.735101 0.772321 0.807647 0.841144 0.872875 0.9029 0.931278 0.958068 0.98333 1.00712 1.02951 1.05056 1.07032 1.08886 1.10623 1.12251 1.13774 1.15199 1.1653 1.17774 1.18934 1.20018 1.21028 1.21969 1.22846 1.23664 1.24424 1.25132 1.25791 1.26404 1.26974 1.27504 1.27996 1.28454 1.28879 1.29274 1.29641 1.29981 1.30297 1.30591 1.30864 1.31117 1.31351 1.31569 1.31771 1.31962 1.32139 1.32303 1.32455 1.32596 1.32727 1.32849 1.32961 1.33066 1.33162 1.33252 1.33335 1.33413 1.33484 1.33551 1.33612 1.33669 1.33722 1.33771 1.33816 1.33859 1.33898 1.33934 1.33967 1.33998 1.34027 1.34054 1.34079 1.34102 1.34135 #female fecundity; weighted by N in year Y_init across morphs and areas
# Age specific selectivity and weight adjusted for discard and discard mortality
 #wt and selex for gender,fleet: 1 1 1_CA_TWL
 0.00908374 0.00911866 0.0254981 0.0661254 0.128 0.210492 0.310804 0.425554 0.551408 0.685371 0.824934 0.968234 1.11422 1.26258 1.41331 1.56624 1.7208 1.87597 2.03051 2.18315 2.33277 2.47843 2.61944 2.75529 2.88566 3.01033 3.12921 3.24228 3.34957 3.45118 3.54724 3.6379 3.72334 3.80375 3.87934 3.95031 4.01688 4.07926 4.13767 4.19232 4.24341 4.29114 4.33571 4.37729 4.41608 4.45224 4.48593 4.51732 4.54654 4.57374 4.59904 4.62259 4.64448 4.66483 4.68375 4.70133 4.71766 4.73283 4.74692 4.76001 4.77216 4.78344 4.79391 4.80363 4.81265 4.82102 4.82878 4.83599 4.84267 4.84887 4.85466 4.86006 4.86507 4.86971 4.87402 4.87802 4.88172 4.88516 4.88834 4.89129 4.89403 4.89657 4.89892 4.90111 4.90313 4.90501 4.90674 4.90836 4.90985 4.91123 4.91252 4.91371 4.91481 4.91583 4.91678 4.91766 4.91847 4.91923 4.91993 4.92058 4.92152
 0 0.00106071 0.00215276 0.00836498 0.025601 0.0622739 0.125454 0.216843 0.331139 0.457565 0.583289 0.696948 0.791084 0.863013 0.914118 0.948193 0.969721 0.982736 0.990335 0.994655 0.997064 0.998391 0.999116 0.999511 0.999727 0.999846 0.999912 0.999948 0.999969 0.999981 0.999988 0.999992 0.999994 0.999996 0.999996 0.999997 0.999997 0.999997 0.999998 0.999998 0.999998 0.999998 0.999998 0.999998 0.999998 0.999997 0.999997 0.999997 0.999997 0.999997 0.999997 0.999997 0.999997 0.999997 0.999997 0.999997 0.999997 0.999997 0.999997 0.999997 0.999997 0.999997 0.999997 0.999997 0.999997 0.999997 0.999997 0.999997 0.999997 0.999997 0.999997 0.999997 0.999997 0.999997 0.999997 0.999997 0.999997 0.999997 0.999997 0.999997 0.999997 0.999997 0.999997 0.999997 0.999997 0.999997 0.999997 0.999997 0.999997 0.999997 0.999997 0.999997 0.999997 0.999997 0.999997 0.999997 0.999997 0.999997 0.999997 0.999997 0.999997
 #wt and selex for gender,fleet: 1 3 3_CA_REC
 0.00908374 0.00911866 0.0247167 0.0636338 0.123057 0.202402 0.299133 0.410135 0.532292 0.662798 0.79944 0.940904 1.08677 1.23698 1.39119 1.54848 1.70743 1.86646 2.02404 2.17892 2.33007 2.47674 2.6184 2.75466 2.88528 3.0101 3.12907 3.24219 3.34952 3.45115 3.54722 3.63789 3.72333 3.80375 3.87933 3.95031 4.01688 4.07926 4.13767 4.19232 4.24341 4.29114 4.33571 4.37729 4.41608 4.45224 4.48593 4.51732 4.54654 4.57374 4.59905 4.62259 4.64448 4.66483 4.68375 4.70133 4.71766 4.73283 4.74693 4.76001 4.77216 4.78344 4.79391 4.80363 4.81265 4.82102 4.82879 4.83599 4.84267 4.84887 4.85466 4.86006 4.86507 4.86971 4.87402 4.87802 4.88172 4.88516 4.88834 4.8913 4.89403 4.89657 4.89893 4.90111 4.90313 4.90501 4.90674 4.90836 4.90985 4.91123 4.91252 4.91371 4.91481 4.91583 4.91678 4.91766 4.91847 4.91923 4.91993 4.92058 4.92152
 0 0.00393585 0.00745262 0.0235204 0.0600539 0.125409 0.222171 0.344482 0.479691 0.612633 0.7301 0.823941 0.892105 0.93749 0.965484 0.981677 0.990566 0.995251 0.997645 0.998842 0.999432 0.999721 0.999862 0.999931 0.999965 0.999982 0.99999 0.999995 0.999997 0.999998 0.999999 0.999999 0.999999 0.999999 0.999999 0.999999 0.999999 0.999999 0.999999 0.999999 0.999999 0.999999 0.999999 0.999999 0.999999 0.999999 0.999999 0.999999 0.999999 0.999999 0.999999 0.999999 0.999999 0.999999 0.999999 0.999999 0.999999 0.999999 0.999999 0.999999 0.999999 0.999999 0.999999 0.999999 0.999999 0.999999 0.999999 0.999999 0.999999 0.999999 0.999999 0.999999 0.999999 0.999999 0.999999 0.999999 0.999999 0.999999 0.999999 0.999999 0.999999 0.999999 0.999999 0.999999 0.999999 0.999999 0.999999 0.999999 0.999999 0.999999 0.999999 0.999999 0.999999 0.999999 0.999999 0.999999 0.999999 0.999999 0.999999 0.999999 0.999999
 #wt and selex for gender,fleet: 1 4 4_ORWA_TWL
 0.00908374 0.00911864 0.0234485 0.0597411 0.116206 0.192701 0.287426 0.397825 0.521098 0.654508 0.795549 0.942084 1.09249 1.2457 1.40102 1.55782 1.71533 1.87258 2.02849 2.18199 2.33212 2.47807 2.61925 2.75519 2.88561 3.01031 3.1292 3.24227 3.34957 3.45118 3.54724 3.6379 3.72334 3.80375 3.87934 3.95031 4.01688 4.07926 4.13767 4.19232 4.24341 4.29114 4.33571 4.37729 4.41608 4.45224 4.48593 4.51732 4.54654 4.57374 4.59904 4.62258 4.64448 4.66483 4.68375 4.70133 4.71766 4.73283 4.74692 4.76001 4.77216 4.78344 4.79391 4.80363 4.81265 4.82102 4.82878 4.83599 4.84267 4.84887 4.85466 4.86006 4.86507 4.86971 4.87402 4.87802 4.88172 4.88516 4.88834 4.89129 4.89403 4.89657 4.89892 4.90111 4.90313 4.905 4.90674 4.90835 4.90985 4.91123 4.91252 4.91371 4.91481 4.91583 4.91678 4.91766 4.91847 4.91923 4.91993 4.92058 4.92152
 0 0.0136327 0.0231172 0.0519126 0.101006 0.172512 0.264434 0.370786 0.48327 0.593302 0.693643 0.77932 0.847957 0.899628 0.936294 0.96094 0.976737 0.986464 0.992261 0.995629 0.997549 0.998629 0.999232 0.999568 0.999754 0.999859 0.999918 0.999951 0.99997 0.999981 0.999988 0.999992 0.999994 0.999995 0.999996 0.999997 0.999997 0.999997 0.999997 0.999997 0.999997 0.999997 0.999997 0.999997 0.999997 0.999997 0.999997 0.999997 0.999997 0.999997 0.999997 0.999997 0.999997 0.999997 0.999997 0.999997 0.999997 0.999997 0.999997 0.999997 0.999997 0.999997 0.999997 0.999997 0.999997 0.999997 0.999997 0.999997 0.999997 0.999997 0.999997 0.999997 0.999997 0.999997 0.999997 0.999997 0.999997 0.999997 0.999997 0.999997 0.999997 0.999997 0.999997 0.999997 0.999997 0.999997 0.999997 0.999997 0.999997 0.999997 0.999997 0.999997 0.999997 0.999997 0.999997 0.999997 0.999997 0.999997 0.999997 0.999997 0.999997
 #wt and selex for gender,fleet: 1 5 5_ORWA_NONTWL
 0.00908374 0.00911866 0.0248792 0.0646408 0.12618 0.209448 0.312199 0.43136 0.563658 0.705972 0.855496 1.00979 1.1668 1.32481 1.48243 1.63861 1.79261 1.94394 2.09226 2.23736 2.379 2.51696 2.65095 2.7807 2.90593 3.02638 3.14185 3.25222 3.35739 3.45734 3.55211 3.64177 3.72643 3.80623 3.88135 3.95195 4.01823 4.08038 4.13861 4.19311 4.24408 4.29172 4.3362 4.37773 4.41646 4.45258 4.48624 4.51759 4.54678 4.57396 4.59925 4.62277 4.64465 4.66499 4.6839 4.70147 4.71779 4.73296 4.74704 4.76012 4.77227 4.78355 4.79401 4.80373 4.81274 4.82111 4.82887 4.83608 4.84276 4.84896 4.85474 4.86014 4.86515 4.86979 4.8741 4.87809 4.8818 4.88523 4.88842 4.89137 4.89411 4.89664 4.899 4.90118 4.9032 4.90508 4.90681 4.90843 4.90992 4.9113 4.91259 4.91378 4.91488 4.9159 4.91685 4.91773 4.91854 4.9193 4.92 4.92064 4.92159
 0 0.000643908 0.001235 0.00414551 0.0116076 0.0271383 0.0545369 0.096641 0.154316 0.226099 0.308549 0.397051 0.486721 0.573149 0.652873 0.723584 0.784118 0.834308 0.874745 0.906511 0.930926 0.949349 0.963045 0.973109 0.98044 0.985749 0.989581 0.992345 0.994339 0.995783 0.996831 0.997597 0.99816 0.998576 0.998887 0.99912 0.999297 0.999432 0.999537 0.999618 0.999682 0.999732 0.999772 0.999805 0.999831 0.999852 0.99987 0.999885 0.999897 0.999907 0.999916 0.999923 0.99993 0.999935 0.99994 0.999944 0.999947 0.99995 0.999953 0.999956 0.999958 0.99996 0.999961 0.999963 0.999964 0.999965 0.999966 0.999967 0.999968 0.999969 0.99997 0.99997 0.999971 0.999971 0.999971 0.999972 0.999972 0.999972 0.999973 0.999973 0.999973 0.999973 0.999973 0.999974 0.999974 0.999974 0.999974 0.999974 0.999974 0.999974 0.999974 0.999975 0.999975 0.999975 0.999975 0.999975 0.999975 0.999975 0.999975 0.999975 0.999975
 #wt and selex for gender,fleet: 1 6 6_OR_REC
 0.00908374 0.00911875 0.0318712 0.0813029 0.152076 0.240394 0.340869 0.448876 0.56133 0.67765 0.799851 0.930705 1.07157 1.22162 1.37844 1.53916 1.70118 1.8625 2.0216 2.17739 2.32906 2.47602 2.61781 2.75413 2.88476 3.00957 3.12852 3.24162 3.34892 3.45052 3.54657 3.63721 3.72263 3.80302 3.87859 3.94954 4.0161 4.07846 4.13686 4.19149 4.24257 4.29028 4.33484 4.37641 4.41519 4.45134 4.48503 4.5164 4.54561 4.57281 4.59811 4.62164 4.64353 4.66387 4.68279 4.70036 4.71669 4.73186 4.74595 4.75903 4.77118 4.78246 4.79293 4.80264 4.81166 4.82003 4.82779 4.83499 4.84167 4.84787 4.85366 4.85906 4.86406 4.8687 4.87301 4.877 4.88071 4.88414 4.88732 4.89028 4.89301 4.89555 4.8979 4.90008 4.90211 4.90398 4.90572 4.90733 4.90882 4.91021 4.91149 4.91268 4.91378 4.9148 4.91575 4.91663 4.91744 4.9182 4.9189 4.91954 4.92049
 0 1.86344e-05 7.22592e-05 0.00113855 0.00922352 0.0427278 0.128562 0.278258 0.469003 0.655787 0.802227 0.897761 0.951544 0.978523 0.990899 0.996186 0.998301 0.999077 0.999308 0.999323 0.999251 0.999147 0.99903 0.998909 0.998788 0.998669 0.998553 0.998441 0.998333 0.99823 0.998131 0.998037 0.997947 0.997863 0.997783 0.997707 0.997636 0.997569 0.997506 0.997447 0.997392 0.99734 0.997292 0.997246 0.997204 0.997164 0.997127 0.997093 0.997061 0.997031 0.997003 0.996977 0.996953 0.99693 0.99691 0.99689 0.996872 0.996855 0.99684 0.996825 0.996812 0.996799 0.996787 0.996777 0.996767 0.996757 0.996749 0.996741 0.996733 0.996726 0.99672 0.996714 0.996708 0.996703 0.996698 0.996694 0.99669 0.996686 0.996682 0.996679 0.996676 0.996673 0.996671 0.996668 0.996666 0.996664 0.996662 0.99666 0.996658 0.996657 0.996655 0.996654 0.996653 0.996652 0.996651 0.99665 0.996649 0.996648 0.996647 0.996646 0.996645
 #wt and selex for gender,fleet: 1 7 7_WA_REC
 0.00908374 0.00911873 0.0307581 0.0801988 0.153526 0.248337 0.359778 0.48301 0.613899 0.749199 0.886564 1.02467 1.16332 1.30321 1.44535 1.59038 1.7382 1.88803 2.03859 2.18841 2.33611 2.48052 2.62073 2.75609 2.88615 3.01063 3.1294 3.24239 3.34964 3.45123 3.54727 3.63792 3.72335 3.80376 3.87935 3.95032 4.01688 4.07927 4.13768 4.19232 4.24341 4.29114 4.33571 4.37729 4.41608 4.45224 4.48594 4.51732 4.54654 4.57374 4.59905 4.62259 4.64448 4.66483 4.68375 4.70133 4.71766 4.73283 4.74693 4.76001 4.77216 4.78344 4.79391 4.80363 4.81265 4.82102 4.82879 4.83599 4.84267 4.84887 4.85466 4.86006 4.86507 4.86971 4.87402 4.87802 4.88172 4.88516 4.88834 4.8913 4.89403 4.89657 4.89893 4.90111 4.90313 4.90501 4.90674 4.90836 4.90985 4.91123 4.91252 4.91371 4.91481 4.91583 4.91678 4.91766 4.91847 4.91923 4.91993 4.92058 4.92152
 0 4.18004e-06 1.42055e-05 0.000187866 0.00149656 0.00757852 0.0266641 0.0702677 0.147379 0.258124 0.39205 0.532131 0.661471 0.768714 0.849832 0.906639 0.943982 0.967313 0.981318 0.989475 0.994121 0.996728 0.998178 0.998981 0.999425 0.999673 0.999811 0.999889 0.999934 0.99996 0.999975 0.999984 0.99999 0.999993 0.999995 0.999997 0.999998 0.999998 0.999999 0.999999 0.999999 0.999999 0.999999 0.999999 0.999999 0.999999 0.999999 0.999999 0.999999 0.999999 0.999999 0.999999 0.999999 0.999999 0.999999 0.999999 0.999999 0.999999 0.999999 0.999999 0.999999 0.999999 0.999999 0.999999 0.999999 0.999999 0.999999 0.999999 0.999999 0.999999 0.999999 0.999999 0.999999 0.999999 0.999999 0.999999 0.999999 0.999999 0.999999 0.999999 0.999999 0.999999 0.999999 0.999999 0.999999 0.999999 0.999999 0.999999 0.999999 0.999999 0.999999 0.999999 0.999999 0.999999 0.999999 0.999999 0.999999 0.999999 0.999999 0.999999 0.999999
# Sex ratio correction
1
# M and current age-structure in year Yinit: 2011
 # gender = 1
 0.0439034 0.0439034 0.0439034 0.0439034 0.0439034 0.0439034 0.0439034 0.0439034 0.0439034 0.0439034 0.0439034 0.0439034 0.0439034 0.0439034 0.0439034 0.0439034 0.0439034 0.0439034 0.0439034 0.0439034 0.0439034 0.0439034 0.0439034 0.0439034 0.0439034 0.0439034 0.0439034 0.0439034 0.0439034 0.0439034 0.0439034 0.0439034 0.0439034 0.0439034 0.0439034 0.0439034 0.0439034 0.0439034 0.0439034 0.0439034 0.0439034 0.0439034 0.0439034 0.0439034 0.0439034 0.0439034 0.0439034 0.0439034 0.0439034 0.0439034 0.0439034 0.0439034 0.0439034 0.0439034 0.0439034 0.0439034 0.0439034 0.0439034 0.0439034 0.0439034 0.0439034 0.0439034 0.0439034 0.0439034 0.0439034 0.0439034 0.0439034 0.0439034 0.0439034 0.0439034 0.0439034 0.0439034 0.0439034 0.0439034 0.0439034 0.0439034 0.0439034 0.0439034 0.0439034 0.0439034 0.0439034 0.0439034 0.0439034 0.0439034 0.0439034 0.0439034 0.0439034 0.0439034 0.0439034 0.0439034 0.0439034 0.0439034 0.0439034 0.0439034 0.0439034 0.0439034 0.0439034 0.0439034 0.0439034 0.0439034 0.0439034
 189.418 235.528 247.214 279.153 162.641 152.291 86.0991 52.7948 74.7528 176.772 51.1497 40.0443 72.9858 46.3672 29.4557 23.4082 23.1734 45.0502 47.7034 23.5703 19.1405 19.3479 18.7009 18.748 20.8161 22.9096 28.7678 27.0005 15.9938 16.1559 14.0618 11.9032 8.51949 5.88799 6.45772 5.55254 5.48669 3.63945 3.02924 3.47937 4.8017 3.42491 2.62837 2.03788 1.63281 1.41768 1.08375 0.866256 0.809324 0.851815 0.924181 0.935023 0.853436 0.744778 0.65492 0.594603 0.563867 0.559833 0.580762 0.626771 0.694241 0.765378 0.800532 0.766618 0.684198 0.596978 0.524956 0.470475 0.430342 0.400223 0.377047 0.358608 0.343472 0.330554 0.318809 0.307398 0.295749 0.283752 0.271603 0.25971 0.248456 0.238114 0.228735 0.220279 0.212579 0.205265 0.198259 0.191437 0.18467 0.177891 0.171073 0.164217 0.157358 0.150568 0.143855 0.137304 0.130968 0.124879 0.119055 0.113505 2.44
# Age-structure at Ydeclare= 2013
 388.57 169.026 173.494 215.725 226.42 255.645 148.906 139.359 78.7206 48.2139 68.1743 160.997 46.5289 36.3908 66.277 42.0823 26.7237 21.2318 21.0156 40.8512 43.2545 21.3713 17.3544 17.5422 16.9553 16.9977 18.8724 20.7699 26.0801 24.477 14.4983 14.6446 12.7457 10.7886 7.72135 5.33615 5.85225 5.03176 4.97192 3.29788 2.74485 3.15261 4.35063 3.10308 2.38133 1.84629 1.47928 1.28435 0.981807 0.784762 0.733178 0.771664 0.837214 0.84703 0.773117 0.674683 0.593281 0.538639 0.510795 0.50714 0.526099 0.567777 0.628895 0.693336 0.725179 0.694457 0.619794 0.540784 0.475541 0.426188 0.389833 0.362549 0.341554 0.324851 0.31114 0.299437 0.288798 0.278461 0.267909 0.257041 0.246036 0.235262 0.225068 0.215699 0.207203 0.199544 0.192569 0.185943 0.179597 0.173417 0.167287 0.161146 0.15497 0.148759 0.142545 0.136395 0.130314 0.12438 0.118641 0.113125 2.421
# Year for Tmin Age-structure (set to Ydecl by SS)
2013
#  recruitment and biomass
# Number of historical assessment years
137
# Historical data
# year recruitment spawner in B0 in R project in R/S project
1888  1889 1890 1891 1892 1893 1894 1895 1896 1897 1898 1899 1900 1901 1902 1903 1904 1905 1906 1907 1908 1909 1910 1911 1912 1913 1914 1915 1916 1917 1918 1919 1920 1921 1922 1923 1924 1925 1926 1927 1928 1929 1930 1931 1932 1933 1934 1935 1936 1937 1938 1939 1940 1941 1942 1943 1944 1945 1946 1947 1948 1949 1950 1951 1952 1953 1954 1955 1956 1957 1958 1959 1960 1961 1962 1963 1964 1965 1966 1967 1968 1969 1970 1971 1972 1973 1974 1975 1976 1977 1978 1979 1980 1981 1982 1983 1984 1985 1986 1987 1988 1989 1990 1991 1992 1993 1994 1995 1996 1997 1998 1999 2000 2001 2002 2003 2004 2005 2006 2007 2008 2009 2010 2011 2012 2013 2014 2015 2016 2017 2018 2019 2020 2021 2022 2023 2024 #years (with first value representing R0)
208.393 211.658 211.774 211.895 212.019 212.14 212.266 212.397 212.54 212.69 212.846 213.01 213.183 213.364 213.554 213.752 213.962 214.187 214.427 214.692 214.98 215.289 215.622 215.972 216.337 216.698 217.032 217.301 217.46 217.457 217.217 216.64 215.747 214.475 212.815 210.801 208.487 205.965 203.369 200.808 198.327 196.212 194.524 193.208 192.139 191.058 189.679 187.771 185.286 182.388 179.475 177.017 175.489 175.28 176.837 180.808 188.028 199.602 215.971 235.503 251.024 249.32 226.677 195.483 167.762 147.743 135.338 129.515 129.736 135.701 146.497 159.28 165.467 154.939 135.122 121.274 122.349 143.825 176.137 189.038 218.629 259.539 308.948 392.41 255.407 198.046 210.177 277.625 244.142 244.562 190.195 232.299 271.099 264.874 249.47 201.168 275.819 238.883 155.506 116.559 87.6814 74.1479 66.1907 57.5552 63.4856 117.137 102.383 49.2881 46.9624 55.9985 83.7722 125.505 65.6137 79.9215 263.61 106.473 71.877 112.106 189.713 193.876 318.46 269.904 246.099 189.418 176.613 388.57 191.72 251.84 191.963 98.0795 96.6011 103.938 104.372 140.496 156.335 161.571 166.253  #recruits; first value is R0 (virgin)
1076.28  1076.28 1076.27 1076.26 1076.23 1075.77 1075.31 1074.85 1074.69 1074.62 1074.54 1074.47 1074.4 1074.34 1074.3 1074.28 1074.29 1074.31 1074.38 1074.47 1074.58 1074.6 1074.75 1074.91 1075.09 1075.28 1075.48 1075.69 1075.84 1076.06 1076.14 1074.18 1073.81 1073.57 1073.42 1073.57 1073.66 1073.22 1072.44 1070.88 1068.62 1066.47 1064.81 1062.82 1061.87 1061.08 1060.31 1058.99 1057.64 1055.28 1053.16 1050.7 1048.81 1045.71 1041.05 1035.96 1026.31 1015.94 1000.29 985.822 979.033 970.159 963.351 955.87 946.962 939.039 933.146 925.804 919.04 912.315 904.311 897.211 891.151 886.418 883.373 879.61 877.286 876.35 865.278 861.405 855.184 848.496 833.715 823.706 810.438 793.926 776.451 757.029 737.803 715.795 694.087 659.891 624.062 596.979 562.437 507.969 479.503 457.868 430.959 408.695 381.206 357.226 327.653 306.61 270.218 237.484 206.025 188.509 171.367 152.602 130.911 122.788 110.701 111.336 110.94 115.887 120.916 126.305 131.714 137.544 142.824 148.528 154.075 160.141 166.547 173.217 180.734 188.919 197.562 207.126 216.653 227.586 239.556 253.623 268.983 284.424 300.418 #spbio; first value is SSB_virgin (virgin)
1 0 0 0 0 0 0 0 0 0 0 0 0 0 0 0 0 0 0 0 0 0 0 0 0 0 0 0 0 0 0 0 0 0 0 0 0 0 0 0 0 0 0 0 0 0 0 0 0 0 0 0 0 0 0 0 0 0 0 0 0 0 0 0 0 0 0 0 0 0 0 0 0 0 0 0 0 0 0 0 0 0 0 0 0 0 0 0 0 0 0 0 0 0 0 0 0 0 0 0 0 0 0 0 0 0 0 0 0 0 0 0 0 0 0 0 0 0 0 0 0 0 0 0 0 0 0 0 0 0 0 0 0 0 0 0 0  # in Bzero
0 1 1 1 1 1 1 1 1 1 1 1 1 1 1 1 1 1 1 1 1 1 1 1 1 1 1 1 1 1 1 1 1 1 1 1 1 1 1 1 1 1 1 1 1 1 1 1 1 1 1 1 1 1 1 1 1 1 1 1 1 1 1 1 1 1 1 1 1 1 1 1 1 1 1 1 1 1 1 1 1 1 1 1 1 1 1 1 1 1 1 1 1 1 1 1 1 1 1 1 1 1 1 1 1 1 1 1 1 1 1 1 1 1 1 1 1 1 1 1 1 1 1 1 1 1 1 1 1 1 1 1 1 1  0 0 0 # in R project
0 1 1 1 1 1 1 1 1 1 1 1 1 1 1 1 1 1 1 1 1 1 1 1 1 1 1 1 1 1 1 1 1 1 1 1 1 1 1 1 1 1 1 1 1 1 1 1 1 1 1 1 1 1 1 1 1 1 1 1 1 1 1 1 1 1 1 1 1 1 1 1 1 1 1 1 1 1 1 1 1 1 1 1 1 1 1 1 1 1 1 1 1 1 1 1 1 1 1 1 1 1 1 1 1 1 1 1 1 1 1 1 1 1 1 1 1 1 1 1 1 1 1 1 1 1 1 1 1 1 1 1 1 1  0 0 0 # in R/S project
# Number of years with pre-specified catches
0
# catches for years with pre-specified catches go next
# Number of future recruitments to override
-2
# Process for overiding (-1 for average otherwise index in data list)
# Which probability to product detailed results for (1=0.5; 2=0.6; etc.)
3
# Steepness sigma-R Auto-correlation
0.718 0.5 0
# Target SPR rate (FMSY Proxy); manually change to SPR_MSY if not using SPR_target
0.5
# Discount rate (for cumulative catch)
0.1
# Truncate the series when 0.4B0 is reached (1=Yes)
0
# Set F to FMSY once 0.4B0 is reached (1=Yes)
0
# Maximum possible F for projection (-1 to set to FMSY)
-1
# Defintion of recovery (1=now only;2=now or before)
2
# Projection type
4
# Definition of the 40-10 rule
10 40
# Sigma Assessment Error (Base, Year1, Slope, MaxSigma)
1.0 2025 0.075 2.0
# Pstar
0.45
# Constrain catches by the ABC (1=yes, 2=no)
2
# Implementation Error (0=no; 1=lognormal; 2=uniform)
0
#Parameters of Implementaion Error
1 0.3
# Calculate coefficients of variation (1=Yes)
0
# Number of replicates to use
10
# Random number seed
-99004
# File with multiple parameter vectors 
rebuild.SSO
# User-specific projection (1=Yes); Output replaced (1->9)
0  5
# Catches and Fs (Year; 1/2/3 (F or C or SPR); value); Final row is -1
2024 1 1
-1 -1 -1
# Fixed catch project (1=Yes); Output replaced (1->9); Approach (-1=Read in else 1-9)
0 2 -1
# (48a) Special catch options (1-Yes) [CUT_OFF, Emsy, distribution, MAXCAT, Add, replace_code]
0 0.18 1.00 1.00 0 6
# (48b) B1Target
150000
# Split of Fs
2011  0.0161136
 0
 0.380169
 0.0243683
 0.196467
 0.198687
 0.184195
-1  1 1 1 1 1 1 1 1 1 1 1 1
# Yrs to define T_target for projection type 4 (a.k.a. 5 pre-specified inputs)
2030 2031 2032 2033 2034 
# Year for probability of recovery
2034 2035 2036 2037 2038 2039 2040 2041
# Time varying weight-at-age (1=Yes;0=No)
0
# File with time series of weight-at-age data
none
# Use bisection (0) or linear interpolation (1)
1
# Target Depletion
0.4
# CV of implementation error
0
