#Title, #runnumber: 1 yelloweye_data.ss yelloweye_control.ss 7223.15 1118.89 357.598 StartTime: Mon Apr 28 01:03:37 2025
SSv3_default_rebuild.dat
# Number of sexes
1
# Age range to consider (minimum age; maximum age)
0 100
# Number of fleets
7
# First year of projection (Yinit)
2011
# First Year of rebuilding period (Ydecl)
2013
# Number of simulations
1000
# Maximum number of years
500
# Conduct projections with multiple starting values (0=No;else yes)
0
# Number of parameter vectors
1000
# Is the maximum age a plus-group (1=Yes;2=No)
1
# Generate future recruitments using historical recruitments (1)  historical recruits/spawner (2)  or a stock-recruitment (3)
3
# Constant fishing mortality (1) or constant Catch (2) projections
1
# Fishing mortality based on SPR (1) or actual rate (2)
1
# Pre-specify the year of recovery (or -1) to ignore
-1
# Fecundity-at-age
# 0 1 2 3 4 5 6 7 8 9 10 11 12 13 14 15 16 17 18 19 20 21 22 23 24 25 26 27 28 29 30 31 32 33 34 35 36 37 38 39 40 41 42 43 44 45 46 47 48 49 50 51 52 53 54 55 56 57 58 59 60 61 62 63 64 65 66 67 68 69 70 71 72 73 74 75 76 77 78 79 80 81 82 83 84 85 86 87 88 89 90 91 92 93 94 95 96 97 98 99 100 #runnumber: 1 yelloweye_data.ss yelloweye_control.ss 7223.15 1118.89 357.598
 0 0 2.56296e-09 5.42152e-08 6.99327e-07 6.3372e-06 4.39228e-05 0.000242945 0.00108567 0.00389684 0.0112145 0.0262802 0.0516065 0.0877377 0.133141 0.185053 0.240513 0.297056 0.35296 0.407191 0.459225 0.508864 0.556089 0.600967 0.643599 0.684086 0.722525 0.759002 0.793593 0.826368 0.857392 0.886728 0.914436 0.940579 0.965217 0.988412 1.01023 1.03072 1.04996 1.068 1.0849 1.10073 1.11553 1.12938 1.14231 1.15439 1.16566 1.17618 1.18598 1.19511 1.20362 1.21155 1.21892 1.22578 1.23217 1.23811 1.24363 1.24876 1.25353 1.25796 1.26207 1.26589 1.26944 1.27274 1.2758 1.27864 1.28127 1.28372 1.28599 1.28809 1.29005 1.29189 1.2936 1.29518 1.29665 1.29801 1.29928 1.30045 1.30154 1.30254 1.30348 1.30434 1.30515 1.30589 1.30658 1.30722 1.30781 1.30836 1.30887 1.30934 1.30978 1.31019 1.31056 1.31091 1.31124 1.31153 1.31181 1.31207 1.31231 1.31253 1.31285 #female fecundity; weighted by N in year Y_init across morphs and areas
# Age specific selectivity and weight adjusted for discard and discard mortality
 #wt and selex for gender,fleet: 1 1 1_CA_TWL
 0.00908559 0.00918235 0.0274237 0.0690314 0.131755 0.214733 0.31511 0.429503 0.554597 0.687427 0.825527 0.967099 1.11116 1.25744 1.40594 1.55648 1.70846 1.86091 2.01262 2.16236 2.30906 2.45183 2.58999 2.72305 2.85069 2.97272 3.08904 3.19964 3.30456 3.40389 3.49776 3.58633 3.66978 3.74829 3.82207 3.89133 3.95628 4.01712 4.07408 4.12736 4.17715 4.22366 4.26708 4.30758 4.34535 4.38056 4.41336 4.4439 4.47233 4.49879 4.5234 4.5463 4.56758 4.58736 4.60575 4.62283 4.6387 4.65344 4.66713 4.67984 4.69163 4.70258 4.71275 4.72218 4.73093 4.73905 4.74658 4.75357 4.76005 4.76606 4.77167 4.7769 4.78176 4.78626 4.79043 4.7943 4.79789 4.80121 4.8043 4.80716 4.80981 4.81226 4.81454 4.81665 4.81861 4.82042 4.8221 4.82366 4.82511 4.82645 4.82769 4.82884 4.8299 4.83089 4.8318 4.83265 4.83344 4.83417 4.83484 4.83547 4.83638
 0 0.00106634 0.00235034 0.00903716 0.0272054 0.0652808 0.130058 0.222783 0.33774 0.463958 0.588691 0.700868 0.793421 0.864 0.91417 0.94773 0.969069 0.982092 0.989791 0.994236 0.99676 0.998179 0.998972 0.999415 0.999664 0.999804 0.999884 0.99993 0.999957 0.999973 0.999982 0.999988 0.999991 0.999994 0.999995 0.999996 0.999997 0.999997 0.999997 0.999997 0.999997 0.999997 0.999997 0.999997 0.999997 0.999997 0.999997 0.999997 0.999997 0.999997 0.999997 0.999997 0.999997 0.999997 0.999997 0.999997 0.999997 0.999997 0.999997 0.999997 0.999997 0.999997 0.999997 0.999997 0.999997 0.999997 0.999997 0.999997 0.999997 0.999997 0.999997 0.999997 0.999997 0.999997 0.999997 0.999997 0.999997 0.999997 0.999997 0.999997 0.999997 0.999997 0.999997 0.999997 0.999997 0.999997 0.999997 0.999997 0.999997 0.999997 0.999997 0.999997 0.999997 0.999997 0.999997 0.999997 0.999997 0.999997 0.999997 0.999997 0.999997
 #wt and selex for gender,fleet: 1 3 3_CA_REC
 0.00908559 0.00918229 0.0265178 0.0663554 0.126554 0.206341 0.303141 0.413837 0.535333 0.664851 0.800216 0.940145 1.08422 1.23238 1.38426 1.53897 1.69517 1.85133 2.006 2.15795 2.30619 2.44999 2.58882 2.72232 2.85023 2.97243 3.08886 3.19952 3.30448 3.40384 3.49773 3.58631 3.66976 3.74828 3.82207 3.89133 3.95627 4.01712 4.07408 4.12735 4.17715 4.22366 4.26708 4.30758 4.34535 4.38056 4.41336 4.4439 4.47233 4.49879 4.5234 4.5463 4.56758 4.58737 4.60575 4.62284 4.6387 4.65344 4.66713 4.67984 4.69163 4.70258 4.71275 4.72218 4.73093 4.73905 4.74658 4.75357 4.76005 4.76606 4.77167 4.7769 4.78176 4.78626 4.79043 4.7943 4.79789 4.80122 4.8043 4.80716 4.80981 4.81227 4.81454 4.81665 4.81861 4.82042 4.82211 4.82366 4.82511 4.82645 4.82769 4.82884 4.8299 4.83089 4.83181 4.83265 4.83344 4.83417 4.83484 4.83547 4.83638
 0 0.0039858 0.008077 0.0251051 0.0629513 0.129618 0.227159 0.349362 0.483576 0.61496 0.730775 0.823292 0.890688 0.935845 0.963983 0.980488 0.989712 0.994679 0.997281 0.998619 0.999299 0.999642 0.999816 0.999904 0.999949 0.999973 0.999985 0.999992 0.999995 0.999997 0.999998 0.999999 0.999999 0.999999 0.999999 0.999999 0.999999 0.999999 0.999999 0.999999 0.999999 0.999999 0.999999 0.999999 0.999999 0.999999 0.999999 0.999999 0.999999 0.999999 0.999999 0.999999 0.999999 0.999999 0.999999 0.999999 0.999999 0.999999 0.999999 0.999999 0.999999 0.999999 0.999999 0.999999 0.999999 0.999999 0.999999 0.999999 0.999999 0.999999 0.999999 0.999999 0.999999 0.999999 0.999999 0.999999 0.999999 0.999999 0.999999 0.999999 0.999999 0.999999 0.999999 0.999999 0.999999 0.999999 0.999999 0.999999 0.999999 0.999999 0.999999 0.999999 0.999999 0.999999 0.999999 0.999999 0.999999 0.999999 0.999999 0.999999 0.999999
 #wt and selex for gender,fleet: 1 4 4_ORWA_TWL
 0.00908559 0.00918222 0.0253128 0.0629242 0.120505 0.197648 0.292348 0.401926 0.523544 0.654489 0.79238 0.935385 1.08236 1.23265 1.38574 1.54086 1.69696 1.85279 2.00708 2.15869 2.30668 2.45031 2.58902 2.72244 2.85031 2.97248 3.08889 3.19954 3.30449 3.40385 3.49773 3.58631 3.66976 3.74828 3.82207 3.89133 3.95627 4.01712 4.07408 4.12735 4.17715 4.22366 4.26708 4.30758 4.34535 4.38056 4.41335 4.4439 4.47233 4.49879 4.5234 4.5463 4.56758 4.58736 4.60575 4.62283 4.6387 4.65344 4.66713 4.67984 4.69163 4.70258 4.71275 4.72218 4.73093 4.73905 4.74658 4.75357 4.76005 4.76606 4.77167 4.7769 4.78176 4.78626 4.79043 4.7943 4.79789 4.80121 4.8043 4.80716 4.80981 4.81226 4.81454 4.81665 4.81861 4.82042 4.8221 4.82366 4.82511 4.82645 4.82769 4.82884 4.8299 4.83089 4.8318 4.83265 4.83344 4.83417 4.83484 4.83547 4.83638
 0 0.0126995 0.0230629 0.0539488 0.107818 0.187072 0.288841 0.405332 0.526161 0.641054 0.741907 0.823902 0.885784 0.929301 0.957995 0.975884 0.986526 0.992624 0.996018 0.997868 0.998862 0.999391 0.999673 0.999822 0.999902 0.999945 0.999968 0.999981 0.999988 0.999992 0.999994 0.999996 0.999996 0.999997 0.999997 0.999997 0.999997 0.999997 0.999997 0.999997 0.999997 0.999997 0.999997 0.999997 0.999997 0.999997 0.999997 0.999997 0.999997 0.999996 0.999996 0.999996 0.999996 0.999996 0.999996 0.999996 0.999996 0.999996 0.999996 0.999996 0.999996 0.999996 0.999996 0.999996 0.999996 0.999996 0.999996 0.999996 0.999996 0.999996 0.999996 0.999996 0.999996 0.999996 0.999996 0.999996 0.999996 0.999996 0.999996 0.999996 0.999996 0.999996 0.999996 0.999996 0.999996 0.999996 0.999996 0.999996 0.999996 0.999996 0.999996 0.999996 0.999996 0.999996 0.999996 0.999996 0.999996 0.999996 0.999996 0.999996 0.999996
 #wt and selex for gender,fleet: 1 5 5_ORWA_NONTWL
 0.00908559 0.00918231 0.0267901 0.067656 0.130183 0.214081 0.317004 0.43584 0.56732 0.708349 0.856159 1.00836 1.16294 1.31824 1.47295 1.62612 1.77709 1.92544 2.07091 2.21328 2.35232 2.48776 2.61931 2.74666 2.86952 2.98763 3.10081 3.20891 3.31187 3.40967 3.50235 3.58999 3.67272 3.75067 3.82401 3.89292 3.95759 4.01822 4.075 4.12814 4.17782 4.22424 4.26758 4.30802 4.34574 4.3809 4.41366 4.44418 4.47258 4.49902 4.52362 4.54649 4.56776 4.58753 4.60591 4.62298 4.63884 4.65358 4.66726 4.67996 4.69175 4.7027 4.71285 4.72228 4.73103 4.73915 4.74668 4.75366 4.76014 4.76615 4.77176 4.77699 4.78184 4.78634 4.79051 4.79438 4.79797 4.8013 4.80438 4.80724 4.80989 4.81234 4.81462 4.81673 4.81869 4.8205 4.82218 4.82374 4.82518 4.82652 4.82776 4.82891 4.82998 4.83096 4.83188 4.83273 4.83351 4.83424 4.83492 4.83554 4.83645
 0 0.000643763 0.00133493 0.00450325 0.0125628 0.0292333 0.058436 0.10297 0.16348 0.238154 0.323174 0.413605 0.50436 0.590965 0.670015 0.739357 0.798048 0.846157 0.884488 0.914286 0.936972 0.953949 0.966482 0.97564 0.982282 0.987079 0.990536 0.993027 0.994825 0.996129 0.997077 0.997772 0.998285 0.998665 0.99895 0.999165 0.999329 0.999455 0.999552 0.999629 0.999689 0.999737 0.999775 0.999806 0.999831 0.999852 0.999869 0.999883 0.999895 0.999905 0.999914 0.999921 0.999927 0.999933 0.999937 0.999941 0.999945 0.999948 0.999951 0.999953 0.999955 0.999957 0.999959 0.99996 0.999962 0.999963 0.999964 0.999965 0.999966 0.999967 0.999968 0.999968 0.999968 0.999969 0.999969 0.99997 0.99997 0.99997 0.99997 0.999971 0.999971 0.999971 0.999971 0.999971 0.999972 0.999972 0.999972 0.999972 0.999972 0.999972 0.999972 0.999972 0.999973 0.999973 0.999973 0.999973 0.999973 0.999973 0.999973 0.999973 0.999973
 #wt and selex for gender,fleet: 1 6 6_OR_REC
 0.00908559 0.00918299 0.0344309 0.0848316 0.156304 0.244692 0.344623 0.451556 0.562588 0.677453 0.798371 0.92802 1.06751 1.21584 1.37056 1.52888 1.68831 1.8469 2.00321 2.15617 2.30501 2.44915 2.58816 2.72173 2.84967 2.97187 3.08829 3.19893 3.30386 3.40319 3.49705 3.58561 3.66904 3.74753 3.8213 3.89054 3.95546 4.01629 4.07324 4.12649 4.17627 4.22277 4.26618 4.30667 4.34443 4.37962 4.41241 4.44295 4.47137 4.49782 4.52243 4.54532 4.56659 4.58637 4.60475 4.62183 4.6377 4.65243 4.66612 4.67882 4.69061 4.70156 4.71172 4.72115 4.7299 4.73801 4.74554 4.75253 4.75901 4.76502 4.77062 4.77586 4.78071 4.78521 4.78938 4.79325 4.79683 4.80016 4.80324 4.8061 4.80875 4.8112 4.81348 4.81559 4.81754 4.81936 4.82104 4.8226 4.82404 4.82538 4.82662 4.82777 4.82883 4.82982 4.83073 4.83158 4.83237 4.8331 4.83377 4.8344 4.83531
 0 1.89223e-05 8.84781e-05 0.00135201 0.0105453 0.0473142 0.138628 0.293521 0.485937 0.670073 0.811698 0.902837 0.953779 0.979318 0.9911 0.996191 0.998262 0.99904 0.999281 0.999303 0.999238 0.999136 0.999022 0.998903 0.998783 0.998666 0.998552 0.998441 0.998335 0.998233 0.998136 0.998043 0.997955 0.997872 0.997793 0.997719 0.997649 0.997583 0.997522 0.997464 0.997409 0.997358 0.997311 0.997266 0.997225 0.997186 0.99715 0.997116 0.997085 0.997055 0.997028 0.997003 0.996979 0.996957 0.996936 0.996917 0.9969 0.996883 0.996868 0.996854 0.996841 0.996828 0.996817 0.996807 0.996797 0.996788 0.996779 0.996771 0.996764 0.996757 0.996751 0.996745 0.99674 0.996735 0.99673 0.996726 0.996722 0.996718 0.996715 0.996711 0.996708 0.996706 0.996703 0.996701 0.996698 0.996696 0.996695 0.996693 0.996691 0.99669 0.996688 0.996687 0.996686 0.996685 0.996684 0.996683 0.996682 0.996681 0.99668 0.996679 0.996678
 #wt and selex for gender,fleet: 1 7 7_WA_REC
 0.00908559 0.00918295 0.0343391 0.0862391 0.162087 0.258612 0.370577 0.492999 0.621767 0.753775 0.886975 1.02056 1.15495 1.2913 1.43074 1.57376 1.71997 1.86827 2.01716 2.16509 2.31067 2.45276 2.59052 2.72335 2.85086 2.97282 3.0891 3.19967 3.30458 3.4039 3.49777 3.58634 3.66978 3.74829 3.82207 3.89133 3.95628 4.01712 4.07408 4.12736 4.17715 4.22366 4.26708 4.30758 4.34535 4.38056 4.41336 4.4439 4.47233 4.49879 4.5234 4.5463 4.56758 4.58737 4.60575 4.62284 4.6387 4.65344 4.66713 4.67984 4.69163 4.70258 4.71275 4.72218 4.73093 4.73905 4.74658 4.75357 4.76005 4.76606 4.77167 4.7769 4.78176 4.78626 4.79043 4.7943 4.79789 4.80122 4.8043 4.80716 4.80981 4.81227 4.81454 4.81665 4.81861 4.82042 4.82211 4.82366 4.82511 4.82645 4.82769 4.82884 4.8299 4.83089 4.83181 4.83265 4.83344 4.83417 4.83484 4.83547 4.83638
 0 2.08598e-06 9.50455e-06 0.000151385 0.00135672 0.00742496 0.0274189 0.0742695 0.157759 0.276939 0.418625 0.563043 0.692185 0.795534 0.870911 0.921857 0.95425 0.973883 0.985354 0.991879 0.995522 0.997532 0.998635 0.99924 0.999572 0.999756 0.999859 0.999917 0.99995 0.999969 0.999981 0.999988 0.999992 0.999995 0.999996 0.999997 0.999998 0.999998 0.999999 0.999999 0.999999 0.999999 0.999999 0.999999 0.999999 0.999999 0.999999 0.999999 0.999999 0.999999 0.999999 0.999999 0.999999 0.999999 0.999999 0.999999 0.999999 0.999999 0.999999 0.999999 0.999999 0.999999 0.999999 0.999999 0.999999 0.999999 0.999999 0.999999 0.999999 0.999999 0.999999 0.999999 0.999999 0.999999 0.999999 0.999999 0.999999 0.999999 0.999999 0.999999 0.999999 0.999999 0.999999 0.999999 0.999999 0.999999 0.999999 0.999999 0.999999 0.999999 0.999999 0.999999 0.999999 0.999999 0.999999 0.999999 0.999999 0.999999 0.999999 0.999999 0.999999
# Sex ratio correction
1
# M and current age-structure in year Yinit: 2011
 # gender = 1
 0.0439034 0.0439034 0.0439034 0.0439034 0.0439034 0.0439034 0.0439034 0.0439034 0.0439034 0.0439034 0.0439034 0.0439034 0.0439034 0.0439034 0.0439034 0.0439034 0.0439034 0.0439034 0.0439034 0.0439034 0.0439034 0.0439034 0.0439034 0.0439034 0.0439034 0.0439034 0.0439034 0.0439034 0.0439034 0.0439034 0.0439034 0.0439034 0.0439034 0.0439034 0.0439034 0.0439034 0.0439034 0.0439034 0.0439034 0.0439034 0.0439034 0.0439034 0.0439034 0.0439034 0.0439034 0.0439034 0.0439034 0.0439034 0.0439034 0.0439034 0.0439034 0.0439034 0.0439034 0.0439034 0.0439034 0.0439034 0.0439034 0.0439034 0.0439034 0.0439034 0.0439034 0.0439034 0.0439034 0.0439034 0.0439034 0.0439034 0.0439034 0.0439034 0.0439034 0.0439034 0.0439034 0.0439034 0.0439034 0.0439034 0.0439034 0.0439034 0.0439034 0.0439034 0.0439034 0.0439034 0.0439034 0.0439034 0.0439034 0.0439034 0.0439034 0.0439034 0.0439034 0.0439034 0.0439034 0.0439034 0.0439034 0.0439034 0.0439034 0.0439034 0.0439034 0.0439034 0.0439034 0.0439034 0.0439034 0.0439034 0.0439034
 210.389 260.325 269.527 310.618 182.949 169.03 95.9904 59.8449 85.1645 196.628 57.3554 45.7151 80.8025 51.3048 32.0134 25.4261 25.2904 49.2105 52.9687 25.8905 20.8217 20.886 20.2815 20.5768 23.3878 25.8906 31.8496 30.9297 19.2679 20.8267 17.8842 13.9671 10.4237 6.91073 7.90362 7.1233 7.27711 4.51516 3.66739 4.3012 6.78662 4.20689 3.14588 2.66188 2.06188 1.7373 1.37178 1.11709 1.04571 1.10123 1.2043 1.22322 1.10331 0.954074 0.841337 0.769634 0.734171 0.731595 0.761248 0.825337 0.922904 1.03451 1.09983 1.05144 0.922083 0.790332 0.686436 0.610565 0.555945 0.515531 0.48469 0.460368 0.440676 0.424211 0.40961 0.395728 0.381728 0.36734 0.352712 0.338299 0.324575 0.311898 0.300359 0.28992 0.280297 0.271105 0.262265 0.253563 0.244838 0.236012 0.227067 0.218024 0.208947 0.199944 0.191036 0.182342 0.173934 0.165854 0.158128 0.150767 3.24156
# Age-structure at Ydeclare= 2013
 428.273 184.642 192.702 238.436 246.856 284.46 167.5 154.679 87.7695 54.6589 77.6849 179.129 52.1905 41.5586 73.4013 46.5799 29.0538 23.0693 22.9419 44.6351 48.0397 23.4799 18.8822 18.9399 18.3912 18.6584 21.2067 23.4752 28.877 28.0417 17.4678 18.88 16.2116 12.6601 9.44785 6.26353 7.16317 6.45573 6.59492 4.09176 3.32339 3.89763 6.14966 3.81194 2.85047 2.41186 1.86818 1.57406 1.24287 1.01209 0.947418 0.997711 1.09108 1.10822 0.999571 0.864367 0.762227 0.697265 0.665136 0.662801 0.689665 0.747725 0.836117 0.937225 0.996406 0.952559 0.835368 0.716007 0.621881 0.553144 0.503661 0.467047 0.439106 0.417072 0.399231 0.384314 0.371086 0.35851 0.345827 0.332791 0.319539 0.306482 0.294049 0.282564 0.27211 0.262653 0.253935 0.245608 0.237599 0.229716 0.221811 0.213815 0.205712 0.197519 0.189296 0.18114 0.17307 0.165193 0.157576 0.150256 3.21655
# Year for Tmin Age-structure (set to Ydecl by SS)
2013
#  recruitment and biomass
# Number of historical assessment years
137
# Historical data
# year recruitment spawner in B0 in R project in R/S project
1888  1889 1890 1891 1892 1893 1894 1895 1896 1897 1898 1899 1900 1901 1902 1903 1904 1905 1906 1907 1908 1909 1910 1911 1912 1913 1914 1915 1916 1917 1918 1919 1920 1921 1922 1923 1924 1925 1926 1927 1928 1929 1930 1931 1932 1933 1934 1935 1936 1937 1938 1939 1940 1941 1942 1943 1944 1945 1946 1947 1948 1949 1950 1951 1952 1953 1954 1955 1956 1957 1958 1959 1960 1961 1962 1963 1964 1965 1966 1967 1968 1969 1970 1971 1972 1973 1974 1975 1976 1977 1978 1979 1980 1981 1982 1983 1984 1985 1986 1987 1988 1989 1990 1991 1992 1993 1994 1995 1996 1997 1998 1999 2000 2001 2002 2003 2004 2005 2006 2007 2008 2009 2010 2011 2012 2013 2014 2015 2016 2017 2018 2019 2020 2021 2022 2023 2024 #years (with first value representing R0)
220.791 224.522 224.654 224.79 224.931 225.069 225.212 225.36 225.521 225.689 225.864 226.047 226.239 226.44 226.651 226.87 227.102 227.35 227.614 227.906 228.221 228.56 228.926 229.313 229.719 230.124 230.506 230.825 231.03 231.064 230.847 230.266 229.333 227.971 226.16 223.924 221.316 218.431 215.417 212.438 209.532 206.939 204.784 203.007 201.474 199.918 198.058 195.687 192.802 189.618 186.577 184.173 182.889 183.118 185.325 190.251 198.973 213.061 233.664 259.665 281.987 280.864 251.498 213.55 181.732 159.483 145.803 139.16 138.714 144.137 155.304 170.552 179.442 167.511 145.069 130.275 131.358 151.844 180.445 200.117 240.18 262.196 321.457 471.334 268.981 204.542 222.492 313.988 266.83 254.916 190.353 243.247 274.051 293.026 283.192 216.365 286.301 243.248 163.982 123.868 92.1509 77.8387 69.7928 61.6056 68.999 129.208 111.395 53.6665 50.9406 60.8084 92.6391 138.892 74.8824 89.5999 293.184 121.296 81.4737 124.984 210.564 218.084 354.355 294.264 272.008 210.389 192.929 428.273 211.695 276.69 206.136 106.438 104.683 112.114 112.79 150.946 169.563 175.063 179.791  #recruits; first value is R0 (virgin)
1118.89  1118.89 1118.88 1118.87 1118.84 1118.38 1117.92 1117.46 1117.31 1117.24 1117.16 1117.09 1117.03 1116.98 1116.94 1116.94 1116.97 1117.03 1117.12 1117.25 1117.41 1117.47 1117.67 1117.89 1118.13 1118.38 1118.64 1118.91 1119.13 1119.42 1119.58 1117.7 1117.4 1117.25 1117.18 1117.4 1117.58 1117.22 1116.54 1115.08 1112.93 1110.88 1109.32 1107.44 1106.59 1105.9 1105.22 1103.99 1102.72 1100.44 1098.37 1095.94 1094.05 1090.94 1086.22 1081.05 1071.3 1060.78 1044.96 1030.27 1023.17 1014.98 1008.46 1001.16 992.2 984.271 978.109 970.794 963.904 957.054 949.233 942.268 936.604 932.307 930.016 927.111 925.709 925.461 915.392 912.088 906.801 900.994 885.991 875.53 861.881 845.068 826.892 806.965 787.432 765.186 743.338 709.093 673.204 646.116 611.754 555.664 508.074 480.623 444.128 415.106 388.117 365.227 336.335 315.834 281.662 250.728 221.028 205.148 189.067 171.418 150.864 144.126 133.05 133.835 133.978 139.277 144.749 150.413 156.048 161.97 167.368 173.12 178.803 185.194 191.849 198.773 206.537 215.188 224.263 234.525 244.928 256.875 270.002 285.354 302.119 319.07 336.663 #spbio; first value is SSB_virgin (virgin)
1 0 0 0 0 0 0 0 0 0 0 0 0 0 0 0 0 0 0 0 0 0 0 0 0 0 0 0 0 0 0 0 0 0 0 0 0 0 0 0 0 0 0 0 0 0 0 0 0 0 0 0 0 0 0 0 0 0 0 0 0 0 0 0 0 0 0 0 0 0 0 0 0 0 0 0 0 0 0 0 0 0 0 0 0 0 0 0 0 0 0 0 0 0 0 0 0 0 0 0 0 0 0 0 0 0 0 0 0 0 0 0 0 0 0 0 0 0 0 0 0 0 0 0 0 0 0 0 0 0 0 0 0 0 0 0 0  # in Bzero
0 1 1 1 1 1 1 1 1 1 1 1 1 1 1 1 1 1 1 1 1 1 1 1 1 1 1 1 1 1 1 1 1 1 1 1 1 1 1 1 1 1 1 1 1 1 1 1 1 1 1 1 1 1 1 1 1 1 1 1 1 1 1 1 1 1 1 1 1 1 1 1 1 1 1 1 1 1 1 1 1 1 1 1 1 1 1 1 1 1 1 1 1 1 1 1 1 1 1 1 1 1 1 1 1 1 1 1 1 1 1 1 1 1 1 1 1 1 1 1 1 1 1 1 1 1 1 1 1 1 1 1 1 1  0 0 0 # in R project
0 1 1 1 1 1 1 1 1 1 1 1 1 1 1 1 1 1 1 1 1 1 1 1 1 1 1 1 1 1 1 1 1 1 1 1 1 1 1 1 1 1 1 1 1 1 1 1 1 1 1 1 1 1 1 1 1 1 1 1 1 1 1 1 1 1 1 1 1 1 1 1 1 1 1 1 1 1 1 1 1 1 1 1 1 1 1 1 1 1 1 1 1 1 1 1 1 1 1 1 1 1 1 1 1 1 1 1 1 1 1 1 1 1 1 1 1 1 1 1 1 1 1 1 1 1 1 1 1 1 1 1 1 1  0 0 0 # in R/S project
# Number of years with pre-specified catches
0
# catches for years with pre-specified catches go next
# Number of future recruitments to override
-2
# Process for overiding (-1 for average otherwise index in data list)
# Which probability to product detailed results for (1=0.5; 2=0.6; etc.)
3
# Steepness sigma-R Auto-correlation
0.718 0.5 0
# Target SPR rate (FMSY Proxy); manually change to SPR_MSY if not using SPR_target
0.5
# Discount rate (for cumulative catch)
0.1
# Truncate the series when 0.4B0 is reached (1=Yes)
0
# Set F to FMSY once 0.4B0 is reached (1=Yes)
0
# Maximum possible F for projection (-1 to set to FMSY)
-1
# Defintion of recovery (1=now only;2=now or before)
2
# Projection type
4
# Definition of the 40-10 rule
10 40
# Sigma Assessment Error (Base, Year1, Slope, MaxSigma)
1.0 2025 0.075 2.0
# Pstar
0.45
# Constrain catches by the ABC (1=yes, 2=no)
2
# Implementation Error (0=no; 1=lognormal; 2=uniform)
0
#Parameters of Implementaion Error
1 0.3
# Calculate coefficients of variation (1=Yes)
0
# Number of replicates to use
10
# Random number seed
-99004
# File with multiple parameter vectors 
rebuild.SSO
# User-specific projection (1=Yes); Output replaced (1->9)
0  5
# Catches and Fs (Year; 1/2/3 (F or C or SPR); value); Final row is -1
2024 1 1
-1 -1 -1
# Fixed catch project (1=Yes); Output replaced (1->9); Approach (-1=Read in else 1-9)
0 2 -1
# (48a) Special catch options (1-Yes) [CUT_OFF, Emsy, distribution, MAXCAT, Add, replace_code]
0 0.18 1.00 1.00 0 6
# (48b) B1Target
150000
# Split of Fs
2011  0.0173158
 0
 0.408934
 0.023139
 0.186208
 0.190533
 0.173871
-1  1 1 1 1 1 1 1 1 1 1 1 1
# Yrs to define T_target for projection type 4 (a.k.a. 5 pre-specified inputs)
2030 2031 2032 2033 2034 
# Year for probability of recovery
2034 2035 2036 2037 2038 2039 2040 2041
# Time varying weight-at-age (1=Yes;0=No)
0
# File with time series of weight-at-age data
none
# Use bisection (0) or linear interpolation (1)
1
# Target Depletion
0.4
# CV of implementation error
0
