#Title, #runnumber: 2 yelloweye_data.ss yelloweye_control.ss 5777.64 2349.77 1849.04 StartTime: Thu May  1 17:30:42 2025
SSv3_default_rebuild.dat
# Number of sexes
1
# Age range to consider (minimum age; maximum age)
0 100
# Number of fleets
7
# First year of projection (Yinit)
2011
# First Year of rebuilding period (Ydecl)
2013
# Number of simulations
1000
# Maximum number of years
500
# Conduct projections with multiple starting values (0=No;else yes)
0
# Number of parameter vectors
1000
# Is the maximum age a plus-group (1=Yes;2=No)
1
# Generate future recruitments using historical recruitments (1)  historical recruits/spawner (2)  or a stock-recruitment (3)
3
# Constant fishing mortality (1) or constant Catch (2) projections
1
# Fishing mortality based on SPR (1) or actual rate (2)
1
# Pre-specify the year of recovery (or -1) to ignore
-1
# Fecundity-at-age
# 0 1 2 3 4 5 6 7 8 9 10 11 12 13 14 15 16 17 18 19 20 21 22 23 24 25 26 27 28 29 30 31 32 33 34 35 36 37 38 39 40 41 42 43 44 45 46 47 48 49 50 51 52 53 54 55 56 57 58 59 60 61 62 63 64 65 66 67 68 69 70 71 72 73 74 75 76 77 78 79 80 81 82 83 84 85 86 87 88 89 90 91 92 93 94 95 96 97 98 99 100 #runnumber: 2 yelloweye_data.ss yelloweye_control.ss 5777.64 2349.77 1849.04
 0 0 1.91057e-09 4.65547e-08 6.81091e-07 6.75596e-06 5.00041e-05 0.000289136 0.00132191 0.0047591 0.0135562 0.0312562 0.0603187 0.100888 0.150895 0.207112 0.266307 0.325929 0.384305 0.440513 0.494156 0.545145 0.593544 0.639476 0.683072 0.724452 0.763719 0.800962 0.836256 0.86967 0.901268 0.931114 0.959269 0.985797 1.01076 1.03423 1.05626 1.07693 1.0963 1.11442 1.13138 1.14723 1.16203 1.17584 1.18872 1.20073 1.21191 1.22232 1.23201 1.24102 1.2494 1.25719 1.26443 1.27115 1.2774 1.28319 1.28857 1.29356 1.29818 1.30248 1.30645 1.31014 1.31356 1.31673 1.31967 1.32239 1.32491 1.32725 1.32941 1.33142 1.33327 1.33502 1.33664 1.33814 1.33953 1.34081 1.342 1.3431 1.34412 1.34506 1.34594 1.34675 1.34749 1.34819 1.34883 1.34942 1.34997 1.35048 1.35095 1.35138 1.35178 1.35215 1.3525 1.35282 1.35311 1.35339 1.35364 1.35387 1.35409 1.35429 1.35457 #female fecundity; weighted by N in year Y_init across morphs and areas
# Age specific selectivity and weight adjusted for discard and discard mortality
 #wt and selex for gender,fleet: 1 1 1_CA_TWL
 0.00896707 0.00898683 0.0314501 0.0933991 0.184107 0.301691 0.439607 0.591267 0.751206 0.91527 1.08046 1.24466 1.40643 1.56477 1.719 1.8686 2.01311 2.15201 2.28469 2.41049 2.52878 2.63906 2.74104 2.83468 2.92014 2.99779 3.06812 3.13169 3.18912 3.24098 3.28784 3.33024 3.36864 3.40349 3.43515 3.46397 3.49024 3.51423 3.53617 3.55625 3.57466 3.59156 3.60708 3.62134 3.63447 3.64656 3.65769 3.66795 3.67742 3.68615 3.69421 3.70164 3.70851 3.71486 3.72072 3.72613 3.73114 3.73576 3.74004 3.74399 3.74764 3.75102 3.75415 3.75703 3.75971 3.76218 3.76446 3.76657 3.76853 3.77034 3.77179 3.77292 3.77396 3.77492 3.77581 3.77664 3.7774 3.7781 3.77875 3.77935 3.7799 3.78041 3.78089 3.78133 3.78173 3.78211 3.78245 3.78277 3.78307 3.78334 3.7836 3.78383 3.78405 3.78425 3.78443 3.7846 3.78476 3.78491 3.78504 3.78517 3.78535
 0 4.75864e-09 1.53979e-08 4.15219e-07 7.30195e-06 7.3745e-05 0.000472103 0.00209847 0.00697721 0.0184096 0.040376 0.076327 0.127962 0.194578 0.2732 0.359297 0.447718 0.533519 0.612507 0.681496 0.738356 0.781943 0.811977 0.828905 0.833743 0.827918 0.813105 0.79108 0.763587 0.732249 0.698501 0.663555 0.628395 0.593785 0.560291 0.528311 0.4981 0.469803 0.443478 0.419121 0.396679 0.376072 0.357197 0.339943 0.324193 0.30983 0.296739 0.284813 0.273948 0.264051 0.255032 0.246811 0.239315 0.232476 0.226234 0.220532 0.215322 0.210558 0.206199 0.202208 0.198553 0.195203 0.192131 0.189313 0.186725 0.184349 0.182166 0.180159 0.178313 0.176615 0.175121 0.173812 0.172608 0.171499 0.170477 0.169536 0.168669 0.16787 0.167132 0.166453 0.165825 0.165247 0.164713 0.16422 0.163764 0.163344 0.162956 0.162598 0.162267 0.161961 0.161678 0.161417 0.161176 0.160953 0.160747 0.160557 0.160381 0.160218 0.160068 0.159929 0.159728
 #wt and selex for gender,fleet: 1 3 3_CA_REC
 0.00896707 0.0089868 0.0222458 0.0553199 0.103543 0.170239 0.257322 0.362882 0.484359 0.619287 0.765229 0.919795 1.08071 1.24587 1.41337 1.58153 1.74888 1.91417 2.07637 2.23461 2.38821 2.53663 2.67948 2.81648 2.94744 3.07228 3.19096 3.30354 3.41009 3.51076 3.60569 3.69508 3.77912 3.85804 3.93205 4.00139 4.06628 4.12695 4.18364 4.23656 4.28592 4.33194 4.37481 4.41474 4.4519 4.48646 4.51861 4.54849 4.57625 4.60203 4.62598 4.6482 4.66883 4.68797 4.70573 4.72219 4.73746 4.75162 4.76474 4.7769 4.78817 4.79861 4.80828 4.81724 4.82554 4.83323 4.84035 4.84694 4.85305 4.8587 4.86397 4.86887 4.87342 4.87762 4.88152 4.88512 4.88845 4.89154 4.8944 4.89704 4.89949 4.90175 4.90385 4.90579 4.90758 4.90924 4.91078 4.9122 4.91351 4.91473 4.91586 4.9169 4.91786 4.91876 4.91958 4.92034 4.92105 4.9217 4.92231 4.92287 4.92367
 0 0.241575 0.388988 0.710633 0.920841 0.986197 0.998146 0.999783 0.999976 0.999997 0.999999 0.999999 0.999999 0.999999 0.999999 0.999999 0.999999 0.999999 0.999999 0.999998 0.999998 0.999998 0.999998 0.999998 0.999998 0.999998 0.999998 0.999998 0.999998 0.999998 0.999997 0.999997 0.999997 0.999997 0.999997 0.999997 0.999997 0.999997 0.999997 0.999997 0.999997 0.999997 0.999997 0.999997 0.999997 0.999997 0.999997 0.999997 0.999997 0.999997 0.999997 0.999997 0.999997 0.999997 0.999997 0.999997 0.999997 0.999997 0.999997 0.999997 0.999997 0.999997 0.999997 0.999997 0.999997 0.999997 0.999997 0.999997 0.999997 0.999997 0.999997 0.999997 0.999997 0.999997 0.999997 0.999997 0.999997 0.999997 0.999997 0.999997 0.999997 0.999997 0.999997 0.999997 0.999997 0.999997 0.999997 0.999997 0.999997 0.999997 0.999997 0.999997 0.999997 0.999997 0.999997 0.999997 0.999997 0.999997 0.999997 0.999997 0.999997
 #wt and selex for gender,fleet: 1 4 4_ORWA_TWL
 0.00896707 0.00898679 0.0203451 0.0507339 0.101081 0.171832 0.262797 0.373054 0.501296 0.653681 1.61095 3.42389 3.5667 3.58963 3.60508 3.61911 3.63255 3.64565 3.65852 3.67119 3.68368 3.69597 3.70804 3.71988 3.73144 3.74271 3.75367 3.76428 3.77454 3.78442 3.79391 3.80301 3.81171 3.82 3.8279 3.83539 3.8425 3.84922 3.85557 3.86156 3.8672 3.8725 3.87748 3.88216 3.88654 3.89064 3.89448 3.89806 3.90141 3.90454 3.90745 3.91017 3.91271 3.91506 3.91726 3.9193 3.9212 3.92296 3.9246 3.92612 3.92754 3.92885 3.93007 3.9312 3.93225 3.93322 3.93412 3.93496 3.93573 3.93645 3.93705 3.93753 3.93798 3.9384 3.93878 3.93913 3.93946 3.93977 3.94005 3.9403 3.94054 3.94076 3.94097 3.94116 3.94133 3.9415 3.94165 3.94178 3.94191 3.94203 3.94214 3.94224 3.94233 3.94242 3.9425 3.94258 3.94264 3.94271 3.94277 3.94282 3.9429
 0 2.11296e-09 2.9175e-09 3.2769e-09 3.42937e-09 3.59842e-09 3.79673e-09 4.03217e-09 4.31547e-09 4.67452e-09 7.23488e-09 1.11957e-07 2.18345e-06 2.33595e-05 0.0001545 0.000706757 0.00242665 0.00664115 0.0151542 0.0298411 0.0520823 0.0822856 0.119688 0.162488 0.208216 0.254191 0.297941 0.337481 0.371453 0.399133 0.420348 0.435353 0.444697 0.449099 0.449346 0.446226 0.440472 0.432742 0.423601 0.413522 0.402888 0.392006 0.381112 0.370384 0.359954 0.349913 0.340323 0.331222 0.322628 0.314546 0.306972 0.299894 0.293293 0.287149 0.281438 0.276137 0.271221 0.266666 0.262447 0.258543 0.25493 0.251589 0.2485 0.245644 0.243004 0.240565 0.23831 0.236226 0.234301 0.232521 0.230906 0.229444 0.228096 0.226851 0.225703 0.224642 0.223664 0.22276 0.221926 0.221155 0.220443 0.219786 0.219179 0.218617 0.218099 0.21762 0.217177 0.216768 0.216389 0.21604 0.215717 0.215418 0.215142 0.214886 0.21465 0.214432 0.21423 0.214043 0.213871 0.213711 0.213481
 #wt and selex for gender,fleet: 1 5 5_ORWA_NONTWL
 0.00896707 0.00898679 0.0203344 0.0506695 0.100892 0.17138 0.261845 0.37121 0.497906 0.640196 0.801912 1.34838 3.55972 4.12306 4.19862 4.2373 4.27112 4.3031 4.33376 4.36333 4.392 4.41996 4.44734 4.47428 4.50087 4.52717 4.55323 4.57905 4.60465 4.63 4.65507 4.67982 4.70419 4.72813 4.75159 4.7745 4.79682 4.81851 4.83951 4.85979 4.87932 4.89808 4.91606 4.93324 4.94963 4.96522 4.98002 4.99406 5.00733 5.01988 5.0317 5.04284 5.05332 5.06316 5.07239 5.08104 5.08915 5.09672 5.10381 5.11042 5.1166 5.12236 5.12773 5.13273 5.13738 5.14171 5.14574 5.14949 5.15297 5.15621 5.15943 5.16264 5.16562 5.16838 5.17094 5.17332 5.17552 5.17755 5.17944 5.1812 5.18282 5.18432 5.18571 5.187 5.18819 5.1893 5.19032 5.19127 5.19215 5.19296 5.19371 5.19441 5.19505 5.19565 5.1962 5.19671 5.19718 5.19762 5.19803 5.1984 5.19894
 0 2.06121e-09 2.84381e-09 3.18099e-09 3.31039e-09 3.44995e-09 3.60988e-09 3.79465e-09 4.00985e-09 4.26299e-09 4.57206e-09 5.61555e-09 2.80359e-08 3.71626e-07 3.47009e-06 2.18398e-05 0.000100209 0.000357565 0.00104204 0.00257503 0.00555536 0.0107071 0.0187788 0.0304215 0.0460808 0.0659287 0.0898464 0.117453 0.148167 0.181281 0.216038 0.251694 0.287564 0.323057 0.357686 0.391072 0.422938 0.453099 0.481446 0.507933 0.532564 0.555378 0.576442 0.595841 0.613671 0.630034 0.645031 0.658767 0.671339 0.682842 0.693366 0.702992 0.7118 0.719858 0.727234 0.733988 0.740173 0.74584 0.751035 0.755799 0.76017 0.764181 0.767864 0.771247 0.774356 0.777214 0.779842 0.782261 0.784486 0.786535 0.788345 0.789939 0.791406 0.792757 0.794002 0.795149 0.796206 0.797181 0.79808 0.79891 0.799675 0.800381 0.801033 0.801634 0.80219 0.802703 0.803176 0.803614 0.804018 0.804391 0.804736 0.805055 0.80535 0.805622 0.805874 0.806106 0.806321 0.80652 0.806704 0.806874 0.807118
 #wt and selex for gender,fleet: 1 6 6_OR_REC
 0.00896707 0.00898679 0.0208607 0.0673821 0.386583 0.41078 0.440825 0.488401 0.559503 0.657802 0.781985 0.92601 1.08266 1.24632 1.41333 1.58131 1.74858 1.91381 2.07596 2.23415 2.3877 2.53608 2.67889 2.81585 2.94677 3.07157 3.19023 3.30277 3.4093 3.50994 3.60485 3.69422 3.77824 3.85714 3.93114 4.00046 4.06534 4.126 4.18267 4.23558 4.28493 4.33094 4.37381 4.41373 4.45088 4.48544 4.51758 4.54745 4.57521 4.60099 4.62493 4.64715 4.66778 4.68691 4.70467 4.72113 4.7364 4.75055 4.76367 4.77583 4.7871 4.79753 4.80721 4.81617 4.82447 4.83215 4.83927 4.84586 4.85196 4.85762 4.86288 4.86779 4.87233 4.87653 4.88042 4.88402 4.88736 4.89044 4.8933 4.89594 4.89839 4.90065 4.90275 4.90468 4.90648 4.90814 4.90967 4.91109 4.91241 4.91362 4.91475 4.91579 4.91675 4.91765 4.91847 4.91923 4.91994 4.92059 4.9212 4.92176 4.92256
 0 3.82227e-09 5.47765e-09 8.06143e-09 4.312e-05 0.00976228 0.124475 0.412171 0.707554 0.885479 0.962303 0.988907 0.996744 0.998708 0.999038 0.998946 0.998749 0.998526 0.998297 0.998069 0.997845 0.997626 0.997413 0.997208 0.997012 0.996824 0.996645 0.996475 0.996314 0.996161 0.996017 0.995882 0.995755 0.995635 0.995523 0.995418 0.99532 0.995229 0.995143 0.995063 0.994988 0.994919 0.994854 0.994794 0.994738 0.994686 0.994637 0.994593 0.994551 0.994512 0.994476 0.994442 0.994411 0.994383 0.994356 0.994331 0.994308 0.994287 0.994267 0.994249 0.994232 0.994217 0.994202 0.994189 0.994176 0.994165 0.994154 0.994144 0.994135 0.994126 0.994118 0.994111 0.994104 0.994098 0.994092 0.994087 0.994082 0.994077 0.994073 0.994069 0.994065 0.994062 0.994059 0.994056 0.994053 0.994051 0.994048 0.994046 0.994044 0.994042 0.994041 0.994039 0.994038 0.994036 0.994035 0.994034 0.994033 0.994032 0.994031 0.99403 0.994029
 #wt and selex for gender,fleet: 1 7 7_WA_REC
 0.00896707 0.00898679 0.0204233 0.0512307 0.102663 0.176032 0.291045 1.60947 1.67468 1.6909 1.71166 1.73876 1.7735 1.81732 1.87167 1.93789 2.01685 2.10868 2.21254 2.32662 2.44833 2.57476 2.70304 2.83074 2.95594 3.07729 3.19391 3.30526 3.41111 3.51136 3.60605 3.6953 3.77926 3.85812 3.9321 4.00142 4.0663 4.12697 4.18365 4.23656 4.28592 4.33194 4.37482 4.41474 4.4519 4.48647 4.51861 4.54849 4.57625 4.60203 4.62598 4.6482 4.66883 4.68797 4.70573 4.72219 4.73746 4.75162 4.76474 4.7769 4.78817 4.79861 4.80828 4.81724 4.82555 4.83323 4.84035 4.84694 4.85305 4.8587 4.86397 4.86887 4.87342 4.87762 4.88152 4.88512 4.88846 4.89154 4.8944 4.89704 4.89949 4.90175 4.90385 4.90579 4.90758 4.90924 4.91078 4.9122 4.91351 4.91473 4.91586 4.9169 4.91786 4.91876 4.91958 4.92034 4.92105 4.9217 4.92231 4.92287 4.92367
 0 2.44451e-09 3.3947e-09 3.93235e-09 4.30383e-09 4.79402e-09 5.56451e-09 1.5842e-07 2.13411e-05 0.000589741 0.00579445 0.0286257 0.0881367 0.194459 0.337985 0.494706 0.640069 0.758795 0.846536 0.906455 0.944903 0.968398 0.982225 0.990134 0.994566 0.997015 0.998358 0.999092 0.999494 0.999714 0.999837 0.999905 0.999944 0.999966 0.999979 0.999987 0.999991 0.999994 0.999996 0.999997 0.999998 0.999998 0.999999 0.999999 0.999999 0.999999 0.999999 0.999999 0.999999 0.999999 0.999999 0.999999 0.999999 0.999999 0.999999 0.999999 0.999999 0.999999 0.999999 0.999999 0.999999 0.999999 0.999999 0.999999 0.999999 0.999999 0.999999 0.999999 0.999999 0.999999 0.999999 0.999999 0.999999 0.999999 0.999999 0.999999 0.999999 0.999999 0.999999 0.999999 0.999999 0.999999 0.999999 0.999999 0.999999 0.999999 0.999999 0.999999 0.999999 0.999999 0.999999 0.999999 0.999999 0.999999 0.999999 0.999999 0.999999 0.999999 0.999999 0.999999 0.999999
# Sex ratio correction
1
# M and current age-structure in year Yinit: 2011
 # gender = 1
 0.0439034 0.0439034 0.0439034 0.0439034 0.0439034 0.0439034 0.0439034 0.0439034 0.0439034 0.0439034 0.0439034 0.0439034 0.0439034 0.0439034 0.0439034 0.0439034 0.0439034 0.0439034 0.0439034 0.0439034 0.0439034 0.0439034 0.0439034 0.0439034 0.0439034 0.0439034 0.0439034 0.0439034 0.0439034 0.0439034 0.0439034 0.0439034 0.0439034 0.0439034 0.0439034 0.0439034 0.0439034 0.0439034 0.0439034 0.0439034 0.0439034 0.0439034 0.0439034 0.0439034 0.0439034 0.0439034 0.0439034 0.0439034 0.0439034 0.0439034 0.0439034 0.0439034 0.0439034 0.0439034 0.0439034 0.0439034 0.0439034 0.0439034 0.0439034 0.0439034 0.0439034 0.0439034 0.0439034 0.0439034 0.0439034 0.0439034 0.0439034 0.0439034 0.0439034 0.0439034 0.0439034 0.0439034 0.0439034 0.0439034 0.0439034 0.0439034 0.0439034 0.0439034 0.0439034 0.0439034 0.0439034 0.0439034 0.0439034 0.0439034 0.0439034 0.0439034 0.0439034 0.0439034 0.0439034 0.0439034 0.0439034 0.0439034 0.0439034 0.0439034 0.0439034 0.0439034 0.0439034 0.0439034 0.0439034 0.0439034 0.0439034
 429.149 552.814 598.474 706.595 527.393 454.469 263.279 175.388 262.102 562.281 169.623 126.848 212.152 152.451 93.8576 80.1732 85.9889 202.015 257.1 80.1905 61.4286 68.5177 78.7245 90.36 107.892 119.541 151.939 316.233 142.857 360.492 120.922 107.04 83.955 66.8996 84.4162 82.3101 100.318 71.4963 64.5334 81.2943 127.677 64.8574 47.7751 37.9891 29.1446 24.2165 19.1116 15.6608 14.6825 15.4457 16.8902 17.2701 15.7524 13.7536 12.2461 11.3329 10.9518 11.0538 11.6397 12.7735 14.5098 16.6296 17.9913 16.9833 14.5225 12.264 10.6024 9.43635 8.61107 8.00437 7.54224 7.18176 6.89651 6.66423 6.46159 6.26727 6.06564 5.85116 5.62719 5.40272 5.18726 4.98761 4.80603 4.64192 4.49055 4.34567 4.20576 4.06739 3.92829 3.78746 3.64492 3.50127 3.35768 3.21563 3.07584 2.93973 2.80824 2.68192 2.56103 2.44572 53.0467
# Age-structure at Ydeclare= 2013
 887.565 416.344 393.009 506.113 547.713 646.312 482.236 415.506 240.689 160.326 239.579 513.951 155.043 115.945 193.915 139.345 85.7886 73.2829 78.6038 184.686 235.085 73.3352 56.1827 62.6705 72.0101 82.6575 98.6995 109.359 138.998 289.298 130.688 329.782 110.619 97.9187 76.7995 61.1967 77.2188 75.2911 91.7617 65.3974 59.0275 74.3574 116.78 59.3216 43.6968 34.7458 26.6562 22.1486 17.4796 14.3234 13.4284 14.1264 15.4474 15.7948 14.4067 12.5786 11.1998 10.3646 10.016 10.1093 10.645 11.6819 13.2699 15.2085 16.4537 15.5318 13.2813 11.2158 9.69619 8.62979 7.87503 7.32018 6.89754 6.56787 6.30699 6.09456 5.90923 5.73151 5.54711 5.35096 5.14613 4.94085 4.7438 4.56122 4.39516 4.24507 4.10665 3.97415 3.8462 3.71966 3.59245 3.46366 3.3333 3.20193 3.07061 2.9407 2.81287 2.68839 2.56814 2.45262 53.0899
# Year for Tmin Age-structure (set to Ydecl by SS)
2013
#  recruitment and biomass
# Number of historical assessment years
137
# Historical data
# year recruitment spawner in B0 in R project in R/S project
1888  1889 1890 1891 1892 1893 1894 1895 1896 1897 1898 1899 1900 1901 1902 1903 1904 1905 1906 1907 1908 1909 1910 1911 1912 1913 1914 1915 1916 1917 1918 1919 1920 1921 1922 1923 1924 1925 1926 1927 1928 1929 1930 1931 1932 1933 1934 1935 1936 1937 1938 1939 1940 1941 1942 1943 1944 1945 1946 1947 1948 1949 1950 1951 1952 1953 1954 1955 1956 1957 1958 1959 1960 1961 1962 1963 1964 1965 1966 1967 1968 1969 1970 1971 1972 1973 1974 1975 1976 1977 1978 1979 1980 1981 1982 1983 1984 1985 1986 1987 1988 1989 1990 1991 1992 1993 1994 1995 1996 1997 1998 1999 2000 2001 2002 2003 2004 2005 2006 2007 2008 2009 2010 2011 2012 2013 2014 2015 2016 2017 2018 2019 2020 2021 2022 2023 2024 #years (with first value representing R0)
441.505 445.524 445.671 445.826 445.987 446.147 446.314 446.489 446.679 446.881 447.095 447.323 447.568 447.83 448.112 448.411 448.738 449.1 449.497 449.952 450.46 451.027 451.646 452.313 453.025 453.747 454.433 455.006 455.382 455.45 455.068 454.069 452.418 450.01 446.811 442.873 438.31 433.323 428.201 423.283 418.663 414.824 412.027 410.161 408.908 407.672 405.768 402.666 398.294 393.148 388.241 384.737 383.704 385.956 392.341 404.298 424.358 456.607 505.642 572.945 640.674 648.325 571.698 475.11 397.585 343.598 308.659 288.457 280.726 284.451 298.734 319.147 325.695 296.033 251.336 221.701 219.421 248.528 292.429 327.054 396.572 464.552 588.311 1082.21 645.097 480.415 500.469 661.663 512.516 497.174 373.229 444.089 537.354 577.122 1637.57 617.693 1301.03 594.535 444.754 381.19 302.646 249.857 206.135 174.852 214.934 643.866 470.588 187.382 164.134 181.028 278.273 367.362 209.02 266.371 843.081 375.286 239.944 344.134 567.744 629.533 806.69 653.47 577.625 429.149 435.03 887.565 487.553 559.476 411.757 210.407 214.924 262.789 270.835 373.789 407.232 408.364 429.309  #recruits; first value is R0 (virgin)
2349.77  2349.77 2349.77 2349.75 2349.73 2349.27 2348.82 2348.38 2348.26 2348.22 2348.17 2348.13 2348.09 2348.07 2348.08 2348.12 2348.2 2348.31 2348.47 2348.66 2348.89 2349.03 2349.32 2349.63 2349.96 2350.31 2350.68 2351.07 2351.41 2351.84 2352.14 2350.41 2350.35 2350.45 2350.66 2351.2 2351.71 2351.72 2351.44 2350.43 2348.78 2347.31 2346.36 2345.13 2344.93 2344.86 2344.71 2343.91 2342.95 2340.83 2338.76 2336.14 2333.87 2330.12 2324.57 2318.4 2307.28 2295.04 2277.01 2260.5 2251.85 2242.12 2233.98 2224.9 2214.03 2204.14 2196.11 2187.1 2178.94 2171.43 2163.88 2158.7 2156.32 2156.66 2160.19 2163.55 2168.65 2174.19 2167.3 2166.98 2162.79 2156.41 2138.27 2123.88 2104.54 2080.56 2053.86 2024.15 1993.44 1959.03 1924.36 1875.68 1826.63 1788.26 1744.88 1677.46 1621.75 1594.8 1560.06 1537.81 1519.46 1504.64 1482.59 1473.9 1451.37 1434.6 1422.61 1432.39 1444.95 1458.94 1470.93 1496.9 1515.83 1543.77 1566.2 1590.4 1610.98 1628.33 1642.82 1655.04 1664.19 1671.03 1675.65 1678.97 1681.41 1683.57 1686.65 1690.92 1696.18 1703.44 1712.15 1723.97 1738.47 1756.87 1777.86 1799.6 1822.4 #spbio; first value is SSB_virgin (virgin)
1 0 0 0 0 0 0 0 0 0 0 0 0 0 0 0 0 0 0 0 0 0 0 0 0 0 0 0 0 0 0 0 0 0 0 0 0 0 0 0 0 0 0 0 0 0 0 0 0 0 0 0 0 0 0 0 0 0 0 0 0 0 0 0 0 0 0 0 0 0 0 0 0 0 0 0 0 0 0 0 0 0 0 0 0 0 0 0 0 0 0 0 0 0 0 0 0 0 0 0 0 0 0 0 0 0 0 0 0 0 0 0 0 0 0 0 0 0 0 0 0 0 0 0 0 0 0 0 0 0 0 0 0 0 0 0 0  # in Bzero
0 1 1 1 1 1 1 1 1 1 1 1 1 1 1 1 1 1 1 1 1 1 1 1 1 1 1 1 1 1 1 1 1 1 1 1 1 1 1 1 1 1 1 1 1 1 1 1 1 1 1 1 1 1 1 1 1 1 1 1 1 1 1 1 1 1 1 1 1 1 1 1 1 1 1 1 1 1 1 1 1 1 1 1 1 1 1 1 1 1 1 1 1 1 1 1 1 1 1 1 1 1 1 1 1 1 1 1 1 1 1 1 1 1 1 1 1 1 1 1 1 1 1 1 1 1 1 1 1 1 1 1 1 1  0 0 0 # in R project
0 1 1 1 1 1 1 1 1 1 1 1 1 1 1 1 1 1 1 1 1 1 1 1 1 1 1 1 1 1 1 1 1 1 1 1 1 1 1 1 1 1 1 1 1 1 1 1 1 1 1 1 1 1 1 1 1 1 1 1 1 1 1 1 1 1 1 1 1 1 1 1 1 1 1 1 1 1 1 1 1 1 1 1 1 1 1 1 1 1 1 1 1 1 1 1 1 1 1 1 1 1 1 1 1 1 1 1 1 1 1 1 1 1 1 1 1 1 1 1 1 1 1 1 1 1 1 1 1 1 1 1 1 1  0 0 0 # in R/S project
# Number of years with pre-specified catches
0
# catches for years with pre-specified catches go next
# Number of future recruitments to override
-2
# Process for overiding (-1 for average otherwise index in data list)
# Which probability to product detailed results for (1=0.5; 2=0.6; etc.)
3
# Steepness sigma-R Auto-correlation
0.718 0.5 0
# Target SPR rate (FMSY Proxy); manually change to SPR_MSY if not using SPR_target
0.5
# Discount rate (for cumulative catch)
0.1
# Truncate the series when 0.4B0 is reached (1=Yes)
0
# Set F to FMSY once 0.4B0 is reached (1=Yes)
0
# Maximum possible F for projection (-1 to set to FMSY)
-1
# Defintion of recovery (1=now only;2=now or before)
2
# Projection type
4
# Definition of the 40-10 rule
10 40
# Sigma Assessment Error (Base, Year1, Slope, MaxSigma)
1.0 2025 0.075 2.0
# Pstar
0.45
# Constrain catches by the ABC (1=yes, 2=no)
2
# Implementation Error (0=no; 1=lognormal; 2=uniform)
0
#Parameters of Implementaion Error
1 0.3
# Calculate coefficients of variation (1=Yes)
0
# Number of replicates to use
10
# Random number seed
-99004
# File with multiple parameter vectors 
rebuild.SSO
# User-specific projection (1=Yes); Output replaced (1->9)
0  5
# Catches and Fs (Year; 1/2/3 (F or C or SPR); value); Final row is -1
2024 1 1
-1 -1 -1
# Fixed catch project (1=Yes); Output replaced (1->9); Approach (-1=Read in else 1-9)
0 2 -1
# (48a) Special catch options (1-Yes) [CUT_OFF, Emsy, distribution, MAXCAT, Add, replace_code]
0 0.18 1.00 1.00 0 6
# (48b) B1Target
150000
# Split of Fs
2011  0.0515537
 0
 0.660579
 0.0289658
 0.11833
 0.05472
 0.0858517
-1  1 1 1 1 1 1 1 1 1 1 1 1
# Yrs to define T_target for projection type 4 (a.k.a. 5 pre-specified inputs)
2030 2031 2032 2033 2034 
# Year for probability of recovery
2034 2035 2036 2037 2038 2039 2040 2041
# Time varying weight-at-age (1=Yes;0=No)
0
# File with time series of weight-at-age data
none
# Use bisection (0) or linear interpolation (1)
1
# Target Depletion
0.4
# CV of implementation error
0
