#Title, #runnumber: 1 yelloweye_data.ss yelloweye_control.ss 6190.52 1084.72 322.899 StartTime: Sun Apr 27 23:04:52 2025
SSv3_default_rebuild.dat
# Number of sexes
1
# Age range to consider (minimum age; maximum age)
0 100
# Number of fleets
7
# First year of projection (Yinit)
2011
# First Year of rebuilding period (Ydecl)
2013
# Number of simulations
1000
# Maximum number of years
500
# Conduct projections with multiple starting values (0=No;else yes)
0
# Number of parameter vectors
1000
# Is the maximum age a plus-group (1=Yes;2=No)
1
# Generate future recruitments using historical recruitments (1)  historical recruits/spawner (2)  or a stock-recruitment (3)
3
# Constant fishing mortality (1) or constant Catch (2) projections
1
# Fishing mortality based on SPR (1) or actual rate (2)
1
# Pre-specify the year of recovery (or -1) to ignore
-1
# Fecundity-at-age
# 0 1 2 3 4 5 6 7 8 9 10 11 12 13 14 15 16 17 18 19 20 21 22 23 24 25 26 27 28 29 30 31 32 33 34 35 36 37 38 39 40 41 42 43 44 45 46 47 48 49 50 51 52 53 54 55 56 57 58 59 60 61 62 63 64 65 66 67 68 69 70 71 72 73 74 75 76 77 78 79 80 81 82 83 84 85 86 87 88 89 90 91 92 93 94 95 96 97 98 99 100 #runnumber: 1 yelloweye_data.ss yelloweye_control.ss 6190.52 1084.72 322.899
 0 0 2.73828e-08 3.50944e-07 3.1881e-06 2.22626e-05 0.000124146 0.000557532 0.00200977 0.005851 0.0140491 0.0286368 0.0510258 0.0815764 0.119593 0.163637 0.211945 0.262788 0.314694 0.366538 0.417541 0.467212 0.515277 0.561609 0.606173 0.648986 0.690088 0.729531 0.767364 0.803637 0.838392 0.871672 0.903512 0.93395 0.963021 0.99076 1.0172 1.04239 1.06636 1.08914 1.11078 1.13132 1.1508 1.16927 1.18675 1.20329 1.21894 1.23373 1.2477 1.26089 1.27334 1.28508 1.29615 1.30659 1.31642 1.32568 1.33439 1.3426 1.35031 1.35757 1.3644 1.37082 1.37685 1.38252 1.38785 1.39285 1.39755 1.40197 1.40611 1.41 1.41365 1.41717 1.42046 1.42356 1.42647 1.42919 1.43175 1.43414 1.43639 1.4385 1.44048 1.44234 1.44408 1.44571 1.44723 1.44867 1.45001 1.45127 1.45245 1.45356 1.4546 1.45557 1.45648 1.45733 1.45814 1.45889 1.45959 1.46025 1.46087 1.46144 1.46235 #female fecundity; weighted by N in year Y_init across morphs and areas
# Age specific selectivity and weight adjusted for discard and discard mortality
 #wt and selex for gender,fleet: 1 1 1_CA_TWL
 0.0108336 0.0214068 0.0588074 0.114512 0.188052 0.276622 0.376929 0.485955 0.601207 0.72078 0.843404 0.968438 1.09577 1.2256 1.35817 1.49359 1.63166 1.77188 1.91351 2.05564 2.19731 2.33759 2.47567 2.61085 2.7426 2.87048 2.9942 3.11354 3.22837 3.33863 3.44428 3.54535 3.64189 3.73396 3.82167 3.90512 3.98444 4.05975 4.13119 4.1989 4.26302 4.32371 4.3811 4.43534 4.48657 4.53494 4.58058 4.62362 4.66419 4.70243 4.73844 4.77236 4.80428 4.83432 4.86258 4.88915 4.91414 4.93763 4.95971 4.98045 4.99994 5.01824 5.03543 5.05157 5.06672 5.08095 5.0943 5.10683 5.11858 5.12961 5.14006 5.14995 5.15923 5.16794 5.1761 5.18376 5.19094 5.19767 5.20398 5.2099 5.21545 5.22065 5.22552 5.23009 5.23438 5.23839 5.24216 5.24569 5.24899 5.25209 5.25499 5.25772 5.26027 5.26266 5.2649 5.26699 5.26896 5.2708 5.27253 5.27415 5.27668
 0 0.00137782 0.00487592 0.0151733 0.0380398 0.0794569 0.142961 0.227854 0.329125 0.438871 0.548364 0.649975 0.738413 0.811114 0.867914 0.910325 0.940741 0.961785 0.97589 0.985081 0.990924 0.994558 0.996777 0.99811 0.9989 0.999364 0.999633 0.999788 0.999878 0.999929 0.999958 0.999975 0.999985 0.999991 0.999994 0.999996 0.999997 0.999997 0.999998 0.999998 0.999998 0.999998 0.999998 0.999998 0.999998 0.999998 0.999998 0.999998 0.999998 0.999998 0.999998 0.999998 0.999998 0.999998 0.999998 0.999998 0.999998 0.999998 0.999998 0.999997 0.999997 0.999997 0.999997 0.999997 0.999997 0.999997 0.999997 0.999997 0.999997 0.999997 0.999997 0.999997 0.999997 0.999997 0.999997 0.999997 0.999997 0.999997 0.999997 0.999997 0.999997 0.999997 0.999997 0.999997 0.999997 0.999997 0.999997 0.999997 0.999997 0.999997 0.999997 0.999997 0.999997 0.999997 0.999997 0.999997 0.999997 0.999997 0.999997 0.999997 0.999997
 #wt and selex for gender,fleet: 1 3 3_CA_REC
 0.0107783 0.0203986 0.0547203 0.10656 0.175421 0.258992 0.354435 0.459059 0.570584 0.687286 0.808107 0.932629 1.06088 1.193 1.32902 1.46861 1.61115 1.75572 1.90125 2.04666 2.19094 2.3332 2.47272 2.60892 2.74135 2.86969 2.9937 3.11323 3.22818 3.33851 3.44421 3.54531 3.64186 3.73395 3.82166 3.90512 3.98444 4.05975 4.13119 4.1989 4.26302 4.32371 4.3811 4.43534 4.48657 4.53494 4.58058 4.62362 4.66419 4.70243 4.73844 4.77236 4.80428 4.83432 4.86258 4.88915 4.91414 4.93763 4.95971 4.98045 4.99994 5.01824 5.03543 5.05157 5.06672 5.08095 5.0943 5.10683 5.11858 5.12961 5.14006 5.14995 5.15923 5.16794 5.1761 5.18376 5.19094 5.19767 5.20398 5.2099 5.21545 5.22065 5.22553 5.2301 5.23438 5.2384 5.24216 5.24569 5.24899 5.25209 5.255 5.25772 5.26027 5.26266 5.2649 5.267 5.26896 5.2708 5.27253 5.27415 5.27668
 0 0.00574775 0.016 0.0399796 0.0837335 0.150974 0.240742 0.347315 0.461852 0.574767 0.677871 0.76575 0.836143 0.889469 0.927898 0.954386 0.971934 0.983158 0.990115 0.994312 0.996782 0.998206 0.999012 0.999461 0.999708 0.999843 0.999915 0.999954 0.999975 0.999987 0.999993 0.999996 0.999998 0.999998 0.999999 0.999999 0.999999 0.999999 0.999999 0.999999 0.999999 0.999999 0.999999 0.999999 0.999999 0.999999 0.999999 0.999999 0.999999 0.999999 0.999999 0.999999 0.999999 0.999999 0.999999 0.999999 0.999999 0.999999 0.999999 0.999999 0.999999 0.999999 0.999999 0.999999 0.999999 0.999999 0.999999 0.999999 0.999999 0.999999 0.999999 0.999999 0.999999 0.999999 0.999999 0.999999 0.999999 0.999999 0.999999 0.999999 0.999999 0.999999 0.999999 0.999999 0.999999 0.999999 0.999999 0.999999 0.999999 0.999999 0.999999 0.999999 0.999999 0.999999 0.999999 0.999999 0.999999 0.999999 0.999999 0.999999 0.999999
 #wt and selex for gender,fleet: 1 4 4_ORWA_TWL
 0.0107208 0.0193365 0.0502589 0.0984356 0.163708 0.244521 0.338643 0.443719 0.557543 0.678183 0.804048 0.933936 1.06703 1.20284 1.34105 1.48135 1.62336 1.76658 1.91034 2.05388 2.19644 2.33723 2.47558 2.6109 2.74269 2.87058 2.99428 3.11361 3.22842 3.33866 3.4443 3.54537 3.6419 3.73397 3.82168 3.90513 3.98444 4.05975 4.13119 4.1989 4.26302 4.32371 4.3811 4.43534 4.48657 4.53494 4.58058 4.62362 4.66419 4.70243 4.73844 4.77236 4.80428 4.83432 4.86258 4.88915 4.91414 4.93763 4.95971 4.98045 4.99994 5.01824 5.03543 5.05157 5.06672 5.08095 5.0943 5.10682 5.11858 5.12961 5.14006 5.14995 5.15923 5.16794 5.1761 5.18376 5.19094 5.19767 5.20398 5.2099 5.21545 5.22065 5.22552 5.23009 5.23438 5.23839 5.24216 5.24569 5.24899 5.25209 5.25499 5.25772 5.26027 5.26266 5.2649 5.26699 5.26896 5.2708 5.27253 5.27415 5.27668
 0 0.0157349 0.0336276 0.0662245 0.115833 0.182895 0.265107 0.357913 0.455552 0.55217 0.642697 0.723396 0.792092 0.848112 0.892005 0.925147 0.949336 0.966449 0.97822 0.986112 0.991284 0.994606 0.996701 0.998002 0.9988 0.999283 0.999573 0.999747 0.999849 0.99991 0.999946 0.999967 0.99998 0.999987 0.999992 0.999994 0.999996 0.999997 0.999997 0.999998 0.999998 0.999998 0.999998 0.999998 0.999998 0.999998 0.999998 0.999998 0.999998 0.999998 0.999998 0.999998 0.999998 0.999998 0.999998 0.999998 0.999998 0.999998 0.999998 0.999998 0.999998 0.999997 0.999997 0.999997 0.999997 0.999997 0.999997 0.999997 0.999997 0.999997 0.999997 0.999997 0.999997 0.999997 0.999997 0.999997 0.999997 0.999997 0.999997 0.999997 0.999997 0.999997 0.999997 0.999997 0.999997 0.999997 0.999997 0.999997 0.999997 0.999997 0.999997 0.999997 0.999997 0.999997 0.999997 0.999997 0.999997 0.999997 0.999997 0.999997 0.999997
 #wt and selex for gender,fleet: 1 5 5_ORWA_NONTWL
 0.0107845 0.0205378 0.0558328 0.110172 0.183729 0.274516 0.379692 0.496323 0.621712 0.75354 0.889875 1.02915 1.17008 1.31169 1.45319 1.59399 1.73369 1.87197 2.00864 2.14352 2.27646 2.40731 2.53589 2.66198 2.78537 2.9058 3.02306 3.13691 3.24717 3.35365 3.45624 3.55484 3.64941 3.73992 3.8264 3.90888 3.98743 4.06213 4.1331 4.20043 4.26427 4.32472 4.38192 4.43602 4.48714 4.53541 4.58097 4.62395 4.66448 4.70267 4.73865 4.77254 4.80444 4.83446 4.8627 4.88926 4.91424 4.93772 4.95979 4.98052 5 5.0183 5.03549 5.05162 5.06677 5.08099 5.09434 5.10686 5.11862 5.12965 5.14009 5.14998 5.15926 5.16797 5.17613 5.18379 5.19097 5.1977 5.20401 5.20993 5.21547 5.22068 5.22555 5.23012 5.23441 5.23842 5.24218 5.24571 5.24902 5.25212 5.25502 5.25774 5.26029 5.26268 5.26492 5.26702 5.26898 5.27083 5.27255 5.27417 5.2767
 0 0.000918012 0.00267909 0.00723345 0.016703 0.0336333 0.0603402 0.0982882 0.147705 0.207524 0.275617 0.349187 0.42519 0.500714 0.573241 0.640806 0.702055 0.756229 0.803084 0.842795 0.875835 0.90287 0.924662 0.941992 0.955613 0.966206 0.974372 0.980619 0.985368 0.988962 0.99167 0.993705 0.995234 0.99638 0.99724 0.997887 0.998374 0.998742 0.999021 0.999233 0.999395 0.999519 0.999615 0.99969 0.999748 0.999794 0.99983 0.999858 0.999881 0.9999 0.999915 0.999927 0.999937 0.999945 0.999952 0.999958 0.999963 0.999967 0.99997 0.999973 0.999976 0.999978 0.99998 0.999981 0.999983 0.999984 0.999985 0.999986 0.999987 0.999987 0.999988 0.999988 0.999989 0.999989 0.999989 0.99999 0.99999 0.99999 0.99999 0.99999 0.999991 0.999991 0.999991 0.999991 0.999991 0.999991 0.999991 0.999991 0.999991 0.999992 0.999992 0.999992 0.999992 0.999992 0.999992 0.999992 0.999992 0.999992 0.999992 0.999992 0.999992
 #wt and selex for gender,fleet: 1 6 6_OR_REC
 0.011295 0.0285686 0.0786927 0.146451 0.228987 0.320606 0.416867 0.515071 0.614451 0.715979 0.821613 0.933366 1.05261 1.17973 1.31415 1.45455 1.59921 1.74633 1.89429 2.04172 2.18752 2.33085 2.47108 2.60772 2.74042 2.86891 2.99299 3.11255 3.22751 3.33783 3.44351 3.54459 3.64113 3.7332 3.82089 3.90433 3.98364 4.05893 4.13036 4.19806 4.26217 4.32284 4.38023 4.43446 4.48568 4.53404 4.57967 4.62271 4.66328 4.70151 4.73752 4.77143 4.80335 4.83338 4.86164 4.88821 4.9132 4.93669 4.95876 4.9795 4.99899 5.01729 5.03447 5.05061 5.06576 5.07999 5.09333 5.10586 5.11762 5.12865 5.13909 5.14898 5.15826 5.16696 5.17512 5.18277 5.18995 5.19668 5.20299 5.2089 5.21445 5.21965 5.22452 5.22909 5.23337 5.23739 5.24115 5.24468 5.24798 5.25108 5.25398 5.2567 5.25925 5.26164 5.26388 5.26597 5.26794 5.26978 5.27151 5.27313 5.27566
 0 4.09039e-05 0.000539556 0.00428998 0.0202723 0.0640696 0.149095 0.275014 0.42536 0.576334 0.708165 0.810962 0.884051 0.932206 0.961973 0.979397 0.989121 0.994315 0.996971 0.998262 0.998843 0.999066 0.999112 0.999073 0.998994 0.998898 0.998793 0.998687 0.998581 0.998477 0.998375 0.998277 0.998181 0.998089 0.998001 0.997917 0.997836 0.997758 0.997685 0.997614 0.997548 0.997484 0.997424 0.997367 0.997313 0.997262 0.997213 0.997167 0.997124 0.997083 0.997045 0.997009 0.996974 0.996942 0.996912 0.996883 0.996856 0.996831 0.996807 0.996785 0.996764 0.996744 0.996725 0.996708 0.996691 0.996676 0.996661 0.996648 0.996635 0.996623 0.996612 0.996601 0.996591 0.996581 0.996572 0.996564 0.996556 0.996549 0.996542 0.996536 0.99653 0.996524 0.996519 0.996514 0.996509 0.996504 0.9965 0.996496 0.996493 0.996489 0.996486 0.996483 0.996481 0.996478 0.996475 0.996473 0.996471 0.996469 0.996467 0.996465 0.996463
 #wt and selex for gender,fleet: 1 7 7_WA_REC
 0.0111393 0.0264989 0.075262 0.144712 0.233551 0.336678 0.449232 0.567357 0.688278 0.810175 0.932065 1.0537 1.17542 1.29791 1.42194 1.54818 1.677 1.80841 1.94206 2.07732 2.21331 2.3491 2.48376 2.61642 2.74636 2.87299 2.99585 3.11461 3.22907 3.33907 3.44456 3.54553 3.642 3.73404 3.82172 3.90516 3.98446 4.05976 4.1312 4.1989 4.26303 4.32371 4.3811 4.43534 4.48657 4.53494 4.58058 4.62362 4.66419 4.70243 4.73844 4.77236 4.80428 4.83432 4.86258 4.88915 4.91414 4.93763 4.95971 4.98045 4.99994 5.01824 5.03543 5.05157 5.06672 5.08095 5.0943 5.10683 5.11858 5.12961 5.14006 5.14995 5.15923 5.16794 5.1761 5.18376 5.19094 5.19767 5.20398 5.2099 5.21545 5.22065 5.22553 5.2301 5.23438 5.2384 5.24216 5.24569 5.24899 5.25209 5.255 5.25772 5.26027 5.26266 5.2649 5.267 5.26896 5.2708 5.27253 5.27415 5.27668
 0 1.23993e-05 0.000121617 0.000863652 0.00410727 0.0140901 0.037259 0.0801649 0.146457 0.234903 0.339498 0.451349 0.561211 0.661564 0.747682 0.817698 0.872009 0.912445 0.941487 0.9617 0.975384 0.984429 0.990283 0.994004 0.996334 0.997774 0.998655 0.99919 0.999513 0.999707 0.999823 0.999893 0.999935 0.99996 0.999975 0.999984 0.99999 0.999994 0.999996 0.999997 0.999998 0.999998 0.999999 0.999999 0.999999 0.999999 0.999999 0.999999 0.999999 0.999999 0.999999 0.999999 0.999999 0.999999 0.999999 0.999999 0.999999 0.999999 0.999999 0.999999 0.999999 0.999999 0.999999 0.999999 0.999999 0.999999 0.999999 0.999999 0.999999 0.999999 0.999999 0.999999 0.999999 0.999999 0.999999 0.999999 0.999999 0.999999 0.999999 0.999999 0.999999 0.999999 0.999999 0.999999 0.999999 0.999999 0.999999 0.999999 0.999999 0.999999 0.999999 0.999999 0.999999 0.999999 0.999999 0.999999 0.999999 0.999999 0.999999 0.999999 0.999999
# Sex ratio correction
1
# M and current age-structure in year Yinit: 2011
 # gender = 1
 0.0439034 0.0439034 0.0439034 0.0439034 0.0439034 0.0439034 0.0439034 0.0439034 0.0439034 0.0439034 0.0439034 0.0439034 0.0439034 0.0439034 0.0439034 0.0439034 0.0439034 0.0439034 0.0439034 0.0439034 0.0439034 0.0439034 0.0439034 0.0439034 0.0439034 0.0439034 0.0439034 0.0439034 0.0439034 0.0439034 0.0439034 0.0439034 0.0439034 0.0439034 0.0439034 0.0439034 0.0439034 0.0439034 0.0439034 0.0439034 0.0439034 0.0439034 0.0439034 0.0439034 0.0439034 0.0439034 0.0439034 0.0439034 0.0439034 0.0439034 0.0439034 0.0439034 0.0439034 0.0439034 0.0439034 0.0439034 0.0439034 0.0439034 0.0439034 0.0439034 0.0439034 0.0439034 0.0439034 0.0439034 0.0439034 0.0439034 0.0439034 0.0439034 0.0439034 0.0439034 0.0439034 0.0439034 0.0439034 0.0439034 0.0439034 0.0439034 0.0439034 0.0439034 0.0439034 0.0439034 0.0439034 0.0439034 0.0439034 0.0439034 0.0439034 0.0439034 0.0439034 0.0439034 0.0439034 0.0439034 0.0439034 0.0439034 0.0439034 0.0439034 0.0439034 0.0439034 0.0439034 0.0439034 0.0439034 0.0439034 0.0439034
 302.515 294.086 239.59 290.258 152.35 105.211 74.0485 54.6802 111.169 188.97 77.5267 55.7435 92.0667 52.5728 30.8971 24.9818 25.1193 48.0288 59.3498 25.2914 18.6874 19.1236 20.4832 20.8447 20.9457 20.4051 23.1662 27.6213 22.3086 23.6856 16.5009 11.2036 7.70425 5.87068 6.17897 5.69484 5.38458 3.38824 3.10701 3.69627 5.85117 3.94097 2.94773 2.16412 1.63627 1.32258 1.00559 0.813274 0.765271 0.815914 0.914784 0.973014 0.914899 0.793633 0.68044 0.599803 0.55474 0.541411 0.556267 0.59793 0.662336 0.732134 0.767024 0.731508 0.647772 0.56106 0.490386 0.437224 0.398052 0.368468 0.345453 0.326934 0.311629 0.298555 0.286676 0.275085 0.263154 0.250783 0.23826 0.226099 0.214757 0.204515 0.19542 0.187408 0.180291 0.17384 0.16785 0.162151 0.156603 0.15112 0.145648 0.140164 0.134674 0.129223 0.123806 0.118401 0.113153 0.108088 0.103222 0.0985667 2.1626
# Age-structure at Ydeclare= 2013
 162.577 134.144 277.082 269.354 219.427 265.79 139.464 96.2611 67.697 49.94 101.417 172.19 70.5643 50.6868 83.6438 47.7297 28.0352 22.658 22.7753 43.5361 53.7884 22.9185 16.9325 17.3264 18.5573 18.8838 18.9744 18.4838 20.9839 25.0177 20.2044 21.45 14.9423 10.1445 6.97549 5.315 5.59376 5.15517 4.87403 3.0668 2.81209 3.34524 5.29521 3.56632 2.66737 1.9582 1.48052 1.19664 0.9098 0.735784 0.692338 0.738138 0.827569 0.880234 0.827651 0.717942 0.61554 0.542591 0.501824 0.489764 0.503201 0.540887 0.599147 0.662284 0.693843 0.661714 0.585965 0.507526 0.443594 0.395504 0.360069 0.333307 0.312488 0.295736 0.281891 0.270064 0.259318 0.248834 0.238041 0.22685 0.215523 0.204522 0.194263 0.184998 0.176771 0.169524 0.163086 0.15725 0.151832 0.146677 0.141658 0.136699 0.131749 0.126789 0.121823 0.116892 0.111992 0.107102 0.102356 0.0977743 2.13879
# Year for Tmin Age-structure (set to Ydecl by SS)
2013
#  recruitment and biomass
# Number of historical assessment years
137
# Historical data
# year recruitment spawner in B0 in R project in R/S project
1888  1889 1890 1891 1892 1893 1894 1895 1896 1897 1898 1899 1900 1901 1902 1903 1904 1905 1906 1907 1908 1909 1910 1911 1912 1913 1914 1915 1916 1917 1918 1919 1920 1921 1922 1923 1924 1925 1926 1927 1928 1929 1930 1931 1932 1933 1934 1935 1936 1937 1938 1939 1940 1941 1942 1943 1944 1945 1946 1947 1948 1949 1950 1951 1952 1953 1954 1955 1956 1957 1958 1959 1960 1961 1962 1963 1964 1965 1966 1967 1968 1969 1970 1971 1972 1973 1974 1975 1976 1977 1978 1979 1980 1981 1982 1983 1984 1985 1986 1987 1988 1989 1990 1991 1992 1993 1994 1995 1996 1997 1998 1999 2000 2001 2002 2003 2004 2005 2006 2007 2008 2009 2010 2011 2012 2013 2014 2015 2016 2017 2018 2019 2020 2021 2022 2023 2024 #years (with first value representing R0)
210.882 210.512 210.501 210.491 210.48 210.461 210.442 210.422 210.408 210.394 210.381 210.368 210.351 210.336 210.325 210.303 210.284 210.269 210.26 210.264 210.276 210.292 210.314 210.34 210.363 210.364 210.321 210.193 209.944 209.528 208.711 207.569 206.137 204.379 202.315 200.004 197.53 195 192.561 190.364 188.564 187.306 186.661 186.571 186.887 187.295 187.408 186.88 185.595 183.727 181.755 180.236 179.687 180.489 183.076 188.14 196.639 209.886 228.542 251.111 269.827 269.162 244.363 210.214 180.412 159.522 147.523 143.572 147.381 158.646 175.447 191.59 192.778 171.208 143.965 126.988 126.522 146.088 178.606 204.252 248.076 307.964 372.153 494.9 277.375 204.869 194.435 266.406 240.72 221.205 176.523 193.085 232.456 281.895 331.858 255.872 259.621 179.081 130.661 112.196 94.544 79.7712 64.9449 56.2141 68.452 146.668 109.782 53.6487 50.2408 58.8075 95.0271 158.35 91.3542 121.172 281.909 158.408 74.4701 96.4382 131.08 181.619 331.133 261.581 307.285 302.515 140.164 162.577 197.137 221.424 192.122 161.429 156.186 144.708 143.259 152.096 157.202 163.371 168.643  #recruits; first value is R0 (virgin)
1084.72  1084.72 1084.72 1084.7 1084.68 1084.21 1083.75 1083.29 1083.14 1083.06 1082.98 1082.9 1082.79 1082.68 1082.54 1082.38 1082.2 1081.99 1081.77 1081.53 1081.27 1080.87 1080.57 1080.25 1079.92 1079.57 1079.2 1078.82 1078.35 1077.93 1077.35 1074.69 1073.61 1072.65 1071.74 1071.12 1070.4 1069.14 1067.51 1065.06 1061.89 1058.8 1056.16 1053.16 1051.18 1049.34 1047.47 1045.05 1042.57 1039.09 1035.85 1032.28 1029.32 1025.21 1019.57 1013.59 1003.12 992.024 975.759 960.815 953.706 945.688 939.531 932.776 924.534 917.495 912.38 906.228 900.585 895.004 888.391 882.503 877.724 874.114 872.371 869.977 869.18 869.746 860.793 858.945 855.47 851.794 839.199 831.285 820.261 806.085 790.512 773.142 756.111 736.318 716.853 685.005 651.385 626.348 593.79 539.375 492.934 466.343 430.339 401.476 374.261 350.825 321.053 299.578 264.17 232.186 201.596 184.898 167.946 149.401 128.077 120.606 109.019 109.252 109.034 113.945 119.144 124.624 130.152 136.049 141.573 147.604 153.745 160.753 168.158 175.892 184.418 193.727 203.311 213.84 224.168 235.568 247.625 261.418 276.178 290.697 305.383 #spbio; first value is SSB_virgin (virgin)
1 0 0 0 0 0 0 0 0 0 0 0 0 0 0 0 0 0 0 0 0 0 0 0 0 0 0 0 0 0 0 0 0 0 0 0 0 0 0 0 0 0 0 0 0 0 0 0 0 0 0 0 0 0 0 0 0 0 0 0 0 0 0 0 0 0 0 0 0 0 0 0 0 0 0 0 0 0 0 0 0 0 0 0 0 0 0 0 0 0 0 0 0 0 0 0 0 0 0 0 0 0 0 0 0 0 0 0 0 0 0 0 0 0 0 0 0 0 0 0 0 0 0 0 0 0 0 0 0 0 0 0 0 0 0 0 0  # in Bzero
0 1 1 1 1 1 1 1 1 1 1 1 1 1 1 1 1 1 1 1 1 1 1 1 1 1 1 1 1 1 1 1 1 1 1 1 1 1 1 1 1 1 1 1 1 1 1 1 1 1 1 1 1 1 1 1 1 1 1 1 1 1 1 1 1 1 1 1 1 1 1 1 1 1 1 1 1 1 1 1 1 1 1 1 1 1 1 1 1 1 1 1 1 1 1 1 1 1 1 1 1 1 1 1 1 1 1 1 1 1 1 1 1 1 1 1 1 1 1 1 1 1 1 1 1 1 1 1 1 1 1 1 1 1  0 0 0 # in R project
0 1 1 1 1 1 1 1 1 1 1 1 1 1 1 1 1 1 1 1 1 1 1 1 1 1 1 1 1 1 1 1 1 1 1 1 1 1 1 1 1 1 1 1 1 1 1 1 1 1 1 1 1 1 1 1 1 1 1 1 1 1 1 1 1 1 1 1 1 1 1 1 1 1 1 1 1 1 1 1 1 1 1 1 1 1 1 1 1 1 1 1 1 1 1 1 1 1 1 1 1 1 1 1 1 1 1 1 1 1 1 1 1 1 1 1 1 1 1 1 1 1 1 1 1 1 1 1 1 1 1 1 1 1  0 0 0 # in R/S project
# Number of years with pre-specified catches
0
# catches for years with pre-specified catches go next
# Number of future recruitments to override
-2
# Process for overiding (-1 for average otherwise index in data list)
# Which probability to product detailed results for (1=0.5; 2=0.6; etc.)
3
# Steepness sigma-R Auto-correlation
0.718 0.5 0
# Target SPR rate (FMSY Proxy); manually change to SPR_MSY if not using SPR_target
0.5
# Discount rate (for cumulative catch)
0.1
# Truncate the series when 0.4B0 is reached (1=Yes)
0
# Set F to FMSY once 0.4B0 is reached (1=Yes)
0
# Maximum possible F for projection (-1 to set to FMSY)
-1
# Defintion of recovery (1=now only;2=now or before)
2
# Projection type
4
# Definition of the 40-10 rule
10 40
# Sigma Assessment Error (Base, Year1, Slope, MaxSigma)
1.0 2025 0.075 2.0
# Pstar
0.45
# Constrain catches by the ABC (1=yes, 2=no)
2
# Implementation Error (0=no; 1=lognormal; 2=uniform)
0
#Parameters of Implementaion Error
1 0.3
# Calculate coefficients of variation (1=Yes)
0
# Number of replicates to use
10
# Random number seed
-99004
# File with multiple parameter vectors 
rebuild.SSO
# User-specific projection (1=Yes); Output replaced (1->9)
0  5
# Catches and Fs (Year; 1/2/3 (F or C or SPR); value); Final row is -1
2024 1 1
-1 -1 -1
# Fixed catch project (1=Yes); Output replaced (1->9); Approach (-1=Read in else 1-9)
0 2 -1
# (48a) Special catch options (1-Yes) [CUT_OFF, Emsy, distribution, MAXCAT, Add, replace_code]
0 0.18 1.00 1.00 0 6
# (48b) B1Target
150000
# Split of Fs
2011  0.0161655
 0
 0.382586
 0.0239118
 0.194867
 0.195588
 0.186882
-1  1 1 1 1 1 1 1 1 1 1 1 1
# Yrs to define T_target for projection type 4 (a.k.a. 5 pre-specified inputs)
2030 2031 2032 2033 2034 
# Year for probability of recovery
2034 2035 2036 2037 2038 2039 2040 2041
# Time varying weight-at-age (1=Yes;0=No)
0
# File with time series of weight-at-age data
none
# Use bisection (0) or linear interpolation (1)
1
# Target Depletion
0.4
# CV of implementation error
0
