#Title, #runnumber: 1 yelloweye_data.ss yelloweye_control.ss 7247.54 1087.96 355.053 StartTime: Thu May  1 10:20:41 2025
SSv3_default_rebuild.dat
# Number of sexes
1
# Age range to consider (minimum age; maximum age)
0 100
# Number of fleets
7
# First year of projection (Yinit)
2011
# First Year of rebuilding period (Ydecl)
2013
# Number of simulations
1000
# Maximum number of years
500
# Conduct projections with multiple starting values (0=No;else yes)
0
# Number of parameter vectors
1000
# Is the maximum age a plus-group (1=Yes;2=No)
1
# Generate future recruitments using historical recruitments (1)  historical recruits/spawner (2)  or a stock-recruitment (3)
3
# Constant fishing mortality (1) or constant Catch (2) projections
1
# Fishing mortality based on SPR (1) or actual rate (2)
1
# Pre-specify the year of recovery (or -1) to ignore
-1
# Fecundity-at-age
# 0 1 2 3 4 5 6 7 8 9 10 11 12 13 14 15 16 17 18 19 20 21 22 23 24 25 26 27 28 29 30 31 32 33 34 35 36 37 38 39 40 41 42 43 44 45 46 47 48 49 50 51 52 53 54 55 56 57 58 59 60 61 62 63 64 65 66 67 68 69 70 71 72 73 74 75 76 77 78 79 80 81 82 83 84 85 86 87 88 89 90 91 92 93 94 95 96 97 98 99 100 #runnumber: 1 yelloweye_data.ss yelloweye_control.ss 7247.54 1087.96 355.053
 0 0 2.60636e-09 5.49072e-08 7.05873e-07 6.38027e-06 4.41277e-05 0.000243614 0.00108671 0.00389432 0.0111934 0.0262101 0.0514498 0.0874652 0.132743 0.184539 0.239904 0.296374 0.352226 0.40642 0.458426 0.508043 0.555249 0.600112 0.642729 0.683205 0.721634 0.758104 0.79269 0.825462 0.856485 0.885823 0.913535 0.939684 0.96433 0.987535 1.00936 1.02987 1.04912 1.06717 1.08409 1.09993 1.11476 1.12862 1.14157 1.15366 1.16495 1.17548 1.1853 1.19445 1.20297 1.21091 1.2183 1.22518 1.23158 1.23753 1.24306 1.24821 1.25299 1.25743 1.26155 1.26539 1.26895 1.27225 1.27532 1.27817 1.28081 1.28327 1.28554 1.28766 1.28962 1.29147 1.29318 1.29477 1.29625 1.29761 1.29888 1.30006 1.30115 1.30216 1.3031 1.30397 1.30478 1.30553 1.30622 1.30686 1.30746 1.30801 1.30852 1.309 1.30944 1.30985 1.31022 1.31057 1.3109 1.3112 1.31148 1.31174 1.31198 1.3122 1.31252 #female fecundity; weighted by N in year Y_init across morphs and areas
# Age specific selectivity and weight adjusted for discard and discard mortality
 #wt and selex for gender,fleet: 1 1 1_CA_TWL
 0.00896707 0.00907508 0.027265 0.0685109 0.130646 0.212803 0.312155 0.425354 0.549126 0.680546 0.817183 0.957268 1.09984 1.24464 1.39166 1.54075 1.69129 1.84232 1.99264 2.14104 2.28645 2.42797 2.56494 2.69688 2.82346 2.94449 3.05987 3.16959 3.27369 3.37225 3.46541 3.55332 3.63615 3.71409 3.78734 3.85611 3.92061 3.98104 4.03761 4.09053 4.14 4.18621 4.22935 4.26961 4.30715 4.34214 4.37474 4.4051 4.43337 4.45968 4.48416 4.50693 4.5281 4.54778 4.56607 4.58306 4.59885 4.61352 4.62714 4.63978 4.65153 4.66243 4.67254 4.68193 4.69064 4.69873 4.70623 4.71319 4.71964 4.72563 4.73122 4.73643 4.74127 4.74576 4.74991 4.75377 4.75735 4.76066 4.76374 4.76659 4.76923 4.77168 4.77395 4.77606 4.77801 4.77982 4.78149 4.78305 4.78449 4.78583 4.78706 4.78821 4.78927 4.79026 4.79117 4.79202 4.79281 4.79353 4.79421 4.79483 4.79574
 0 0.00106393 0.00236045 0.00907119 0.0272858 0.0654289 0.130279 0.223063 0.338047 0.464258 0.588957 0.701087 0.793591 0.86413 0.91427 0.947809 0.969132 0.982142 0.989829 0.994265 0.996781 0.998194 0.998983 0.999423 0.999669 0.999808 0.999886 0.999932 0.999958 0.999973 0.999983 0.999988 0.999992 0.999994 0.999995 0.999996 0.999997 0.999997 0.999997 0.999997 0.999997 0.999997 0.999997 0.999997 0.999997 0.999997 0.999997 0.999997 0.999997 0.999997 0.999997 0.999997 0.999997 0.999997 0.999997 0.999997 0.999997 0.999997 0.999997 0.999997 0.999997 0.999997 0.999997 0.999997 0.999997 0.999997 0.999997 0.999997 0.999997 0.999997 0.999997 0.999997 0.999997 0.999997 0.999997 0.999997 0.999997 0.999997 0.999997 0.999997 0.999997 0.999997 0.999997 0.999997 0.999997 0.999997 0.999997 0.999997 0.999997 0.999997 0.999997 0.999997 0.999997 0.999997 0.999997 0.999997 0.999997 0.999997 0.999997 0.999997 0.999997
 #wt and selex for gender,fleet: 1 3 3_CA_REC
 0.00896707 0.00907501 0.0263356 0.0657878 0.125382 0.204357 0.300171 0.409753 0.530047 0.65831 0.792379 0.930967 1.07363 1.2203 1.37063 1.52377 1.6784 1.83303 1.98623 2.13676 2.28366 2.42619 2.56382 2.69618 2.82302 2.94422 3.0597 3.16948 3.27361 3.3722 3.46538 3.5533 3.63613 3.71408 3.78734 3.85611 3.9206 3.98104 4.03761 4.09053 4.14 4.18621 4.22935 4.26961 4.30715 4.34214 4.37474 4.40511 4.43337 4.45968 4.48416 4.50693 4.5281 4.54778 4.56607 4.58306 4.59885 4.61352 4.62714 4.63979 4.65153 4.66243 4.67254 4.68193 4.69065 4.69873 4.70623 4.71319 4.71964 4.72563 4.73122 4.73643 4.74127 4.74576 4.74992 4.75377 4.75735 4.76066 4.76374 4.76659 4.76923 4.77168 4.77395 4.77606 4.77801 4.77982 4.7815 4.78305 4.78449 4.78583 4.78706 4.78821 4.78928 4.79026 4.79117 4.79202 4.79281 4.79353 4.79421 4.79483 4.79574
 0 0.00401331 0.00816031 0.0252322 0.0630174 0.129406 0.226416 0.347924 0.48147 0.612409 0.728121 0.820871 0.88872 0.934396 0.963002 0.979867 0.989339 0.994464 0.997161 0.998553 0.999263 0.999623 0.999806 0.999899 0.999946 0.999971 0.999984 0.999991 0.999995 0.999997 0.999998 0.999999 0.999999 0.999999 0.999999 0.999999 0.999999 0.999999 0.999999 0.999999 0.999999 0.999999 0.999999 0.999999 0.999999 0.999999 0.999999 0.999999 0.999999 0.999999 0.999999 0.999999 0.999999 0.999999 0.999999 0.999999 0.999999 0.999999 0.999999 0.999999 0.999999 0.999999 0.999999 0.999999 0.999999 0.999999 0.999999 0.999999 0.999999 0.999999 0.999999 0.999999 0.999999 0.999999 0.999999 0.999999 0.999999 0.999999 0.999999 0.999999 0.999999 0.999999 0.999999 0.999999 0.999999 0.999999 0.999999 0.999999 0.999999 0.999999 0.999999 0.999999 0.999999 0.999999 0.999999 0.999999 0.999999 0.999999 0.999999 0.999999 0.999999
 #wt and selex for gender,fleet: 1 4 4_ORWA_TWL
 0.00896707 0.00907492 0.025146 0.0624079 0.119411 0.195746 0.289423 0.397798 0.518068 0.647557 0.783923 0.925377 1.07081 1.21961 1.37125 1.52495 1.67965 1.83411 1.98705 2.13734 2.28405 2.42644 2.56398 2.69628 2.82308 2.94425 3.05972 3.16949 3.27362 3.37221 3.46538 3.5533 3.63613 3.71408 3.78733 3.85611 3.9206 3.98103 4.03761 4.09053 4.14 4.18621 4.22935 4.26961 4.30715 4.34214 4.37474 4.4051 4.43337 4.45968 4.48416 4.50693 4.5281 4.54778 4.56607 4.58306 4.59885 4.61352 4.62714 4.63978 4.65153 4.66243 4.67254 4.68193 4.69064 4.69873 4.70623 4.71319 4.71964 4.72563 4.73122 4.73643 4.74127 4.74575 4.74991 4.75377 4.75735 4.76066 4.76374 4.76659 4.76923 4.77168 4.77395 4.77606 4.77801 4.77982 4.78149 4.78305 4.78449 4.78582 4.78706 4.78821 4.78927 4.79026 4.79117 4.79202 4.79281 4.79353 4.79421 4.79483 4.79574
 0 0.0128274 0.0233793 0.0546205 0.109011 0.188893 0.291282 0.408266 0.529367 0.644271 0.744882 0.826443 0.887793 0.930778 0.959014 0.976551 0.986944 0.992878 0.996169 0.997956 0.998913 0.999421 0.999689 0.999832 0.999908 0.999948 0.99997 0.999982 0.999989 0.999993 0.999995 0.999996 0.999996 0.999997 0.999997 0.999997 0.999997 0.999997 0.999997 0.999997 0.999997 0.999997 0.999997 0.999997 0.999997 0.999996 0.999996 0.999996 0.999996 0.999996 0.999996 0.999996 0.999996 0.999996 0.999996 0.999996 0.999996 0.999996 0.999996 0.999996 0.999996 0.999996 0.999996 0.999996 0.999996 0.999996 0.999996 0.999996 0.999996 0.999996 0.999996 0.999996 0.999996 0.999996 0.999996 0.999996 0.999996 0.999996 0.999996 0.999996 0.999996 0.999996 0.999996 0.999996 0.999996 0.999996 0.999996 0.999996 0.999996 0.999996 0.999996 0.999996 0.999996 0.999996 0.999996 0.999996 0.999996 0.999996 0.999996 0.999996 0.999996
 #wt and selex for gender,fleet: 1 5 5_ORWA_NONTWL
 0.00896707 0.00907502 0.0266062 0.0670819 0.128998 0.212072 0.313996 0.431701 0.561959 0.701712 0.848222 0.999125 1.15242 1.30647 1.45995 1.6119 1.76164 1.90874 2.05291 2.19394 2.33162 2.4657 2.5959 2.72194 2.84355 2.96049 3.07256 3.17964 3.28165 3.37858 3.47045 3.55735 3.6394 3.71673 3.7895 3.85789 3.92208 3.98227 4.03865 4.09142 4.14076 4.18687 4.22992 4.27011 4.30759 4.34253 4.37509 4.40542 4.43366 4.45995 4.4844 4.50715 4.52831 4.54797 4.56625 4.58323 4.59901 4.61367 4.62729 4.63993 4.65166 4.66256 4.67267 4.68205 4.69076 4.69884 4.70634 4.7133 4.71975 4.72573 4.73132 4.73653 4.74137 4.74585 4.75001 4.75387 4.75744 4.76076 4.76383 4.76668 4.76932 4.77177 4.77404 4.77615 4.7781 4.77991 4.78158 4.78314 4.78458 4.78591 4.78715 4.7883 4.78936 4.79035 4.79126 4.79211 4.79289 4.79362 4.79429 4.79492 4.79583
 0 0.000637345 0.00132617 0.00444863 0.0123585 0.028681 0.0572469 0.100817 0.160084 0.23336 0.316998 0.406236 0.496124 0.582265 0.661274 0.73096 0.790297 0.839253 0.878528 0.909277 0.932856 0.950629 0.963842 0.973562 0.98066 0.985818 0.989557 0.992267 0.994234 0.995667 0.996715 0.997486 0.998057 0.998483 0.998803 0.999045 0.99923 0.999373 0.999484 0.999571 0.99964 0.999694 0.999738 0.999774 0.999803 0.999827 0.999847 0.999863 0.999877 0.999889 0.999899 0.999907 0.999914 0.999921 0.999926 0.999931 0.999935 0.999939 0.999942 0.999945 0.999947 0.999949 0.999951 0.999953 0.999955 0.999956 0.999958 0.999959 0.99996 0.999961 0.999962 0.999962 0.999963 0.999963 0.999964 0.999964 0.999964 0.999965 0.999965 0.999965 0.999966 0.999966 0.999966 0.999966 0.999966 0.999967 0.999967 0.999967 0.999967 0.999967 0.999967 0.999967 0.999967 0.999968 0.999968 0.999968 0.999968 0.999968 0.999968 0.999968 0.999968
 #wt and selex for gender,fleet: 1 6 6_OR_REC
 0.00896707 0.00907584 0.0342809 0.0842896 0.155165 0.242772 0.341793 0.447738 0.557728 0.671463 0.791093 0.919272 1.05716 1.20381 1.35687 1.51356 1.67142 1.8285 1.98337 2.13495 2.28246 2.42534 2.56315 2.69559 2.82247 2.94366 3.05913 3.16889 3.273 3.37157 3.46471 3.55261 3.63542 3.71334 3.78658 3.85533 3.91981 3.98022 4.03678 4.08968 4.13914 4.18534 4.22847 4.26871 4.30624 4.34122 4.37381 4.40417 4.43243 4.45873 4.4832 4.50596 4.52713 4.5468 4.56509 4.58208 4.59786 4.61252 4.62614 4.63878 4.65052 4.66142 4.67153 4.68092 4.68963 4.69771 4.70521 4.71217 4.71862 4.72461 4.73019 4.73541 4.74024 4.74472 4.74888 4.75273 4.75631 4.75962 4.7627 4.76555 4.76819 4.77064 4.77291 4.77501 4.77696 4.77877 4.78044 4.782 4.78344 4.78477 4.78601 4.78716 4.78822 4.78921 4.79012 4.79097 4.79175 4.79248 4.79315 4.79378 4.79469
 0 1.83289e-05 8.71319e-05 0.00133043 0.0103752 0.0465906 0.136728 0.290121 0.481497 0.665626 0.808126 0.900438 0.952378 0.978584 0.990747 0.996032 0.998196 0.999016 0.999275 0.999306 0.999244 0.999145 0.999032 0.998913 0.998795 0.998678 0.998564 0.998454 0.998348 0.998247 0.99815 0.998057 0.99797 0.997887 0.997808 0.997734 0.997664 0.997599 0.997537 0.997479 0.997425 0.997374 0.997327 0.997282 0.997241 0.997202 0.997166 0.997132 0.997101 0.997071 0.997044 0.997019 0.996995 0.996973 0.996953 0.996934 0.996916 0.996899 0.996884 0.99687 0.996857 0.996845 0.996833 0.996823 0.996813 0.996804 0.996795 0.996788 0.99678 0.996774 0.996767 0.996761 0.996756 0.996751 0.996746 0.996742 0.996738 0.996734 0.996731 0.996727 0.996724 0.996722 0.996719 0.996717 0.996714 0.996712 0.996711 0.996709 0.996707 0.996706 0.996704 0.996703 0.996702 0.996701 0.9967 0.996699 0.996698 0.996697 0.996696 0.996695 0.996694
 #wt and selex for gender,fleet: 1 7 7_WA_REC
 0.00896707 0.00907573 0.0336563 0.0844792 0.15889 0.253848 0.364334 0.485501 0.61331 0.744662 0.877448 1.0107 1.14463 1.28023 1.41856 1.56014 1.7047 1.85124 1.99839 2.14466 2.28868 2.42933 2.56576 2.69738 2.82376 2.94467 3.05998 3.16966 3.27373 3.37228 3.46543 3.55333 3.63615 3.71409 3.78735 3.85611 3.92061 3.98104 4.03761 4.09053 4.14 4.18621 4.22935 4.26961 4.30715 4.34214 4.37474 4.40511 4.43337 4.45968 4.48416 4.50693 4.5281 4.54778 4.56607 4.58306 4.59885 4.61352 4.62714 4.63979 4.65153 4.66243 4.67254 4.68193 4.69065 4.69873 4.70623 4.71319 4.71964 4.72563 4.73122 4.73643 4.74127 4.74576 4.74992 4.75377 4.75735 4.76066 4.76374 4.76659 4.76923 4.77168 4.77395 4.77606 4.77801 4.77982 4.7815 4.78305 4.78449 4.78583 4.78706 4.78821 4.78928 4.79026 4.79118 4.79202 4.79281 4.79353 4.79421 4.79483 4.79574
 0 2.96123e-06 1.28817e-05 0.000185242 0.00154154 0.0080063 0.0285215 0.0754329 0.157834 0.274684 0.413544 0.555727 0.683938 0.787676 0.864302 0.916802 0.950654 0.971461 0.98379 0.990898 0.99492 0.997167 0.998415 0.999108 0.999492 0.999708 0.999829 0.999899 0.999939 0.999962 0.999976 0.999985 0.99999 0.999993 0.999995 0.999997 0.999997 0.999998 0.999998 0.999999 0.999999 0.999999 0.999999 0.999999 0.999999 0.999999 0.999999 0.999999 0.999999 0.999999 0.999999 0.999999 0.999999 0.999999 0.999999 0.999999 0.999999 0.999999 0.999999 0.999999 0.999999 0.999999 0.999999 0.999999 0.999999 0.999999 0.999999 0.999999 0.999999 0.999999 0.999999 0.999999 0.999999 0.999999 0.999999 0.999999 0.999999 0.999999 0.999999 0.999999 0.999999 0.999999 0.999999 0.999999 0.999999 0.999999 0.999999 0.999999 0.999999 0.999999 0.999999 0.999999 0.999999 0.999999 0.999999 0.999999 0.999999 0.999999 0.999999 0.999999 0.999999
# Sex ratio correction
1
# M and current age-structure in year Yinit: 2011
 # gender = 1
 0.0439034 0.0439034 0.0439034 0.0439034 0.0439034 0.0439034 0.0439034 0.0439034 0.0439034 0.0439034 0.0439034 0.0439034 0.0439034 0.0439034 0.0439034 0.0439034 0.0439034 0.0439034 0.0439034 0.0439034 0.0439034 0.0439034 0.0439034 0.0439034 0.0439034 0.0439034 0.0439034 0.0439034 0.0439034 0.0439034 0.0439034 0.0439034 0.0439034 0.0439034 0.0439034 0.0439034 0.0439034 0.0439034 0.0439034 0.0439034 0.0439034 0.0439034 0.0439034 0.0439034 0.0439034 0.0439034 0.0439034 0.0439034 0.0439034 0.0439034 0.0439034 0.0439034 0.0439034 0.0439034 0.0439034 0.0439034 0.0439034 0.0439034 0.0439034 0.0439034 0.0439034 0.0439034 0.0439034 0.0439034 0.0439034 0.0439034 0.0439034 0.0439034 0.0439034 0.0439034 0.0439034 0.0439034 0.0439034 0.0439034 0.0439034 0.0439034 0.0439034 0.0439034 0.0439034 0.0439034 0.0439034 0.0439034 0.0439034 0.0439034 0.0439034 0.0439034 0.0439034 0.0439034 0.0439034 0.0439034 0.0439034 0.0439034 0.0439034 0.0439034 0.0439034 0.0439034 0.0439034 0.0439034 0.0439034 0.0439034 0.0439034
 212.93 261.972 273.177 310.09 186.446 168.385 96.9299 61.2151 87.2326 193.035 59.3338 46.9878 79.3298 51.5224 32.2311 25.6204 25.5945 48.7183 52.004 25.8829 20.6469 20.545 19.937 20.2319 22.92 25.4641 30.9673 29.8272 19.2029 20.1471 17.2959 14.1912 9.70378 6.66241 7.67793 6.89424 7.12089 4.36863 3.53227 4.13523 6.71692 4.04877 3.04338 2.58268 1.9955 1.68073 1.32173 1.073 1.00425 1.06006 1.16411 1.1845 1.06471 0.916909 0.806505 0.736841 0.702584 0.700215 0.729121 0.791869 0.888707 1.00259 1.07303 1.02495 0.8927 0.760673 0.658351 0.584467 0.531655 0.492737 0.463107 0.43977 0.420899 0.405143 0.391183 0.377903 0.364482 0.350659 0.336585 0.322713 0.309514 0.297343 0.286289 0.276313 0.267133 0.258369 0.249938 0.241627 0.233274 0.224804 0.2162 0.207483 0.198722 0.190026 0.181417 0.173015 0.164893 0.157094 0.149642 0.14255 3.02457
# Age-structure at Ydeclare= 2013
 428.616 189.744 195.029 239.946 250.199 283.975 170.701 154.086 88.6257 55.9076 79.5657 175.84 53.9847 42.7099 72.0526 46.7695 29.2459 23.2409 23.2129 44.179 47.1542 23.4677 18.7194 18.6263 18.0746 18.3413 20.7775 23.0829 28.0702 27.0355 17.4045 18.2593 15.6743 12.86 8.79305 6.03686 6.95676 6.24645 6.45159 3.95788 3.20006 3.74618 6.08479 3.66763 2.7568 2.33942 1.80751 1.52236 1.19717 0.971868 0.909582 0.960127 1.05436 1.07281 0.964312 0.830447 0.730452 0.667356 0.636328 0.634181 0.66036 0.71719 0.804894 0.908038 0.971831 0.928281 0.808506 0.68893 0.596257 0.529341 0.481509 0.446262 0.419426 0.39829 0.381199 0.366929 0.354286 0.342258 0.330103 0.317584 0.304837 0.292274 0.28032 0.269297 0.259285 0.25025 0.241937 0.233999 0.226363 0.218836 0.211271 0.2036 0.195807 0.187913 0.179978 0.172102 0.164305 0.156696 0.14934 0.142277 3.00394
# Year for Tmin Age-structure (set to Ydecl by SS)
2013
#  recruitment and biomass
# Number of historical assessment years
137
# Historical data
# year recruitment spawner in B0 in R project in R/S project
1888  1889 1890 1891 1892 1893 1894 1895 1896 1897 1898 1899 1900 1901 1902 1903 1904 1905 1906 1907 1908 1909 1910 1911 1912 1913 1914 1915 1916 1917 1918 1919 1920 1921 1922 1923 1924 1925 1926 1927 1928 1929 1930 1931 1932 1933 1934 1935 1936 1937 1938 1939 1940 1941 1942 1943 1944 1945 1946 1947 1948 1949 1950 1951 1952 1953 1954 1955 1956 1957 1958 1959 1960 1961 1962 1963 1964 1965 1966 1967 1968 1969 1970 1971 1972 1973 1974 1975 1976 1977 1978 1979 1980 1981 1982 1983 1984 1985 1986 1987 1988 1989 1990 1991 1992 1993 1994 1995 1996 1997 1998 1999 2000 2001 2002 2003 2004 2005 2006 2007 2008 2009 2010 2011 2012 2013 2014 2015 2016 2017 2018 2019 2020 2021 2022 2023 2024 #years (with first value representing R0)
214.885 220.814 221.025 221.245 221.472 221.699 221.934 222.179 222.439 222.711 222.995 223.29 223.599 223.922 224.261 224.612 224.982 225.374 225.788 226.235 226.712 227.218 227.757 228.321 228.908 229.498 230.067 230.572 230.96 231.171 231.118 230.68 229.87 228.603 226.857 224.656 222.055 219.157 216.119 213.115 210.186 207.585 205.444 203.7 202.215 200.708 198.887 196.531 193.638 190.427 187.353 184.926 183.638 183.885 186.142 191.174 200.118 214.677 236.246 264.055 288.705 287.771 255.946 215.913 183.056 160.348 146.471 139.761 139.353 144.962 156.565 172.614 182.199 169.74 146.348 131.072 132.138 153.153 182.655 202.534 243.542 264.904 322.838 486.353 269.338 204.955 223.677 318.807 267.561 256.142 189.477 233.364 286.377 290.843 280.541 220.32 281.437 240.515 163.627 122.874 91.515 77.1303 69.0819 61.3772 69.2192 127.172 110.476 54.3793 51.3749 61.2602 93.074 136.404 76.9841 92.7042 287.853 124.248 83.3413 126.209 209.761 222.254 353.752 298.249 273.73 212.93 198.26 428.616 218.524 283.091 206.189 107.725 105.83 113.227 114.101 152.732 171.854 177.499 175.888  #recruits; first value is R0 (virgin)
1087.96  1087.96 1087.95 1087.94 1087.91 1087.45 1086.99 1086.52 1086.37 1086.29 1086.22 1086.16 1086.11 1086.09 1086.12 1086.2 1086.34 1086.53 1086.8 1087.12 1087.5 1087.81 1088.28 1088.78 1089.32 1089.89 1090.5 1091.12 1091.71 1092.39 1092.93 1091.45 1091.57 1091.85 1092.22 1092.9 1093.54 1093.67 1093.47 1092.51 1090.86 1089.33 1088.3 1086.95 1086.66 1086.54 1086.43 1085.78 1085.09 1083.39 1081.9 1080.04 1078.72 1076.17 1071.99 1067.35 1058.09 1048.04 1032.65 1018.38 1011.74 1003.99 997.911 991.037 982.481 974.951 969.192 962.264 955.76 949.298 941.87 935.324 930.112 926.304 924.534 922.157 921.288 921.567 911.938 909.086 904.21 898.781 884.069 873.908 860.52 843.93 825.951 806.192 786.82 764.699 742.973 708.749 672.857 645.826 611.477 555.261 507.574 480.142 443.568 414.477 387.395 364.404 335.329 314.658 280.19 248.956 218.942 202.826 186.488 168.536 147.647 140.695 129.37 130.011 130.02 135.21 140.584 146.166 151.731 157.598 162.956 168.687 174.366 180.772 187.456 194.421 202.237 210.957 220.114 230.477 240.995 253.073 266.351 281.872 298.83 315.997 333.832 #spbio; first value is SSB_virgin (virgin)
1 0 0 0 0 0 0 0 0 0 0 0 0 0 0 0 0 0 0 0 0 0 0 0 0 0 0 0 0 0 0 0 0 0 0 0 0 0 0 0 0 0 0 0 0 0 0 0 0 0 0 0 0 0 0 0 0 0 0 0 0 0 0 0 0 0 0 0 0 0 0 0 0 0 0 0 0 0 0 0 0 0 0 0 0 0 0 0 0 0 0 0 0 0 0 0 0 0 0 0 0 0 0 0 0 0 0 0 0 0 0 0 0 0 0 0 0 0 0 0 0 0 0 0 0 0 0 0 0 0 0 0 0 0 0 0 0  # in Bzero
0 1 1 1 1 1 1 1 1 1 1 1 1 1 1 1 1 1 1 1 1 1 1 1 1 1 1 1 1 1 1 1 1 1 1 1 1 1 1 1 1 1 1 1 1 1 1 1 1 1 1 1 1 1 1 1 1 1 1 1 1 1 1 1 1 1 1 1 1 1 1 1 1 1 1 1 1 1 1 1 1 1 1 1 1 1 1 1 1 1 1 1 1 1 1 1 1 1 1 1 1 1 1 1 1 1 1 1 1 1 1 1 1 1 1 1 1 1 1 1 1 1 1 1 1 1 1 1 1 1 1 1 1 1  0 0 0 # in R project
0 1 1 1 1 1 1 1 1 1 1 1 1 1 1 1 1 1 1 1 1 1 1 1 1 1 1 1 1 1 1 1 1 1 1 1 1 1 1 1 1 1 1 1 1 1 1 1 1 1 1 1 1 1 1 1 1 1 1 1 1 1 1 1 1 1 1 1 1 1 1 1 1 1 1 1 1 1 1 1 1 1 1 1 1 1 1 1 1 1 1 1 1 1 1 1 1 1 1 1 1 1 1 1 1 1 1 1 1 1 1 1 1 1 1 1 1 1 1 1 1 1 1 1 1 1 1 1 1 1 1 1 1 1  0 0 0 # in R/S project
# Number of years with pre-specified catches
0
# catches for years with pre-specified catches go next
# Number of future recruitments to override
-2
# Process for overiding (-1 for average otherwise index in data list)
# Which probability to product detailed results for (1=0.5; 2=0.6; etc.)
3
# Steepness sigma-R Auto-correlation
0.718 0.5 0
# Target SPR rate (FMSY Proxy); manually change to SPR_MSY if not using SPR_target
0.5
# Discount rate (for cumulative catch)
0.1
# Truncate the series when 0.4B0 is reached (1=Yes)
0
# Set F to FMSY once 0.4B0 is reached (1=Yes)
0
# Maximum possible F for projection (-1 to set to FMSY)
-1
# Defintion of recovery (1=now only;2=now or before)
2
# Projection type
4
# Definition of the 40-10 rule
10 40
# Sigma Assessment Error (Base, Year1, Slope, MaxSigma)
1.0 2025 0.075 2.0
# Pstar
0.45
# Constrain catches by the ABC (1=yes, 2=no)
2
# Implementation Error (0=no; 1=lognormal; 2=uniform)
0
#Parameters of Implementaion Error
1 0.3
# Calculate coefficients of variation (1=Yes)
0
# Number of replicates to use
10
# Random number seed
-99004
# File with multiple parameter vectors 
rebuild.SSO
# User-specific projection (1=Yes); Output replaced (1->9)
0  5
# Catches and Fs (Year; 1/2/3 (F or C or SPR); value); Final row is -1
2024 1 1
-1 -1 -1
# Fixed catch project (1=Yes); Output replaced (1->9); Approach (-1=Read in else 1-9)
0 2 -1
# (48a) Special catch options (1-Yes) [CUT_OFF, Emsy, distribution, MAXCAT, Add, replace_code]
0 0.18 1.00 1.00 0 6
# (48b) B1Target
150000
# Split of Fs
2011  0.0172062
 0
 0.406469
 0.0232552
 0.188491
 0.191653
 0.172926
-1  1 1 1 1 1 1 1 1 1 1 1 1
# Yrs to define T_target for projection type 4 (a.k.a. 5 pre-specified inputs)
2030 2031 2032 2033 2034 
# Year for probability of recovery
2034 2035 2036 2037 2038 2039 2040 2041
# Time varying weight-at-age (1=Yes;0=No)
0
# File with time series of weight-at-age data
none
# Use bisection (0) or linear interpolation (1)
1
# Target Depletion
0.4
# CV of implementation error
0
