#Title, #runnumber: 2 yelloweye_data.ss yelloweye_control.ss 6796.22 1094.63 354.008 StartTime: Thu Apr 24 17:32:25 2025
SSv3_default_rebuild.dat
# Number of sexes
1
# Age range to consider (minimum age; maximum age)
0 100
# Number of fleets
7
# First year of projection (Yinit)
2011
# First Year of rebuilding period (Ydecl)
2013
# Number of simulations
1000
# Maximum number of years
500
# Conduct projections with multiple starting values (0=No;else yes)
0
# Number of parameter vectors
1000
# Is the maximum age a plus-group (1=Yes;2=No)
1
# Generate future recruitments using historical recruitments (1)  historical recruits/spawner (2)  or a stock-recruitment (3)
3
# Constant fishing mortality (1) or constant Catch (2) projections
1
# Fishing mortality based on SPR (1) or actual rate (2)
1
# Pre-specify the year of recovery (or -1) to ignore
-1
# Fecundity-at-age
# 0 1 2 3 4 5 6 7 8 9 10 11 12 13 14 15 16 17 18 19 20 21 22 23 24 25 26 27 28 29 30 31 32 33 34 35 36 37 38 39 40 41 42 43 44 45 46 47 48 49 50 51 52 53 54 55 56 57 58 59 60 61 62 63 64 65 66 67 68 69 70 71 72 73 74 75 76 77 78 79 80 81 82 83 84 85 86 87 88 89 90 91 92 93 94 95 96 97 98 99 100 #runnumber: 2 yelloweye_data.ss yelloweye_control.ss 6796.22 1094.63 354.008
 0 0 2.73159e-09 5.64951e-08 7.16346e-07 6.41452e-06 4.40783e-05 0.000242332 0.00107901 0.00386873 0.0111461 0.0261851 0.051575 0.0879407 0.133785 0.186318 0.242521 0.299869 0.356595 0.411647 0.4645 0.51496 0.56302 0.608755 0.652269 0.693667 0.733043 0.770479 0.806048 0.839813 0.871835 0.902169 0.930874 0.958004 0.983617 1.00777 1.03053 1.05194 1.07207 1.09098 1.10872 1.12536 1.14095 1.15555 1.16921 1.18198 1.19392 1.20507 1.21548 1.22519 1.23425 1.2427 1.25058 1.25791 1.26475 1.27111 1.27704 1.28255 1.28768 1.29246 1.29689 1.30102 1.30486 1.30843 1.31174 1.31483 1.31769 1.32035 1.32282 1.32512 1.32725 1.32926 1.33113 1.33287 1.33448 1.33598 1.33737 1.33866 1.33985 1.34097 1.342 1.34296 1.34384 1.34467 1.34543 1.34615 1.3468 1.34742 1.34798 1.34851 1.349 1.34945 1.34988 1.35027 1.35063 1.35096 1.35128 1.35157 1.35184 1.35208 1.35245 #female fecundity; weighted by N in year Y_init across morphs and areas
# Age specific selectivity and weight adjusted for discard and discard mortality
 #wt and selex for gender,fleet: 1 1 1_CA_TWL
 0.00896707 0.00910335 0.0275983 0.0687774 0.13073 0.212651 0.311822 0.425002 0.548996 0.680933 0.818394 0.959565 1.10339 1.24952 1.39795 1.54853 1.70075 1.85369 2.00617 2.15697 2.30498 2.44928 2.58917 2.72413 2.85379 2.97795 3.09649 3.20937 3.31661 3.4183 3.51454 3.60549 3.6913 3.77215 3.84824 3.91977 3.98694 4.04996 4.10903 4.16436 4.21615 4.26458 4.30986 4.35216 4.39165 4.42851 4.46289 4.49495 4.52483 4.55268 4.57862 4.60277 4.62525 4.64618 4.66565 4.68376 4.70061 4.71627 4.73084 4.74438 4.75696 4.76866 4.77952 4.78962 4.799 4.80771 4.8158 4.82332 4.8303 4.83678 4.84283 4.84849 4.85374 4.85861 4.86314 4.86734 4.87124 4.87486 4.87822 4.88133 4.88423 4.88691 4.8894 4.89172 4.89386 4.89585 4.8977 4.89942 4.90101 4.90248 4.90385 4.90512 4.9063 4.9074 4.90841 4.90935 4.91023 4.91104 4.91179 4.91249 4.91351
 0 0.00107774 0.00241551 0.00910044 0.0269897 0.0641834 0.127285 0.217716 0.330297 0.454716 0.578719 0.691375 0.785364 0.857854 0.909922 0.945052 0.967525 0.981282 0.989412 0.994088 0.996725 0.998191 0.998999 0.999444 0.999688 0.999823 0.999898 0.999941 0.999964 0.999978 0.999986 0.999991 0.999993 0.999995 0.999996 0.999997 0.999997 0.999997 0.999997 0.999998 0.999998 0.999998 0.999998 0.999998 0.999998 0.999997 0.999997 0.999997 0.999997 0.999997 0.999997 0.999997 0.999997 0.999997 0.999997 0.999997 0.999997 0.999997 0.999997 0.999997 0.999997 0.999997 0.999997 0.999997 0.999997 0.999997 0.999997 0.999997 0.999997 0.999997 0.999997 0.999997 0.999997 0.999997 0.999997 0.999997 0.999997 0.999997 0.999997 0.999997 0.999997 0.999997 0.999997 0.999997 0.999997 0.999997 0.999997 0.999997 0.999997 0.999997 0.999997 0.999997 0.999997 0.999997 0.999997 0.999997 0.999997 0.999997 0.999997 0.999997 0.999997
 #wt and selex for gender,fleet: 1 3 3_CA_REC
 0.00896707 0.00910324 0.0267243 0.0662274 0.12576 0.204588 0.300239 0.40972 0.530042 0.658515 0.793006 0.932232 1.07577 1.22355 1.37529 1.53014 1.68675 1.84361 1.99924 2.15238 2.30203 2.44743 2.58802 2.72342 2.85336 2.97769 3.09633 3.20927 3.31655 3.41826 3.51452 3.60547 3.69129 3.77214 3.84824 3.91977 3.98694 4.04996 4.10903 4.16436 4.21615 4.26459 4.30986 4.35216 4.39165 4.42851 4.46289 4.49495 4.52484 4.55268 4.57862 4.60277 4.62525 4.64618 4.66565 4.68376 4.70061 4.71627 4.73084 4.74438 4.75696 4.76866 4.77952 4.78962 4.799 4.80771 4.8158 4.82332 4.8303 4.83678 4.84283 4.84849 4.85374 4.85861 4.86314 4.86734 4.87124 4.87486 4.87822 4.88133 4.88423 4.88691 4.8894 4.89172 4.89386 4.89585 4.8977 4.89942 4.90101 4.90248 4.90385 4.90512 4.9063 4.9074 4.90841 4.90935 4.91023 4.91104 4.91179 4.91249 4.91351
 0 0.00394197 0.00813496 0.0250802 0.0625212 0.128354 0.224746 0.345823 0.479327 0.610659 0.727076 0.820604 0.889074 0.935097 0.96379 0.980574 0.989895 0.994863 0.997429 0.998726 0.999371 0.999689 0.999845 0.999922 0.99996 0.999979 0.999989 0.999994 0.999997 0.999998 0.999999 0.999999 0.999999 0.999999 0.999999 0.999999 0.999999 0.999999 0.999999 0.999999 0.999999 0.999999 0.999999 0.999999 0.999999 0.999999 0.999999 0.999999 0.999999 0.999999 0.999999 0.999999 0.999999 0.999999 0.999999 0.999999 0.999999 0.999999 0.999999 0.999999 0.999999 0.999999 0.999999 0.999999 0.999999 0.999999 0.999999 0.999999 0.999999 0.999999 0.999999 0.999999 0.999999 0.999999 0.999999 0.999999 0.999999 0.999999 0.999999 0.999999 0.999999 0.999999 0.999999 0.999999 0.999999 0.999999 0.999999 0.999999 0.999999 0.999999 0.999999 0.999999 0.999999 0.999999 0.999999 0.999999 0.999999 0.999999 0.999999 0.999999 0.999999
 #wt and selex for gender,fleet: 1 4 4_ORWA_TWL
 0.00896707 0.00910308 0.0252403 0.0621196 0.118674 0.194659 0.288321 0.397201 0.51862 0.649954 0.788794 0.933074 1.0812 1.23212 1.38513 1.53962 1.69488 1.84999 2.00393 2.15566 2.30423 2.44887 2.58894 2.724 2.85372 2.97792 3.09647 3.20936 3.31661 3.4183 3.51454 3.60549 3.6913 3.77215 3.84824 3.91977 3.98694 4.04996 4.10903 4.16436 4.21615 4.26458 4.30986 4.35216 4.39165 4.42851 4.46289 4.49495 4.52483 4.55268 4.57862 4.60277 4.62525 4.64618 4.66565 4.68376 4.70061 4.71627 4.73084 4.74438 4.75696 4.76866 4.77952 4.78962 4.799 4.80771 4.8158 4.82332 4.8303 4.83678 4.84283 4.84849 4.85374 4.85861 4.86314 4.86734 4.87124 4.87486 4.87822 4.88133 4.88423 4.88691 4.8894 4.89172 4.89386 4.89585 4.8977 4.89942 4.90101 4.90248 4.90385 4.90512 4.9063 4.9074 4.90841 4.90935 4.91023 4.91104 4.91179 4.91249 4.91351
 0 0.0139744 0.0251356 0.0551442 0.105113 0.176829 0.268119 0.373121 0.483872 0.592193 0.691179 0.776057 0.844478 0.896407 0.933611 0.958888 0.975272 0.985474 0.991621 0.995229 0.997305 0.998484 0.999146 0.999518 0.999725 0.999842 0.999908 0.999945 0.999967 0.999979 0.999987 0.999991 0.999994 0.999995 0.999996 0.999997 0.999997 0.999997 0.999997 0.999997 0.999997 0.999997 0.999997 0.999997 0.999997 0.999997 0.999997 0.999997 0.999997 0.999997 0.999997 0.999997 0.999997 0.999997 0.999997 0.999997 0.999997 0.999997 0.999997 0.999997 0.999997 0.999997 0.999997 0.999997 0.999997 0.999997 0.999997 0.999997 0.999997 0.999997 0.999997 0.999997 0.999997 0.999997 0.999997 0.999997 0.999997 0.999997 0.999997 0.999997 0.999997 0.999997 0.999997 0.999997 0.999997 0.999997 0.999997 0.999997 0.999997 0.999997 0.999997 0.999997 0.999997 0.999997 0.999997 0.999997 0.999997 0.999997 0.999997 0.999997 0.999997
 #wt and selex for gender,fleet: 1 5 5_ORWA_NONTWL
 0.00896707 0.00910326 0.0269174 0.0673095 0.129009 0.211786 0.31344 0.431009 0.561353 0.701476 0.84868 1.00062 1.1553 1.31105 1.46653 1.62069 1.77279 1.92233 2.06897 2.21249 2.35267 2.4893 2.62211 2.75084 2.87522 2.995 3.10998 3.22002 3.32502 3.42494 3.5198 3.60967 3.69464 3.77484 3.85042 3.92155 3.9884 4.05117 4.11005 4.16522 4.21687 4.26521 4.3104 4.35262 4.39206 4.42887 4.46321 4.49524 4.52509 4.55292 4.57883 4.60297 4.62543 4.64635 4.66581 4.68391 4.70075 4.7164 4.73096 4.7445 4.75707 4.76876 4.77963 4.78972 4.7991 4.8078 4.81589 4.82341 4.83038 4.83686 4.84291 4.84857 4.85382 4.85869 4.86322 4.86742 4.87131 4.87493 4.87829 4.88141 4.8843 4.88698 4.88948 4.89179 4.89393 4.89592 4.89777 4.89949 4.90108 4.90255 4.90392 4.90519 4.90637 4.90747 4.90848 4.90942 4.9103 4.91111 4.91186 4.91256 4.91358
 0 0.000642607 0.0013472 0.00442265 0.0120886 0.0277595 0.0550634 0.0966827 0.153424 0.223894 0.304827 0.391829 0.480224 0.56575 0.645019 0.715718 0.776624 0.82747 0.868734 0.901394 0.926687 0.945917 0.960318 0.970973 0.978786 0.984479 0.988611 0.991606 0.993777 0.995354 0.996504 0.997346 0.997966 0.998426 0.99877 0.999028 0.999225 0.999375 0.99949 0.99958 0.999651 0.999707 0.999751 0.999787 0.999816 0.99984 0.99986 0.999876 0.999889 0.9999 0.99991 0.999918 0.999925 0.999931 0.999936 0.999941 0.999944 0.999948 0.999951 0.999953 0.999956 0.999958 0.99996 0.999961 0.999963 0.999964 0.999965 0.999966 0.999967 0.999968 0.999969 0.999969 0.99997 0.99997 0.999971 0.999971 0.999971 0.999972 0.999972 0.999972 0.999972 0.999973 0.999973 0.999973 0.999973 0.999973 0.999973 0.999974 0.999974 0.999974 0.999974 0.999974 0.999974 0.999974 0.999974 0.999974 0.999974 0.999974 0.999975 0.999975 0.999975
 #wt and selex for gender,fleet: 1 6 6_OR_REC
 0.00896707 0.00910453 0.0346589 0.0845537 0.155271 0.242814 0.342014 0.448462 0.559223 0.673745 0.793945 0.922507 1.06082 1.20819 1.36236 1.52055 1.68025 1.83945 1.99666 2.15077 2.30097 2.44667 2.58742 2.72288 2.85284 2.97716 3.09578 3.2087 3.31596 3.41764 3.51388 3.6048 3.69059 3.77143 3.8475 3.91901 3.98616 4.04917 4.10822 4.16354 4.21531 4.26374 4.309 4.35129 4.39077 4.42762 4.46199 4.49404 4.52392 4.55176 4.57769 4.60183 4.62431 4.64523 4.6647 4.6828 4.69965 4.71531 4.72987 4.74341 4.75599 4.76768 4.77854 4.78864 4.79801 4.80672 4.81481 4.82233 4.8293 4.83578 4.84183 4.84749 4.85274 4.85761 4.86213 4.86633 4.87023 4.87384 4.8772 4.88032 4.88321 4.88589 4.88839 4.8907 4.89284 4.89483 4.89668 4.89839 4.89998 4.90146 4.90283 4.9041 4.90528 4.90637 4.90739 4.90833 4.9092 4.91001 4.91076 4.91146 4.91248
 0 1.82829e-05 8.86977e-05 0.00130537 0.00997934 0.0445031 0.130781 0.279258 0.467563 0.652323 0.798212 0.894415 0.949289 0.977214 0.990219 0.995862 0.998159 0.999022 0.999293 0.999326 0.999263 0.999163 0.999048 0.998928 0.998808 0.99869 0.998574 0.998462 0.998354 0.99825 0.998151 0.998057 0.997967 0.997881 0.9978 0.997724 0.997652 0.997584 0.99752 0.99746 0.997404 0.997351 0.997302 0.997255 0.997212 0.997172 0.997134 0.997098 0.997065 0.997035 0.997006 0.996979 0.996954 0.996931 0.996909 0.996889 0.996871 0.996853 0.996837 0.996822 0.996808 0.996795 0.996783 0.996771 0.996761 0.996751 0.996742 0.996734 0.996726 0.996719 0.996712 0.996706 0.9967 0.996694 0.996689 0.996684 0.99668 0.996676 0.996672 0.996669 0.996666 0.996663 0.99666 0.996657 0.996655 0.996653 0.99665 0.996649 0.996647 0.996645 0.996644 0.996642 0.996641 0.99664 0.996638 0.996637 0.996636 0.996635 0.996635 0.996634 0.996633
 #wt and selex for gender,fleet: 1 7 7_WA_REC
 0.00896707 0.00910422 0.0333424 0.0831768 0.156363 0.25028 0.360286 0.481769 0.610781 0.744204 0.879761 1.01612 1.15299 1.29098 1.43101 1.57374 1.71917 1.86662 2.01494 2.16275 2.3087 2.45164 2.59064 2.72503 2.85435 2.9783 3.09671 3.2095 3.3167 3.41835 3.51458 3.60551 3.69131 3.77216 3.84825 3.91978 3.98694 4.04996 4.10904 4.16436 4.21615 4.26459 4.30986 4.35216 4.39165 4.42851 4.46289 4.49495 4.52484 4.55268 4.57862 4.60277 4.62525 4.64618 4.66565 4.68376 4.70061 4.71627 4.73084 4.74438 4.75696 4.76866 4.77952 4.78962 4.799 4.80771 4.8158 4.82332 4.8303 4.83678 4.84283 4.84849 4.85374 4.85861 4.86314 4.86734 4.87124 4.87486 4.87822 4.88133 4.88423 4.88691 4.8894 4.89172 4.89386 4.89585 4.8977 4.89942 4.90101 4.90248 4.90385 4.90512 4.9063 4.9074 4.90841 4.90935 4.91023 4.91104 4.91179 4.91249 4.91351
 0 4.55588e-06 1.86496e-05 0.000227224 0.00168519 0.00811375 0.0275809 0.0710578 0.146953 0.255338 0.386413 0.524135 0.652335 0.759798 0.842131 0.900601 0.939599 0.964318 0.979368 0.98825 0.993373 0.99628 0.997913 0.998825 0.999334 0.999619 0.99978 0.999871 0.999923 0.999953 0.999971 0.999982 0.999988 0.999992 0.999995 0.999996 0.999997 0.999998 0.999998 0.999999 0.999999 0.999999 0.999999 0.999999 0.999999 0.999999 0.999999 0.999999 0.999999 0.999999 0.999999 0.999999 0.999999 0.999999 0.999999 0.999999 0.999999 0.999999 0.999999 0.999999 0.999999 0.999999 0.999999 0.999999 0.999999 0.999999 0.999999 0.999999 0.999999 0.999999 0.999999 0.999999 0.999999 0.999999 0.999999 0.999999 0.999999 0.999999 0.999999 0.999999 0.999999 0.999999 0.999999 0.999999 0.999999 0.999999 0.999999 0.999999 0.999999 0.999999 0.999999 0.999999 0.999999 0.999999 0.999999 0.999999 0.999999 0.999999 0.999999 0.999999 0.999999
# Sex ratio correction
1
# M and current age-structure in year Yinit: 2011
 # gender = 1
 0.0439034 0.0439034 0.0439034 0.0439034 0.0439034 0.0439034 0.0439034 0.0439034 0.0439034 0.0439034 0.0439034 0.0439034 0.0439034 0.0439034 0.0439034 0.0439034 0.0439034 0.0439034 0.0439034 0.0439034 0.0439034 0.0439034 0.0439034 0.0439034 0.0439034 0.0439034 0.0439034 0.0439034 0.0439034 0.0439034 0.0439034 0.0439034 0.0439034 0.0439034 0.0439034 0.0439034 0.0439034 0.0439034 0.0439034 0.0439034 0.0439034 0.0439034 0.0439034 0.0439034 0.0439034 0.0439034 0.0439034 0.0439034 0.0439034 0.0439034 0.0439034 0.0439034 0.0439034 0.0439034 0.0439034 0.0439034 0.0439034 0.0439034 0.0439034 0.0439034 0.0439034 0.0439034 0.0439034 0.0439034 0.0439034 0.0439034 0.0439034 0.0439034 0.0439034 0.0439034 0.0439034 0.0439034 0.0439034 0.0439034 0.0439034 0.0439034 0.0439034 0.0439034 0.0439034 0.0439034 0.0439034 0.0439034 0.0439034 0.0439034 0.0439034 0.0439034 0.0439034 0.0439034 0.0439034 0.0439034 0.0439034 0.0439034 0.0439034 0.0439034 0.0439034 0.0439034 0.0439034 0.0439034 0.0439034 0.0439034 0.0439034
 211.486 262.372 269.122 312.373 179.987 166.564 95.1191 58.8469 82.8781 194.415 56.0454 44.6225 80.0011 51.1082 32.2608 25.5927 25.4931 49.6873 52.3885 25.9447 20.9379 21.0402 20.4928 20.6426 22.9782 25.195 31.6148 29.5517 17.8334 17.8853 15.3768 13.3672 9.20342 6.4602 7.12365 6.12147 6.02656 3.99516 3.33783 3.83996 5.26439 3.76212 2.89194 2.23775 1.79101 1.55481 1.19065 0.95158 0.88794 0.933293 1.01193 1.02445 0.936009 0.817019 0.718104 0.651446 0.617231 0.61229 0.634607 0.684159 0.756781 0.832936 0.869958 0.832952 0.744035 0.649841 0.57186 0.512731 0.469091 0.436294 0.411036 0.390933 0.374431 0.360343 0.347522 0.335041 0.322269 0.309085 0.295718 0.282626 0.270238 0.258854 0.248529 0.239219 0.230736 0.222844 0.215326 0.208009 0.200754 0.193487 0.186179 0.178829 0.171474 0.16419 0.156983 0.149945 0.143134 0.136582 0.13031 0.12433 2.67567
# Age-structure at Ydeclare= 2013
 429.018 185.933 193.707 240.312 246.486 286.069 164.791 152.429 86.9798 53.7544 75.6134 177.156 51.014 40.58 72.7031 46.4226 29.2929 23.2328 23.1389 45.0944 47.5431 23.5443 19.0003 19.0928 18.5958 18.7315 20.8506 22.8616 28.6861 26.8131 16.1802 16.2265 13.95 12.1263 8.34866 5.85998 6.46154 5.55231 5.46605 3.62346 3.0272 3.48249 4.77418 3.4117 2.62251 2.02922 1.62407 1.40987 1.07963 0.862845 0.805131 0.846247 0.917538 0.928893 0.848694 0.740801 0.651112 0.590671 0.559647 0.555166 0.5754 0.620329 0.686174 0.755223 0.788791 0.755236 0.674615 0.589209 0.518503 0.464891 0.425322 0.395586 0.372683 0.354457 0.339494 0.32672 0.315096 0.303779 0.292199 0.280245 0.268126 0.256255 0.245023 0.234701 0.22534 0.216898 0.209207 0.202051 0.195235 0.188601 0.182023 0.175434 0.168808 0.162144 0.155475 0.148871 0.142336 0.135955 0.129779 0.123839 2.65691
# Year for Tmin Age-structure (set to Ydecl by SS)
2013
#  recruitment and biomass
# Number of historical assessment years
137
# Historical data
# year recruitment spawner in B0 in R project in R/S project
1888  1889 1890 1891 1892 1893 1894 1895 1896 1897 1898 1899 1900 1901 1902 1903 1904 1905 1906 1907 1908 1909 1910 1911 1912 1913 1914 1915 1916 1917 1918 1919 1920 1921 1922 1923 1924 1925 1926 1927 1928 1929 1930 1931 1932 1933 1934 1935 1936 1937 1938 1939 1940 1941 1942 1943 1944 1945 1946 1947 1948 1949 1950 1951 1952 1953 1954 1955 1956 1957 1958 1959 1960 1961 1962 1963 1964 1965 1966 1967 1968 1969 1970 1971 1972 1973 1974 1975 1976 1977 1978 1979 1980 1981 1982 1983 1984 1985 1986 1987 1988 1989 1990 1991 1992 1993 1994 1995 1996 1997 1998 1999 2000 2001 2002 2003 2004 2005 2006 2007 2008 2009 2010 2011 2012 2013 2014 2015 2016 2017 2018 2019 2020 2021 2022 2023 2024 #years (with first value representing R0)
211.622 214.912 215.028 215.149 215.275 215.397 215.523 215.655 215.799 215.949 216.107 216.271 216.444 216.626 216.817 217.015 217.226 217.452 217.693 217.959 218.249 218.56 218.895 219.202 219.408 219.611 219.786 219.897 219.898 219.738 219.343 218.612 217.57 216.156 214.36 212.219 209.789 207.159 204.465 201.848 199.46 197.436 195.843 194.624 193.654 192.67 191.378 189.535 187.089 184.204 181.29 178.825 177.296 177.094 178.669 182.668 189.924 201.528 217.897 237.366 252.795 251.127 228.645 197.511 169.734 149.637 137.195 131.402 131.738 137.899 148.93 161.874 167.97 157.155 137.114 123.195 124.402 146.204 178.668 191.698 221.848 263.78 313.368 397.168 260.186 201.423 212.971 281.518 248.53 249.193 192.878 232.206 282.206 269.183 257.577 210.155 284.387 248.868 163.236 123.695 93.4839 79.2243 70.6199 62.093 69.1989 127.759 112.364 54.0226 51.1989 61.1947 92.178 137.392 73.0487 87.5194 289.82 118.026 80.1108 123.847 207.491 214.553 356.356 293.823 274.148 211.486 194.278 429.018 210.729 282.38 200.064 100.581 96.7003 103.314 104.856 138.552 154.07 158.797 172.764  #recruits; first value is R0 (virgin)
1094.63  1094.63 1094.62 1094.61 1094.58 1094.11 1093.65 1093.18 1093.03 1092.95 1092.87 1092.81 1092.73 1092.67 1092.63 1092.61 1092.61 1092.64 1092.7 1092.79 1092.9 1092.92 1093.06 1093.23 1093.4 1093.59 1093.79 1094 1094.14 1094.37 1094.44 1092.45 1092.08 1091.84 1091.68 1091.82 1091.9 1091.44 1090.64 1089.04 1086.72 1084.5 1082.75 1080.67 1079.61 1078.71 1077.81 1076.34 1074.82 1072.28 1069.96 1067.29 1065.18 1061.86 1056.94 1051.61 1041.67 1031 1015.02 1000.24 993.229 984.121 977.11 969.43 960.319 952.212 946.162 938.656 931.739 924.86 916.687 909.42 903.192 898.296 895.1 891.182 888.728 887.692 876.451 872.497 866.197 859.446 844.546 834.473 821.121 804.502 786.919 767.38 748.048 725.915 704.089 669.657 633.57 606.3 571.481 516.57 487.899 466.133 439.052 416.662 389.006 364.904 335.181 314.073 277.52 244.71 213.245 195.88 178.95 160.428 139.007 131.319 119.654 120.834 120.985 126.507 132.116 138.098 144.108 150.547 156.438 162.767 168.951 175.682 182.794 190.222 198.564 207.646 217.261 227.891 238.585 250.825 264.256 279.956 297.109 314.486 332.542 #spbio; first value is SSB_virgin (virgin)
1 0 0 0 0 0 0 0 0 0 0 0 0 0 0 0 0 0 0 0 0 0 0 0 0 0 0 0 0 0 0 0 0 0 0 0 0 0 0 0 0 0 0 0 0 0 0 0 0 0 0 0 0 0 0 0 0 0 0 0 0 0 0 0 0 0 0 0 0 0 0 0 0 0 0 0 0 0 0 0 0 0 0 0 0 0 0 0 0 0 0 0 0 0 0 0 0 0 0 0 0 0 0 0 0 0 0 0 0 0 0 0 0 0 0 0 0 0 0 0 0 0 0 0 0 0 0 0 0 0 0 0 0 0 0 0 0  # in Bzero
0 1 1 1 1 1 1 1 1 1 1 1 1 1 1 1 1 1 1 1 1 1 1 1 1 1 1 1 1 1 1 1 1 1 1 1 1 1 1 1 1 1 1 1 1 1 1 1 1 1 1 1 1 1 1 1 1 1 1 1 1 1 1 1 1 1 1 1 1 1 1 1 1 1 1 1 1 1 1 1 1 1 1 1 1 1 1 1 1 1 1 1 1 1 1 1 1 1 1 1 1 1 1 1 1 1 1 1 1 1 1 1 1 1 1 1 1 1 1 1 1 1 1 1 1 1 1 1 1 1 1 1 1 1  0 0 0 # in R project
0 1 1 1 1 1 1 1 1 1 1 1 1 1 1 1 1 1 1 1 1 1 1 1 1 1 1 1 1 1 1 1 1 1 1 1 1 1 1 1 1 1 1 1 1 1 1 1 1 1 1 1 1 1 1 1 1 1 1 1 1 1 1 1 1 1 1 1 1 1 1 1 1 1 1 1 1 1 1 1 1 1 1 1 1 1 1 1 1 1 1 1 1 1 1 1 1 1 1 1 1 1 1 1 1 1 1 1 1 1 1 1 1 1 1 1 1 1 1 1 1 1 1 1 1 1 1 1 1 1 1 1 1 1  0 0 0 # in R/S project
# Number of years with pre-specified catches
0
# catches for years with pre-specified catches go next
# Number of future recruitments to override
-2
# Process for overiding (-1 for average otherwise index in data list)
# Which probability to product detailed results for (1=0.5; 2=0.6; etc.)
3
# Steepness sigma-R Auto-correlation
0.718 0.5 0
# Target SPR rate (FMSY Proxy); manually change to SPR_MSY if not using SPR_target
0.5
# Discount rate (for cumulative catch)
0.1
# Truncate the series when 0.4B0 is reached (1=Yes)
0
# Set F to FMSY once 0.4B0 is reached (1=Yes)
0
# Maximum possible F for projection (-1 to set to FMSY)
-1
# Defintion of recovery (1=now only;2=now or before)
2
# Projection type
4
# Definition of the 40-10 rule
10 40
# Sigma Assessment Error (Base, Year1, Slope, MaxSigma)
1.0 2025 0.075 2.0
# Pstar
0.45
# Constrain catches by the ABC (1=yes, 2=no)
2
# Implementation Error (0=no; 1=lognormal; 2=uniform)
0
#Parameters of Implementaion Error
1 0.3
# Calculate coefficients of variation (1=Yes)
0
# Number of replicates to use
10
# Random number seed
-99004
# File with multiple parameter vectors 
rebuild.SSO
# User-specific projection (1=Yes); Output replaced (1->9)
0  5
# Catches and Fs (Year; 1/2/3 (F or C or SPR); value); Final row is -1
2024 1 1
-1 -1 -1
# Fixed catch project (1=Yes); Output replaced (1->9); Approach (-1=Read in else 1-9)
0 2 -1
# (48a) Special catch options (1-Yes) [CUT_OFF, Emsy, distribution, MAXCAT, Add, replace_code]
0 0.18 1.00 1.00 0 6
# (48b) B1Target
150000
# Split of Fs
2011  0.0161453
 0
 0.380713
 0.0243744
 0.197022
 0.198637
 0.183109
-1  1 1 1 1 1 1 1 1 1 1 1 1
# Yrs to define T_target for projection type 4 (a.k.a. 5 pre-specified inputs)
2030 2031 2032 2033 2034 
# Year for probability of recovery
2034 2035 2036 2037 2038 2039 2040 2041
# Time varying weight-at-age (1=Yes;0=No)
0
# File with time series of weight-at-age data
none
# Use bisection (0) or linear interpolation (1)
1
# Target Depletion
0.4
# CV of implementation error
0
