#Title, #runnumber: 1 yelloweye_data.ss yelloweye_control.ss 5737.24 1108.55 407.974 StartTime: Sun Apr 27 22:36:51 2025
SSv3_default_rebuild.dat
# Number of sexes
1
# Age range to consider (minimum age; maximum age)
0 100
# Number of fleets
7
# First year of projection (Yinit)
2011
# First Year of rebuilding period (Ydecl)
2013
# Number of simulations
1000
# Maximum number of years
500
# Conduct projections with multiple starting values (0=No;else yes)
0
# Number of parameter vectors
1000
# Is the maximum age a plus-group (1=Yes;2=No)
1
# Generate future recruitments using historical recruitments (1)  historical recruits/spawner (2)  or a stock-recruitment (3)
3
# Constant fishing mortality (1) or constant Catch (2) projections
1
# Fishing mortality based on SPR (1) or actual rate (2)
1
# Pre-specify the year of recovery (or -1) to ignore
-1
# Fecundity-at-age
# 0 1 2 3 4 5 6 7 8 9 10 11 12 13 14 15 16 17 18 19 20 21 22 23 24 25 26 27 28 29 30 31 32 33 34 35 36 37 38 39 40 41 42 43 44 45 46 47 48 49 50 51 52 53 54 55 56 57 58 59 60 61 62 63 64 65 66 67 68 69 70 71 72 73 74 75 76 77 78 79 80 81 82 83 84 85 86 87 88 89 90 91 92 93 94 95 96 97 98 99 100 #runnumber: 1 yelloweye_data.ss yelloweye_control.ss 5737.24 1108.55 407.974
 0 0 3.18535e-08 3.99787e-07 3.57748e-06 2.46742e-05 0.000135959 0.000602687 0.00214287 0.0061579 0.0146226 0.0295424 0.0522828 0.0831633 0.121466 0.165749 0.214257 0.265271 0.317331 0.36932 0.420463 0.470274 0.518482 0.564963 0.609683 0.652661 0.693938 0.733566 0.771595 0.808072 0.843042 0.876544 0.908613 0.939286 0.968595 0.996577 1.02327 1.0487 1.07291 1.09594 1.11782 1.1386 1.15832 1.17701 1.19472 1.21149 1.22735 1.24235 1.25653 1.26993 1.28257 1.2945 1.30576 1.31637 1.32637 1.33579 1.34467 1.35302 1.36089 1.36829 1.37525 1.3818 1.38796 1.39374 1.39919 1.4043 1.4091 1.41362 1.41785 1.42184 1.42557 1.42917 1.43255 1.43573 1.43871 1.4415 1.44412 1.44658 1.44889 1.45106 1.45309 1.455 1.45679 1.45847 1.46004 1.46151 1.4629 1.4642 1.46541 1.46655 1.46762 1.46863 1.46957 1.47045 1.47128 1.47205 1.47278 1.47346 1.4741 1.47469 1.47563 #female fecundity; weighted by N in year Y_init across morphs and areas
# Age specific selectivity and weight adjusted for discard and discard mortality
 #wt and selex for gender,fleet: 1 1 1_CA_TWL
 0.0111461 0.0232929 0.0627299 0.12105 0.197764 0.289915 0.394082 0.507134 0.626473 0.750071 0.876451 1.00466 1.13422 1.26503 1.39723 1.53097 1.66633 1.8032 1.94122 2.07985 2.21841 2.35612 2.49222 2.62602 2.75688 2.88431 3.00791 3.12738 3.24254 3.35325 3.45946 3.56115 3.65835 3.75111 3.83953 3.9237 4.00374 4.07977 4.15192 4.22034 4.28516 4.34653 4.40459 4.45949 4.51136 4.56036 4.6066 4.65024 4.69139 4.73018 4.76673 4.80116 4.83359 4.86411 4.89284 4.91986 4.94529 4.96919 4.99167 5.01279 5.03265 5.0513 5.06883 5.08529 5.10075 5.11527 5.1289 5.1417 5.15371 5.16499 5.17567 5.18579 5.19529 5.2042 5.21256 5.22041 5.22776 5.23466 5.24114 5.24721 5.2529 5.25824 5.26325 5.26795 5.27235 5.27648 5.28035 5.28398 5.28738 5.29057 5.29356 5.29636 5.29899 5.30146 5.30377 5.30593 5.30796 5.30986 5.31165 5.31332 5.31594
 0 0.000724355 0.00274757 0.00901845 0.0237943 0.0521928 0.0983802 0.163869 0.246782 0.342284 0.443813 0.544527 0.638546 0.721709 0.79181 0.8484 0.892344 0.925296 0.949244 0.966165 0.977826 0.985684 0.990876 0.994249 0.996407 0.997771 0.998625 0.999154 0.99948 0.999681 0.999803 0.999878 0.999924 0.999952 0.99997 0.99998 0.999987 0.999991 0.999994 0.999995 0.999996 0.999997 0.999997 0.999998 0.999998 0.999998 0.999998 0.999998 0.999998 0.999998 0.999998 0.999998 0.999998 0.999998 0.999998 0.999998 0.999998 0.999998 0.999998 0.999998 0.999998 0.999998 0.999998 0.999998 0.999998 0.999998 0.999998 0.999998 0.999997 0.999997 0.999997 0.999997 0.999997 0.999997 0.999997 0.999997 0.999997 0.999997 0.999997 0.999997 0.999997 0.999997 0.999997 0.999997 0.999997 0.999997 0.999997 0.999997 0.999997 0.999997 0.999997 0.999997 0.999997 0.999997 0.999997 0.999997 0.999997 0.999997 0.999997 0.999997 0.999997
 #wt and selex for gender,fleet: 1 3 3_CA_REC
 0.0110423 0.0216132 0.0565248 0.109084 0.178807 0.263464 0.360292 0.466636 0.580203 0.699165 0.822235 0.948683 1.07824 1.2109 1.34668 1.48544 1.62677 1.77001 1.91433 2.05875 2.20235 2.34423 2.48365 2.61996 2.75269 2.88146 3.00599 3.12611 3.2417 3.35271 3.4591 3.56092 3.6582 3.75102 3.83947 3.92366 4.00371 4.07975 4.15191 4.22033 4.28515 4.34652 4.40459 4.45949 4.51136 4.56036 4.6066 4.65024 4.69139 4.73018 4.76673 4.80116 4.83359 4.86411 4.89284 4.91987 4.94529 4.96919 4.99167 5.01279 5.03265 5.0513 5.06883 5.08529 5.10075 5.11527 5.1289 5.1417 5.15371 5.16499 5.17567 5.18579 5.19529 5.2042 5.21256 5.22041 5.22776 5.23467 5.24114 5.24721 5.2529 5.25824 5.26325 5.26795 5.27235 5.27648 5.28035 5.28398 5.28738 5.29057 5.29356 5.29636 5.29899 5.30146 5.30377 5.30593 5.30796 5.30986 5.31165 5.31332 5.31594
 0 0.00595665 0.0159908 0.0384397 0.0784729 0.139392 0.220771 0.31829 0.424902 0.532583 0.634006 0.723724 0.798691 0.858169 0.903187 0.935836 0.958618 0.973969 0.983992 0.990355 0.994293 0.996677 0.998091 0.998916 0.99939 0.999659 0.99981 0.999895 0.999942 0.999968 0.999982 0.99999 0.999994 0.999996 0.999998 0.999999 0.999999 0.999999 0.999999 0.999999 0.999999 0.999999 0.999999 0.999999 0.999999 0.999999 0.999999 0.999999 0.999999 0.999999 0.999999 0.999999 0.999999 0.999999 0.999999 0.999999 0.999999 0.999999 0.999999 0.999999 0.999999 0.999999 0.999999 0.999999 0.999999 0.999999 0.999999 0.999999 0.999999 0.999999 0.999999 0.999999 0.999999 0.999999 0.999999 0.999999 0.999999 0.999999 0.999999 0.999999 0.999999 0.999999 0.999999 0.999999 0.999999 0.999999 0.999999 0.999999 0.999999 0.999999 0.999999 0.999999 0.999999 0.999999 0.999999 0.999999 0.999999 0.999999 0.999999 0.999999 0.999999
 #wt and selex for gender,fleet: 1 4 4_ORWA_TWL
 0.0109648 0.0203388 0.0516772 0.100601 0.167162 0.250033 0.34714 0.456187 0.574934 0.701336 0.833591 0.970151 1.10971 1.25117 1.39367 1.53652 1.67918 1.82123 1.9623 2.10209 2.24026 2.37649 2.51044 2.64175 2.77009 2.89514 3.01661 3.13427 3.24791 3.3574 3.46264 3.56357 3.66018 3.7525 3.84058 3.92449 4.00434 4.08022 4.15227 4.2206 4.28536 4.34669 4.40471 4.45958 4.51144 4.56042 4.60665 4.65027 4.69142 4.7302 4.76675 4.80118 4.8336 4.86412 4.89285 4.91987 4.94529 4.9692 4.99167 5.0128 5.03265 5.05131 5.06883 5.08529 5.10075 5.11527 5.1289 5.1417 5.15371 5.16499 5.17567 5.18579 5.19529 5.2042 5.21256 5.22041 5.22776 5.23467 5.24114 5.24721 5.2529 5.25824 5.26325 5.26795 5.27235 5.27648 5.28035 5.28398 5.28738 5.29057 5.29356 5.29636 5.29899 5.30146 5.30377 5.30593 5.30796 5.30986 5.31165 5.31332 5.31594
 0 0.0115542 0.0235509 0.044532 0.0762391 0.119686 0.174572 0.239315 0.311383 0.387736 0.46526 0.541109 0.612921 0.678931 0.73799 0.789523 0.833451 0.870089 0.900028 0.92403 0.942935 0.957584 0.968768 0.977191 0.98346 0.988075 0.991442 0.993879 0.995632 0.996886 0.99778 0.998415 0.998866 0.999186 0.999414 0.999575 0.999691 0.999773 0.999832 0.999875 0.999906 0.999929 0.999945 0.999958 0.999967 0.999974 0.999979 0.999983 0.999986 0.999988 0.99999 0.999991 0.999992 0.999993 0.999994 0.999995 0.999995 0.999995 0.999996 0.999996 0.999996 0.999996 0.999996 0.999996 0.999997 0.999997 0.999997 0.999997 0.999997 0.999997 0.999997 0.999997 0.999997 0.999997 0.999997 0.999997 0.999997 0.999997 0.999997 0.999997 0.999997 0.999997 0.999997 0.999997 0.999997 0.999997 0.999997 0.999997 0.999997 0.999997 0.999997 0.999997 0.999997 0.999997 0.999997 0.999997 0.999997 0.999997 0.999997 0.999997 0.999997
 #wt and selex for gender,fleet: 1 5 5_ORWA_NONTWL
 0.0110603 0.0219336 0.05817 0.113341 0.187438 0.278358 0.383241 0.499184 0.623559 0.754122 0.889022 1.02676 1.16616 1.30628 1.44645 1.58616 1.72507 1.86296 1.99966 2.135 2.26881 2.40089 2.53099 2.65884 2.78412 2.90652 3.02575 3.14154 3.25366 3.36191 3.46616 3.5663 3.6623 3.75415 3.84185 3.92548 4.00511 4.08082 4.15274 4.22097 4.28565 4.34692 4.4049 4.45973 4.51156 4.56051 4.60673 4.65034 4.69147 4.73025 4.76679 4.80122 4.83363 4.86415 4.89287 4.91989 4.94531 4.96921 4.99169 5.01281 5.03266 5.05132 5.06884 5.0853 5.10076 5.11528 5.12891 5.14171 5.15372 5.165 5.17568 5.1858 5.1953 5.20421 5.21257 5.22041 5.22777 5.23467 5.24114 5.24722 5.25291 5.25825 5.26326 5.26795 5.27235 5.27648 5.28035 5.28398 5.28739 5.29057 5.29357 5.29637 5.299 5.30146 5.30377 5.30594 5.30797 5.30987 5.31165 5.31332 5.31594
 0 0.00120053 0.00348418 0.00921672 0.0208551 0.0411926 0.0725782 0.116249 0.171985 0.238155 0.312063 0.390427 0.46987 0.547307 0.620207 0.686727 0.745737 0.796754 0.839837 0.875446 0.904305 0.927281 0.945279 0.959174 0.969764 0.977744 0.983698 0.988103 0.991339 0.993703 0.995423 0.99667 0.997573 0.998226 0.998698 0.99904 0.999289 0.99947 0.999602 0.9997 0.999771 0.999825 0.999864 0.999894 0.999917 0.999934 0.999947 0.999957 0.999965 0.999971 0.999976 0.99998 0.999983 0.999986 0.999988 0.999989 0.999991 0.999992 0.999993 0.999994 0.999994 0.999995 0.999995 0.999996 0.999996 0.999996 0.999997 0.999997 0.999997 0.999997 0.999997 0.999998 0.999998 0.999998 0.999998 0.999998 0.999998 0.999998 0.999998 0.999998 0.999998 0.999998 0.999998 0.999998 0.999998 0.999998 0.999998 0.999998 0.999998 0.999998 0.999998 0.999998 0.999998 0.999998 0.999998 0.999998 0.999998 0.999998 0.999998 0.999998 0.999998
 #wt and selex for gender,fleet: 1 6 6_OR_REC
 0.0116966 0.0306293 0.08115 0.149124 0.231344 0.322248 0.417576 0.514851 0.613552 0.714843 0.820748 0.93323 1.05353 1.18188 1.31756 1.45912 1.6048 1.7528 1.90151 2.04959 2.196 2.33991 2.48071 2.61793 2.75123 2.88035 3.00508 3.12531 3.24096 3.35198 3.45838 3.56019 3.65746 3.75026 3.8387 3.92288 4.00291 4.07894 4.15108 4.21949 4.2843 4.34567 4.40372 4.45861 4.51048 4.55947 4.60571 4.64934 4.69048 4.72927 4.76582 4.80025 4.83267 4.86319 4.89191 4.91894 4.94436 4.96826 4.99073 5.01186 5.03171 5.05036 5.06789 5.08435 5.09981 5.11433 5.12796 5.14075 5.15277 5.16404 5.17472 5.18484 5.19433 5.20324 5.2116 5.21944 5.22679 5.23369 5.24016 5.24623 5.25192 5.25726 5.26227 5.26696 5.27136 5.27549 5.27936 5.28298 5.28639 5.28957 5.29256 5.29537 5.29799 5.30046 5.30276 5.30493 5.30696 5.30886 5.31064 5.31231 5.31493
 0 6.37675e-05 0.00077753 0.00567428 0.0250686 0.0751964 0.168039 0.30035 0.453355 0.602913 0.730529 0.828049 0.896127 0.940214 0.967007 0.982419 0.990862 0.995279 0.997482 0.998517 0.998957 0.999103 0.999108 0.999047 0.998955 0.99885 0.998741 0.99863 0.998521 0.998414 0.998309 0.998208 0.99811 0.998016 0.997926 0.997839 0.997756 0.997676 0.997601 0.997529 0.99746 0.997395 0.997333 0.997275 0.997219 0.997166 0.997117 0.99707 0.997025 0.996983 0.996943 0.996906 0.996871 0.996838 0.996806 0.996777 0.996749 0.996723 0.996698 0.996675 0.996654 0.996633 0.996614 0.996596 0.996579 0.996563 0.996548 0.996534 0.996521 0.996508 0.996497 0.996486 0.996475 0.996465 0.996456 0.996447 0.996439 0.996432 0.996424 0.996418 0.996411 0.996405 0.9964 0.996395 0.99639 0.996385 0.996381 0.996377 0.996373 0.99637 0.996366 0.996363 0.99636 0.996358 0.996355 0.996353 0.99635 0.996348 0.996346 0.996344 0.996342
 #wt and selex for gender,fleet: 1 7 7_WA_REC
 0.0116639 0.030469 0.0827992 0.15615 0.248144 0.353075 0.465906 0.582863 0.701397 0.820024 0.938189 1.05613 1.17462 1.29469 1.41728 1.5431 1.6724 1.80502 1.94036 2.07756 2.21556 2.35327 2.48969 2.62392 2.75524 2.88307 3.007 3.12674 3.24209 3.35294 3.45925 3.561 3.65825 3.75105 3.83949 3.92367 4.00372 4.07975 4.15191 4.22033 4.28515 4.34652 4.40459 4.45949 4.51136 4.56036 4.6066 4.65024 4.69139 4.73018 4.76673 4.80116 4.83359 4.86411 4.89284 4.91987 4.94529 4.96919 4.99167 5.01279 5.03265 5.0513 5.06883 5.08529 5.10075 5.11527 5.1289 5.1417 5.15371 5.16499 5.17567 5.18579 5.19529 5.2042 5.21256 5.22041 5.22776 5.23467 5.24114 5.24721 5.2529 5.25824 5.26325 5.26795 5.27235 5.27648 5.28035 5.28398 5.28738 5.29057 5.29356 5.29636 5.29899 5.30146 5.30377 5.30593 5.30796 5.30986 5.31165 5.31332 5.31594
 0 7.06505e-06 8.86049e-05 0.000728084 0.00381775 0.0139586 0.0384188 0.0846311 0.156498 0.252032 0.363728 0.481112 0.593902 0.694343 0.778156 0.844282 0.893979 0.929779 0.954628 0.971325 0.982227 0.98917 0.993496 0.996142 0.997734 0.998679 0.999235 0.999558 0.999745 0.999853 0.999915 0.999951 0.999971 0.999983 0.99999 0.999994 0.999996 0.999997 0.999998 0.999999 0.999999 0.999999 0.999999 0.999999 0.999999 0.999999 0.999999 0.999999 0.999999 0.999999 0.999999 0.999999 0.999999 0.999999 0.999999 0.999999 0.999999 0.999999 0.999999 0.999999 0.999999 0.999999 0.999999 0.999999 0.999999 0.999999 0.999999 0.999999 0.999999 0.999999 0.999999 0.999999 0.999999 0.999999 0.999999 0.999999 0.999999 0.999999 0.999999 0.999999 0.999999 0.999999 0.999999 0.999999 0.999999 0.999999 0.999999 0.999999 0.999999 0.999999 0.999999 0.999999 0.999999 0.999999 0.999999 0.999999 0.999999 0.999999 0.999999 0.999999 0.999999
# Sex ratio correction
1
# M and current age-structure in year Yinit: 2011
 # gender = 1
 0.0439034 0.0439034 0.0439034 0.0439034 0.0439034 0.0439034 0.0439034 0.0439034 0.0439034 0.0439034 0.0439034 0.0439034 0.0439034 0.0439034 0.0439034 0.0439034 0.0439034 0.0439034 0.0439034 0.0439034 0.0439034 0.0439034 0.0439034 0.0439034 0.0439034 0.0439034 0.0439034 0.0439034 0.0439034 0.0439034 0.0439034 0.0439034 0.0439034 0.0439034 0.0439034 0.0439034 0.0439034 0.0439034 0.0439034 0.0439034 0.0439034 0.0439034 0.0439034 0.0439034 0.0439034 0.0439034 0.0439034 0.0439034 0.0439034 0.0439034 0.0439034 0.0439034 0.0439034 0.0439034 0.0439034 0.0439034 0.0439034 0.0439034 0.0439034 0.0439034 0.0439034 0.0439034 0.0439034 0.0439034 0.0439034 0.0439034 0.0439034 0.0439034 0.0439034 0.0439034 0.0439034 0.0439034 0.0439034 0.0439034 0.0439034 0.0439034 0.0439034 0.0439034 0.0439034 0.0439034 0.0439034 0.0439034 0.0439034 0.0439034 0.0439034 0.0439034 0.0439034 0.0439034 0.0439034 0.0439034 0.0439034 0.0439034 0.0439034 0.0439034 0.0439034 0.0439034 0.0439034 0.0439034 0.0439034 0.0439034 0.0439034
 216.237 218.442 198.216 253.278 162.79 122.89 91.923 68.8203 143.554 262.323 100.355 71.7944 127.576 68.2165 39.599 32.1202 32.2212 64.0505 82.9904 33.0196 24.7214 25.8345 28.1416 28.8217 28.9947 28.0132 31.9014 38.3755 30.738 33.9158 23.4573 15.9064 10.9378 8.48544 9.02402 8.37919 7.91761 4.98785 4.62234 5.52096 8.5911 5.73625 4.27625 3.13336 2.37246 1.91802 1.46077 1.18287 1.11377 1.18801 1.33241 1.41739 1.33244 1.15545 0.990693 0.873852 0.809077 0.790601 0.81323 0.874983 0.969852 1.0721 1.12217 1.06862 0.945359 0.818583 0.715595 0.638269 0.581337 0.538362 0.504945 0.478091 0.455935 0.437021 0.419797 0.402891 0.385368 0.367095 0.348541 0.3305 0.313674 0.298492 0.285028 0.273189 0.262694 0.253204 0.244416 0.236072 0.227965 0.219963 0.211987 0.203998 0.196005 0.188069 0.180188 0.172326 0.164697 0.157336 0.150264 0.1435 3.15221
# Age-structure at Ydeclare= 2013
 118.148 109.417 198.058 200.074 181.539 231.942 149.042 112.467 84.0781 62.9007 131.096 239.354 91.4931 65.4074 116.156 62.0786 36.0219 29.2098 29.2951 58.2243 75.4323 30.0098 22.4666 23.477 25.5725 26.1896 26.3459 25.4531 28.9848 34.8657 27.9254 30.8111 21.3092 14.4492 9.93543 7.70755 8.19652 7.61062 7.1912 4.53012 4.19805 5.01406 7.80213 5.20933 3.88335 2.84541 2.15439 1.74169 1.32645 1.07409 1.01134 1.07874 1.20984 1.287 1.20985 1.04914 0.899538 0.793445 0.734628 0.71785 0.738395 0.794465 0.880602 0.973444 1.0189 0.970275 0.858358 0.743248 0.649738 0.579527 0.527835 0.488814 0.458472 0.434089 0.413972 0.396799 0.38116 0.36581 0.349899 0.333308 0.316462 0.300081 0.284804 0.271019 0.258795 0.248045 0.238516 0.2299 0.221921 0.214345 0.206984 0.199719 0.192477 0.185223 0.177965 0.17076 0.163604 0.156466 0.14954 0.142856 3.12883
# Year for Tmin Age-structure (set to Ydecl by SS)
2013
#  recruitment and biomass
# Number of historical assessment years
137
# Historical data
# year recruitment spawner in B0 in R project in R/S project
1888  1889 1890 1891 1892 1893 1894 1895 1896 1897 1898 1899 1900 1901 1902 1903 1904 1905 1906 1907 1908 1909 1910 1911 1912 1913 1914 1915 1916 1917 1918 1919 1920 1921 1922 1923 1924 1925 1926 1927 1928 1929 1930 1931 1932 1933 1934 1935 1936 1937 1938 1939 1940 1941 1942 1943 1944 1945 1946 1947 1948 1949 1950 1951 1952 1953 1954 1955 1956 1957 1958 1959 1960 1961 1962 1963 1964 1965 1966 1967 1968 1969 1970 1971 1972 1973 1974 1975 1976 1977 1978 1979 1980 1981 1982 1983 1984 1985 1986 1987 1988 1989 1990 1991 1992 1993 1994 1995 1996 1997 1998 1999 2000 2001 2002 2003 2004 2005 2006 2007 2008 2009 2010 2011 2012 2013 2014 2015 2016 2017 2018 2019 2020 2021 2022 2023 2024 #years (with first value representing R0)
213.944 213.569 213.559 213.549 213.539 213.521 213.503 213.485 213.472 213.46 213.448 213.437 213.422 213.41 213.402 213.384 213.369 213.359 213.355 213.365 213.384 213.406 213.436 213.469 213.501 213.51 213.473 213.351 213.106 212.691 211.87 210.719 209.269 207.483 205.384 203.031 200.509 197.926 195.433 193.186 191.345 190.059 189.407 189.331 189.683 190.141 190.304 189.806 188.518 186.613 184.586 183.014 182.429 183.212 185.794 190.866 199.396 212.73 231.577 254.501 273.739 273.49 248.558 213.861 183.476 162.125 149.804 145.653 149.387 160.719 177.725 194.095 195.247 173.239 145.453 128.034 127.217 146.343 178.105 203.014 245.483 304.536 368.543 494.035 281.92 207.975 196.283 270.597 247.042 228.042 182.668 199.44 244.455 302.698 366.616 278.194 291.394 204.099 152.121 134.921 116.239 99.6142 81.3528 70.179 85.5976 198.785 143.189 67.7489 63.8838 74.7724 122.59 218.5 117.304 156.529 390.823 204.394 93.6886 119.694 153.094 194.059 288.943 216.408 228.246 216.237 114.327 118.148 123.713 144.801 161.474 165.246 168.677 171.801 174.416 176.68 178.597 180.18 181.557  #recruits; first value is R0 (virgin)
1108.55  1108.55 1108.55 1108.53 1108.5 1108.04 1107.58 1107.12 1106.96 1106.89 1106.8 1106.72 1106.62 1106.5 1106.35 1106.19 1106.01 1105.8 1105.58 1105.34 1105.07 1104.68 1104.38 1104.06 1103.72 1103.37 1103 1102.62 1102.14 1101.73 1101.14 1098.49 1097.41 1096.44 1095.54 1094.91 1094.19 1092.93 1091.3 1088.85 1085.68 1082.58 1079.94 1076.94 1074.94 1073.09 1071.21 1068.76 1066.27 1062.76 1059.49 1055.89 1052.9 1048.73 1043.05 1037.02 1026.48 1015.28 998.891 983.873 976.724 968.684 962.513 955.749 947.498 940.454 935.343 929.2 923.571 918.001 911.404 905.55 900.825 897.281 895.629 893.327 892.653 893.344 884.407 882.667 879.277 875.674 863.058 855.169 844.132 829.921 814.297 796.862 779.732 759.806 740.19 707.998 674.071 648.704 615.883 560.606 513.524 486.996 451.073 422.739 396.207 373.338 344.169 323.788 289.701 259.058 229.962 214.94 199.693 183.195 164.058 158.786 149.473 151.937 153.954 161.109 168.568 176.32 184.123 192.299 200.112 208.461 216.991 226.51 236.599 247.219 258.828 271.361 284.203 297.896 311.076 324.842 338.537 353.162 367.774 381.05 393.463 #spbio; first value is SSB_virgin (virgin)
1 0 0 0 0 0 0 0 0 0 0 0 0 0 0 0 0 0 0 0 0 0 0 0 0 0 0 0 0 0 0 0 0 0 0 0 0 0 0 0 0 0 0 0 0 0 0 0 0 0 0 0 0 0 0 0 0 0 0 0 0 0 0 0 0 0 0 0 0 0 0 0 0 0 0 0 0 0 0 0 0 0 0 0 0 0 0 0 0 0 0 0 0 0 0 0 0 0 0 0 0 0 0 0 0 0 0 0 0 0 0 0 0 0 0 0 0 0 0 0 0 0 0 0 0 0 0 0 0 0 0 0 0 0 0 0 0  # in Bzero
0 1 1 1 1 1 1 1 1 1 1 1 1 1 1 1 1 1 1 1 1 1 1 1 1 1 1 1 1 1 1 1 1 1 1 1 1 1 1 1 1 1 1 1 1 1 1 1 1 1 1 1 1 1 1 1 1 1 1 1 1 1 1 1 1 1 1 1 1 1 1 1 1 1 1 1 1 1 1 1 1 1 1 1 1 1 1 1 1 1 1 1 1 1 1 1 1 1 1 1 1 1 1 1 1 1 1 1 1 1 1 1 1 1 1 1 1 1 1 1 1 1 1 1 1 1 1 1 1 1 1 1 1 1  0 0 0 # in R project
0 1 1 1 1 1 1 1 1 1 1 1 1 1 1 1 1 1 1 1 1 1 1 1 1 1 1 1 1 1 1 1 1 1 1 1 1 1 1 1 1 1 1 1 1 1 1 1 1 1 1 1 1 1 1 1 1 1 1 1 1 1 1 1 1 1 1 1 1 1 1 1 1 1 1 1 1 1 1 1 1 1 1 1 1 1 1 1 1 1 1 1 1 1 1 1 1 1 1 1 1 1 1 1 1 1 1 1 1 1 1 1 1 1 1 1 1 1 1 1 1 1 1 1 1 1 1 1 1 1 1 1 1 1  0 0 0 # in R/S project
# Number of years with pre-specified catches
0
# catches for years with pre-specified catches go next
# Number of future recruitments to override
-2
# Process for overiding (-1 for average otherwise index in data list)
# Which probability to product detailed results for (1=0.5; 2=0.6; etc.)
3
# Steepness sigma-R Auto-correlation
0.718 0.5 0
# Target SPR rate (FMSY Proxy); manually change to SPR_MSY if not using SPR_target
0.5
# Discount rate (for cumulative catch)
0.1
# Truncate the series when 0.4B0 is reached (1=Yes)
0
# Set F to FMSY once 0.4B0 is reached (1=Yes)
0
# Maximum possible F for projection (-1 to set to FMSY)
-1
# Defintion of recovery (1=now only;2=now or before)
2
# Projection type
4
# Definition of the 40-10 rule
10 40
# Sigma Assessment Error (Base, Year1, Slope, MaxSigma)
1.0 2025 0.075 2.0
# Pstar
0.45
# Constrain catches by the ABC (1=yes, 2=no)
2
# Implementation Error (0=no; 1=lognormal; 2=uniform)
0
#Parameters of Implementaion Error
1 0.3
# Calculate coefficients of variation (1=Yes)
0
# Number of replicates to use
10
# Random number seed
-99004
# File with multiple parameter vectors 
rebuild.SSO
# User-specific projection (1=Yes); Output replaced (1->9)
0  5
# Catches and Fs (Year; 1/2/3 (F or C or SPR); value); Final row is -1
2024 1 1
-1 -1 -1
# Fixed catch project (1=Yes); Output replaced (1->9); Approach (-1=Read in else 1-9)
0 2 -1
# (48a) Special catch options (1-Yes) [CUT_OFF, Emsy, distribution, MAXCAT, Add, replace_code]
0 0.18 1.00 1.00 0 6
# (48b) B1Target
150000
# Split of Fs
2011  0.0171538
 0
 0.403076
 0.0239339
 0.174764
 0.187729
 0.193343
-1  1 1 1 1 1 1 1 1 1 1 1 1
# Yrs to define T_target for projection type 4 (a.k.a. 5 pre-specified inputs)
2030 2031 2032 2033 2034 
# Year for probability of recovery
2034 2035 2036 2037 2038 2039 2040 2041
# Time varying weight-at-age (1=Yes;0=No)
0
# File with time series of weight-at-age data
none
# Use bisection (0) or linear interpolation (1)
1
# Target Depletion
0.4
# CV of implementation error
0
