#Title, #runnumber: 1 yelloweye_data.ss yelloweye_control.ss 6810.11 1094.34 353.812 StartTime: Thu Apr 24 17:04:16 2025
SSv3_default_rebuild.dat
# Number of sexes
1
# Age range to consider (minimum age; maximum age)
0 100
# Number of fleets
7
# First year of projection (Yinit)
2011
# First Year of rebuilding period (Ydecl)
2013
# Number of simulations
1000
# Maximum number of years
500
# Conduct projections with multiple starting values (0=No;else yes)
0
# Number of parameter vectors
1000
# Is the maximum age a plus-group (1=Yes;2=No)
1
# Generate future recruitments using historical recruitments (1)  historical recruits/spawner (2)  or a stock-recruitment (3)
3
# Constant fishing mortality (1) or constant Catch (2) projections
1
# Fishing mortality based on SPR (1) or actual rate (2)
1
# Pre-specify the year of recovery (or -1) to ignore
-1
# Fecundity-at-age
# 0 1 2 3 4 5 6 7 8 9 10 11 12 13 14 15 16 17 18 19 20 21 22 23 24 25 26 27 28 29 30 31 32 33 34 35 36 37 38 39 40 41 42 43 44 45 46 47 48 49 50 51 52 53 54 55 56 57 58 59 60 61 62 63 64 65 66 67 68 69 70 71 72 73 74 75 76 77 78 79 80 81 82 83 84 85 86 87 88 89 90 91 92 93 94 95 96 97 98 99 100 #runnumber: 1 yelloweye_data.ss yelloweye_control.ss 6810.11 1094.34 353.812
 0 0 2.73497e-09 5.65814e-08 7.17578e-07 6.42629e-06 4.41608e-05 0.000242772 0.00108077 0.00387389 0.0111571 0.0262027 0.0515963 0.0879602 0.133797 0.186318 0.242507 0.29984 0.356552 0.41159 0.464428 0.514874 0.562919 0.608638 0.652136 0.693517 0.732876 0.770295 0.805846 0.839593 0.871597 0.901914 0.930601 0.957713 0.98331 1.00745 1.03019 1.05158 1.0717 1.09059 1.10832 1.12495 1.14052 1.15511 1.16876 1.18152 1.19344 1.20458 1.21498 1.22469 1.23374 1.24218 1.25004 1.25737 1.2642 1.27056 1.27648 1.28198 1.28711 1.29188 1.29631 1.30043 1.30427 1.30783 1.31114 1.31422 1.31708 1.31974 1.32221 1.3245 1.32663 1.32864 1.3305 1.33224 1.33385 1.33534 1.33673 1.33802 1.33921 1.34032 1.34135 1.34231 1.3432 1.34402 1.34479 1.34549 1.34615 1.34676 1.34733 1.34786 1.34835 1.3488 1.34922 1.34961 1.34997 1.35031 1.35062 1.35091 1.35118 1.35142 1.35179 #female fecundity; weighted by N in year Y_init across morphs and areas
# Age specific selectivity and weight adjusted for discard and discard mortality
 #wt and selex for gender,fleet: 1 1 1_CA_TWL
 0.00896707 0.00910418 0.0276122 0.0688104 0.130787 0.212733 0.311927 0.425125 0.549131 0.681074 0.818537 0.959704 1.10352 1.24963 1.39803 1.54857 1.70075 1.85364 2.00606 2.15681 2.30477 2.44902 2.58885 2.72375 2.85336 2.97747 3.09595 3.20877 3.31596 3.4176 3.51379 3.60468 3.69044 3.77124 3.84728 3.91877 3.98589 4.04887 4.1079 4.16319 4.21493 4.26333 4.30857 4.35083 4.39029 4.42712 4.46147 4.49351 4.52336 4.55118 4.57709 4.60122 4.62368 4.64459 4.66404 4.68213 4.69896 4.71461 4.72916 4.74269 4.75526 4.76694 4.77779 4.78788 4.79724 4.80595 4.81403 4.82153 4.8285 4.83498 4.84102 4.84667 4.85191 4.85678 4.8613 4.8655 4.86939 4.873 4.87636 4.87947 4.88236 4.88504 4.88753 4.88984 4.89198 4.89397 4.89582 4.89753 4.89912 4.90059 4.90196 4.90323 4.9044 4.9055 4.90651 4.90745 4.90832 4.90913 4.90988 4.91058 4.9116
 0 0.00107836 0.0024176 0.00910508 0.0269953 0.0641811 0.127257 0.217641 0.330157 0.454508 0.578458 0.691087 0.785081 0.857602 0.909717 0.944898 0.967416 0.981209 0.989365 0.994059 0.996707 0.99818 0.998993 0.99944 0.999686 0.999822 0.999898 0.99994 0.999964 0.999978 0.999986 0.999991 0.999993 0.999995 0.999996 0.999997 0.999997 0.999997 0.999997 0.999998 0.999998 0.999998 0.999998 0.999998 0.999998 0.999997 0.999997 0.999997 0.999997 0.999997 0.999997 0.999997 0.999997 0.999997 0.999997 0.999997 0.999997 0.999997 0.999997 0.999997 0.999997 0.999997 0.999997 0.999997 0.999997 0.999997 0.999997 0.999997 0.999997 0.999997 0.999997 0.999997 0.999997 0.999997 0.999997 0.999997 0.999997 0.999997 0.999997 0.999997 0.999997 0.999997 0.999997 0.999997 0.999997 0.999997 0.999997 0.999997 0.999997 0.999997 0.999997 0.999997 0.999997 0.999997 0.999997 0.999997 0.999997 0.999997 0.999997 0.999997 0.999997
 #wt and selex for gender,fleet: 1 3 3_CA_REC
 0.00896707 0.00910408 0.0267394 0.0662637 0.125823 0.204678 0.300355 0.409855 0.53019 0.658668 0.793158 0.932375 1.07589 1.22365 1.37535 1.53015 1.68672 1.84353 1.99912 2.15221 2.30181 2.44715 2.58769 2.72304 2.85292 2.9772 3.09578 3.20867 3.3159 3.41756 3.51376 3.60466 3.69043 3.77123 3.84728 3.91876 3.98589 4.04887 4.1079 4.16319 4.21493 4.26333 4.30857 4.35083 4.3903 4.42712 4.46147 4.49351 4.52336 4.55118 4.57709 4.60122 4.62369 4.64459 4.66404 4.68214 4.69896 4.71461 4.72916 4.74269 4.75526 4.76694 4.77779 4.78788 4.79724 4.80595 4.81403 4.82153 4.8285 4.83498 4.84102 4.84667 4.85192 4.85678 4.8613 4.8655 4.86939 4.87301 4.87636 4.87947 4.88236 4.88504 4.88753 4.88984 4.89198 4.89397 4.89582 4.89753 4.89912 4.90059 4.90196 4.90323 4.9044 4.9055 4.90651 4.90745 4.90832 4.90913 4.90988 4.91058 4.9116
 0 0.00393425 0.00812265 0.0250477 0.0624507 0.128226 0.224547 0.345552 0.478997 0.610301 0.726724 0.820292 0.888822 0.934911 0.963663 0.980494 0.989847 0.994835 0.997414 0.998717 0.999366 0.999686 0.999844 0.999922 0.99996 0.999979 0.999989 0.999994 0.999997 0.999998 0.999999 0.999999 0.999999 0.999999 0.999999 0.999999 0.999999 0.999999 0.999999 0.999999 0.999999 0.999999 0.999999 0.999999 0.999999 0.999999 0.999999 0.999999 0.999999 0.999999 0.999999 0.999999 0.999999 0.999999 0.999999 0.999999 0.999999 0.999999 0.999999 0.999999 0.999999 0.999999 0.999999 0.999999 0.999999 0.999999 0.999999 0.999999 0.999999 0.999999 0.999999 0.999999 0.999999 0.999999 0.999999 0.999999 0.999999 0.999999 0.999999 0.999999 0.999999 0.999999 0.999999 0.999999 0.999999 0.999999 0.999999 0.999999 0.999999 0.999999 0.999999 0.999999 0.999999 0.999999 0.999999 0.999999 0.999999 0.999999 0.999999 0.999999 0.999999
 #wt and selex for gender,fleet: 1 4 4_ORWA_TWL
 0.00896707 0.00910391 0.0252496 0.062141 0.118713 0.194721 0.288407 0.397314 0.518761 0.650123 0.788991 0.933296 1.08144 1.23236 1.38534 1.53979 1.69499 1.85003 2.0039 2.15555 2.30405 2.44862 2.58863 2.72363 2.8533 2.97743 3.09593 3.20876 3.31596 3.41759 3.51379 3.60468 3.69044 3.77124 3.84728 3.91876 3.98589 4.04887 4.1079 4.16319 4.21493 4.26333 4.30857 4.35083 4.39029 4.42712 4.46147 4.49351 4.52336 4.55118 4.57709 4.60122 4.62368 4.64459 4.66404 4.68213 4.69896 4.71461 4.72916 4.74269 4.75526 4.76694 4.77779 4.78788 4.79724 4.80594 4.81403 4.82153 4.8285 4.83498 4.84102 4.84667 4.85191 4.85678 4.8613 4.8655 4.86939 4.873 4.87636 4.87947 4.88236 4.88504 4.88753 4.88984 4.89198 4.89397 4.89582 4.89753 4.89912 4.90059 4.90196 4.90323 4.9044 4.9055 4.90651 4.90745 4.90832 4.90913 4.90988 4.91058 4.9116
 0 0.0139631 0.0251149 0.0550687 0.10493 0.17648 0.267565 0.372352 0.482917 0.591112 0.690054 0.774973 0.843509 0.8956 0.932984 0.958428 0.974952 0.985262 0.991485 0.995144 0.997254 0.998453 0.999128 0.999507 0.999719 0.999838 0.999906 0.999944 0.999966 0.999979 0.999986 0.999991 0.999993 0.999995 0.999996 0.999997 0.999997 0.999997 0.999997 0.999997 0.999997 0.999997 0.999997 0.999997 0.999997 0.999997 0.999997 0.999997 0.999997 0.999997 0.999997 0.999997 0.999997 0.999997 0.999997 0.999997 0.999997 0.999997 0.999997 0.999997 0.999997 0.999997 0.999997 0.999997 0.999997 0.999997 0.999997 0.999997 0.999997 0.999997 0.999997 0.999997 0.999997 0.999997 0.999997 0.999997 0.999997 0.999997 0.999997 0.999997 0.999997 0.999997 0.999997 0.999997 0.999997 0.999997 0.999997 0.999997 0.999997 0.999997 0.999997 0.999997 0.999997 0.999997 0.999997 0.999997 0.999997 0.999997 0.999997 0.999997 0.999997
 #wt and selex for gender,fleet: 1 5 5_ORWA_NONTWL
 0.00896707 0.0091041 0.0269338 0.0673498 0.12908 0.211889 0.313572 0.431163 0.561519 0.701642 0.848837 1.00076 1.15541 1.31113 1.46656 1.62068 1.77274 1.92223 2.06882 2.21229 2.35243 2.489 2.62177 2.75044 2.87477 2.9945 3.10943 3.21941 3.32436 3.42423 3.51904 3.60886 3.69378 3.77393 3.84946 3.92054 3.98735 4.05008 4.10891 4.16404 4.21566 4.26395 4.30911 4.3513 4.3907 4.42748 4.46179 4.49379 4.52362 4.55142 4.57731 4.60142 4.62387 4.64476 4.6642 4.68228 4.6991 4.71474 4.72929 4.7428 4.75537 4.76704 4.77789 4.78798 4.79734 4.80604 4.81412 4.82162 4.82859 4.83506 4.8411 4.84675 4.85199 4.85686 4.86138 4.86557 4.86947 4.87308 4.87643 4.87955 4.88243 4.88512 4.8876 4.88991 4.89205 4.89404 4.89589 4.8976 4.89919 4.90066 4.90203 4.9033 4.90447 4.90557 4.90658 4.90752 4.90839 4.9092 4.90995 4.91065 4.91167
 0 0.000641658 0.00134596 0.00442049 0.0120863 0.0277599 0.0550709 0.0967024 0.15346 0.223947 0.304897 0.391913 0.480316 0.565844 0.64511 0.715802 0.776698 0.827533 0.868786 0.901436 0.926721 0.945944 0.960339 0.970989 0.978799 0.984489 0.988619 0.991612 0.993782 0.995358 0.996507 0.997349 0.997969 0.998428 0.998771 0.99903 0.999226 0.999375 0.999491 0.999581 0.999652 0.999707 0.999752 0.999788 0.999817 0.99984 0.99986 0.999876 0.999889 0.999901 0.99991 0.999918 0.999925 0.999931 0.999936 0.999941 0.999945 0.999948 0.999951 0.999954 0.999956 0.999958 0.99996 0.999961 0.999963 0.999964 0.999965 0.999966 0.999967 0.999968 0.999969 0.999969 0.99997 0.99997 0.999971 0.999971 0.999971 0.999972 0.999972 0.999972 0.999972 0.999973 0.999973 0.999973 0.999973 0.999973 0.999973 0.999974 0.999974 0.999974 0.999974 0.999974 0.999974 0.999974 0.999974 0.999974 0.999974 0.999975 0.999975 0.999975 0.999975
 #wt and selex for gender,fleet: 1 6 6_OR_REC
 0.00896707 0.00910539 0.0346853 0.0846093 0.155354 0.242914 0.342115 0.44855 0.559288 0.673788 0.793974 0.922529 1.06084 1.2082 1.36234 1.52052 1.68019 1.83935 1.99652 2.15058 2.30074 2.44639 2.58709 2.7225 2.8524 2.97667 3.09524 3.2081 3.31531 3.41694 3.51312 3.60399 3.68973 3.77052 3.84654 3.91801 3.98512 4.04807 4.10709 4.16236 4.2141 4.26248 4.30771 4.34996 4.38941 4.42623 4.46057 4.4926 4.52245 4.55026 4.57616 4.60029 4.62274 4.64364 4.66309 4.68118 4.698 4.71365 4.72819 4.74171 4.75428 4.76596 4.77681 4.78689 4.79626 4.80496 4.81304 4.82054 4.82751 4.83398 4.84003 4.84567 4.85091 4.85578 4.8603 4.86449 4.86838 4.87199 4.87535 4.87846 4.88135 4.88403 4.88651 4.88882 4.89096 4.89295 4.8948 4.89651 4.89809 4.89957 4.90093 4.9022 4.90338 4.90447 4.90548 4.90642 4.9073 4.90811 4.90886 4.90955 4.91057
 0 1.83319e-05 8.90443e-05 0.0013101 0.0100102 0.0446137 0.131028 0.279639 0.467992 0.652693 0.798468 0.894565 0.949366 0.977251 0.990235 0.995869 0.998162 0.999023 0.999294 0.999326 0.999263 0.999162 0.999048 0.998928 0.998808 0.998689 0.998574 0.998462 0.998354 0.99825 0.998151 0.998056 0.997966 0.997881 0.9978 0.997724 0.997652 0.997584 0.99752 0.997461 0.997404 0.997351 0.997302 0.997256 0.997212 0.997172 0.997134 0.997099 0.997066 0.997035 0.997006 0.99698 0.996955 0.996931 0.99691 0.99689 0.996871 0.996854 0.996837 0.996822 0.996808 0.996795 0.996783 0.996772 0.996762 0.996752 0.996743 0.996734 0.996727 0.996719 0.996713 0.996706 0.9967 0.996695 0.99669 0.996685 0.996681 0.996677 0.996673 0.99667 0.996666 0.996663 0.99666 0.996658 0.996655 0.996653 0.996651 0.996649 0.996647 0.996646 0.996644 0.996643 0.996642 0.99664 0.996639 0.996638 0.996637 0.996636 0.996635 0.996635 0.996633
 #wt and selex for gender,fleet: 1 7 7_WA_REC
 0.00896707 0.00910507 0.0333821 0.0832673 0.156513 0.250482 0.360522 0.482015 0.611014 0.744402 0.879908 1.0162 1.15302 1.29095 1.43094 1.57364 1.71904 1.86647 2.01476 2.16253 2.30845 2.45134 2.5903 2.72464 2.85391 2.97781 3.09616 3.2089 3.31604 3.41765 3.51382 3.6047 3.69045 3.77125 3.84729 3.91877 3.98589 4.04887 4.1079 4.16319 4.21493 4.26333 4.30857 4.35084 4.3903 4.42712 4.46147 4.49351 4.52336 4.55118 4.57709 4.60122 4.62369 4.64459 4.66404 4.68214 4.69896 4.71461 4.72916 4.74269 4.75526 4.76694 4.77779 4.78788 4.79724 4.80595 4.81403 4.82153 4.8285 4.83498 4.84102 4.84667 4.85192 4.85678 4.8613 4.8655 4.86939 4.87301 4.87636 4.87947 4.88236 4.88504 4.88753 4.88984 4.89198 4.89397 4.89582 4.89753 4.89912 4.90059 4.90196 4.90323 4.90441 4.9055 4.90651 4.90745 4.90832 4.90913 4.90988 4.91058 4.9116
 0 4.5171e-06 1.85421e-05 0.000226523 0.00168295 0.00811187 0.0275923 0.0711115 0.147085 0.255569 0.386736 0.524511 0.652713 0.760135 0.842403 0.900805 0.939741 0.964414 0.97943 0.988289 0.993397 0.996295 0.997922 0.99883 0.999337 0.999621 0.999781 0.999871 0.999923 0.999954 0.999971 0.999982 0.999988 0.999992 0.999995 0.999996 0.999997 0.999998 0.999998 0.999999 0.999999 0.999999 0.999999 0.999999 0.999999 0.999999 0.999999 0.999999 0.999999 0.999999 0.999999 0.999999 0.999999 0.999999 0.999999 0.999999 0.999999 0.999999 0.999999 0.999999 0.999999 0.999999 0.999999 0.999999 0.999999 0.999999 0.999999 0.999999 0.999999 0.999999 0.999999 0.999999 0.999999 0.999999 0.999999 0.999999 0.999999 0.999999 0.999999 0.999999 0.999999 0.999999 0.999999 0.999999 0.999999 0.999999 0.999999 0.999999 0.999999 0.999999 0.999999 0.999999 0.999999 0.999999 0.999999 0.999999 0.999999 0.999999 0.999999 0.999999 0.999999
# Sex ratio correction
1
# M and current age-structure in year Yinit: 2011
 # gender = 1
 0.0439034 0.0439034 0.0439034 0.0439034 0.0439034 0.0439034 0.0439034 0.0439034 0.0439034 0.0439034 0.0439034 0.0439034 0.0439034 0.0439034 0.0439034 0.0439034 0.0439034 0.0439034 0.0439034 0.0439034 0.0439034 0.0439034 0.0439034 0.0439034 0.0439034 0.0439034 0.0439034 0.0439034 0.0439034 0.0439034 0.0439034 0.0439034 0.0439034 0.0439034 0.0439034 0.0439034 0.0439034 0.0439034 0.0439034 0.0439034 0.0439034 0.0439034 0.0439034 0.0439034 0.0439034 0.0439034 0.0439034 0.0439034 0.0439034 0.0439034 0.0439034 0.0439034 0.0439034 0.0439034 0.0439034 0.0439034 0.0439034 0.0439034 0.0439034 0.0439034 0.0439034 0.0439034 0.0439034 0.0439034 0.0439034 0.0439034 0.0439034 0.0439034 0.0439034 0.0439034 0.0439034 0.0439034 0.0439034 0.0439034 0.0439034 0.0439034 0.0439034 0.0439034 0.0439034 0.0439034 0.0439034 0.0439034 0.0439034 0.0439034 0.0439034 0.0439034 0.0439034 0.0439034 0.0439034 0.0439034 0.0439034 0.0439034 0.0439034 0.0439034 0.0439034 0.0439034 0.0439034 0.0439034 0.0439034 0.0439034 0.0439034
 211.465 262.112 268.694 311.982 180.011 166.487 95.0302 58.7999 82.8593 194.082 56.0023 44.5797 79.8584 51.0794 32.2289 25.5736 25.4689 49.591 52.4072 25.9455 20.9351 21.0566 20.5183 20.6725 23.0181 25.2083 31.602 29.6143 17.8509 17.9758 15.415 13.374 9.19165 6.44506 7.12988 6.12904 6.04955 3.99635 3.33421 3.84497 5.2902 3.75612 2.88706 2.23471 1.79001 1.55427 1.18907 0.949933 0.886691 0.932752 1.01223 1.02467 0.935176 0.815528 0.71657 0.650156 0.616263 0.611664 0.634384 0.68453 0.758163 0.835854 0.874165 0.836784 0.746355 0.650881 0.57216 0.512663 0.468852 0.435977 0.41068 0.390558 0.374048 0.359964 0.347158 0.334704 0.321968 0.308826 0.295504 0.282458 0.270115 0.258775 0.248494 0.239225 0.230781 0.222922 0.215433 0.208136 0.200895 0.193636 0.18633 0.178978 0.171617 0.164327 0.157113 0.150067 0.143248 0.136689 0.130411 0.124424 2.67711
# Age-structure at Ydeclare= 2013
 429.53 185.834 193.687 240.073 246.094 285.71 164.813 152.359 86.8985 53.7114 75.5961 176.853 50.9747 40.541 72.5734 46.3964 29.2639 23.2154 23.1169 45.0071 47.5602 23.545 18.9977 19.1078 18.6191 18.7587 20.8868 22.8736 28.6744 26.87 16.196 16.3086 13.9846 12.1325 8.33799 5.84625 6.4672 5.55919 5.48692 3.62456 3.02392 3.48704 4.7976 3.40627 2.61808 2.02647 1.62317 1.40938 1.07821 0.861355 0.804002 0.845759 0.917814 0.929093 0.847942 0.739452 0.649723 0.589504 0.558771 0.554601 0.5752 0.620667 0.68743 0.757872 0.792608 0.758714 0.676721 0.590154 0.518777 0.464831 0.425107 0.3953 0.372363 0.354118 0.339148 0.326378 0.314767 0.303475 0.291927 0.280011 0.267933 0.256104 0.244913 0.234631 0.225309 0.216905 0.209248 0.202123 0.195333 0.188717 0.182151 0.175569 0.168945 0.162279 0.155606 0.148996 0.142454 0.136066 0.129883 0.123937 2.65841
# Year for Tmin Age-structure (set to Ydecl by SS)
2013
#  recruitment and biomass
# Number of historical assessment years
137
# Historical data
# year recruitment spawner in B0 in R project in R/S project
1888  1889 1890 1891 1892 1893 1894 1895 1896 1897 1898 1899 1900 1901 1902 1903 1904 1905 1906 1907 1908 1909 1910 1911 1912 1913 1914 1915 1916 1917 1918 1919 1920 1921 1922 1923 1924 1925 1926 1927 1928 1929 1930 1931 1932 1933 1934 1935 1936 1937 1938 1939 1940 1941 1942 1943 1944 1945 1946 1947 1948 1949 1950 1951 1952 1953 1954 1955 1956 1957 1958 1959 1960 1961 1962 1963 1964 1965 1966 1967 1968 1969 1970 1971 1972 1973 1974 1975 1976 1977 1978 1979 1980 1981 1982 1983 1984 1985 1986 1987 1988 1989 1990 1991 1992 1993 1994 1995 1996 1997 1998 1999 2000 2001 2002 2003 2004 2005 2006 2007 2008 2009 2010 2011 2012 2013 2014 2015 2016 2017 2018 2019 2020 2021 2022 2023 2024 #years (with first value representing R0)
211.636 214.966 215.084 215.207 215.334 215.457 215.585 215.719 215.864 216.017 216.176 216.343 216.518 216.702 216.895 217.096 217.309 217.538 217.781 218.051 218.343 218.657 218.995 219.305 219.514 219.719 219.898 220.012 220.016 219.858 219.465 218.734 217.69 216.27 214.465 212.309 209.858 207.203 204.479 201.83 199.408 197.351 195.726 194.477 193.48 192.472 191.158 189.298 186.842 183.953 181.042 178.586 177.07 176.885 178.483 182.517 189.838 201.569 218.174 238.028 253.874 252.257 229.37 197.805 169.769 149.534 137.009 131.153 131.433 137.559 148.61 161.678 167.952 157.152 136.992 122.984 124.148 145.964 178.55 191.529 221.472 263.241 312.754 398.961 260.421 201.122 212.946 282.476 248.739 249.32 192.364 231.847 282.289 269.809 258.851 210.345 284.974 248.756 163.316 123.904 93.6144 79.3184 70.6705 62.0809 69.1973 127.799 112.143 53.9703 51.1601 61.1338 92.1259 137.146 72.9787 87.4522 289.324 117.999 80.0469 123.732 207.396 214.582 355.91 293.355 273.876 211.465 194.174 429.53 211.091 282.844 200.339 100.639 96.7965 103.431 104.972 138.565 154.061 158.791 172.763  #recruits; first value is R0 (virgin)
1094.34  1094.34 1094.34 1094.32 1094.29 1093.83 1093.36 1092.9 1092.74 1092.67 1092.59 1092.52 1092.45 1092.39 1092.35 1092.33 1092.34 1092.36 1092.43 1092.52 1092.64 1092.65 1092.81 1092.98 1093.16 1093.35 1093.56 1093.77 1093.92 1094.16 1094.24 1092.26 1091.89 1091.66 1091.51 1091.66 1091.75 1091.3 1090.5 1088.91 1086.6 1084.39 1082.66 1080.58 1079.53 1078.65 1077.75 1076.29 1074.78 1072.24 1069.93 1067.26 1065.16 1061.84 1056.92 1051.57 1041.63 1030.95 1014.95 1000.15 993.119 983.986 976.95 969.242 960.101 951.965 945.886 938.352 931.409 924.51 916.324 909.054 902.834 897.957 894.79 890.907 888.49 887.49 876.281 872.353 866.072 859.333 844.439 834.366 821.01 804.384 786.792 767.241 747.897 725.749 703.906 669.457 633.353 606.066 571.237 516.319 487.647 465.884 438.812 416.435 388.797 364.709 335.004 313.912 277.387 244.605 213.167 195.826 178.922 160.426 139.029 131.358 119.71 120.901 121.062 126.591 132.205 138.191 144.203 150.641 156.531 162.855 169.033 175.757 182.858 190.274 198.601 207.667 217.264 227.876 238.55 250.769 264.178 279.854 296.982 314.333 332.366 #spbio; first value is SSB_virgin (virgin)
1 0 0 0 0 0 0 0 0 0 0 0 0 0 0 0 0 0 0 0 0 0 0 0 0 0 0 0 0 0 0 0 0 0 0 0 0 0 0 0 0 0 0 0 0 0 0 0 0 0 0 0 0 0 0 0 0 0 0 0 0 0 0 0 0 0 0 0 0 0 0 0 0 0 0 0 0 0 0 0 0 0 0 0 0 0 0 0 0 0 0 0 0 0 0 0 0 0 0 0 0 0 0 0 0 0 0 0 0 0 0 0 0 0 0 0 0 0 0 0 0 0 0 0 0 0 0 0 0 0 0 0 0 0 0 0 0  # in Bzero
0 1 1 1 1 1 1 1 1 1 1 1 1 1 1 1 1 1 1 1 1 1 1 1 1 1 1 1 1 1 1 1 1 1 1 1 1 1 1 1 1 1 1 1 1 1 1 1 1 1 1 1 1 1 1 1 1 1 1 1 1 1 1 1 1 1 1 1 1 1 1 1 1 1 1 1 1 1 1 1 1 1 1 1 1 1 1 1 1 1 1 1 1 1 1 1 1 1 1 1 1 1 1 1 1 1 1 1 1 1 1 1 1 1 1 1 1 1 1 1 1 1 1 1 1 1 1 1 1 1 1 1 1 1  0 0 0 # in R project
0 1 1 1 1 1 1 1 1 1 1 1 1 1 1 1 1 1 1 1 1 1 1 1 1 1 1 1 1 1 1 1 1 1 1 1 1 1 1 1 1 1 1 1 1 1 1 1 1 1 1 1 1 1 1 1 1 1 1 1 1 1 1 1 1 1 1 1 1 1 1 1 1 1 1 1 1 1 1 1 1 1 1 1 1 1 1 1 1 1 1 1 1 1 1 1 1 1 1 1 1 1 1 1 1 1 1 1 1 1 1 1 1 1 1 1 1 1 1 1 1 1 1 1 1 1 1 1 1 1 1 1 1 1  0 0 0 # in R/S project
# Number of years with pre-specified catches
0
# catches for years with pre-specified catches go next
# Number of future recruitments to override
-2
# Process for overiding (-1 for average otherwise index in data list)
# Which probability to product detailed results for (1=0.5; 2=0.6; etc.)
3
# Steepness sigma-R Auto-correlation
0.718 0.5 0
# Target SPR rate (FMSY Proxy); manually change to SPR_MSY if not using SPR_target
0.5
# Discount rate (for cumulative catch)
0.1
# Truncate the series when 0.4B0 is reached (1=Yes)
0
# Set F to FMSY once 0.4B0 is reached (1=Yes)
0
# Maximum possible F for projection (-1 to set to FMSY)
-1
# Defintion of recovery (1=now only;2=now or before)
2
# Projection type
4
# Definition of the 40-10 rule
10 40
# Sigma Assessment Error (Base, Year1, Slope, MaxSigma)
1.0 2025 0.075 2.0
# Pstar
0.45
# Constrain catches by the ABC (1=yes, 2=no)
2
# Implementation Error (0=no; 1=lognormal; 2=uniform)
0
#Parameters of Implementaion Error
1 0.3
# Calculate coefficients of variation (1=Yes)
0
# Number of replicates to use
10
# Random number seed
-99004
# File with multiple parameter vectors 
rebuild.SSO
# User-specific projection (1=Yes); Output replaced (1->9)
0  5
# Catches and Fs (Year; 1/2/3 (F or C or SPR); value); Final row is -1
2024 1 1
-1 -1 -1
# Fixed catch project (1=Yes); Output replaced (1->9); Approach (-1=Read in else 1-9)
0 2 -1
# (48a) Special catch options (1-Yes) [CUT_OFF, Emsy, distribution, MAXCAT, Add, replace_code]
0 0.18 1.00 1.00 0 6
# (48b) B1Target
150000
# Split of Fs
2011  0.0161523
 0
 0.380857
 0.024377
 0.196987
 0.198592
 0.183035
-1  1 1 1 1 1 1 1 1 1 1 1 1
# Yrs to define T_target for projection type 4 (a.k.a. 5 pre-specified inputs)
2030 2031 2032 2033 2034 
# Year for probability of recovery
2034 2035 2036 2037 2038 2039 2040 2041
# Time varying weight-at-age (1=Yes;0=No)
0
# File with time series of weight-at-age data
none
# Use bisection (0) or linear interpolation (1)
1
# Target Depletion
0.4
# CV of implementation error
0
