#Title, #runnumber: 1 yelloweye_data.ss yelloweye_control.ss 4577.76 1154.12 500.93 StartTime: Thu Apr 24 14:48:43 2025
SSv3_default_rebuild.dat
# Number of sexes
1
# Age range to consider (minimum age; maximum age)
0 100
# Number of fleets
7
# First year of projection (Yinit)
2011
# First Year of rebuilding period (Ydecl)
2013
# Number of simulations
1000
# Maximum number of years
500
# Conduct projections with multiple starting values (0=No;else yes)
0
# Number of parameter vectors
1000
# Is the maximum age a plus-group (1=Yes;2=No)
1
# Generate future recruitments using historical recruitments (1)  historical recruits/spawner (2)  or a stock-recruitment (3)
3
# Constant fishing mortality (1) or constant Catch (2) projections
1
# Fishing mortality based on SPR (1) or actual rate (2)
1
# Pre-specify the year of recovery (or -1) to ignore
-1
# Fecundity-at-age
# 0 1 2 3 4 5 6 7 8 9 10 11 12 13 14 15 16 17 18 19 20 21 22 23 24 25 26 27 28 29 30 31 32 33 34 35 36 37 38 39 40 41 42 43 44 45 46 47 48 49 50 51 52 53 54 55 56 57 58 59 60 61 62 63 64 65 66 67 68 69 70 71 72 73 74 75 76 77 78 79 80 81 82 83 84 85 86 87 88 89 90 91 92 93 94 95 96 97 98 99 100 #runnumber: 1 yelloweye_data.ss yelloweye_control.ss 4577.76 1154.12 500.93
 0 0 7.5485e-08 8.21046e-07 6.61292e-06 4.19044e-05 0.000214014 0.000880876 0.00291474 0.00784577 0.0176151 0.0339831 0.0579533 0.0895229 0.127802 0.17135 0.218537 0.267832 0.317953 0.367932 0.41709 0.464991 0.511384 0.556139 0.599211 0.640599 0.680331 0.718445 0.754986 0.789996 0.823517 0.855589 0.886253 0.915544 0.943502 0.970163 0.995566 1.01975 1.04275 1.06461 1.08537 1.10506 1.12374 1.14143 1.15819 1.17404 1.18904 1.20321 1.2166 1.22924 1.24117 1.25243 1.26304 1.27304 1.28246 1.29134 1.2997 1.30757 1.31497 1.32194 1.32849 1.33465 1.34044 1.34589 1.351 1.35581 1.36033 1.36457 1.36855 1.37229 1.37581 1.37919 1.38237 1.38536 1.38816 1.39079 1.39326 1.39557 1.39774 1.39978 1.40169 1.40348 1.40516 1.40674 1.40822 1.40961 1.41091 1.41213 1.41327 1.41434 1.41535 1.41629 1.41717 1.418 1.41878 1.4195 1.42019 1.42083 1.42142 1.42199 1.42287 #female fecundity; weighted by N in year Y_init across morphs and areas
# Age specific selectivity and weight adjusted for discard and discard mortality
 #wt and selex for gender,fleet: 1 1 1_CA_TWL
 0.0102594 0.033428 0.0774153 0.140044 0.220018 0.314321 0.419704 0.533228 0.652445 0.77542 0.900719 1.02739 1.1549 1.28307 1.41193 1.54156 1.672 1.80314 1.93473 2.06635 2.19749 2.32754 2.45592 2.58204 2.70539 2.82552 2.94208 3.05479 3.16347 3.26797 3.36823 3.46424 3.556 3.64356 3.72701 3.80643 3.88192 3.95362 4.02165 4.08613 4.14721 4.20501 4.25969 4.31137 4.3602 4.4063 4.4498 4.49084 4.52954 4.566 4.60036 4.63272 4.66318 4.69186 4.71884 4.74422 4.76809 4.79053 4.81163 4.83146 4.85009 4.86759 4.88403 4.89948 4.91398 4.9276 4.94038 4.95238 4.96364 4.97421 4.98423 4.99374 5.00265 5.01101 5.01886 5.02622 5.03312 5.0396 5.04567 5.05136 5.0567 5.06171 5.06641 5.07081 5.07494 5.07881 5.08244 5.08585 5.08904 5.09203 5.09483 5.09746 5.09992 5.10223 5.1044 5.10642 5.10833 5.11011 5.11178 5.11335 5.1158
 0 0.00120774 0.00428088 0.0125127 0.0300931 0.0614636 0.10973 0.17544 0.256271 0.3476 0.443609 0.538449 0.627184 0.706336 0.774024 0.829792 0.874255 0.908695 0.934702 0.953914 0.967836 0.977761 0.984738 0.989586 0.992923 0.995202 0.996751 0.997798 0.998505 0.998982 0.999304 0.999521 0.999669 0.999769 0.999838 0.999885 0.999917 0.99994 0.999956 0.999967 0.999975 0.999981 0.999985 0.999988 0.99999 0.999992 0.999993 0.999994 0.999994 0.999995 0.999995 0.999996 0.999996 0.999996 0.999996 0.999996 0.999996 0.999996 0.999996 0.999997 0.999997 0.999997 0.999997 0.999997 0.999997 0.999997 0.999997 0.999997 0.999997 0.999997 0.999997 0.999997 0.999997 0.999997 0.999997 0.999997 0.999997 0.999997 0.999997 0.999997 0.999997 0.999997 0.999997 0.999997 0.999997 0.999996 0.999996 0.999996 0.999996 0.999996 0.999996 0.999996 0.999996 0.999996 0.999996 0.999996 0.999996 0.999996 0.999996 0.999996 0.999996
 #wt and selex for gender,fleet: 1 3 3_CA_REC
 0.0102244 0.0311894 0.0715506 0.129224 0.203076 0.290562 0.388878 0.49544 0.608074 0.725115 0.845474 0.968609 1.09439 1.22286 1.35405 1.48777 1.62363 1.76098 1.89904 2.03694 2.17383 2.30893 2.44155 2.57113 2.69721 2.81946 2.93763 3.05155 3.16111 3.26627 3.367 3.46335 3.55535 3.6431 3.72667 3.80618 3.88174 3.95349 4.02155 4.08605 4.14715 4.20497 4.25966 4.31135 4.36018 4.40628 4.44979 4.49083 4.52953 4.566 4.60036 4.63272 4.66318 4.69186 4.71884 4.74422 4.76809 4.79053 4.81163 4.83146 4.85009 4.86759 4.88403 4.89948 4.91398 4.9276 4.94038 4.95238 4.96364 4.97421 4.98424 4.99374 5.00265 5.01101 5.01886 5.02622 5.03312 5.0396 5.04567 5.05136 5.05671 5.06171 5.06641 5.07081 5.07494 5.07881 5.08244 5.08585 5.08904 5.09203 5.09483 5.09746 5.09992 5.10223 5.1044 5.10643 5.10833 5.11011 5.11178 5.11335 5.1158
 0 0.00671628 0.0184753 0.0432991 0.0863053 0.150231 0.233941 0.332551 0.438759 0.544641 0.643268 0.729754 0.801621 0.85855 0.901775 0.933393 0.955777 0.971177 0.981513 0.988302 0.992682 0.995463 0.997207 0.998289 0.998955 0.999363 0.999611 0.999762 0.999854 0.99991 0.999944 0.999965 0.999978 0.999986 0.999991 0.999994 0.999996 0.999997 0.999998 0.999998 0.999999 0.999999 0.999999 0.999999 0.999999 0.999999 0.999999 0.999999 0.999999 0.999999 0.999999 0.999999 0.999999 0.999999 0.999999 0.999999 0.999999 0.999999 0.999999 0.999999 0.999999 0.999999 0.999999 0.999999 0.999999 0.999999 0.999999 0.999999 0.999999 0.999999 0.999999 0.999999 0.999999 0.999999 0.999999 0.999999 0.999999 0.999999 0.999999 0.999999 0.999999 0.999999 0.999999 0.999999 0.999999 0.999999 0.999999 0.999999 0.999999 0.999999 0.999999 0.999999 0.999999 0.999999 0.999999 0.999999 0.999999 0.999999 0.999999 0.999999 0.999999
 #wt and selex for gender,fleet: 1 4 4_ORWA_TWL
 0.0101939 0.0292186 0.0667797 0.12175 0.193586 0.280434 0.379945 0.489723 0.607548 0.731469 0.859828 0.991265 1.12471 1.25936 1.39465 1.53019 1.66567 1.80083 1.93538 2.069 2.2013 2.33189 2.46033 2.58622 2.70915 2.82879 2.94485 3.0571 3.16535 3.26949 3.36945 3.4652 3.55676 3.64416 3.72748 3.8068 3.88222 3.95386 4.02183 4.08628 4.14733 4.20511 4.25977 4.31144 4.36025 4.40634 4.44984 4.49087 4.52956 4.56603 4.60038 4.63273 4.6632 4.69187 4.71885 4.74423 4.7681 4.79054 4.81163 4.83146 4.85009 4.8676 4.88404 4.89948 4.91398 4.9276 4.94038 4.95238 4.96365 4.97422 4.98424 4.99374 5.00265 5.01101 5.01886 5.02622 5.03312 5.0396 5.04567 5.05137 5.05671 5.06171 5.06641 5.07081 5.07494 5.07881 5.08244 5.08585 5.08904 5.09203 5.09483 5.09746 5.09992 5.10223 5.1044 5.10643 5.10833 5.11011 5.11178 5.11335 5.1158
 0 0.0103438 0.0228004 0.045033 0.0794867 0.127428 0.188397 0.260283 0.339786 0.423041 0.506202 0.585896 0.659494 0.725227 0.782176 0.830165 0.869592 0.90125 0.926149 0.945374 0.959977 0.970909 0.978993 0.984908 0.989198 0.992286 0.994497 0.996074 0.997195 0.997991 0.998557 0.998958 0.999244 0.999448 0.999594 0.9997 0.999776 0.999831 0.999871 0.999901 0.999923 0.99994 0.999952 0.999961 0.999969 0.999974 0.999978 0.999982 0.999984 0.999986 0.999988 0.999989 0.99999 0.999991 0.999992 0.999992 0.999993 0.999993 0.999993 0.999994 0.999994 0.999994 0.999994 0.999994 0.999994 0.999994 0.999995 0.999995 0.999995 0.999995 0.999995 0.999995 0.999995 0.999995 0.999995 0.999995 0.999995 0.999995 0.999995 0.999995 0.999995 0.999995 0.999995 0.999995 0.999995 0.999995 0.999995 0.999995 0.999995 0.999995 0.999995 0.999995 0.999995 0.999995 0.999995 0.999995 0.999995 0.999995 0.999995 0.999995 0.999995
 #wt and selex for gender,fleet: 1 5 5_ORWA_NONTWL
 0.0102417 0.0323965 0.0752216 0.136988 0.216812 0.31205 0.419645 0.536677 0.6606 0.789298 0.92107 1.05458 1.18881 1.32305 1.45681 1.5898 1.72185 1.85288 1.9828 2.11148 2.23877 2.36444 2.48822 2.60981 2.72888 2.84513 2.95826 3.06803 3.1742 3.27663 3.3752 3.46982 3.56047 3.64714 3.72988 3.80873 3.88378 3.95512 4.02286 4.08712 4.14802 4.20568 4.26025 4.31184 4.36059 4.40663 4.45009 4.49108 4.52974 4.56618 4.60052 4.63286 4.66331 4.69197 4.71894 4.74431 4.76817 4.7906 4.81169 4.83152 4.85014 4.86764 4.88408 4.89952 4.91402 4.92764 4.94042 4.95242 4.96368 4.97425 4.98427 4.99377 5.00268 5.01104 5.01889 5.02625 5.03315 5.03962 5.0457 5.05139 5.05673 5.06174 5.06644 5.07084 5.07497 5.07884 5.08247 5.08587 5.08906 5.09205 5.09485 5.09748 5.09994 5.10225 5.10442 5.10645 5.10835 5.11013 5.1118 5.11337 5.11582
 0 0.00109154 0.00347852 0.00944952 0.0217226 0.0433234 0.0767377 0.123167 0.182169 0.251748 0.328788 0.409629 0.490614 0.568526 0.640854 0.705904 0.76278 0.811272 0.851699 0.884738 0.911268 0.932246 0.948612 0.961235 0.970877 0.978183 0.983682 0.987802 0.990876 0.993165 0.994866 0.996132 0.997073 0.997774 0.998299 0.998692 0.998987 0.999211 0.999381 0.99951 0.99961 0.999687 0.999746 0.999793 0.99983 0.999859 0.999882 0.999901 0.999916 0.999928 0.999938 0.999946 0.999953 0.999959 0.999963 0.999967 0.999971 0.999974 0.999976 0.999978 0.99998 0.999982 0.999983 0.999984 0.999985 0.999986 0.999987 0.999988 0.999989 0.999989 0.999989 0.99999 0.99999 0.99999 0.99999 0.999991 0.999991 0.999991 0.999991 0.999991 0.999991 0.999992 0.999992 0.999992 0.999992 0.999992 0.999992 0.999992 0.999992 0.999992 0.999992 0.999992 0.999992 0.999992 0.999993 0.999993 0.999993 0.999993 0.999993 0.999993 0.999993
 #wt and selex for gender,fleet: 1 6 6_OR_REC
 0.0105082 0.0445754 0.098928 0.170333 0.254084 0.345062 0.439534 0.535514 0.632881 0.732953 0.837618 0.948527 1.06659 1.19182 1.32342 1.46007 1.60017 1.74212 1.8845 2.0261 2.16594 2.30327 2.43751 2.56822 2.69508 2.81784 2.93634 3.05046 3.16014 3.26536 3.36613 3.46249 3.5545 3.64223 3.72579 3.80529 3.88084 3.95257 4.02061 4.0851 4.14618 4.20399 4.25867 4.31035 4.35917 4.40526 4.44876 4.4898 4.52848 4.56494 4.5993 4.63165 4.66211 4.69078 4.71776 4.74313 4.767 4.78944 4.81053 4.83035 4.84898 4.86648 4.88293 4.89837 4.91287 4.92648 4.93926 4.95126 4.96252 4.97309 4.98311 4.9926 5.00151 5.00987 5.01771 5.02507 5.03197 5.03844 5.04451 5.05021 5.05554 5.06055 5.06524 5.06964 5.07377 5.07764 5.08127 5.08467 5.08786 5.09085 5.09365 5.09628 5.09874 5.10105 5.10321 5.10524 5.10714 5.10892 5.11059 5.11216 5.11461
 0 0.000168662 0.00168948 0.00989101 0.0370837 0.0986423 0.201947 0.338757 0.488708 0.629927 0.747701 0.836802 0.89912 0.940008 0.965458 0.980614 0.989301 0.994112 0.996687 0.998012 0.998655 0.998935 0.999024 0.999015 0.998956 0.998873 0.998777 0.998678 0.998577 0.998477 0.99838 0.998285 0.998193 0.998104 0.998019 0.997938 0.99786 0.997785 0.997714 0.997647 0.997582 0.997521 0.997463 0.997408 0.997356 0.997307 0.99726 0.997216 0.997174 0.997135 0.997098 0.997063 0.99703 0.996999 0.996969 0.996942 0.996916 0.996891 0.996868 0.996846 0.996826 0.996807 0.996789 0.996772 0.996756 0.996741 0.996727 0.996714 0.996702 0.99669 0.996679 0.996669 0.996659 0.99665 0.996641 0.996633 0.996625 0.996618 0.996611 0.996605 0.996599 0.996594 0.996588 0.996584 0.996579 0.996575 0.996571 0.996567 0.996563 0.99656 0.996557 0.996554 0.996551 0.996549 0.996546 0.996544 0.996542 0.99654 0.996538 0.996536 0.996534
 #wt and selex for gender,fleet: 1 7 7_WA_REC
 0.0105025 0.0450334 0.102463 0.180829 0.275896 0.382183 0.495072 0.611149 0.728132 0.844737 0.960563 1.07593 1.19161 1.30853 1.42751 1.54912 1.67353 1.80055 1.92965 2.06009 2.19098 2.32139 2.45045 2.5774 2.70158 2.82248 2.9397 3.05296 3.16207 3.26692 3.36745 3.46365 3.55556 3.64324 3.72677 3.80624 3.88179 3.95352 4.02157 4.08607 4.14716 4.20498 4.25966 4.31135 4.36018 4.40629 4.44979 4.49083 4.52953 4.566 4.60036 4.63272 4.66318 4.69186 4.71884 4.74422 4.76809 4.79053 4.81163 4.83146 4.85009 4.86759 4.88403 4.89948 4.91398 4.9276 4.94038 4.95238 4.96364 4.97421 4.98424 4.99374 5.00265 5.01101 5.01886 5.02622 5.03312 5.0396 5.04567 5.05136 5.05671 5.06171 5.06641 5.07081 5.07494 5.07881 5.08244 5.08585 5.08904 5.09203 5.09483 5.09746 5.09992 5.10223 5.1044 5.10643 5.10833 5.11011 5.11178 5.11335 5.1158
 0 1.66827e-05 0.000183134 0.00125599 0.00572151 0.0187922 0.0476821 0.0987484 0.174234 0.270787 0.380484 0.493459 0.600656 0.695605 0.774968 0.838123 0.88633 0.921845 0.947231 0.964918 0.976976 0.985047 0.990369 0.993835 0.99607 0.9975 0.998411 0.998989 0.999355 0.999587 0.999734 0.999827 0.999887 0.999926 0.99995 0.999967 0.999977 0.999984 0.999989 0.999992 0.999994 0.999996 0.999997 0.999998 0.999998 0.999998 0.999999 0.999999 0.999999 0.999999 0.999999 0.999999 0.999999 0.999999 0.999999 0.999999 0.999999 0.999999 0.999999 0.999999 0.999999 0.999999 0.999999 0.999999 0.999999 0.999999 0.999999 0.999999 0.999999 0.999999 0.999999 0.999999 0.999999 0.999999 0.999999 0.999999 0.999999 0.999999 0.999999 0.999999 0.999999 0.999999 0.999999 0.999999 0.999999 0.999999 0.999999 0.999999 0.999999 0.999999 0.999999 0.999999 0.999999 0.999999 0.999999 0.999999 0.999999 0.999999 0.999999 0.999999 0.999999
# Sex ratio correction
1
# M and current age-structure in year Yinit: 2011
 # gender = 1
 0.0439034 0.0439034 0.0439034 0.0439034 0.0439034 0.0439034 0.0439034 0.0439034 0.0439034 0.0439034 0.0439034 0.0439034 0.0439034 0.0439034 0.0439034 0.0439034 0.0439034 0.0439034 0.0439034 0.0439034 0.0439034 0.0439034 0.0439034 0.0439034 0.0439034 0.0439034 0.0439034 0.0439034 0.0439034 0.0439034 0.0439034 0.0439034 0.0439034 0.0439034 0.0439034 0.0439034 0.0439034 0.0439034 0.0439034 0.0439034 0.0439034 0.0439034 0.0439034 0.0439034 0.0439034 0.0439034 0.0439034 0.0439034 0.0439034 0.0439034 0.0439034 0.0439034 0.0439034 0.0439034 0.0439034 0.0439034 0.0439034 0.0439034 0.0439034 0.0439034 0.0439034 0.0439034 0.0439034 0.0439034 0.0439034 0.0439034 0.0439034 0.0439034 0.0439034 0.0439034 0.0439034 0.0439034 0.0439034 0.0439034 0.0439034 0.0439034 0.0439034 0.0439034 0.0439034 0.0439034 0.0439034 0.0439034 0.0439034 0.0439034 0.0439034 0.0439034 0.0439034 0.0439034 0.0439034 0.0439034 0.0439034 0.0439034 0.0439034 0.0439034 0.0439034 0.0439034 0.0439034 0.0439034 0.0439034 0.0439034 0.0439034
 131.225 90.9541 115.839 208.464 154.201 139.361 128.113 101.189 222.357 409.404 100.856 71.2525 128.844 75.7437 43.55 38.5356 40.8743 102.114 107.283 38.4509 30.3668 32.3828 35.3099 36.5523 37.9935 39.4736 51.3427 52.2241 34.9015 44.7343 28.5329 19.4845 14.2286 11.5091 13.4827 14.2025 12.4287 7.03049 6.65151 8.50514 11.9867 6.8697 5.45749 4.32957 3.34495 2.72608 2.13156 1.7596 1.66577 1.7641 1.9344 1.98041 1.81473 1.58668 1.40111 1.27559 1.20906 1.19892 1.24457 1.34869 1.50824 1.6897 1.79378 1.71235 1.49951 1.28257 1.11134 0.986471 0.896919 0.831057 0.781132 0.742047 0.710686 0.684764 0.662011 0.640416 0.618414 0.595403 0.571599 0.547832 0.525032 0.503928 0.48477 0.467544 0.451912 0.437349 0.423126 0.409206 0.395304 0.38128 0.367091 0.352758 0.338372 0.324097 0.309958 0.29614 0.282755 0.269868 0.257516 0.245724 5.32163
# Age-structure at Ydeclare= 2013
 148.981 139.097 120.193 83.3063 106.094 190.909 141.188 127.561 117.214 92.5313 203.213 373.939 92.0693 65.0142 117.517 69.0634 39.6995 35.1221 37.2487 93.0476 97.7514 35.033 27.6666 29.5027 32.1689 33.3004 34.6129 35.9609 46.7733 47.5756 31.7944 40.7514 25.992 17.7491 12.9612 10.4838 12.2814 12.9369 11.3211 6.40386 6.05859 7.7469 10.9179 6.25713 4.9708 3.94343 3.0466 2.48291 1.94141 1.60262 1.51716 1.6067 1.7618 1.8037 1.6528 1.4451 1.27609 1.16177 1.10118 1.09193 1.13351 1.22834 1.37365 1.53892 1.63371 1.55955 1.3657 1.16812 1.01216 0.89844 0.816879 0.756894 0.711424 0.675827 0.647264 0.623655 0.602933 0.583265 0.563227 0.542269 0.520589 0.498943 0.478178 0.458957 0.441509 0.42582 0.411583 0.39832 0.385366 0.372689 0.360027 0.347255 0.334332 0.321278 0.308176 0.295174 0.282298 0.269713 0.257522 0.245785 5.30507
# Year for Tmin Age-structure (set to Ydecl by SS)
2013
#  recruitment and biomass
# Number of historical assessment years
137
# Historical data
# year recruitment spawner in B0 in R project in R/S project
1888  1889 1890 1891 1892 1893 1894 1895 1896 1897 1898 1899 1900 1901 1902 1903 1904 1905 1906 1907 1908 1909 1910 1911 1912 1913 1914 1915 1916 1917 1918 1919 1920 1921 1922 1923 1924 1925 1926 1927 1928 1929 1930 1931 1932 1933 1934 1935 1936 1937 1938 1939 1940 1941 1942 1943 1944 1945 1946 1947 1948 1949 1950 1951 1952 1953 1954 1955 1956 1957 1958 1959 1960 1961 1962 1963 1964 1965 1966 1967 1968 1969 1970 1971 1972 1973 1974 1975 1976 1977 1978 1979 1980 1981 1982 1983 1984 1985 1986 1987 1988 1989 1990 1991 1992 1993 1994 1995 1996 1997 1998 1999 2000 2001 2002 2003 2004 2005 2006 2007 2008 2009 2010 2011 2012 2013 2014 2015 2016 2017 2018 2019 2020 2021 2022 2023 2024 #years (with first value representing R0)
228.145 230.778 230.873 230.971 231.073 231.171 231.272 231.377 231.493 231.613 231.739 231.871 232.006 232.148 232.293 232.441 232.596 232.76 232.931 233.126 233.335 233.557 233.79 234.028 234.272 234.502 234.696 234.811 234.804 234.617 234.171 233.355 232.182 230.579 228.534 226.072 223.255 220.183 217.011 213.751 210.728 208.117 205.983 204.249 202.749 201.181 199.233 196.695 193.595 190.203 187.009 184.526 183.226 183.48 185.75 190.804 199.77 214.26 235.421 262.039 284.852 284.023 254.617 216.258 183.979 161.49 147.94 141.836 142.208 148.366 159.482 172.986 178.83 165.23 142.273 126.553 125.571 142.383 169.756 193.247 230.81 266.857 306.147 483.583 308.514 215.484 202.101 315.065 315.598 261.113 193.165 205.862 241.875 302.804 404.968 269.471 344.567 290.712 193.134 162.039 137.292 118.109 97.5869 83.3752 97.2262 252.282 225.181 85.072 76.0598 81.7661 135.546 220.008 116.178 157.099 609.455 316.454 137.723 166.801 173.606 183.818 237.817 126.471 95.0363 131.225 145.34 148.981 151.591 173.163 177.077 181.006 184.778 188.504 192.095 195.654 199.097 200.428 201.283  #recruits; first value is R0 (virgin)
1154.12  1154.12 1154.11 1154.1 1154.07 1153.6 1153.15 1152.68 1152.53 1152.46 1152.38 1152.32 1152.25 1152.18 1152.12 1152.07 1152.03 1152 1151.99 1151.99 1152.01 1151.92 1151.96 1152 1152.06 1152.11 1152.18 1152.25 1152.25 1152.33 1152.25 1150.13 1149.59 1149.19 1148.85 1148.81 1148.71 1148.06 1147.06 1145.27 1142.76 1140.35 1138.4 1136.1 1134.82 1133.68 1132.53 1130.82 1129.05 1126.26 1123.69 1120.75 1118.38 1114.78 1109.58 1103.95 1093.7 1082.67 1066.28 1051.1 1043.63 1035.31 1028.6 1021.02 1011.77 1003.69 997.349 989.946 982.936 975.951 967.899 960.628 954.467 949.461 946.274 942.37 940.109 939.091 928.304 924.779 919.488 913.778 899.33 889.658 876.601 860.162 842.652 823.116 803.727 781.513 759.576 724.954 688.687 661.086 625.915 570.39 541.468 519.757 492.999 471.25 444.384 420.96 392.002 372.042 337.001 305.977 276.727 261.757 247.348 231.762 213.614 209.275 201.283 206.089 210.037 219.405 228.982 239.016 249.124 259.684 269.752 280.331 290.944 302.418 314.737 327.916 342.501 358.186 374.492 391.477 407.572 423.634 438.701 453.672 467.547 479.108 489.115 #spbio; first value is SSB_virgin (virgin)
1 0 0 0 0 0 0 0 0 0 0 0 0 0 0 0 0 0 0 0 0 0 0 0 0 0 0 0 0 0 0 0 0 0 0 0 0 0 0 0 0 0 0 0 0 0 0 0 0 0 0 0 0 0 0 0 0 0 0 0 0 0 0 0 0 0 0 0 0 0 0 0 0 0 0 0 0 0 0 0 0 0 0 0 0 0 0 0 0 0 0 0 0 0 0 0 0 0 0 0 0 0 0 0 0 0 0 0 0 0 0 0 0 0 0 0 0 0 0 0 0 0 0 0 0 0 0 0 0 0 0 0 0 0 0 0 0  # in Bzero
0 1 1 1 1 1 1 1 1 1 1 1 1 1 1 1 1 1 1 1 1 1 1 1 1 1 1 1 1 1 1 1 1 1 1 1 1 1 1 1 1 1 1 1 1 1 1 1 1 1 1 1 1 1 1 1 1 1 1 1 1 1 1 1 1 1 1 1 1 1 1 1 1 1 1 1 1 1 1 1 1 1 1 1 1 1 1 1 1 1 1 1 1 1 1 1 1 1 1 1 1 1 1 1 1 1 1 1 1 1 1 1 1 1 1 1 1 1 1 1 1 1 1 1 1 1 1 1 1 1 1 1 1 1  0 0 0 # in R project
0 1 1 1 1 1 1 1 1 1 1 1 1 1 1 1 1 1 1 1 1 1 1 1 1 1 1 1 1 1 1 1 1 1 1 1 1 1 1 1 1 1 1 1 1 1 1 1 1 1 1 1 1 1 1 1 1 1 1 1 1 1 1 1 1 1 1 1 1 1 1 1 1 1 1 1 1 1 1 1 1 1 1 1 1 1 1 1 1 1 1 1 1 1 1 1 1 1 1 1 1 1 1 1 1 1 1 1 1 1 1 1 1 1 1 1 1 1 1 1 1 1 1 1 1 1 1 1 1 1 1 1 1 1  0 0 0 # in R/S project
# Number of years with pre-specified catches
0
# catches for years with pre-specified catches go next
# Number of future recruitments to override
-2
# Process for overiding (-1 for average otherwise index in data list)
# Which probability to product detailed results for (1=0.5; 2=0.6; etc.)
3
# Steepness sigma-R Auto-correlation
0.718 0.5 0
# Target SPR rate (FMSY Proxy); manually change to SPR_MSY if not using SPR_target
0.5
# Discount rate (for cumulative catch)
0.1
# Truncate the series when 0.4B0 is reached (1=Yes)
0
# Set F to FMSY once 0.4B0 is reached (1=Yes)
0
# Maximum possible F for projection (-1 to set to FMSY)
-1
# Defintion of recovery (1=now only;2=now or before)
2
# Projection type
4
# Definition of the 40-10 rule
10 40
# Sigma Assessment Error (Base, Year1, Slope, MaxSigma)
1.0 2025 0.075 2.0
# Pstar
0.45
# Constrain catches by the ABC (1=yes, 2=no)
2
# Implementation Error (0=no; 1=lognormal; 2=uniform)
0
#Parameters of Implementaion Error
1 0.3
# Calculate coefficients of variation (1=Yes)
0
# Number of replicates to use
10
# Random number seed
-99004
# File with multiple parameter vectors 
rebuild.SSO
# User-specific projection (1=Yes); Output replaced (1->9)
0  5
# Catches and Fs (Year; 1/2/3 (F or C or SPR); value); Final row is -1
2024 1 1
-1 -1 -1
# Fixed catch project (1=Yes); Output replaced (1->9); Approach (-1=Read in else 1-9)
0 2 -1
# (48a) Special catch options (1-Yes) [CUT_OFF, Emsy, distribution, MAXCAT, Add, replace_code]
0 0.18 1.00 1.00 0 6
# (48b) B1Target
150000
# Split of Fs
2011  0.0170584
 0
 0.401389
 0.0233259
 0.170084
 0.187141
 0.201001
-1  1 1 1 1 1 1 1 1 1 1 1 1
# Yrs to define T_target for projection type 4 (a.k.a. 5 pre-specified inputs)
2030 2031 2032 2033 2034 
# Year for probability of recovery
2034 2035 2036 2037 2038 2039 2040 2041
# Time varying weight-at-age (1=Yes;0=No)
0
# File with time series of weight-at-age data
none
# Use bisection (0) or linear interpolation (1)
1
# Target Depletion
0.4
# CV of implementation error
0
