#Title, #runnumber: 10 yelloweye_data.ss yelloweye_control.ss 6202.74 1065.47 332.875 StartTime: Wed Apr 16 15:21:48 2025
SSv3_default_rebuild.dat
# Number of sexes
1
# Age range to consider (minimum age; maximum age)
0 100
# Number of fleets
7
# First year of projection (Yinit)
2011
# First Year of rebuilding period (Ydecl)
2013
# Number of simulations
1000
# Maximum number of years
500
# Conduct projections with multiple starting values (0=No;else yes)
0
# Number of parameter vectors
1000
# Is the maximum age a plus-group (1=Yes;2=No)
1
# Generate future recruitments using historical recruitments (1)  historical recruits/spawner (2)  or a stock-recruitment (3)
3
# Constant fishing mortality (1) or constant Catch (2) projections
1
# Fishing mortality based on SPR (1) or actual rate (2)
1
# Pre-specify the year of recovery (or -1) to ignore
-1
# Fecundity-at-age
# 0 1 2 3 4 5 6 7 8 9 10 11 12 13 14 15 16 17 18 19 20 21 22 23 24 25 26 27 28 29 30 31 32 33 34 35 36 37 38 39 40 41 42 43 44 45 46 47 48 49 50 51 52 53 54 55 56 57 58 59 60 61 62 63 64 65 66 67 68 69 70 71 72 73 74 75 76 77 78 79 80 81 82 83 84 85 86 87 88 89 90 91 92 93 94 95 96 97 98 99 100 #runnumber: 10 yelloweye_data.ss yelloweye_control.ss 6202.74 1065.47 332.875
 0 0 2.55731e-09 4.87756e-08 5.82168e-07 4.98088e-06 3.31131e-05 0.000178492 0.000792872 0.00289173 0.00859779 0.020963 0.0428017 0.0753085 0.117569 0.16715 0.221126 0.276891 0.33253 0.386841 0.439181 0.489277 0.537071 0.582613 0.625993 0.66731 0.706656 0.744113 0.779753 0.813639 0.845828 0.876375 0.905333 0.932754 0.958692 0.9832 1.00633 1.02814 1.04869 1.06803 1.08621 1.1033 1.11934 1.13439 1.1485 1.16171 1.17409 1.18568 1.19651 1.20664 1.21611 1.22496 1.23322 1.24093 1.24812 1.25483 1.26109 1.26693 1.27237 1.27744 1.28217 1.28657 1.29067 1.29448 1.29804 1.30135 1.30442 1.30729 1.30996 1.31244 1.31475 1.31693 1.31896 1.32084 1.3226 1.32423 1.32575 1.32716 1.32847 1.32969 1.33082 1.33188 1.33286 1.33377 1.33462 1.33541 1.33614 1.33682 1.33745 1.33804 1.33858 1.33909 1.33956 1.34 1.34041 1.34079 1.34114 1.34147 1.34177 1.34206 1.34248 #female fecundity; weighted by N in year Y_init across morphs and areas
# Age specific selectivity and weight adjusted for discard and discard mortality
 #wt and selex for gender,fleet: 1 1 1_CA_TWL
 0.00908478 0.00918727 0.0268782 0.0660473 0.124936 0.203086 0.298166 0.407238 0.527293 0.655545 0.789575 0.927495 1.06815 1.21112 1.35642 1.50402 1.65349 1.80399 1.95439 2.1035 2.25021 2.39359 2.53291 2.66764 2.7974 2.92193 3.0411 3.15483 3.26313 3.36605 3.46366 3.5561 3.64351 3.72604 3.80387 3.87719 3.94619 4.01104 4.07197 4.12914 4.18276 4.23301 4.28007 4.32412 4.36533 4.40386 4.43987 4.47351 4.50493 4.53426 4.56162 4.58716 4.61097 4.63317 4.65386 4.67315 4.69112 4.70786 4.72345 4.73796 4.75148 4.76406 4.77578 4.78668 4.79682 4.80626 4.81504 4.82321 4.83081 4.83788 4.84449 4.85068 4.85642 4.86177 4.86674 4.87136 4.87566 4.87966 4.88337 4.88682 4.89003 4.89302 4.89579 4.89837 4.90077 4.90299 4.90506 4.90699 4.90878 4.91044 4.91198 4.91342 4.91475 4.91599 4.91715 4.91822 4.91921 4.92014 4.921 4.9218 4.92298
 0 0.000933965 0.00205519 0.00787594 0.0238253 0.0578333 0.116977 0.203703 0.313903 0.437866 0.563282 0.678636 0.775799 0.851231 0.905616 0.942365 0.965878 0.980271 0.988782 0.993688 0.996467 0.998022 0.998889 0.999371 0.99964 0.999791 0.999877 0.999926 0.999955 0.999972 0.999982 0.999988 0.999992 0.999994 0.999995 0.999996 0.999997 0.999997 0.999998 0.999998 0.999998 0.999998 0.999998 0.999998 0.999998 0.999998 0.999998 0.999998 0.999998 0.999998 0.999998 0.999998 0.999998 0.999998 0.999998 0.999998 0.999998 0.999998 0.999998 0.999998 0.999998 0.999998 0.999998 0.999998 0.999998 0.999998 0.999998 0.999998 0.999998 0.999998 0.999998 0.999998 0.999998 0.999998 0.999998 0.999998 0.999998 0.999998 0.999998 0.999997 0.999997 0.999997 0.999997 0.999997 0.999997 0.999997 0.999997 0.999997 0.999997 0.999997 0.999997 0.999997 0.999997 0.999997 0.999997 0.999997 0.999997 0.999997 0.999997 0.999997 0.999997
 #wt and selex for gender,fleet: 1 3 3_CA_REC
 0.00908478 0.00918722 0.0259624 0.0634268 0.119893 0.194969 0.286579 0.392037 0.50855 0.633506 0.764719 0.900751 1.04104 1.18551 1.33397 1.48569 1.63946 1.79382 1.94735 2.09879 2.24714 2.39163 2.53168 2.66687 2.79691 2.92163 3.04091 3.15471 3.26305 3.36599 3.46363 3.55608 3.64349 3.72603 3.80387 3.87719 3.94618 4.01104 4.07196 4.12914 4.18276 4.23301 4.28007 4.32412 4.36533 4.40386 4.43987 4.47351 4.50493 4.53426 4.56162 4.58716 4.61097 4.63317 4.65386 4.67315 4.69112 4.70786 4.72345 4.73796 4.75148 4.76407 4.77578 4.78668 4.79682 4.80626 4.81505 4.82322 4.83081 4.83788 4.84449 4.85068 4.85642 4.86177 4.86674 4.87136 4.87566 4.87966 4.88337 4.88682 4.89003 4.89302 4.89579 4.89837 4.90077 4.90299 4.90507 4.90699 4.90878 4.91044 4.91198 4.91342 4.91475 4.91599 4.91715 4.91822 4.91921 4.92014 4.921 4.9218 4.92298
 0 0.00398767 0.00801469 0.0243356 0.0602448 0.123573 0.21699 0.335494 0.467617 0.599115 0.717058 0.812873 0.883686 0.931631 0.961679 0.979328 0.989168 0.994439 0.997182 0.99858 0.999285 0.999638 0.999815 0.999905 0.99995 0.999973 0.999985 0.999992 0.999995 0.999997 0.999998 0.999999 0.999999 0.999999 0.999999 0.999999 0.999999 0.999999 0.999999 0.999999 0.999999 0.999999 0.999999 0.999999 0.999999 0.999999 0.999999 0.999999 0.999999 0.999999 0.999999 0.999999 0.999999 0.999999 0.999999 0.999999 0.999999 0.999999 0.999999 0.999999 0.999999 0.999999 0.999999 0.999999 0.999999 0.999999 0.999999 0.999999 0.999999 0.999999 0.999999 0.999999 0.999999 0.999999 0.999999 0.999999 0.999999 0.999999 0.999999 0.999999 0.999999 0.999999 0.999999 0.999999 0.999999 0.999999 0.999999 0.999999 0.999999 0.999999 0.999999 0.999999 0.999999 0.999999 0.999999 0.999999 0.999999 0.999999 0.999999 0.999999 0.999999
 #wt and selex for gender,fleet: 1 4 4_ORWA_TWL
 0.00908478 0.00918714 0.0241238 0.0583304 0.111201 0.182943 0.272449 0.377818 0.496758 0.626857 0.765757 0.911254 1.06135 1.21428 1.36853 1.52286 1.67631 1.82815 1.9778 2.12478 2.26867 2.40905 2.54553 2.67773 2.80536 2.92816 3.04594 3.15858 3.26604 3.36831 3.46543 3.55749 3.6446 3.72691 3.80457 3.87776 3.94664 4.01142 4.07228 4.1294 4.18298 4.2332 4.28023 4.32426 4.36545 4.40396 4.43996 4.4736 4.505 4.53433 4.56169 4.58721 4.61102 4.63322 4.65391 4.67319 4.69116 4.70789 4.72348 4.738 4.75151 4.7641 4.77581 4.78671 4.79685 4.80629 4.81507 4.82324 4.83084 4.83791 4.84452 4.8507 4.85645 4.86179 4.86676 4.87138 4.87568 4.87968 4.88339 4.88684 4.89005 4.89304 4.89581 4.89839 4.90079 4.90301 4.90508 4.90701 4.9088 4.91046 4.912 4.91344 4.91477 4.91601 4.91717 4.91824 4.91923 4.92016 4.92102 4.92181 4.923
 0 0.0175137 0.0295296 0.0557861 0.0949367 0.147813 0.213428 0.289184 0.371431 0.45614 0.539493 0.618299 0.690194 0.753679 0.808043 0.853251 0.889797 0.918558 0.940638 0.957216 0.969427 0.97828 0.984618 0.989115 0.992285 0.994513 0.996077 0.997176 0.997951 0.9985 0.998891 0.999171 0.999374 0.999521 0.99963 0.999711 0.999771 0.999817 0.999852 0.999878 0.999899 0.999916 0.999929 0.999939 0.999948 0.999954 0.99996 0.999964 0.999968 0.999971 0.999974 0.999976 0.999978 0.99998 0.999981 0.999983 0.999984 0.999984 0.999985 0.999986 0.999987 0.999987 0.999988 0.999988 0.999989 0.999989 0.999989 0.999989 0.99999 0.99999 0.99999 0.99999 0.99999 0.999991 0.999991 0.999991 0.999991 0.999991 0.999991 0.999991 0.999991 0.999991 0.999991 0.999991 0.999991 0.999991 0.999991 0.999991 0.999991 0.999991 0.999991 0.999992 0.999992 0.999992 0.999992 0.999992 0.999992 0.999992 0.999992 0.999992 0.999992
 #wt and selex for gender,fleet: 1 5 5_ORWA_NONTWL
 0.00908478 0.00918722 0.0260312 0.0640978 0.122252 0.200616 0.297461 0.410242 0.536121 0.672284 0.816118 0.96529 1.11777 1.27183 1.42603 1.57921 1.73048 1.87923 2.02504 2.16764 2.30685 2.44249 2.57437 2.7023 2.82606 2.94545 3.06031 3.17047 3.27586 3.37641 3.47212 3.56303 3.64921 3.73076 3.8078 3.88048 3.94895 4.01339 4.07397 4.13087 4.18426 4.23431 4.28122 4.32513 4.36623 4.40467 4.4406 4.47418 4.50554 4.53481 4.56214 4.58763 4.61141 4.63358 4.65425 4.67352 4.69146 4.70819 4.72376 4.73827 4.75177 4.76434 4.77605 4.78694 4.79707 4.80651 4.81528 4.82345 4.83104 4.8381 4.84471 4.85089 4.85663 4.86198 4.86695 4.87157 4.87586 4.87986 4.88357 4.88702 4.89023 4.89321 4.89598 4.89856 4.90096 4.90318 4.90525 4.90718 4.90896 4.91063 4.91217 4.9136 4.91494 4.91618 4.91733 4.9184 4.91939 4.92032 4.92118 4.92198 4.92316
 0 0.000661338 0.00133554 0.00420549 0.0111762 0.0252413 0.0496627 0.0870139 0.138352 0.202844 0.277936 0.359916 0.444619 0.528069 0.606929 0.678742 0.74199 0.79604 0.84099 0.877477 0.906478 0.929118 0.946534 0.959775 0.969753 0.977227 0.982803 0.986957 0.990052 0.992362 0.994092 0.995392 0.996375 0.997123 0.997695 0.998135 0.998477 0.998745 0.998956 0.999123 0.999257 0.999365 0.999452 0.999524 0.999583 0.999631 0.999672 0.999706 0.999735 0.99976 0.999781 0.999799 0.999814 0.999827 0.999839 0.999849 0.999858 0.999866 0.999873 0.999879 0.999885 0.99989 0.999894 0.999898 0.999902 0.999905 0.999908 0.99991 0.999913 0.999915 0.999916 0.999918 0.999919 0.99992 0.999921 0.999922 0.999923 0.999924 0.999925 0.999925 0.999926 0.999927 0.999927 0.999928 0.999928 0.999929 0.999929 0.999929 0.99993 0.99993 0.99993 0.999931 0.999931 0.999931 0.999931 0.999931 0.999932 0.999932 0.999932 0.999932 0.999932
 #wt and selex for gender,fleet: 1 6 6_OR_REC
 0.00908478 0.00918769 0.0327008 0.0791298 0.145575 0.229027 0.324961 0.429188 0.538505 0.651557 0.769446 0.894634 1.02886 1.17193 1.32202 1.47657 1.63312 1.78968 1.94472 2.09712 2.24604 2.39085 2.53106 2.66632 2.79639 2.92111 3.04037 3.15415 3.26246 3.36537 3.46298 3.5554 3.64279 3.7253 3.80311 3.87641 3.94538 4.01022 4.07112 4.12828 4.18188 4.23211 4.27916 4.32319 4.36439 4.40291 4.43891 4.47254 4.50395 4.53327 4.56063 4.58615 4.60995 4.63215 4.65284 4.67212 4.69008 4.70681 4.7224 4.73691 4.75042 4.763 4.77471 4.78561 4.79575 4.80519 4.81397 4.82214 4.82973 4.8368 4.84341 4.84959 4.85533 4.86068 4.86565 4.87026 4.87456 4.87855 4.88227 4.88572 4.88893 4.89191 4.89468 4.89726 4.89965 4.90188 4.90395 4.90587 4.90766 4.90932 4.91087 4.9123 4.91363 4.91487 4.91603 4.9171 4.91809 4.91902 4.91987 4.92067 4.92185
 0 2.0547e-05 8.76246e-05 0.00118827 0.00879938 0.0391632 0.116734 0.254716 0.4367 0.622788 0.775586 0.879825 0.940994 0.972897 0.988107 0.994877 0.997725 0.99885 0.999246 0.999338 0.999305 0.999221 0.999115 0.999001 0.998885 0.998769 0.998656 0.998545 0.998438 0.998335 0.998236 0.998142 0.998051 0.997966 0.997884 0.997807 0.997734 0.997665 0.9976 0.997539 0.997481 0.997427 0.997376 0.997329 0.997284 0.997242 0.997203 0.997166 0.997132 0.9971 0.99707 0.997042 0.997016 0.996991 0.996968 0.996947 0.996927 0.996909 0.996892 0.996876 0.996861 0.996847 0.996834 0.996822 0.996811 0.9968 0.996791 0.996782 0.996773 0.996765 0.996758 0.996751 0.996745 0.996739 0.996733 0.996728 0.996724 0.996719 0.996715 0.996711 0.996708 0.996704 0.996701 0.996698 0.996696 0.996693 0.996691 0.996689 0.996687 0.996685 0.996683 0.996682 0.99668 0.996679 0.996677 0.996676 0.996675 0.996674 0.996673 0.996672 0.996671
 #wt and selex for gender,fleet: 1 7 7_WA_REC
 0.00908478 0.00918753 0.0310083 0.0765802 0.144092 0.232042 0.336758 0.454218 0.580696 0.713032 0.848699 0.985848 1.12346 1.26138 1.40011 1.5403 1.6823 1.82592 1.97046 2.11491 2.2581 2.39894 2.53649 2.67001 2.79896 2.92296 3.04178 3.15528 3.26343 3.36625 3.4638 3.5562 3.64358 3.72609 3.80391 3.87722 3.9462 4.01106 4.07198 4.12915 4.18276 4.23301 4.28007 4.32412 4.36533 4.40386 4.43987 4.47351 4.50493 4.53426 4.56163 4.58716 4.61097 4.63317 4.65386 4.67315 4.69112 4.70786 4.72345 4.73797 4.75148 4.76407 4.77578 4.78668 4.79682 4.80626 4.81505 4.82322 4.83082 4.83788 4.84449 4.85068 4.85643 4.86177 4.86674 4.87136 4.87566 4.87966 4.88337 4.88682 4.89003 4.89302 4.89579 4.89837 4.90077 4.903 4.90507 4.90699 4.90878 4.91044 4.91199 4.91342 4.91476 4.916 4.91715 4.91822 4.91921 4.92014 4.921 4.9218 4.92298
 0 7.39881e-06 2.54444e-05 0.000254042 0.00165791 0.00739446 0.0241332 0.0611472 0.126335 0.221513 0.340387 0.470442 0.597324 0.709299 0.799841 0.867755 0.915585 0.947576 0.968112 0.980884 0.988644 0.993281 0.996024 0.997638 0.998588 0.999147 0.999479 0.999678 0.999798 0.999871 0.999916 0.999945 0.999963 0.999974 0.999982 0.999987 0.999991 0.999993 0.999995 0.999996 0.999997 0.999997 0.999998 0.999998 0.999998 0.999999 0.999999 0.999999 0.999999 0.999999 0.999999 0.999999 0.999999 0.999999 0.999999 0.999999 0.999999 0.999999 0.999999 0.999999 0.999999 0.999999 0.999999 0.999999 0.999999 0.999999 0.999999 0.999999 0.999999 0.999999 0.999999 0.999999 0.999999 0.999999 0.999999 0.999999 0.999999 0.999999 0.999999 0.999999 0.999999 0.999999 0.999999 0.999999 0.999999 0.999999 0.999999 0.999999 0.999999 0.999999 0.999999 0.999999 0.999999 0.999999 0.999999 0.999999 0.999999 0.999999 0.999999 0.999999 0.999999
# Sex ratio correction
1
# M and current age-structure in year Yinit: 2011
 # gender = 1
 0.0439034 0.0439034 0.0439034 0.0439034 0.0439034 0.0439034 0.0439034 0.0439034 0.0439034 0.0439034 0.0439034 0.0439034 0.0439034 0.0439034 0.0439034 0.0439034 0.0439034 0.0439034 0.0439034 0.0439034 0.0439034 0.0439034 0.0439034 0.0439034 0.0439034 0.0439034 0.0439034 0.0439034 0.0439034 0.0439034 0.0439034 0.0439034 0.0439034 0.0439034 0.0439034 0.0439034 0.0439034 0.0439034 0.0439034 0.0439034 0.0439034 0.0439034 0.0439034 0.0439034 0.0439034 0.0439034 0.0439034 0.0439034 0.0439034 0.0439034 0.0439034 0.0439034 0.0439034 0.0439034 0.0439034 0.0439034 0.0439034 0.0439034 0.0439034 0.0439034 0.0439034 0.0439034 0.0439034 0.0439034 0.0439034 0.0439034 0.0439034 0.0439034 0.0439034 0.0439034 0.0439034 0.0439034 0.0439034 0.0439034 0.0439034 0.0439034 0.0439034 0.0439034 0.0439034 0.0439034 0.0439034 0.0439034 0.0439034 0.0439034 0.0439034 0.0439034 0.0439034 0.0439034 0.0439034 0.0439034 0.0439034 0.0439034 0.0439034 0.0439034 0.0439034 0.0439034 0.0439034 0.0439034 0.0439034 0.0439034 0.0439034
 236.265 225.318 245.958 279.765 188.343 161.437 104.442 61.7716 79.534 162.13 64.3286 49.9619 93.1749 45.0754 30.8044 25.8368 24.7768 39.6255 48.9506 30.7611 23.8863 22.6975 21.6109 21.2963 22.4533 24.863 31.123 32.6623 21.2047 17.319 15.773 15.3298 10.6831 8.03256 7.38327 6.29741 5.2901 4.25886 3.81689 3.92875 3.85018 3.50461 3.59529 2.69083 2.09851 1.916 1.48308 1.14419 1.00867 0.985463 0.997269 0.988001 0.941934 0.875855 0.807389 0.749409 0.709372 0.687795 0.682555 0.690004 0.701032 0.702183 0.685068 0.65244 0.612151 0.571277 0.533065 0.499183 0.470715 0.447197 0.427735 0.410773 0.394858 0.378964 0.362533 0.345596 0.328481 0.311702 0.295669 0.280677 0.266856 0.254223 0.242658 0.232047 0.22223 0.213043 0.204359 0.196082 0.188128 0.18045 0.173015 0.165797 0.158793 0.152025 0.145452 0.139005 0.132812 0.126877 0.121199 0.115775 2.53976
# Age-structure at Ydeclare= 2013
 368.269 196.106 216.402 206.374 225.27 256.209 172.446 147.748 95.5168 56.4359 72.5781 147.772 58.5671 45.4451 84.6895 40.9479 27.9726 23.4552 22.4887 35.9618 44.4212 27.9134 21.6744 20.5953 19.609 19.3232 20.3726 22.5585 28.2374 29.633 19.2372 15.7113 14.3081 13.9054 9.69 7.2855 6.69631 5.71127 4.79753 3.86217 3.46124 3.56254 3.49117 3.17771 3.25983 2.43968 1.9026 1.73708 1.34456 1.0373 0.914431 0.893378 0.904071 0.895661 0.853893 0.793986 0.731916 0.679353 0.643058 0.623496 0.618744 0.625496 0.635491 0.636534 0.621017 0.591439 0.554916 0.517863 0.483222 0.452508 0.426701 0.405382 0.387739 0.372363 0.357936 0.343528 0.328633 0.31328 0.297765 0.282555 0.268021 0.254432 0.241903 0.230451 0.219968 0.210349 0.20145 0.193122 0.185251 0.177748 0.170538 0.163578 0.156838 0.150295 0.143946 0.137811 0.131853 0.126008 0.120395 0.115015 2.51713
# Year for Tmin Age-structure (set to Ydecl by SS)
2013
#  recruitment and biomass
# Number of historical assessment years
137
# Historical data
# year recruitment spawner in B0 in R project in R/S project
1888  1889 1890 1891 1892 1893 1894 1895 1896 1897 1898 1899 1900 1901 1902 1903 1904 1905 1906 1907 1908 1909 1910 1911 1912 1913 1914 1915 1916 1917 1918 1919 1920 1921 1922 1923 1924 1925 1926 1927 1928 1929 1930 1931 1932 1933 1934 1935 1936 1937 1938 1939 1940 1941 1942 1943 1944 1945 1946 1947 1948 1949 1950 1951 1952 1953 1954 1955 1956 1957 1958 1959 1960 1961 1962 1963 1964 1965 1966 1967 1968 1969 1970 1971 1972 1973 1974 1975 1976 1977 1978 1979 1980 1981 1982 1983 1984 1985 1986 1987 1988 1989 1990 1991 1992 1993 1994 1995 1996 1997 1998 1999 2000 2001 2002 2003 2004 2005 2006 2007 2008 2009 2010 2011 2012 2013 2014 2015 2016 2017 2018 2019 2020 2021 2022 2023 2024 #years (with first value representing R0)
211.91 212.122 212.13 212.138 212.146 212.147 212.147 212.148 212.155 212.163 212.171 212.179 212.186 212.194 212.198 212.199 212.197 212.192 212.183 212.173 212.158 212.133 212.103 212.061 212.005 211.925 211.814 211.658 211.443 211.155 210.606 209.907 209.115 208.197 207.154 206.005 204.772 203.483 202.196 200.967 199.868 198.985 198.386 198.085 198.098 198.338 198.668 198.876 198.731 198 196.599 194.617 192.409 190.469 189.373 189.609 191.305 194.376 198.214 202.091 204.917 204.668 199.513 189.407 177.246 166.672 159.624 156.429 156.966 160.543 165.223 168.42 167.24 159.565 148.742 143.258 152.43 184.574 221.754 224.632 264.742 322.806 284.972 281.209 255.607 219.39 214.524 231.64 237.731 238.227 219.531 245.116 292.882 249.247 225.206 226.37 286.515 225.254 149.662 113.598 91.7239 80.3776 74.0708 69.4905 81.0479 118.506 89.2358 52.3727 51.6005 58.3556 81.2099 159.878 81.7367 100.408 241.619 113.244 84.0853 135.982 201.103 224.513 319.157 268.532 235.431 236.265 204.908 368.269 209.176 255.085 189.535 122.495 120.995 114.969 112.611 147.017 160.956 166.54 171.562  #recruits; first value is R0 (virgin)
1065.47  1065.47 1065.47 1065.45 1065.43 1064.97 1064.51 1064.05 1063.89 1063.82 1063.74 1063.66 1063.56 1063.46 1063.33 1063.2 1063.04 1062.87 1062.69 1062.5 1062.3 1061.96 1061.73 1061.49 1061.23 1060.96 1060.68 1060.38 1060 1059.68 1059.2 1056.64 1055.67 1054.8 1054 1053.47 1052.85 1051.67 1050.14 1047.78 1044.7 1041.71 1039.17 1036.28 1034.42 1032.72 1031.04 1028.84 1026.65 1023.52 1020.7 1017.63 1015.25 1011.78 1006.88 1001.7 992.118 981.971 966.745 952.897 946.872 940.238 935.402 929.9 922.912 917.157 913.131 907.957 902.955 897.633 890.782 884.166 878.104 872.714 868.787 863.957 860.734 858.846 847.445 843.511 838.096 832.536 818.596 809.63 797.56 782.385 766.365 748.563 731.145 711.192 691.732 660.078 626.693 601.62 568.707 515.408 487.486 466.038 438.923 416.34 388.297 363.649 333.417 311.978 275.184 242.205 210.714 193.272 176.263 157.831 136.685 129.264 118.016 119.437 119.857 125.511 131.206 137.203 143.141 149.412 155.053 161.055 166.859 173.171 179.81 186.689 194.384 202.721 211.5 221.179 230.77 241.692 253.561 267.465 282.631 297.885 313.722 #spbio; first value is SSB_virgin (virgin)
1 0 0 0 0 0 0 0 0 0 0 0 0 0 0 0 0 0 0 0 0 0 0 0 0 0 0 0 0 0 0 0 0 0 0 0 0 0 0 0 0 0 0 0 0 0 0 0 0 0 0 0 0 0 0 0 0 0 0 0 0 0 0 0 0 0 0 0 0 0 0 0 0 0 0 0 0 0 0 0 0 0 0 0 0 0 0 0 0 0 0 0 0 0 0 0 0 0 0 0 0 0 0 0 0 0 0 0 0 0 0 0 0 0 0 0 0 0 0 0 0 0 0 0 0 0 0 0 0 0 0 0 0 0 0 0 0  # in Bzero
0 1 1 1 1 1 1 1 1 1 1 1 1 1 1 1 1 1 1 1 1 1 1 1 1 1 1 1 1 1 1 1 1 1 1 1 1 1 1 1 1 1 1 1 1 1 1 1 1 1 1 1 1 1 1 1 1 1 1 1 1 1 1 1 1 1 1 1 1 1 1 1 1 1 1 1 1 1 1 1 1 1 1 1 1 1 1 1 1 1 1 1 1 1 1 1 1 1 1 1 1 1 1 1 1 1 1 1 1 1 1 1 1 1 1 1 1 1 1 1 1 1 1 1 1 1 1 1 1 1 1 1 1 1  0 0 0 # in R project
0 1 1 1 1 1 1 1 1 1 1 1 1 1 1 1 1 1 1 1 1 1 1 1 1 1 1 1 1 1 1 1 1 1 1 1 1 1 1 1 1 1 1 1 1 1 1 1 1 1 1 1 1 1 1 1 1 1 1 1 1 1 1 1 1 1 1 1 1 1 1 1 1 1 1 1 1 1 1 1 1 1 1 1 1 1 1 1 1 1 1 1 1 1 1 1 1 1 1 1 1 1 1 1 1 1 1 1 1 1 1 1 1 1 1 1 1 1 1 1 1 1 1 1 1 1 1 1 1 1 1 1 1 1  0 0 0 # in R/S project
# Number of years with pre-specified catches
0
# catches for years with pre-specified catches go next
# Number of future recruitments to override
-2
# Process for overiding (-1 for average otherwise index in data list)
# Which probability to product detailed results for (1=0.5; 2=0.6; etc.)
3
# Steepness sigma-R Auto-correlation
0.718 0.5 0
# Target SPR rate (FMSY Proxy); manually change to SPR_MSY if not using SPR_target
0.5
# Discount rate (for cumulative catch)
0.1
# Truncate the series when 0.4B0 is reached (1=Yes)
0
# Set F to FMSY once 0.4B0 is reached (1=Yes)
0
# Maximum possible F for projection (-1 to set to FMSY)
-1
# Defintion of recovery (1=now only;2=now or before)
2
# Projection type
4
# Definition of the 40-10 rule
10 40
# Sigma Assessment Error (Base, Year1, Slope, MaxSigma)
1.0 2025 0.075 2.0
# Pstar
0.45
# Constrain catches by the ABC (1=yes, 2=no)
2
# Implementation Error (0=no; 1=lognormal; 2=uniform)
0
#Parameters of Implementaion Error
1 0.3
# Calculate coefficients of variation (1=Yes)
0
# Number of replicates to use
10
# Random number seed
-99004
# File with multiple parameter vectors 
rebuild.SSO
# User-specific projection (1=Yes); Output replaced (1->9)
0  5
# Catches and Fs (Year; 1/2/3 (F or C or SPR); value); Final row is -1
2024 1 1
-1 -1 -1
# Fixed catch project (1=Yes); Output replaced (1->9); Approach (-1=Read in else 1-9)
0 2 -1
# (48a) Special catch options (1-Yes) [CUT_OFF, Emsy, distribution, MAXCAT, Add, replace_code]
0 0.18 1.00 1.00 0 6
# (48b) B1Target
150000
# Split of Fs
2011  0.0156267
 0
 0.368493
 0.0258381
 0.201109
 0.200428
 0.188506
-1  1 1 1 1 1 1 1 1 1 1 1 1
# Yrs to define T_target for projection type 4 (a.k.a. 5 pre-specified inputs)
2030 2031 2032 2033 2034 
# Year for probability of recovery
2034 2035 2036 2037 2038 2039 2040 2041
# Time varying weight-at-age (1=Yes;0=No)
0
# File with time series of weight-at-age data
none
# Use bisection (0) or linear interpolation (1)
1
# Target Depletion
0.4
# CV of implementation error
0
