#Title, #runnumber: 1 yelloweye_data.ss yelloweye_control.ss 6768.72 1084.83 343.487 StartTime: Sun Apr 27 23:23:23 2025
SSv3_default_rebuild.dat
# Number of sexes
1
# Age range to consider (minimum age; maximum age)
0 100
# Number of fleets
7
# First year of projection (Yinit)
2011
# First Year of rebuilding period (Ydecl)
2013
# Number of simulations
1000
# Maximum number of years
500
# Conduct projections with multiple starting values (0=No;else yes)
0
# Number of parameter vectors
1000
# Is the maximum age a plus-group (1=Yes;2=No)
1
# Generate future recruitments using historical recruitments (1)  historical recruits/spawner (2)  or a stock-recruitment (3)
3
# Constant fishing mortality (1) or constant Catch (2) projections
1
# Fishing mortality based on SPR (1) or actual rate (2)
1
# Pre-specify the year of recovery (or -1) to ignore
-1
# Fecundity-at-age
# 0 1 2 3 4 5 6 7 8 9 10 11 12 13 14 15 16 17 18 19 20 21 22 23 24 25 26 27 28 29 30 31 32 33 34 35 36 37 38 39 40 41 42 43 44 45 46 47 48 49 50 51 52 53 54 55 56 57 58 59 60 61 62 63 64 65 66 67 68 69 70 71 72 73 74 75 76 77 78 79 80 81 82 83 84 85 86 87 88 89 90 91 92 93 94 95 96 97 98 99 100 #runnumber: 1 yelloweye_data.ss yelloweye_control.ss 6768.72 1084.83 343.487
 0 0 1.58098e-08 2.14351e-07 2.01098e-06 1.43838e-05 8.25262e-05 0.000388236 0.00149885 0.0047271 0.0122522 0.0266075 0.0497073 0.0820825 0.122785 0.169866 0.221035 0.274187 0.327675 0.380368 0.431579 0.48095 0.528336 0.573716 0.617133 0.658656 0.698359 0.736311 0.772577 0.80721 0.840262 0.871779 0.901805 0.930382 0.957554 0.983363 1.00785 1.03107 1.05306 1.07387 1.09354 1.11212 1.12967 1.14621 1.16181 1.17651 1.19034 1.20335 1.21559 1.2271 1.23791 1.24806 1.25759 1.26653 1.27492 1.28278 1.29015 1.29706 1.30354 1.3096 1.31528 1.3206 1.32557 1.33023 1.33459 1.33867 1.34248 1.34605 1.34939 1.35251 1.35542 1.3582 1.3608 1.36323 1.3655 1.36762 1.3696 1.37146 1.37319 1.3748 1.37632 1.37773 1.37904 1.38028 1.38143 1.3825 1.3835 1.38444 1.38531 1.38613 1.38689 1.38761 1.38827 1.38889 1.38947 1.39001 1.39052 1.39099 1.39143 1.39184 1.39247 #female fecundity; weighted by N in year Y_init across morphs and areas
# Age specific selectivity and weight adjusted for discard and discard mortality
 #wt and selex for gender,fleet: 1 1 1_CA_TWL
 0.00972734 0.0163784 0.0485211 0.0986374 0.167323 0.252563 0.351521 0.461291 0.579228 0.703084 0.831096 0.962087 1.09551 1.23132 1.36964 1.51046 1.65345 1.79793 1.94295 2.08748 2.23048 2.37105 2.50843 2.64203 2.77141 2.89626 3.01636 3.1316 3.24191 3.34729 3.44778 3.54345 3.63439 3.72071 3.80256 3.88007 3.9534 4.0227 4.08814 4.14988 4.20809 4.26293 4.31456 4.36314 4.40883 4.45177 4.49211 4.53 4.56555 4.59892 4.63022 4.65956 4.68707 4.71284 4.73699 4.75961 4.78079 4.80061 4.81917 4.83654 4.85279 4.86799 4.88221 4.89551 4.90794 4.91957 4.93044 4.9406 4.9501 4.95898 4.96733 4.9752 4.98255 4.98942 4.99584 5.00183 5.00743 5.01266 5.01755 5.02211 5.02638 5.03036 5.03407 5.03755 5.04079 5.04382 5.04664 5.04928 5.05175 5.05405 5.0562 5.05821 5.06008 5.06183 5.06346 5.06499 5.06641 5.06774 5.06898 5.07014 5.07191
 0 0.00122714 0.00430425 0.0139675 0.0362844 0.0780669 0.143797 0.233234 0.34097 0.457937 0.573902 0.679894 0.769861 0.841252 0.894568 0.932302 0.957787 0.974323 0.984697 0.991027 0.994803 0.997015 0.998295 0.999028 0.999446 0.999683 0.999817 0.999894 0.999937 0.999963 0.999977 0.999986 0.999991 0.999994 0.999996 0.999997 0.999997 0.999998 0.999998 0.999998 0.999998 0.999998 0.999998 0.999998 0.999998 0.999998 0.999998 0.999998 0.999998 0.999998 0.999998 0.999998 0.999998 0.999998 0.999998 0.999998 0.999998 0.999998 0.999998 0.999998 0.999998 0.999998 0.999998 0.999998 0.999998 0.999998 0.999998 0.999998 0.999998 0.999998 0.999998 0.999998 0.999998 0.999998 0.999997 0.999997 0.999997 0.999997 0.999997 0.999997 0.999997 0.999997 0.999997 0.999997 0.999997 0.999997 0.999997 0.999997 0.999997 0.999997 0.999997 0.999997 0.999997 0.999997 0.999997 0.999997 0.999997 0.999997 0.999997 0.999997 0.999997
 #wt and selex for gender,fleet: 1 3 3_CA_REC
 0.00972252 0.0159965 0.0459843 0.0933802 0.158569 0.239869 0.334796 0.44073 0.555229 0.676214 0.80215 0.932196 1.06612 1.20394 1.34553 1.49039 1.63759 1.78598 1.93433 2.08148 2.22644 2.36839 2.50671 2.64094 2.77073 2.89583 3.01609 3.13143 3.24181 3.34723 3.44774 3.54342 3.63437 3.7207 3.80255 3.88007 3.95339 4.0227 4.08814 4.14988 4.20809 4.26293 4.31456 4.36314 4.40883 4.45177 4.49211 4.53 4.56556 4.59892 4.63022 4.65956 4.68707 4.71284 4.73699 4.75961 4.78079 4.80061 4.81917 4.83654 4.85279 4.86799 4.88221 4.89551 4.90794 4.91957 4.93044 4.9406 4.9501 4.95898 4.96733 4.9752 4.98255 4.98942 4.99584 5.00183 5.00743 5.01266 5.01755 5.02211 5.02638 5.03036 5.03407 5.03755 5.04079 5.04382 5.04664 5.04928 5.05175 5.05405 5.0562 5.05821 5.06008 5.06183 5.06346 5.06499 5.06641 5.06774 5.06898 5.07014 5.07191
 0 0.00523955 0.0147372 0.0383096 0.0827566 0.152817 0.24796 0.36189 0.48436 0.604057 0.711326 0.800001 0.868 0.916683 0.949466 0.970392 0.983153 0.990643 0.994902 0.997263 0.998546 0.999233 0.999596 0.999788 0.999888 0.99994 0.999968 0.999983 0.99999 0.999995 0.999997 0.999998 0.999999 0.999999 0.999999 0.999999 0.999999 0.999999 0.999999 0.999999 0.999999 0.999999 0.999999 0.999999 0.999999 0.999999 0.999999 0.999999 0.999999 0.999999 0.999999 0.999999 0.999999 0.999999 0.999999 0.999999 0.999999 0.999999 0.999999 0.999999 0.999999 0.999999 0.999999 0.999999 0.999999 0.999999 0.999999 0.999999 0.999999 0.999999 0.999999 0.999999 0.999999 0.999999 0.999999 0.999999 0.999999 0.999999 0.999999 0.999999 0.999999 0.999999 0.999999 0.999999 0.999999 0.999999 0.999999 0.999999 0.999999 0.999999 0.999999 0.999999 0.999999 0.999999 0.999999 0.999999 0.999999 0.999999 0.999999 0.999999 0.999999
 #wt and selex for gender,fleet: 1 4 4_ORWA_TWL
 0.00971583 0.0154601 0.0421952 0.0861206 0.147787 0.226348 0.320072 0.426832 0.544409 0.670666 0.803637 0.941576 1.08299 1.22668 1.37172 1.51744 1.66333 1.8089 1.95366 2.09709 2.23859 2.37758 2.5135 2.64586 2.77424 2.89832 3.01784 3.13266 3.24266 3.34783 3.44816 3.54372 3.63458 3.72085 3.80266 3.88014 3.95345 4.02274 4.08817 4.1499 4.20811 4.26294 4.31457 4.36315 4.40884 4.45178 4.49212 4.53 4.56556 4.59892 4.63022 4.65956 4.68707 4.71284 4.73699 4.75961 4.78079 4.80061 4.81917 4.83654 4.85279 4.86799 4.88221 4.89551 4.90794 4.91957 4.93044 4.9406 4.9501 4.95898 4.96733 4.9752 4.98255 4.98942 4.99584 5.00183 5.00743 5.01266 5.01755 5.02211 5.02638 5.03036 5.03407 5.03755 5.04079 5.04382 5.04664 5.04928 5.05175 5.05405 5.0562 5.05821 5.06008 5.06183 5.06346 5.06499 5.06641 5.06774 5.06898 5.07014 5.07191
 0 0.0176082 0.0356491 0.0668594 0.112852 0.174008 0.248584 0.333065 0.422916 0.513394 0.600221 0.680001 0.750417 0.810244 0.859251 0.898018 0.927692 0.949724 0.965637 0.976854 0.984594 0.989841 0.993346 0.995661 0.997176 0.998162 0.998801 0.999215 0.999483 0.999657 0.999771 0.999845 0.999894 0.999927 0.999949 0.999964 0.999974 0.999981 0.999986 0.999989 0.999991 0.999993 0.999994 0.999995 0.999996 0.999996 0.999997 0.999997 0.999997 0.999997 0.999998 0.999998 0.999998 0.999998 0.999998 0.999998 0.999998 0.999998 0.999998 0.999998 0.999998 0.999998 0.999998 0.999998 0.999998 0.999998 0.999998 0.999998 0.999998 0.999998 0.999998 0.999998 0.999998 0.999998 0.999998 0.999998 0.999998 0.999998 0.999998 0.999998 0.999998 0.999998 0.999998 0.999998 0.999998 0.999998 0.999998 0.999998 0.999998 0.999998 0.999998 0.999998 0.999998 0.999998 0.999998 0.999998 0.999998 0.999998 0.999998 0.999998 0.999998
 #wt and selex for gender,fleet: 1 5 5_ORWA_NONTWL
 0.00972317 0.0160523 0.0466534 0.095688 0.164116 0.250607 0.352795 0.467974 0.593473 0.726841 0.865924 1.00887 1.15413 1.30041 1.44666 1.59206 1.73601 1.8781 2.01803 2.15561 2.29064 2.42296 2.55235 2.6786 2.80145 2.92068 3.03606 3.14739 3.25452 3.35734 3.45578 3.54982 3.63948 3.72479 3.80584 3.88272 3.95554 4.02445 4.08958 4.15107 4.20908 4.26376 4.31526 4.36374 4.40934 4.45221 4.4925 4.53033 4.56585 4.59918 4.63045 4.65977 4.68726 4.71301 4.73715 4.75975 4.78092 4.80074 4.81929 4.83664 4.85289 4.86808 4.8823 4.89559 4.90802 4.91965 4.93051 4.94067 4.95017 4.95904 4.9674 4.97526 4.98261 4.98948 4.9959 5.00189 5.00749 5.01272 5.0176 5.02217 5.02643 5.03041 5.03413 5.0376 5.04084 5.04387 5.0467 5.04934 5.0518 5.0541 5.05625 5.05826 5.06013 5.06188 5.06351 5.06504 5.06646 5.06779 5.06903 5.07019 5.07195
 0 0.000850289 0.00249852 0.00700886 0.0166842 0.0344268 0.0629558 0.104026 0.157903 0.223254 0.297442 0.377034 0.458371 0.538039 0.613207 0.68179 0.742499 0.794779 0.838691 0.874753 0.903779 0.926733 0.944608 0.958349 0.968799 0.976677 0.982577 0.986975 0.990243 0.992667 0.994465 0.995801 0.996796 0.997538 0.998095 0.998514 0.998832 0.999074 0.99926 0.999403 0.999515 0.999602 0.99967 0.999725 0.999768 0.999803 0.999832 0.999855 0.999874 0.999889 0.999903 0.999913 0.999923 0.99993 0.999937 0.999943 0.999948 0.999952 0.999955 0.999959 0.999961 0.999964 0.999966 0.999968 0.99997 0.999971 0.999972 0.999974 0.999975 0.999976 0.999976 0.999977 0.999977 0.999978 0.999978 0.999979 0.999979 0.999979 0.99998 0.99998 0.99998 0.99998 0.999981 0.999981 0.999981 0.999981 0.999981 0.999982 0.999982 0.999982 0.999982 0.999982 0.999982 0.999982 0.999982 0.999982 0.999982 0.999983 0.999983 0.999983 0.999983
 #wt and selex for gender,fleet: 1 6 6_OR_REC
 0.00976853 0.0193562 0.061567 0.121099 0.197573 0.286213 0.382617 0.483493 0.587142 0.693879 0.805603 0.924518 1.05192 1.18765 1.33033 1.47791 1.62824 1.77942 1.92992 2.07859 2.22454 2.3671 2.50579 2.64021 2.77009 2.89524 3.01552 3.13084 3.2412 3.3466 3.44709 3.54275 3.63368 3.71999 3.80181 3.87931 3.95262 4.0219 4.08733 4.14905 4.20725 4.26208 4.3137 4.36227 4.40794 4.45087 4.49121 4.52908 4.56463 4.59799 4.62928 4.65862 4.68612 4.71189 4.73603 4.75864 4.77982 4.79964 4.8182 4.83556 4.85181 4.867 4.88122 4.89452 4.90695 4.91857 4.92944 4.9396 4.9491 4.95797 4.96633 4.97419 4.98154 4.9884 4.99482 5.00081 5.00641 5.01164 5.01652 5.02108 5.02534 5.02932 5.03304 5.03651 5.03975 5.04278 5.0456 5.04824 5.05071 5.05301 5.05516 5.05716 5.05903 5.06078 5.06242 5.06394 5.06536 5.06669 5.06793 5.06909 5.07085
 0 3.15652e-05 0.000407656 0.00364674 0.0190286 0.0648727 0.159026 0.30232 0.472849 0.638122 0.773053 0.868669 0.929045 0.963779 0.982312 0.99161 0.996034 0.998032 0.998874 0.999184 0.999254 0.999218 0.999136 0.999034 0.998924 0.998812 0.9987 0.99859 0.998482 0.998378 0.998278 0.998181 0.998088 0.997999 0.997915 0.997834 0.997757 0.997684 0.997614 0.997549 0.997487 0.997428 0.997372 0.99732 0.997271 0.997224 0.997181 0.997139 0.997101 0.997064 0.99703 0.996998 0.996968 0.99694 0.996913 0.996889 0.996865 0.996844 0.996823 0.996804 0.996786 0.99677 0.996754 0.996739 0.996726 0.996713 0.996701 0.99669 0.996679 0.996669 0.99666 0.996651 0.996643 0.996636 0.996628 0.996622 0.996616 0.99661 0.996604 0.996599 0.996595 0.99659 0.996586 0.996582 0.996579 0.996575 0.996572 0.996569 0.996566 0.996564 0.996561 0.996559 0.996557 0.996555 0.996553 0.996552 0.99655 0.996549 0.996547 0.996546 0.996544
 #wt and selex for gender,fleet: 1 7 7_WA_REC
 0.00975389 0.0183694 0.0587793 0.118737 0.199094 0.296097 0.405502 0.523487 0.646949 0.77352 0.901536 1.03005 1.15885 1.28831 1.41908 1.55179 1.68674 1.82378 1.96235 2.10158 2.24045 2.37793 2.51309 2.64513 2.77345 2.89759 3.01722 3.13216 3.24227 3.34753 3.44794 3.54355 3.63445 3.72076 3.80259 3.88009 3.95341 4.02271 4.08815 4.14989 4.20809 4.26293 4.31456 4.36314 4.40883 4.45177 4.49211 4.53 4.56556 4.59892 4.63022 4.65956 4.68707 4.71284 4.73699 4.75961 4.78079 4.80061 4.81917 4.83654 4.85279 4.86799 4.88221 4.89551 4.90794 4.91957 4.93044 4.9406 4.9501 4.95898 4.96733 4.9752 4.98255 4.98942 4.99584 5.00183 5.00743 5.01266 5.01755 5.02211 5.02638 5.03036 5.03407 5.03755 5.04079 5.04382 5.04664 5.04928 5.05175 5.05405 5.0562 5.05821 5.06008 5.06183 5.06346 5.06499 5.06641 5.06774 5.06898 5.07014 5.07191
 0 1.00948e-05 9.23955e-05 0.000699592 0.00354603 0.0128914 0.0358081 0.0801182 0.150706 0.246605 0.360703 0.482001 0.599044 0.702875 0.788503 0.854803 0.903437 0.93751 0.960475 0.975464 0.984992 0.990921 0.99455 0.996744 0.998058 0.99884 0.999306 0.999582 0.999747 0.999845 0.999904 0.99994 0.999962 0.999976 0.999984 0.999989 0.999993 0.999995 0.999996 0.999997 0.999998 0.999998 0.999999 0.999999 0.999999 0.999999 0.999999 0.999999 0.999999 0.999999 0.999999 0.999999 0.999999 0.999999 0.999999 0.999999 0.999999 0.999999 0.999999 0.999999 0.999999 0.999999 0.999999 0.999999 0.999999 0.999999 0.999999 0.999999 0.999999 0.999999 0.999999 0.999999 0.999999 0.999999 0.999999 0.999999 0.999999 0.999999 0.999999 0.999999 0.999999 0.999999 0.999999 0.999999 0.999999 0.999999 0.999999 0.999999 0.999999 0.999999 0.999999 0.999999 0.999999 0.999999 0.999999 0.999999 0.999999 0.999999 0.999999 0.999999 0.999999
# Sex ratio correction
1
# M and current age-structure in year Yinit: 2011
 # gender = 1
 0.0439034 0.0439034 0.0439034 0.0439034 0.0439034 0.0439034 0.0439034 0.0439034 0.0439034 0.0439034 0.0439034 0.0439034 0.0439034 0.0439034 0.0439034 0.0439034 0.0439034 0.0439034 0.0439034 0.0439034 0.0439034 0.0439034 0.0439034 0.0439034 0.0439034 0.0439034 0.0439034 0.0439034 0.0439034 0.0439034 0.0439034 0.0439034 0.0439034 0.0439034 0.0439034 0.0439034 0.0439034 0.0439034 0.0439034 0.0439034 0.0439034 0.0439034 0.0439034 0.0439034 0.0439034 0.0439034 0.0439034 0.0439034 0.0439034 0.0439034 0.0439034 0.0439034 0.0439034 0.0439034 0.0439034 0.0439034 0.0439034 0.0439034 0.0439034 0.0439034 0.0439034 0.0439034 0.0439034 0.0439034 0.0439034 0.0439034 0.0439034 0.0439034 0.0439034 0.0439034 0.0439034 0.0439034 0.0439034 0.0439034 0.0439034 0.0439034 0.0439034 0.0439034 0.0439034 0.0439034 0.0439034 0.0439034 0.0439034 0.0439034 0.0439034 0.0439034 0.0439034 0.0439034 0.0439034 0.0439034 0.0439034 0.0439034 0.0439034 0.0439034 0.0439034 0.0439034 0.0439034 0.0439034 0.0439034 0.0439034 0.0439034
 198.289 260.145 253.948 272.52 168.037 153.06 96.7504 63.1018 112.908 178.084 60.8884 51.4728 94.0453 50.9236 30.4522 25.2614 25.3124 42.0056 56.0174 29.029 22.0825 22.7509 23.4749 23.8846 24.9421 24.0192 27.9519 33.113 23.2143 24.1085 17.5343 14.2533 9.49186 6.36416 7.01318 6.72274 6.77223 4.27088 3.62003 4.07265 6.65973 4.58977 3.15028 2.56968 1.87964 1.48187 1.20887 1.03838 1.00033 1.06967 1.19213 1.2504 1.14592 0.975211 0.834409 0.740892 0.690744 0.677961 0.698084 0.748603 0.823351 0.900566 0.932926 0.882608 0.77919 0.675149 0.591255 0.528132 0.48103 0.44463 0.415637 0.392049 0.372723 0.35669 0.34275 0.329725 0.31666 0.303179 0.289393 0.275766 0.262797 0.250853 0.240046 0.230365 0.221639 0.213641 0.206156 0.199007 0.19204 0.185163 0.178319 0.171481 0.16466 0.157908 0.15122 0.144561 0.138105 0.131883 0.125915 0.120215 2.63566
# Age-structure at Ydeclare= 2013
 397.315 130.209 181.619 238.269 232.579 249.553 153.831 140.048 88.4568 57.6348 103.009 162.285 55.428 46.8138 85.468 46.2514 27.6454 22.9251 22.9654 38.1039 50.8074 26.3266 20.0254 20.6304 21.286 21.6567 22.6146 21.7769 25.3412 30.0186 21.0436 21.8529 15.8928 12.9182 8.60223 5.76738 6.35524 6.09177 6.13636 3.86971 3.27985 3.68979 6.03342 4.15797 2.85379 2.32775 1.70262 1.34228 1.09496 0.940518 0.906036 0.968824 1.07973 1.1325 1.03785 0.88324 0.755713 0.671013 0.625592 0.614013 0.632236 0.677988 0.745684 0.815613 0.844918 0.799345 0.705681 0.611454 0.535474 0.478305 0.435646 0.40268 0.376422 0.355059 0.337556 0.323036 0.310411 0.298614 0.286782 0.274573 0.262088 0.249747 0.238001 0.227184 0.217397 0.20863 0.200727 0.193484 0.186706 0.18023 0.173921 0.167693 0.161495 0.155303 0.149125 0.14301 0.136953 0.130922 0.125075 0.11944 2.60992
# Year for Tmin Age-structure (set to Ydecl by SS)
2013
#  recruitment and biomass
# Number of historical assessment years
137
# Historical data
# year recruitment spawner in B0 in R project in R/S project
1888  1889 1890 1891 1892 1893 1894 1895 1896 1897 1898 1899 1900 1901 1902 1903 1904 1905 1906 1907 1908 1909 1910 1911 1912 1913 1914 1915 1916 1917 1918 1919 1920 1921 1922 1923 1924 1925 1926 1927 1928 1929 1930 1931 1932 1933 1934 1935 1936 1937 1938 1939 1940 1941 1942 1943 1944 1945 1946 1947 1948 1949 1950 1951 1952 1953 1954 1955 1956 1957 1958 1959 1960 1961 1962 1963 1964 1965 1966 1967 1968 1969 1970 1971 1972 1973 1974 1975 1976 1977 1978 1979 1980 1981 1982 1983 1984 1985 1986 1987 1988 1989 1990 1991 1992 1993 1994 1995 1996 1997 1998 1999 2000 2001 2002 2003 2004 2005 2006 2007 2008 2009 2010 2011 2012 2013 2014 2015 2016 2017 2018 2019 2020 2021 2022 2023 2024 #years (with first value representing R0)
213.637 213.647 213.645 213.643 213.64 213.629 213.617 213.604 213.596 213.588 213.58 213.571 213.561 213.553 213.547 213.538 213.531 213.531 213.536 213.555 213.586 213.626 213.681 213.744 213.813 213.869 213.891 213.842 213.677 213.348 212.626 211.593 210.281 208.653 206.724 204.547 202.196 199.765 197.386 195.19 193.311 191.865 190.897 190.323 189.982 189.575 188.778 187.358 185.34 183.018 180.936 179.643 179.582 181 184.142 189.515 197.984 210.928 229.23 251.775 271.385 272.926 250.62 217.925 188.415 167.045 154.204 149.3 152.122 162.669 180.402 200.978 207.694 187.267 158.619 139.704 136.173 148.29 169.292 198.893 250.263 280.33 370.226 482.757 262.947 206.315 212.986 292.998 250.236 222.761 171.127 214.45 268.776 274.49 312.067 247.968 292.152 204.38 146.565 128.228 104.675 88.8859 75.5456 65.2742 77.5371 137.109 95.3716 53.8148 50.65 57.8458 91.9263 161.615 84.3071 95.1299 265.597 160.856 85.929 125.995 190.687 200.317 310.895 277.256 271.821 198.289 136.053 397.315 246.005 164.995 201.67 148.499 139.024 143.263 148.326 157.658 162.028 168.572 173.785  #recruits; first value is R0 (virgin)
1084.83  1084.83 1084.82 1084.81 1084.78 1084.32 1083.86 1083.4 1083.24 1083.17 1083.09 1083.01 1082.91 1082.8 1082.67 1082.52 1082.36 1082.17 1081.98 1081.77 1081.54 1081.18 1080.93 1080.65 1080.36 1080.06 1079.74 1079.41 1078.99 1078.63 1078.1 1075.51 1074.49 1073.59 1072.74 1072.18 1071.53 1070.33 1068.78 1066.42 1063.33 1060.34 1057.8 1054.91 1053.04 1051.31 1049.57 1047.27 1044.93 1041.59 1038.5 1035.08 1032.26 1028.28 1022.79 1016.93 1006.58 995.582 979.402 964.509 957.374 949.296 943.025 936.116 927.69 920.427 915.057 908.639 902.722 896.876 890.037 883.989 879.138 875.56 873.955 871.793 871.286 872.15 863.501 861.905 858.648 855.176 842.843 835.251 824.667 811.062 796.142 779.455 763.058 743.802 724.724 693.112 659.566 634.436 601.795 547.281 500.73 474.198 438.299 409.704 382.806 359.66 330.219 309.163 274.263 242.754 212.695 196.593 180.336 162.642 142.237 135.705 125.042 126.174 126.788 132.478 138.369 144.438 150.431 156.662 162.354 168.4 174.395 181.119 188.111 195.346 203.37 212.235 221.48 231.818 242.104 253.609 265.869 279.926 294.99 309.894 325.144 #spbio; first value is SSB_virgin (virgin)
1 0 0 0 0 0 0 0 0 0 0 0 0 0 0 0 0 0 0 0 0 0 0 0 0 0 0 0 0 0 0 0 0 0 0 0 0 0 0 0 0 0 0 0 0 0 0 0 0 0 0 0 0 0 0 0 0 0 0 0 0 0 0 0 0 0 0 0 0 0 0 0 0 0 0 0 0 0 0 0 0 0 0 0 0 0 0 0 0 0 0 0 0 0 0 0 0 0 0 0 0 0 0 0 0 0 0 0 0 0 0 0 0 0 0 0 0 0 0 0 0 0 0 0 0 0 0 0 0 0 0 0 0 0 0 0 0  # in Bzero
0 1 1 1 1 1 1 1 1 1 1 1 1 1 1 1 1 1 1 1 1 1 1 1 1 1 1 1 1 1 1 1 1 1 1 1 1 1 1 1 1 1 1 1 1 1 1 1 1 1 1 1 1 1 1 1 1 1 1 1 1 1 1 1 1 1 1 1 1 1 1 1 1 1 1 1 1 1 1 1 1 1 1 1 1 1 1 1 1 1 1 1 1 1 1 1 1 1 1 1 1 1 1 1 1 1 1 1 1 1 1 1 1 1 1 1 1 1 1 1 1 1 1 1 1 1 1 1 1 1 1 1 1 1  0 0 0 # in R project
0 1 1 1 1 1 1 1 1 1 1 1 1 1 1 1 1 1 1 1 1 1 1 1 1 1 1 1 1 1 1 1 1 1 1 1 1 1 1 1 1 1 1 1 1 1 1 1 1 1 1 1 1 1 1 1 1 1 1 1 1 1 1 1 1 1 1 1 1 1 1 1 1 1 1 1 1 1 1 1 1 1 1 1 1 1 1 1 1 1 1 1 1 1 1 1 1 1 1 1 1 1 1 1 1 1 1 1 1 1 1 1 1 1 1 1 1 1 1 1 1 1 1 1 1 1 1 1 1 1 1 1 1 1  0 0 0 # in R/S project
# Number of years with pre-specified catches
0
# catches for years with pre-specified catches go next
# Number of future recruitments to override
-2
# Process for overiding (-1 for average otherwise index in data list)
# Which probability to product detailed results for (1=0.5; 2=0.6; etc.)
3
# Steepness sigma-R Auto-correlation
0.718 0.5 0
# Target SPR rate (FMSY Proxy); manually change to SPR_MSY if not using SPR_target
0.5
# Discount rate (for cumulative catch)
0.1
# Truncate the series when 0.4B0 is reached (1=Yes)
0
# Set F to FMSY once 0.4B0 is reached (1=Yes)
0
# Maximum possible F for projection (-1 to set to FMSY)
-1
# Defintion of recovery (1=now only;2=now or before)
2
# Projection type
4
# Definition of the 40-10 rule
10 40
# Sigma Assessment Error (Base, Year1, Slope, MaxSigma)
1.0 2025 0.075 2.0
# Pstar
0.45
# Constrain catches by the ABC (1=yes, 2=no)
2
# Implementation Error (0=no; 1=lognormal; 2=uniform)
0
#Parameters of Implementaion Error
1 0.3
# Calculate coefficients of variation (1=Yes)
0
# Number of replicates to use
10
# Random number seed
-99004
# File with multiple parameter vectors 
rebuild.SSO
# User-specific projection (1=Yes); Output replaced (1->9)
0  5
# Catches and Fs (Year; 1/2/3 (F or C or SPR); value); Final row is -1
2024 1 1
-1 -1 -1
# Fixed catch project (1=Yes); Output replaced (1->9); Approach (-1=Read in else 1-9)
0 2 -1
# (48a) Special catch options (1-Yes) [CUT_OFF, Emsy, distribution, MAXCAT, Add, replace_code]
0 0.18 1.00 1.00 0 6
# (48b) B1Target
150000
# Split of Fs
2011  0.016531
 0
 0.39072
 0.0242138
 0.19122
 0.193118
 0.184197
-1  1 1 1 1 1 1 1 1 1 1 1 1
# Yrs to define T_target for projection type 4 (a.k.a. 5 pre-specified inputs)
2030 2031 2032 2033 2034 
# Year for probability of recovery
2034 2035 2036 2037 2038 2039 2040 2041
# Time varying weight-at-age (1=Yes;0=No)
0
# File with time series of weight-at-age data
none
# Use bisection (0) or linear interpolation (1)
1
# Target Depletion
0.4
# CV of implementation error
0
