#Title, #runnumber: 1 yelloweye_data.ss yelloweye_control.ss 5890.61 1095.51 375.738 StartTime: Thu Apr 24 07:31:35 2025
SSv3_default_rebuild.dat
# Number of sexes
1
# Age range to consider (minimum age; maximum age)
0 100
# Number of fleets
7
# First year of projection (Yinit)
2011
# First Year of rebuilding period (Ydecl)
2013
# Number of simulations
1000
# Maximum number of years
500
# Conduct projections with multiple starting values (0=No;else yes)
0
# Number of parameter vectors
1000
# Is the maximum age a plus-group (1=Yes;2=No)
1
# Generate future recruitments using historical recruitments (1)  historical recruits/spawner (2)  or a stock-recruitment (3)
3
# Constant fishing mortality (1) or constant Catch (2) projections
1
# Fishing mortality based on SPR (1) or actual rate (2)
1
# Pre-specify the year of recovery (or -1) to ignore
-1
# Fecundity-at-age
# 0 1 2 3 4 5 6 7 8 9 10 11 12 13 14 15 16 17 18 19 20 21 22 23 24 25 26 27 28 29 30 31 32 33 34 35 36 37 38 39 40 41 42 43 44 45 46 47 48 49 50 51 52 53 54 55 56 57 58 59 60 61 62 63 64 65 66 67 68 69 70 71 72 73 74 75 76 77 78 79 80 81 82 83 84 85 86 87 88 89 90 91 92 93 94 95 96 97 98 99 100 #runnumber: 1 yelloweye_data.ss yelloweye_control.ss 5890.61 1095.51 375.738
 0 0 8.69935e-09 1.503e-07 1.68735e-06 1.38701e-05 8.86376e-05 0.000449664 0.0018054 0.00573294 0.01465 0.0310664 0.0565599 0.0912053 0.133715 0.182018 0.233885 0.287358 0.340938 0.393604 0.444728 0.49397 0.541181 0.586324 0.629424 0.670535 0.709722 0.747049 0.78258 0.816375 0.848492 0.878985 0.907908 0.935315 0.961258 0.985793 1.00897 1.03085 1.05148 1.07092 1.08922 1.10643 1.12261 1.13781 1.15208 1.16546 1.17801 1.18977 1.20079 1.2111 1.22075 1.22978 1.23822 1.24612 1.25349 1.26038 1.26681 1.27282 1.27842 1.28366 1.28854 1.29309 1.29734 1.3013 1.30499 1.30844 1.31164 1.31463 1.31742 1.32002 1.32244 1.32474 1.32689 1.32889 1.33075 1.33249 1.33411 1.33561 1.33701 1.33832 1.33953 1.34066 1.34172 1.3427 1.34361 1.34446 1.34525 1.34598 1.34667 1.34731 1.3479 1.34845 1.34896 1.34944 1.34989 1.3503 1.35069 1.35104 1.35138 1.35169 1.35215 #female fecundity; weighted by N in year Y_init across morphs and areas
# Age specific selectivity and weight adjusted for discard and discard mortality
 #wt and selex for gender,fleet: 1 1 1_CA_TWL
 0.00896707 0.0118418 0.0375638 0.0835213 0.149955 0.235692 0.338219 0.454578 0.581833 0.717297 0.858621 1.00381 1.1512 1.29944 1.44749 1.59458 1.74012 1.88373 2.02508 2.1639 2.29991 2.43282 2.56236 2.68821 2.81011 2.92782 3.04113 3.14989 3.25399 3.3534 3.44809 3.53811 3.62351 3.70441 3.78092 3.85317 3.92132 3.98553 4.04597 4.1028 4.15619 4.20632 4.25335 4.29744 4.33876 4.37745 4.41367 4.44756 4.47925 4.50888 4.53658 4.56245 4.58661 4.60918 4.63024 4.64989 4.66823 4.68534 4.7013 4.71618 4.73005 4.74298 4.75504 4.76627 4.77674 4.7865 4.79559 4.80405 4.81194 4.81929 4.82619 4.83267 4.83871 4.84433 4.84957 4.85444 4.85898 4.86321 4.86714 4.8708 4.87421 4.87738 4.88034 4.88308 4.88564 4.88802 4.89024 4.8923 4.89422 4.896 4.89767 4.89921 4.90065 4.90199 4.90324 4.9044 4.90548 4.90648 4.90742 4.90828 4.90958
 0 0.00300771 0.00697592 0.0169522 0.0356939 0.0661261 0.11002 0.167377 0.236402 0.313934 0.396104 0.47898 0.559071 0.633626 0.700758 0.759435 0.809366 0.850851 0.884591 0.911524 0.932679 0.949068 0.961622 0.971149 0.978329 0.983711 0.987733 0.990732 0.992968 0.994637 0.995885 0.996821 0.997526 0.998059 0.998465 0.998776 0.999015 0.999201 0.999345 0.999459 0.999549 0.99962 0.999678 0.999724 0.999762 0.999793 0.999819 0.99984 0.999858 0.999873 0.999885 0.999896 0.999905 0.999913 0.999919 0.999925 0.99993 0.999935 0.999939 0.999942 0.999945 0.999948 0.99995 0.999952 0.999954 0.999956 0.999957 0.999959 0.99996 0.999961 0.999962 0.999962 0.999963 0.999963 0.999964 0.999964 0.999965 0.999965 0.999965 0.999966 0.999966 0.999966 0.999967 0.999967 0.999967 0.999967 0.999967 0.999968 0.999968 0.999968 0.999968 0.999968 0.999968 0.999968 0.999968 0.999968 0.999969 0.999969 0.999969 0.999969 0.999969
 #wt and selex for gender,fleet: 1 3 3_CA_REC
 0.00896707 0.0119204 0.0392079 0.0864887 0.153327 0.237735 0.336592 0.446685 0.565128 0.68959 0.818481 0.951028 1.08706 1.22661 1.3695 1.51522 1.66286 1.8113 1.95933 2.10581 2.24974 2.3903 2.52686 2.65894 2.78621 2.90843 3.02548 3.1373 3.24388 3.34526 3.44154 3.53282 3.61923 3.70092 3.77807 3.85082 3.91938 3.98391 4.04461 4.10165 4.15522 4.20548 4.25263 4.29681 4.33821 4.37697 4.41324 4.44718 4.47891 4.50858 4.5363 4.56219 4.58638 4.60896 4.63004 4.64971 4.66806 4.68518 4.70114 4.71603 4.72991 4.74285 4.75491 4.76615 4.77663 4.78639 4.79548 4.80395 4.81184 4.81919 4.82609 4.83258 4.83862 4.84424 4.84948 4.85435 4.85889 4.86312 4.86705 4.87072 4.87412 4.8773 4.88025 4.883 4.88556 4.88794 4.89016 4.89222 4.89414 4.89592 4.89759 4.89913 4.90057 4.90191 4.90316 4.90432 4.9054 4.9064 4.90734 4.90821 4.9095
 0 0.00406667 0.010826 0.0305751 0.0704734 0.136225 0.228131 0.340209 0.462072 0.5821 0.690422 0.780806 0.851122 0.90256 0.938243 0.961907 0.977022 0.986384 0.99204 0.995392 0.997349 0.998479 0.999128 0.999498 0.99971 0.999831 0.999901 0.999941 0.999964 0.999978 0.999986 0.999991 0.999994 0.999996 0.999997 0.999998 0.999999 0.999999 0.999999 0.999999 0.999999 0.999999 0.999999 0.999999 0.999999 0.999999 0.999999 0.999999 0.999999 0.999999 0.999999 0.999999 0.999999 0.999999 0.999999 0.999999 0.999999 0.999999 0.999999 0.999999 0.999999 0.999999 0.999999 0.999999 0.999999 0.999999 0.999999 0.999999 0.999999 0.999999 0.999999 0.999999 0.999999 0.999999 0.999999 0.999999 0.999999 0.999999 0.999999 0.999999 0.999999 0.999999 0.999999 0.999999 0.999999 0.999999 0.999999 0.999999 0.999999 0.999999 0.999999 0.999999 0.999999 0.999999 0.999999 0.999999 0.999999 0.999999 0.999999 0.999999 0.999999
 #wt and selex for gender,fleet: 1 4 4_ORWA_TWL
 0.00896707 0.0117451 0.035077 0.0773206 0.138674 0.218215 0.313917 0.423296 0.543794 0.672999 0.808744 0.949177 1.0928 1.23849 1.38541 1.53294 1.6805 1.82752 1.97339 2.11745 2.25903 2.39751 2.53233 2.66302 2.78921 2.91063 3.02708 3.13845 3.24472 3.34587 3.44199 3.53315 3.61947 3.7011 3.7782 3.85093 3.91946 3.98397 4.04466 4.10169 4.15524 4.20551 4.25265 4.29683 4.33822 4.37698 4.41325 4.44718 4.47892 4.50858 4.5363 4.5622 4.58638 4.60896 4.63004 4.64971 4.66806 4.68518 4.70114 4.71603 4.72991 4.74285 4.75491 4.76615 4.77663 4.78639 4.79548 4.80395 4.81184 4.81919 4.82609 4.83258 4.83862 4.84424 4.84948 4.85435 4.85889 4.86312 4.86705 4.87072 4.87412 4.8773 4.88025 4.883 4.88556 4.88794 4.89016 4.89222 4.89414 4.89592 4.89759 4.89913 4.90057 4.90191 4.90316 4.90432 4.9054 4.9064 4.90734 4.90821 4.9095
 0 0.0220562 0.0423728 0.0790428 0.132226 0.201419 0.28372 0.374488 0.468369 0.560239 0.645862 0.722221 0.787596 0.841471 0.884315 0.917287 0.941917 0.959838 0.972583 0.981472 0.987574 0.991709 0.994483 0.996332 0.997557 0.998368 0.998905 0.99926 0.999496 0.999654 0.99976 0.999831 0.99988 0.999914 0.999937 0.999953 0.999965 0.999973 0.999979 0.999983 0.999986 0.999989 0.99999 0.999992 0.999993 0.999994 0.999994 0.999995 0.999995 0.999995 0.999996 0.999996 0.999996 0.999996 0.999996 0.999996 0.999996 0.999996 0.999996 0.999996 0.999996 0.999996 0.999996 0.999996 0.999996 0.999996 0.999996 0.999996 0.999996 0.999996 0.999996 0.999996 0.999996 0.999996 0.999996 0.999996 0.999996 0.999996 0.999996 0.999996 0.999996 0.999996 0.999996 0.999996 0.999996 0.999996 0.999996 0.999996 0.999996 0.999996 0.999996 0.999996 0.999996 0.999996 0.999996 0.999996 0.999996 0.999996 0.999996 0.999996 0.999996
 #wt and selex for gender,fleet: 1 5 5_ORWA_NONTWL
 0.00896707 0.011928 0.0395639 0.0881216 0.15778 0.246958 0.352665 0.471585 0.600559 0.736807 0.877979 1.02215 1.16777 1.31369 1.45906 1.60334 1.74619 1.88737 2.02668 2.16389 2.29874 2.43088 2.55997 2.68563 2.80752 2.92534 3.03884 3.14782 3.25216 3.3518 3.4467 3.53691 3.62249 3.70353 3.78016 3.85252 3.92077 3.98506 4.04556 4.10244 4.15588 4.20605 4.25311 4.29723 4.33857 4.37728 4.41352 4.44742 4.47913 4.50877 4.53647 4.56235 4.58652 4.60909 4.63016 4.64982 4.66816 4.68528 4.70124 4.71612 4.73 4.74293 4.75499 4.76623 4.7767 4.78645 4.79554 4.80401 4.8119 4.81925 4.82615 4.83263 4.83867 4.8443 4.84953 4.85441 4.85895 4.86317 4.86711 4.87077 4.87418 4.87735 4.8803 4.88305 4.88561 4.88799 4.8902 4.89227 4.89419 4.89597 4.89763 4.89918 4.90062 4.90196 4.90321 4.90437 4.90544 4.90645 4.90738 4.90825 4.90955
 0 0.0010304 0.00279939 0.00832012 0.0206215 0.043478 0.0801017 0.13201 0.198472 0.276672 0.362395 0.450889 0.537653 0.618981 0.692245 0.755962 0.809668 0.853701 0.888941 0.916559 0.937822 0.953952 0.96604 0.975014 0.981628 0.986478 0.990024 0.992613 0.994503 0.995886 0.9969 0.997647 0.998199 0.99861 0.998918 0.999149 0.999325 0.99946 0.999563 0.999643 0.999706 0.999756 0.999795 0.999826 0.999852 0.999872 0.999889 0.999903 0.999914 0.999924 0.999932 0.999939 0.999944 0.999949 0.999954 0.999957 0.99996 0.999963 0.999966 0.999968 0.999969 0.999971 0.999973 0.999974 0.999975 0.999976 0.999977 0.999978 0.999978 0.999979 0.99998 0.99998 0.99998 0.999981 0.999981 0.999981 0.999981 0.999982 0.999982 0.999982 0.999982 0.999982 0.999983 0.999983 0.999983 0.999983 0.999983 0.999983 0.999983 0.999983 0.999983 0.999983 0.999983 0.999984 0.999984 0.999984 0.999984 0.999984 0.999984 0.999984 0.999984
 #wt and selex for gender,fleet: 1 6 6_OR_REC
 0.00896707 0.0130593 0.0554266 0.117389 0.19783 0.290491 0.389845 0.492241 0.596462 0.703718 0.816497 0.937047 1.06639 1.20408 1.34855 1.49765 1.64919 1.80123 1.95219 2.10087 2.24635 2.38795 2.52517 2.65767 2.78518 2.90754 3.02467 3.13652 3.2431 3.34448 3.44075 3.53201 3.6184 3.70007 3.77719 3.84993 3.91847 3.98298 4.04366 4.10069 4.15424 4.20449 4.25162 4.2958 4.33718 4.37593 4.4122 4.44612 4.47785 4.5075 4.53522 4.56111 4.58529 4.60786 4.62893 4.6486 4.66695 4.68406 4.70002 4.71491 4.72879 4.74172 4.75378 4.76502 4.77549 4.78525 4.79434 4.80281 4.81069 4.81804 4.82494 4.83142 4.83746 4.84308 4.84832 4.85319 4.85773 4.86195 4.86588 4.86954 4.87295 4.87612 4.87907 4.88182 4.88438 4.88676 4.88897 4.89103 4.89295 4.89474 4.8964 4.89795 4.89938 4.90072 4.90197 4.90313 4.90421 4.90521 4.90615 4.90701 4.90831
 0 1.86749e-05 0.000228803 0.00267842 0.0164679 0.061453 0.157407 0.304189 0.476665 0.64082 0.772973 0.866239 0.925625 0.960516 0.979756 0.98984 0.994902 0.997341 0.998458 0.998927 0.999085 0.999094 0.999035 0.998944 0.99884 0.99873 0.99862 0.998512 0.998406 0.998304 0.998206 0.998112 0.998022 0.997936 0.997855 0.997778 0.997705 0.997635 0.99757 0.997508 0.99745 0.997396 0.997344 0.997296 0.997251 0.997208 0.997168 0.997131 0.997096 0.997063 0.997033 0.997004 0.996977 0.996952 0.996929 0.996907 0.996886 0.996867 0.99685 0.996833 0.996818 0.996803 0.99679 0.996777 0.996765 0.996755 0.996744 0.996735 0.996726 0.996718 0.99671 0.996703 0.996696 0.99669 0.996684 0.996679 0.996673 0.996669 0.996664 0.99666 0.996656 0.996653 0.996649 0.996646 0.996643 0.996641 0.996638 0.996636 0.996634 0.996632 0.99663 0.996628 0.996627 0.996625 0.996624 0.996622 0.996621 0.99662 0.996619 0.996618 0.996617
 #wt and selex for gender,fleet: 1 7 7_WA_REC
 0.00896707 0.0139564 0.0642285 0.136612 0.230644 0.338414 0.45312 0.570019 0.686354 0.801245 0.915492 1.03097 1.14981 1.27365 1.40327 1.53847 1.67827 1.82115 1.96544 2.10949 2.25191 2.39156 2.52758 2.65935 2.78644 2.90856 3.02555 3.13734 3.2439 3.34528 3.44155 3.53282 3.61923 3.70093 3.77807 3.85082 3.91938 3.98391 4.04461 4.10165 4.15522 4.20548 4.25263 4.29681 4.33821 4.37697 4.41324 4.44718 4.47891 4.50858 4.5363 4.56219 4.58638 4.60896 4.63004 4.64971 4.66806 4.68518 4.70114 4.71603 4.72991 4.74285 4.75491 4.76615 4.77663 4.78639 4.79548 4.80395 4.81184 4.81919 4.82609 4.83258 4.83862 4.84424 4.84948 4.85435 4.85889 4.86312 4.86705 4.87072 4.87412 4.8773 4.88025 4.883 4.88556 4.88794 4.89016 4.89222 4.89414 4.89592 4.89759 4.89913 4.90057 4.90191 4.90316 4.90432 4.9054 4.9064 4.90734 4.90821 4.9095
 0 1.69149e-07 5.01628e-06 0.000127062 0.00145261 0.00893891 0.0344027 0.0929858 0.192511 0.325772 0.473469 0.614233 0.733141 0.824356 0.889141 0.932409 0.959926 0.976757 0.986742 0.992528 0.995822 0.997673 0.998705 0.999278 0.999595 0.999771 0.99987 0.999925 0.999956 0.999974 0.999984 0.99999 0.999994 0.999996 0.999997 0.999998 0.999998 0.999999 0.999999 0.999999 0.999999 0.999999 0.999999 0.999999 0.999999 0.999999 0.999999 0.999999 0.999999 0.999999 0.999999 0.999999 0.999999 0.999999 0.999999 0.999999 0.999999 0.999999 0.999999 0.999999 0.999999 0.999999 0.999999 0.999999 0.999999 0.999999 0.999999 0.999999 0.999999 0.999999 0.999999 0.999999 0.999999 0.999999 0.999999 0.999999 0.999999 0.999999 0.999999 0.999999 0.999999 0.999999 0.999999 0.999999 0.999999 0.999999 0.999999 0.999999 0.999999 0.999999 0.999999 0.999999 0.999999 0.999999 0.999999 0.999999 0.999999 0.999999 0.999999 0.999999 0.999999
# Sex ratio correction
1
# M and current age-structure in year Yinit: 2011
 # gender = 1
 0.0439034 0.0439034 0.0439034 0.0439034 0.0439034 0.0439034 0.0439034 0.0439034 0.0439034 0.0439034 0.0439034 0.0439034 0.0439034 0.0439034 0.0439034 0.0439034 0.0439034 0.0439034 0.0439034 0.0439034 0.0439034 0.0439034 0.0439034 0.0439034 0.0439034 0.0439034 0.0439034 0.0439034 0.0439034 0.0439034 0.0439034 0.0439034 0.0439034 0.0439034 0.0439034 0.0439034 0.0439034 0.0439034 0.0439034 0.0439034 0.0439034 0.0439034 0.0439034 0.0439034 0.0439034 0.0439034 0.0439034 0.0439034 0.0439034 0.0439034 0.0439034 0.0439034 0.0439034 0.0439034 0.0439034 0.0439034 0.0439034 0.0439034 0.0439034 0.0439034 0.0439034 0.0439034 0.0439034 0.0439034 0.0439034 0.0439034 0.0439034 0.0439034 0.0439034 0.0439034 0.0439034 0.0439034 0.0439034 0.0439034 0.0439034 0.0439034 0.0439034 0.0439034 0.0439034 0.0439034 0.0439034 0.0439034 0.0439034 0.0439034 0.0439034 0.0439034 0.0439034 0.0439034 0.0439034 0.0439034 0.0439034 0.0439034 0.0439034 0.0439034 0.0439034 0.0439034 0.0439034 0.0439034 0.0439034 0.0439034 0.0439034
 292.458 381.122 306.632 318.409 173.006 138.573 97.4421 67.8737 118.909 231.362 61.0769 46.8559 80.2844 52.5695 29.341 24.2801 25.7715 56.7758 58.1459 25.2918 19.7988 20.1143 20.6363 21.0152 22.9255 25.0461 31.5942 31.6702 19.7987 23.4819 17.3467 13.3434 9.23653 6.83761 7.92459 7.77848 7.30791 4.19553 3.78662 4.71713 6.81559 4.12623 3.17892 2.5798 2.0049 1.65729 1.30264 1.07388 1.01693 1.07863 1.18319 1.20685 1.09985 0.95963 0.848422 0.774501 0.736265 0.731892 0.761146 0.825901 0.924308 1.03553 1.09861 1.04864 0.919545 0.788254 0.684504 0.608617 0.553995 0.513644 0.482932 0.458778 0.439272 0.423011 0.408628 0.394963 0.381144 0.366863 0.352248 0.337759 0.323903 0.311075 0.299399 0.288858 0.279247 0.270249 0.261419 0.252747 0.244063 0.235286 0.226393 0.217402 0.208375 0.199422 0.19056 0.18191 0.173543 0.1655 0.157806 0.150474 3.23674
# Age-structure at Ydeclare= 2013
 338.809 218.83 267.872 349.076 280.837 291.589 158.393 126.807 89.1012 62.0021 108.5 210.872 55.6122 42.6289 72.9966 47.7764 26.6578 22.0553 23.4071 51.5626 52.8043 22.9677 17.9791 18.2654 18.7391 19.083 20.8174 22.7425 28.6879 28.7562 17.9765 21.32 15.7492 12.1142 8.38544 6.2074 7.19403 7.06123 6.63392 3.80852 3.43727 4.28186 6.18657 3.74536 2.88544 2.3416 1.81976 1.50424 1.18233 0.974684 0.922986 0.978986 1.07388 1.09535 0.998229 0.870963 0.770028 0.702936 0.668232 0.664262 0.690812 0.749582 0.838895 0.939838 0.997092 0.951737 0.834569 0.715411 0.621248 0.552374 0.502799 0.466176 0.438303 0.416381 0.398678 0.383919 0.370865 0.358462 0.345921 0.33296 0.319696 0.306546 0.29397 0.282328 0.271731 0.262163 0.253441 0.245274 0.23726 0.22939 0.221509 0.213542 0.205471 0.197311 0.189119 0.180993 0.17295 0.1651 0.157505 0.150206 3.21742
# Year for Tmin Age-structure (set to Ydecl by SS)
2013
#  recruitment and biomass
# Number of historical assessment years
137
# Historical data
# year recruitment spawner in B0 in R project in R/S project
1888  1889 1890 1891 1892 1893 1894 1895 1896 1897 1898 1899 1900 1901 1902 1903 1904 1905 1906 1907 1908 1909 1910 1911 1912 1913 1914 1915 1916 1917 1918 1919 1920 1921 1922 1923 1924 1925 1926 1927 1928 1929 1930 1931 1932 1933 1934 1935 1936 1937 1938 1939 1940 1941 1942 1943 1944 1945 1946 1947 1948 1949 1950 1951 1952 1953 1954 1955 1956 1957 1958 1959 1960 1961 1962 1963 1964 1965 1966 1967 1968 1969 1970 1971 1972 1973 1974 1975 1976 1977 1978 1979 1980 1981 1982 1983 1984 1985 1986 1987 1988 1989 1990 1991 1992 1993 1994 1995 1996 1997 1998 1999 2000 2001 2002 2003 2004 2005 2006 2007 2008 2009 2010 2011 2012 2013 2014 2015 2016 2017 2018 2019 2020 2021 2022 2023 2024 #years (with first value representing R0)
215.586 219.161 219.287 219.418 219.554 219.687 219.824 219.967 220.121 220.283 220.452 220.628 220.813 221.006 221.208 221.416 221.637 221.871 222.12 222.394 222.689 223.005 223.343 223.697 224.064 224.428 224.766 225.036 225.191 225.175 224.909 224.282 223.307 221.91 220.076 217.828 215.223 212.355 209.37 206.272 203.37 200.833 198.722 196.968 195.431 193.844 191.934 189.514 186.602 183.421 180.402 178.015 176.711 176.861 178.917 183.604 191.971 205.523 225.326 250.258 271.691 270.935 243.039 206.413 175.455 153.792 140.616 134.472 134.428 139.887 150.231 163.381 169.972 157.825 136.076 121.116 120.461 137.183 163.273 183.942 219.276 248.82 295.497 443.384 276.688 198.743 195.541 300.131 279.284 246.706 182.959 210.513 256.735 279.487 314.591 219.521 290.064 239.362 157.834 121.189 94.228 79.5148 67.6117 58.9598 67.7964 142.444 128.827 54.7222 48.6169 55.6676 94.8026 137.858 76.7023 95.3831 344.942 169.362 92.4108 126.883 172.63 206.236 363.244 334.776 398.228 292.458 228.652 338.809 137.62 137.819 102.546 134.135 139.127 144.965 149.697 168.489 173.255 176.234 178.788  #recruits; first value is R0 (virgin)
1095.51  1095.51 1095.51 1095.49 1095.47 1095 1094.55 1094.08 1093.93 1093.85 1093.77 1093.71 1093.65 1093.6 1093.56 1093.55 1093.57 1093.61 1093.68 1093.78 1093.91 1093.94 1094.11 1094.29 1094.49 1094.71 1094.93 1095.17 1095.34 1095.6 1095.71 1093.78 1093.44 1093.24 1093.12 1093.3 1093.41 1093 1092.26 1090.72 1088.48 1086.35 1084.69 1082.69 1081.73 1080.93 1080.13 1078.77 1077.37 1074.96 1072.77 1070.21 1068.21 1064.99 1060.17 1054.9 1045.03 1034.36 1018.34 1003.48 996.319 988.302 981.882 974.583 965.602 957.766 951.649 944.451 937.624 930.814 922.955 915.916 910.058 905.43 902.676 899.223 897.365 896.681 886.153 882.727 877.425 871.617 857.026 847.177 833.954 817.364 799.728 780.06 760.528 738.138 716.002 681.064 644.57 616.875 581.625 525.79 496.764 474.85 447.894 425.651 398.252 374.234 344.663 323.772 287.673 255.26 224.228 207.129 190.277 171.828 150.436 142.622 130.866 131.895 131.924 137.308 142.797 148.663 154.543 160.834 166.591 172.802 178.92 185.668 192.932 200.682 209.496 219.2 229.568 241.045 252.667 265.872 280.359 297.226 315.714 334.499 353.732 #spbio; first value is SSB_virgin (virgin)
1 0 0 0 0 0 0 0 0 0 0 0 0 0 0 0 0 0 0 0 0 0 0 0 0 0 0 0 0 0 0 0 0 0 0 0 0 0 0 0 0 0 0 0 0 0 0 0 0 0 0 0 0 0 0 0 0 0 0 0 0 0 0 0 0 0 0 0 0 0 0 0 0 0 0 0 0 0 0 0 0 0 0 0 0 0 0 0 0 0 0 0 0 0 0 0 0 0 0 0 0 0 0 0 0 0 0 0 0 0 0 0 0 0 0 0 0 0 0 0 0 0 0 0 0 0 0 0 0 0 0 0 0 0 0 0 0  # in Bzero
0 1 1 1 1 1 1 1 1 1 1 1 1 1 1 1 1 1 1 1 1 1 1 1 1 1 1 1 1 1 1 1 1 1 1 1 1 1 1 1 1 1 1 1 1 1 1 1 1 1 1 1 1 1 1 1 1 1 1 1 1 1 1 1 1 1 1 1 1 1 1 1 1 1 1 1 1 1 1 1 1 1 1 1 1 1 1 1 1 1 1 1 1 1 1 1 1 1 1 1 1 1 1 1 1 1 1 1 1 1 1 1 1 1 1 1 1 1 1 1 1 1 1 1 1 1 1 1 1 1 1 1 1 1  0 0 0 # in R project
0 1 1 1 1 1 1 1 1 1 1 1 1 1 1 1 1 1 1 1 1 1 1 1 1 1 1 1 1 1 1 1 1 1 1 1 1 1 1 1 1 1 1 1 1 1 1 1 1 1 1 1 1 1 1 1 1 1 1 1 1 1 1 1 1 1 1 1 1 1 1 1 1 1 1 1 1 1 1 1 1 1 1 1 1 1 1 1 1 1 1 1 1 1 1 1 1 1 1 1 1 1 1 1 1 1 1 1 1 1 1 1 1 1 1 1 1 1 1 1 1 1 1 1 1 1 1 1 1 1 1 1 1 1  0 0 0 # in R/S project
# Number of years with pre-specified catches
0
# catches for years with pre-specified catches go next
# Number of future recruitments to override
-2
# Process for overiding (-1 for average otherwise index in data list)
# Which probability to product detailed results for (1=0.5; 2=0.6; etc.)
3
# Steepness sigma-R Auto-correlation
0.718 0.5 0
# Target SPR rate (FMSY Proxy); manually change to SPR_MSY if not using SPR_target
0.5
# Discount rate (for cumulative catch)
0.1
# Truncate the series when 0.4B0 is reached (1=Yes)
0
# Set F to FMSY once 0.4B0 is reached (1=Yes)
0
# Maximum possible F for projection (-1 to set to FMSY)
-1
# Defintion of recovery (1=now only;2=now or before)
2
# Projection type
4
# Definition of the 40-10 rule
10 40
# Sigma Assessment Error (Base, Year1, Slope, MaxSigma)
1.0 2025 0.075 2.0
# Pstar
0.45
# Constrain catches by the ABC (1=yes, 2=no)
2
# Implementation Error (0=no; 1=lognormal; 2=uniform)
0
#Parameters of Implementaion Error
1 0.3
# Calculate coefficients of variation (1=Yes)
0
# Number of replicates to use
10
# Random number seed
-99004
# File with multiple parameter vectors 
rebuild.SSO
# User-specific projection (1=Yes); Output replaced (1->9)
0  5
# Catches and Fs (Year; 1/2/3 (F or C or SPR); value); Final row is -1
2024 1 1
-1 -1 -1
# Fixed catch project (1=Yes); Output replaced (1->9); Approach (-1=Read in else 1-9)
0 2 -1
# (48a) Special catch options (1-Yes) [CUT_OFF, Emsy, distribution, MAXCAT, Add, replace_code]
0 0.18 1.00 1.00 0 6
# (48b) B1Target
150000
# Split of Fs
2011  0.0182312
 0
 0.397862
 0.0245493
 0.187894
 0.198281
 0.173183
-1  1 1 1 1 1 1 1 1 1 1 1 1
# Yrs to define T_target for projection type 4 (a.k.a. 5 pre-specified inputs)
2030 2031 2032 2033 2034 
# Year for probability of recovery
2034 2035 2036 2037 2038 2039 2040 2041
# Time varying weight-at-age (1=Yes;0=No)
0
# File with time series of weight-at-age data
none
# Use bisection (0) or linear interpolation (1)
1
# Target Depletion
0.4
# CV of implementation error
0
