#Title, #runnumber: 1 yelloweye_data.ss yelloweye_control.ss 5880.65 1064.09 392.228 StartTime: Thu Apr 10 13:47:06 2025
SSv3_default_rebuild.dat
# Number of sexes
1
# Age range to consider (minimum age; maximum age)
0 100
# Number of fleets
7
# First year of projection (Yinit)
2011
# First Year of rebuilding period (Ydecl)
2013
# Number of simulations
1000
# Maximum number of years
500
# Conduct projections with multiple starting values (0=No;else yes)
0
# Number of parameter vectors
1000
# Is the maximum age a plus-group (1=Yes;2=No)
1
# Generate future recruitments using historical recruitments (1)  historical recruits/spawner (2)  or a stock-recruitment (3)
3
# Constant fishing mortality (1) or constant Catch (2) projections
1
# Fishing mortality based on SPR (1) or actual rate (2)
1
# Pre-specify the year of recovery (or -1) to ignore
-1
# Fecundity-at-age
# 0 1 2 3 4 5 6 7 8 9 10 11 12 13 14 15 16 17 18 19 20 21 22 23 24 25 26 27 28 29 30 31 32 33 34 35 36 37 38 39 40 41 42 43 44 45 46 47 48 49 50 51 52 53 54 55 56 57 58 59 60 61 62 63 64 65 66 67 68 69 70 71 72 73 74 75 76 77 78 79 80 81 82 83 84 85 86 87 88 89 90 91 92 93 94 95 96 97 98 99 100 #runnumber: 1 yelloweye_data.ss yelloweye_control.ss 5880.65 1064.09 392.228
 0 0 3.03641e-08 3.84783e-07 3.46762e-06 2.40511e-05 0.000133165 0.000592877 0.00211613 0.00610052 0.0145224 0.0293943 0.0520907 0.0829372 0.121218 0.165489 0.213992 0.265005 0.317064 0.36905 0.420188 0.46999 0.518185 0.564648 0.609346 0.652297 0.693543 0.733135 0.771123 0.807557 0.842479 0.875928 0.907943 0.938558 0.967807 0.995727 1.02235 1.04772 1.07186 1.09482 1.11664 1.13736 1.15701 1.17563 1.19328 1.20998 1.22578 1.24072 1.25484 1.26817 1.28076 1.29263 1.30383 1.31439 1.32434 1.33371 1.34253 1.35084 1.35866 1.36602 1.37294 1.37945 1.38556 1.39132 1.39672 1.4018 1.40657 1.41105 1.41526 1.41921 1.42292 1.42649 1.42985 1.43299 1.43595 1.43872 1.44132 1.44376 1.44605 1.4482 1.45021 1.4521 1.45388 1.45554 1.4571 1.45856 1.45993 1.46121 1.46242 1.46355 1.46461 1.4656 1.46653 1.4674 1.46822 1.46899 1.46971 1.47038 1.47101 1.4716 1.47253 #female fecundity; weighted by N in year Y_init across morphs and areas
# Age specific selectivity and weight adjusted for discard and discard mortality
 #wt and selex for gender,fleet: 1 1 1_CA_TWL
 0.0110732 0.0230969 0.0627572 0.120715 0.196178 0.285901 0.386364 0.4945 0.607905 0.724916 0.844656 0.966967 1.09218 1.22078 1.3531 1.48916 1.62854 1.7705 1.91402 2.05802 2.2014 2.34319 2.48256 2.61884 2.75152 2.88022 3.00467 3.12468 3.24015 3.35101 3.45725 3.5589 3.656 3.74864 3.83691 3.92091 4.00077 4.07661 4.14857 4.2168 4.28142 4.3426 4.40047 4.45518 4.50687 4.55568 4.60174 4.6452 4.68618 4.7248 4.76119 4.79546 4.82773 4.85811 4.88669 4.91357 4.93886 4.96263 4.98498 5.00598 5.02572 5.04426 5.06168 5.07804 5.0934 5.10782 5.12136 5.13407 5.146 5.1572 5.1678 5.17785 5.18727 5.19612 5.20441 5.2122 5.21949 5.22634 5.23276 5.23878 5.24442 5.24972 5.25468 5.25933 5.2637 5.26779 5.27162 5.27522 5.27859 5.28174 5.28471 5.28748 5.29008 5.29252 5.29481 5.29695 5.29896 5.30084 5.3026 5.30426 5.30685
 0 0.00102118 0.00411391 0.0140191 0.0374064 0.081416 0.150269 0.242882 0.352804 0.470214 0.584752 0.687993 0.774809 0.843479 0.89494 0.931707 0.956886 0.973494 0.984089 0.990651 0.994609 0.996942 0.99829 0.999055 0.999482 0.999718 0.999847 0.999917 0.999955 0.999975 0.999986 0.999992 0.999995 0.999997 0.999997 0.999998 0.999998 0.999998 0.999998 0.999998 0.999998 0.999998 0.999998 0.999998 0.999998 0.999998 0.999998 0.999998 0.999998 0.999998 0.999998 0.999998 0.999997 0.999997 0.999997 0.999997 0.999997 0.999997 0.999997 0.999997 0.999997 0.999997 0.999997 0.999997 0.999997 0.999997 0.999997 0.999997 0.999997 0.999997 0.999997 0.999997 0.999997 0.999997 0.999997 0.999997 0.999997 0.999997 0.999997 0.999997 0.999997 0.999997 0.999997 0.999997 0.999997 0.999997 0.999997 0.999997 0.999997 0.999997 0.999997 0.999997 0.999997 0.999997 0.999997 0.999997 0.999997 0.999997 0.999997 0.999997 0.999997
# Sex ratio correction
1
# M and current age-structure in year Yinit: 2011
 # gender = 1
 0.0439034 0.0439034 0.0439034 0.0439034 0.0439034 0.0439034 0.0439034 0.0439034 0.0439034 0.0439034 0.0439034 0.0439034 0.0439034 0.0439034 0.0439034 0.0439034 0.0439034 0.0439034 0.0439034 0.0439034 0.0439034 0.0439034 0.0439034 0.0439034 0.0439034 0.0439034 0.0439034 0.0439034 0.0439034 0.0439034 0.0439034 0.0439034 0.0439034 0.0439034 0.0439034 0.0439034 0.0439034 0.0439034 0.0439034 0.0439034 0.0439034 0.0439034 0.0439034 0.0439034 0.0439034 0.0439034 0.0439034 0.0439034 0.0439034 0.0439034 0.0439034 0.0439034 0.0439034 0.0439034 0.0439034 0.0439034 0.0439034 0.0439034 0.0439034 0.0439034 0.0439034 0.0439034 0.0439034 0.0439034 0.0439034 0.0439034 0.0439034 0.0439034 0.0439034 0.0439034 0.0439034 0.0439034 0.0439034 0.0439034 0.0439034 0.0439034 0.0439034 0.0439034 0.0439034 0.0439034 0.0439034 0.0439034 0.0439034 0.0439034 0.0439034 0.0439034 0.0439034 0.0439034 0.0439034 0.0439034 0.0439034 0.0439034 0.0439034 0.0439034 0.0439034 0.0439034 0.0439034 0.0439034 0.0439034 0.0439034 0.0439034
 248.973 231.555 197.108 239.825 148.483 110.222 81.9008 61.657 127.077 231.137 90.8325 65.028 113.926 62.2508 36.2099 29.3506 29.4834 58.1101 74.3443 30.177 22.5371 23.4367 25.4241 26.0229 26.2086 25.3482 28.8273 34.8498 27.6032 30.4134 20.9793 14.2026 9.81472 7.56099 7.99052 7.39781 6.9951 4.41812 4.08254 4.86777 7.62646 5.12188 3.81425 2.79376 2.11347 1.70717 1.29987 1.05246 0.99041 1.05514 1.181 1.25342 1.17709 1.02094 0.875612 0.772256 0.714679 0.697895 0.71731 0.771036 0.853503 0.941763 0.984029 0.936827 0.829541 0.71896 0.628844 0.561004 0.510977 0.473167 0.443745 0.420084 0.400547 0.383867 0.368684 0.353806 0.338406 0.322362 0.306066 0.290207 0.275397 0.262015 0.25013 0.239666 0.230381 0.221983 0.214204 0.206825 0.199661 0.192599 0.18557 0.178536 0.171506 0.164533 0.157612 0.150713 0.144021 0.137566 0.131367 0.125439 2.75467
# Age-structure at Ydeclare= 2013
 130.417 119.97 228.042 212.084 180.524 219.621 135.942 100.871 74.9078 56.3496 116.038 210.876 82.802 59.236 103.716 56.6446 32.9367 26.6901 26.8055 52.8247 67.5758 27.4278 20.483 21.2998 23.1055 23.6491 23.8173 23.0349 26.1958 31.6677 25.082 27.6346 19.0619 12.9042 8.91715 6.86933 7.25938 6.72073 6.35472 4.01356 3.70862 4.42183 6.92764 4.65246 3.46461 2.53762 1.91967 1.55061 1.18064 0.955923 0.899552 0.958338 1.07265 1.13842 1.06908 0.927255 0.795261 0.701388 0.649093 0.633849 0.651481 0.700276 0.775173 0.855332 0.893718 0.850847 0.753407 0.652975 0.571128 0.509515 0.464079 0.429739 0.403017 0.381527 0.363784 0.348634 0.334845 0.321332 0.307346 0.292774 0.277974 0.26357 0.25012 0.237967 0.227172 0.217669 0.209237 0.201609 0.194544 0.187842 0.181336 0.174922 0.168538 0.16215 0.155765 0.149433 0.143147 0.136881 0.130803 0.12494 2.7351
# Year for Tmin Age-structure (set to Ydecl by SS)
2013
#  recruitment and biomass
# Number of historical assessment years
137
# Historical data
# year recruitment spawner in B0 in R project in R/S project
1888  1889 1890 1891 1892 1893 1894 1895 1896 1897 1898 1899 1900 1901 1902 1903 1904 1905 1906 1907 1908 1909 1910 1911 1912 1913 1914 1915 1916 1917 1918 1919 1920 1921 1922 1923 1924 1925 1926 1927 1928 1929 1930 1931 1932 1933 1934 1935 1936 1937 1938 1939 1940 1941 1942 1943 1944 1945 1946 1947 1948 1949 1950 1951 1952 1953 1954 1955 1956 1957 1958 1959 1960 1961 1962 1963 1964 1965 1966 1967 1968 1969 1970 1971 1972 1973 1974 1975 1976 1977 1978 1979 1980 1981 1982 1983 1984 1985 1986 1987 1988 1989 1990 1991 1992 1993 1994 1995 1996 1997 1998 1999 2000 2001 2002 2003 2004 2005 2006 2007 2008 2009 2010 2011 2012 2013 2014 2015 2016 2017 2018 2019 2020 2021 2022 2023 2024 #years (with first value representing R0)
205.618 205.085 205.07 205.055 205.039 205.016 204.992 204.968 204.95 204.932 204.914 204.897 204.876 204.858 204.843 204.819 204.797 204.78 204.768 204.77 204.78 204.792 204.811 204.834 204.854 204.851 204.804 204.674 204.424 204.011 203.207 202.083 200.673 198.941 196.908 194.631 192.191 189.692 187.276 185.091 183.291 182.016 181.339 181.203 181.464 181.819 181.885 181.322 180.015 178.134 176.149 174.604 174.001 174.699 177.104 181.871 189.909 202.477 220.199 241.668 259.585 259.309 235.985 203.339 174.62 154.399 142.735 138.837 142.429 153.216 169.343 184.861 186.101 165.461 139.161 122.611 121.87 140.187 170.66 194.741 235.793 292.822 355.026 473.544 268.58 198.561 187.94 258.289 235.378 217.526 174.907 191.692 232.868 287.477 347.281 262.482 276.468 191.634 142.268 125.404 107.399 91.6799 74.8747 64.6671 78.8202 178.962 130.305 62.0999 58.4297 68.406 111.899 195.157 106.268 141.697 344.399 180.948 83.9407 106.646 137.313 177.005 273.596 215.199 241.948 248.973 125.354 130.417 135.846 164.252 185.561 172.163 165.938 164.365 165.85 167.656 170.161 172.344 174.257  #recruits; first value is R0 (virgin)
1064.09  1064.09 1064.09 1064.07 1064.05 1063.58 1063.12 1062.66 1062.51 1062.43 1062.34 1062.26 1062.16 1062.03 1061.89 1061.72 1061.54 1061.31 1061.08 1060.83 1060.55 1060.14 1059.82 1059.48 1059.13 1058.75 1058.36 1057.95 1057.46 1057.02 1056.41 1053.72 1052.62 1051.63 1050.69 1050.04 1049.29 1048 1046.34 1043.86 1040.65 1037.53 1034.86 1031.83 1029.8 1027.92 1026.02 1023.56 1021.04 1017.52 1014.25 1010.65 1007.66 1003.51 997.842 991.831 981.309 970.141 953.778 938.793 931.679 923.9 917.896 911.187 902.981 896.064 890.993 884.935 879.311 873.721 867.047 861.121 856.271 852.559 850.681 848.143 847.329 847.837 838.71 836.928 833.509 829.798 817.556 810.192 799.596 785.736 770.822 753.877 737.018 717.274 697.719 665.688 631.815 606.332 573.322 520.455 493.165 472.652 446.507 424.992 397.855 373.766 343.738 322.584 286.042 253.476 222.552 205.782 189.334 171.596 151.121 144.279 133.751 135.835 137.023 143.512 150.158 157.213 164.323 171.898 179.045 186.764 194.541 203.081 212.221 221.841 232.421 243.689 255.308 267.571 281.28 295.579 310.518 326.101 342.247 358.791 375.52 #spbio; first value is SSB_virgin (virgin)
1 0 0 0 0 0 0 0 0 0 0 0 0 0 0 0 0 0 0 0 0 0 0 0 0 0 0 0 0 0 0 0 0 0 0 0 0 0 0 0 0 0 0 0 0 0 0 0 0 0 0 0 0 0 0 0 0 0 0 0 0 0 0 0 0 0 0 0 0 0 0 0 0 0 0 0 0 0 0 0 0 0 0 0 0 0 0 0 0 0 0 0 0 0 0 0 0 0 0 0 0 0 0 0 0 0 0 0 0 0 0 0 0 0 0 0 0 0 0 0 0 0 0 0 0 0 0 0 0 0 0 0 0 0 0 0 0  # in Bzero
0 1 1 1 1 1 1 1 1 1 1 1 1 1 1 1 1 1 1 1 1 1 1 1 1 1 1 1 1 1 1 1 1 1 1 1 1 1 1 1 1 1 1 1 1 1 1 1 1 1 1 1 1 1 1 1 1 1 1 1 1 1 1 1 1 1 1 1 1 1 1 1 1 1 1 1 1 1 1 1 1 1 1 1 1 1 1 1 1 1 1 1 1 1 1 1 1 1 1 1 1 1 1 1 1 1 1 1 1 1 1 1 1 1 1 1 1 1 1 1 1 1 1 1 1 1 1 1 1 1 1 1 1 1  0 0 0 # in R project
0 1 1 1 1 1 1 1 1 1 1 1 1 1 1 1 1 1 1 1 1 1 1 1 1 1 1 1 1 1 1 1 1 1 1 1 1 1 1 1 1 1 1 1 1 1 1 1 1 1 1 1 1 1 1 1 1 1 1 1 1 1 1 1 1 1 1 1 1 1 1 1 1 1 1 1 1 1 1 1 1 1 1 1 1 1 1 1 1 1 1 1 1 1 1 1 1 1 1 1 1 1 1 1 1 1 1 1 1 1 1 1 1 1 1 1 1 1 1 1 1 1 1 1 1 1 1 1 1 1 1 1 1 1  0 0 0 # in R/S project
# Number of years with pre-specified catches
0
# catches for years with pre-specified catches go next
# Number of future recruitments to override
-2
# Process for overiding (-1 for average otherwise index in data list)
# Which probability to product detailed results for (1=0.5; 2=0.6; etc.)
3
# Steepness sigma-R Auto-correlation
0.718 0.5 0
# Target SPR rate (FMSY Proxy); manually change to SPR_MSY if not using SPR_target
0.5
# Discount rate (for cumulative catch)
0.1
# Truncate the series when 0.4B0 is reached (1=Yes)
0
# Set F to FMSY once 0.4B0 is reached (1=Yes)
0
# Maximum possible F for projection (-1 to set to FMSY)
-1
# Defintion of recovery (1=now only;2=now or before)
2
# Projection type
4
# Definition of the 40-10 rule
10 40
# Sigma Assessment Error (Base, Year1, Slope, MaxSigma)
1.0 2025 0.075 2.0
# Pstar
0.45
# Constrain catches by the ABC (1=yes, 2=no)
2
# Implementation Error (0=no; 1=lognormal; 2=uniform)
0
#Parameters of Implementaion Error
1 0.3
# Calculate coefficients of variation (1=Yes)
0
# Number of replicates to use
10
# Random number seed
-99004
# File with multiple parameter vectors 
rebuild.SSO
# User-specific projection (1=Yes); Output replaced (1->9)
0  5
# Catches and Fs (Year; 1/2/3 (F or C or SPR); value); Final row is -1
2024 1 1
-1 -1 -1
# Fixed catch project (1=Yes); Output replaced (1->9); Approach (-1=Read in else 1-9)
0 2 -1
# (48a) Special catch options (1-Yes) [CUT_OFF, Emsy, distribution, MAXCAT, Add, replace_code]
0 0.18 1.00 1.00 0 6
# (48b) B1Target
150000
# Split of Fs
2011  1
 0
 0
 0
 0
 0
 0
-1  1 1 1 1 1 1 1 1 1 1 1 1
# Yrs to define T_target for projection type 4 (a.k.a. 5 pre-specified inputs)
2030 2031 2032 2033 2034 
# Year for probability of recovery
2034 2035 2036 2037 2038 2039 2040 2041
# Time varying weight-at-age (1=Yes;0=No)
0
# File with time series of weight-at-age data
none
# Use bisection (0) or linear interpolation (1)
1
# Target Depletion
0.4
# CV of implementation error
0
