#Title, #runnumber: 1 yelloweye_data.ss yelloweye_control.ss 6087 1088.92 331.943 StartTime: Sun Apr 27 22:55:24 2025
SSv3_default_rebuild.dat
# Number of sexes
1
# Age range to consider (minimum age; maximum age)
0 100
# Number of fleets
7
# First year of projection (Yinit)
2011
# First Year of rebuilding period (Ydecl)
2013
# Number of simulations
1000
# Maximum number of years
500
# Conduct projections with multiple starting values (0=No;else yes)
0
# Number of parameter vectors
1000
# Is the maximum age a plus-group (1=Yes;2=No)
1
# Generate future recruitments using historical recruitments (1)  historical recruits/spawner (2)  or a stock-recruitment (3)
3
# Constant fishing mortality (1) or constant Catch (2) projections
1
# Fishing mortality based on SPR (1) or actual rate (2)
1
# Pre-specify the year of recovery (or -1) to ignore
-1
# Fecundity-at-age
# 0 1 2 3 4 5 6 7 8 9 10 11 12 13 14 15 16 17 18 19 20 21 22 23 24 25 26 27 28 29 30 31 32 33 34 35 36 37 38 39 40 41 42 43 44 45 46 47 48 49 50 51 52 53 54 55 56 57 58 59 60 61 62 63 64 65 66 67 68 69 70 71 72 73 74 75 76 77 78 79 80 81 82 83 84 85 86 87 88 89 90 91 92 93 94 95 96 97 98 99 100 #runnumber: 1 yelloweye_data.ss yelloweye_control.ss 6087 1088.92 331.943
 0 0 2.67571e-08 3.45367e-07 3.15476e-06 2.21261e-05 0.00012379 0.000557086 0.00201001 0.00585273 0.0140513 0.0286362 0.0510198 0.0815686 0.119596 0.163672 0.212038 0.262966 0.31498 0.366951 0.418094 0.467914 0.516134 0.562625 0.607351 0.650327 0.691595 0.731204 0.769206 0.805649 0.840576 0.874026 0.906038 0.936647 0.965887 0.993795 1.02041 1.04575 1.06988 1.09282 1.11462 1.13531 1.15494 1.17354 1.19116 1.20784 1.22362 1.23853 1.25262 1.26593 1.27849 1.29034 1.30151 1.31204 1.32197 1.33131 1.34012 1.3484 1.3562 1.36353 1.37043 1.37692 1.38302 1.38875 1.39413 1.39919 1.40395 1.40841 1.4126 1.41654 1.42023 1.42379 1.42713 1.43027 1.43321 1.43597 1.43856 1.44099 1.44326 1.4454 1.44741 1.44929 1.45105 1.4527 1.45425 1.4557 1.45707 1.45835 1.45954 1.46067 1.46172 1.46271 1.46363 1.4645 1.46531 1.46607 1.46679 1.46745 1.46808 1.46867 1.46959 #female fecundity; weighted by N in year Y_init across morphs and areas
# Age specific selectivity and weight adjusted for discard and discard mortality
 #wt and selex for gender,fleet: 1 1 1_CA_TWL
 0.0108079 0.0211574 0.0584851 0.114153 0.187678 0.276238 0.376523 0.485506 0.600692 0.720188 0.84274 0.967732 1.09507 1.22497 1.35768 1.49331 1.63166 1.77223 1.91426 2.05684 2.19898 2.33976 2.47836 2.61408 2.74637 2.8748 2.99907 3.11896 3.23434 3.34514 3.45134 3.55295 3.65001 3.74261 3.83083 3.91479 3.9946 4.07039 4.14229 4.21046 4.27502 4.33613 4.39394 4.44858 4.5002 4.54894 4.59493 4.63832 4.67922 4.71778 4.7541 4.7883 4.8205 4.85081 4.87932 4.90614 4.93137 4.95508 4.97737 4.99831 5.01799 5.03648 5.05384 5.07015 5.08546 5.09983 5.11332 5.12599 5.13787 5.14903 5.15959 5.1696 5.17899 5.18779 5.19605 5.2038 5.21107 5.21788 5.22427 5.23026 5.23588 5.24115 5.24609 5.25072 5.25506 5.25912 5.26294 5.26651 5.26986 5.27301 5.27595 5.27871 5.28129 5.28372 5.28599 5.28812 5.29011 5.29198 5.29374 5.29538 5.29795
 0 0.00138197 0.00487691 0.0151966 0.0381337 0.079688 0.143393 0.22852 0.330016 0.439935 0.549525 0.65115 0.739532 0.81213 0.868799 0.911069 0.941347 0.962266 0.97626 0.98536 0.991128 0.994705 0.99688 0.998181 0.998948 0.999396 0.999654 0.999802 0.999887 0.999935 0.999962 0.999978 0.999987 0.999992 0.999994 0.999996 0.999997 0.999998 0.999998 0.999998 0.999998 0.999998 0.999998 0.999998 0.999998 0.999998 0.999998 0.999998 0.999998 0.999998 0.999998 0.999998 0.999998 0.999998 0.999998 0.999998 0.999998 0.999998 0.999998 0.999997 0.999997 0.999997 0.999997 0.999997 0.999997 0.999997 0.999997 0.999997 0.999997 0.999997 0.999997 0.999997 0.999997 0.999997 0.999997 0.999997 0.999997 0.999997 0.999997 0.999997 0.999997 0.999997 0.999997 0.999997 0.999997 0.999997 0.999997 0.999997 0.999997 0.999997 0.999997 0.999997 0.999997 0.999997 0.999997 0.999997 0.999997 0.999997 0.999997 0.999997 0.999997
 #wt and selex for gender,fleet: 1 3 3_CA_REC
 0.0107534 0.0201691 0.0543978 0.106182 0.175007 0.258551 0.353961 0.458537 0.570003 0.686646 0.807424 0.931941 1.06023 1.19247 1.32865 1.46849 1.61132 1.75624 1.90216 2.048 2.19274 2.33548 2.4755 2.61221 2.74517 2.87404 2.9986 3.11867 3.23416 3.34503 3.45127 3.55291 3.64999 3.7426 3.83082 3.91478 3.99459 4.07038 4.14229 4.21046 4.27502 4.33613 4.39394 4.44858 4.5002 4.54894 4.59493 4.63832 4.67923 4.71778 4.7541 4.7883 4.8205 4.85081 4.87932 4.90614 4.93137 4.95508 4.97737 4.99831 5.01799 5.03648 5.05384 5.07015 5.08546 5.09983 5.11333 5.12599 5.13787 5.14903 5.15959 5.1696 5.17899 5.18779 5.19605 5.2038 5.21107 5.21788 5.22427 5.23026 5.23588 5.24115 5.24609 5.25072 5.25506 5.25912 5.26294 5.26651 5.26987 5.27301 5.27595 5.27871 5.2813 5.28372 5.28599 5.28812 5.29012 5.29198 5.29374 5.29538 5.29795
 0 0.00574481 0.0159599 0.0399307 0.0837152 0.151033 0.240916 0.347615 0.462262 0.575247 0.678376 0.766242 0.836595 0.889867 0.928236 0.954664 0.972156 0.983329 0.990244 0.994405 0.996847 0.99825 0.999041 0.99948 0.99972 0.99985 0.99992 0.999957 0.999977 0.999988 0.999993 0.999996 0.999998 0.999999 0.999999 0.999999 0.999999 0.999999 0.999999 0.999999 0.999999 0.999999 0.999999 0.999999 0.999999 0.999999 0.999999 0.999999 0.999999 0.999999 0.999999 0.999999 0.999999 0.999999 0.999999 0.999999 0.999999 0.999999 0.999999 0.999999 0.999999 0.999999 0.999999 0.999999 0.999999 0.999999 0.999999 0.999999 0.999999 0.999999 0.999999 0.999999 0.999999 0.999999 0.999999 0.999999 0.999999 0.999999 0.999999 0.999999 0.999999 0.999999 0.999999 0.999999 0.999999 0.999999 0.999999 0.999999 0.999999 0.999999 0.999999 0.999999 0.999999 0.999999 0.999999 0.999999 0.999999 0.999999 0.999999 0.999999 0.999999
 #wt and selex for gender,fleet: 1 4 4_ORWA_TWL
 0.0106954 0.019107 0.0498301 0.0978145 0.162888 0.243499 0.33742 0.442299 0.555937 0.676411 0.802146 0.93196 1.06506 1.20098 1.3394 1.48003 1.62247 1.76618 1.91048 2.05461 2.19775 2.33915 2.47809 2.61399 2.74637 2.87483 2.99911 3.119 3.23437 3.34516 3.45135 3.55296 3.65002 3.74262 3.83084 3.91479 3.9946 4.07039 4.14229 4.21046 4.27502 4.33613 4.39394 4.44858 4.5002 4.54894 4.59493 4.63832 4.67922 4.71778 4.7541 4.7883 4.8205 4.85081 4.87932 4.90614 4.93137 4.95508 4.97737 4.99831 5.01799 5.03648 5.05384 5.07015 5.08546 5.09983 5.11332 5.12599 5.13787 5.14903 5.15959 5.1696 5.17899 5.18779 5.19605 5.2038 5.21107 5.21788 5.22427 5.23026 5.23588 5.24115 5.24609 5.25072 5.25506 5.25912 5.26294 5.26651 5.26986 5.27301 5.27595 5.27871 5.28129 5.28372 5.28599 5.28812 5.29011 5.29198 5.29374 5.29538 5.29795
 0 0.0164239 0.0348607 0.0683145 0.11898 0.187162 0.270395 0.363987 0.462089 0.558814 0.64911 0.729301 0.797296 0.852516 0.895595 0.927975 0.951495 0.968052 0.979379 0.986932 0.991852 0.994992 0.99696 0.998173 0.998911 0.999355 0.99962 0.999776 0.999868 0.999922 0.999954 0.999972 0.999983 0.999989 0.999993 0.999995 0.999996 0.999997 0.999998 0.999998 0.999998 0.999998 0.999998 0.999998 0.999998 0.999998 0.999998 0.999998 0.999998 0.999998 0.999998 0.999998 0.999998 0.999998 0.999998 0.999998 0.999998 0.999998 0.999997 0.999997 0.999997 0.999997 0.999997 0.999997 0.999997 0.999997 0.999997 0.999997 0.999997 0.999997 0.999997 0.999997 0.999997 0.999997 0.999997 0.999997 0.999997 0.999997 0.999997 0.999997 0.999997 0.999997 0.999997 0.999997 0.999997 0.999997 0.999997 0.999997 0.999997 0.999997 0.999997 0.999997 0.999997 0.999997 0.999997 0.999997 0.999997 0.999997 0.999997 0.999997 0.999997
 #wt and selex for gender,fleet: 1 5 5_ORWA_NONTWL
 0.0107572 0.0202637 0.0553308 0.10946 0.182814 0.273423 0.378452 0.494968 0.620279 0.752067 0.888404 1.02772 1.16875 1.3105 1.45219 1.59323 1.73322 1.87184 2.00888 2.14418 2.27758 2.40892 2.53801 2.66464 2.78857 2.90958 3.02742 3.14186 3.2527 3.35977 3.46294 3.56213 3.65726 3.74833 3.83535 3.91836 3.99742 4.07263 4.14408 4.21189 4.27618 4.33707 4.3947 4.4492 4.50071 4.54936 4.59529 4.63862 4.67948 4.71799 4.75428 4.78846 4.82064 4.85093 4.87943 4.90624 4.93145 4.95515 4.97743 4.99837 5.01805 5.03653 5.05389 5.07019 5.0855 5.09987 5.11336 5.12602 5.1379 5.14906 5.15962 5.16962 5.17901 5.18782 5.19608 5.20383 5.21109 5.2179 5.22429 5.23029 5.2359 5.24117 5.24611 5.25074 5.25508 5.25915 5.26296 5.26653 5.26989 5.27303 5.27597 5.27873 5.28131 5.28374 5.28601 5.28814 5.29013 5.292 5.29376 5.2954 5.29797
 0 0.000972993 0.0028041 0.00750822 0.0172218 0.0344872 0.0615914 0.0999515 0.149744 0.20986 0.278147 0.351801 0.42779 0.503219 0.575595 0.642973 0.704021 0.757992 0.804653 0.844182 0.877057 0.903941 0.925598 0.942807 0.956318 0.966814 0.974893 0.981064 0.985746 0.989281 0.991938 0.993931 0.995422 0.996538 0.997372 0.997997 0.998466 0.998818 0.999085 0.999286 0.99944 0.999557 0.999647 0.999717 0.999771 0.999814 0.999847 0.999873 0.999895 0.999911 0.999925 0.999936 0.999945 0.999952 0.999959 0.999964 0.999968 0.999972 0.999975 0.999977 0.999979 0.999981 0.999983 0.999984 0.999985 0.999986 0.999987 0.999988 0.999989 0.99999 0.99999 0.99999 0.999991 0.999991 0.999991 0.999991 0.999992 0.999992 0.999992 0.999992 0.999992 0.999992 0.999992 0.999993 0.999993 0.999993 0.999993 0.999993 0.999993 0.999993 0.999993 0.999993 0.999993 0.999993 0.999993 0.999993 0.999993 0.999993 0.999993 0.999994 0.999994
 #wt and selex for gender,fleet: 1 6 6_OR_REC
 0.0112707 0.0283158 0.0786108 0.14649 0.229089 0.320659 0.416744 0.51468 0.613769 0.715055 0.820543 0.932261 1.05158 1.17887 1.31355 1.45427 1.59929 1.74681 1.8952 2.04308 2.18934 2.33316 2.47388 2.61103 2.74425 2.87327 2.99789 3.11799 3.23349 3.34435 3.45058 3.55219 3.64926 3.74185 3.83006 3.914 3.99379 4.06957 4.14146 4.20962 4.27417 4.33527 4.39307 4.4477 4.49931 4.54804 4.59403 4.63741 4.67831 4.71686 4.75318 4.78738 4.81958 4.84988 4.87839 4.90521 4.93043 4.95414 4.97642 4.99737 5.01704 5.03553 5.05289 5.0692 5.0845 5.09888 5.11237 5.12503 5.13692 5.14807 5.15863 5.16863 5.17802 5.18682 5.19508 5.20282 5.21008 5.2169 5.22328 5.22927 5.23489 5.24015 5.24509 5.24972 5.25406 5.25812 5.26193 5.26551 5.26886 5.272 5.27494 5.2777 5.28028 5.28271 5.28498 5.28711 5.2891 5.29097 5.29272 5.29436 5.29693
 0 3.9734e-05 0.00053043 0.00426533 0.0202829 0.0642978 0.149787 0.276279 0.427064 0.578192 0.709905 0.812421 0.885178 0.933024 0.962536 0.979768 0.989355 0.994456 0.997052 0.998304 0.998862 0.999071 0.999109 0.999065 0.998983 0.998884 0.998778 0.99867 0.998563 0.998457 0.998355 0.998255 0.998159 0.998066 0.997977 0.997891 0.997809 0.997731 0.997657 0.997586 0.997518 0.997454 0.997393 0.997335 0.997281 0.997229 0.99718 0.997133 0.99709 0.997048 0.997009 0.996973 0.996938 0.996905 0.996875 0.996846 0.996818 0.996793 0.996769 0.996746 0.996725 0.996704 0.996686 0.996668 0.996651 0.996636 0.996621 0.996607 0.996594 0.996582 0.996571 0.99656 0.996549 0.99654 0.996531 0.996522 0.996514 0.996507 0.9965 0.996493 0.996487 0.996481 0.996476 0.996471 0.996466 0.996461 0.996457 0.996453 0.99645 0.996446 0.996443 0.99644 0.996437 0.996434 0.996432 0.99643 0.996427 0.996425 0.996423 0.996422 0.996419
 #wt and selex for gender,fleet: 1 7 7_WA_REC
 0.0111057 0.0261069 0.074778 0.144117 0.232867 0.335913 0.44838 0.566406 0.687221 0.809017 0.930827 1.05243 1.17417 1.29674 1.42095 1.54743 1.67656 1.80835 1.94245 2.07818 2.21469 2.35103 2.48625 2.61949 2.75 2.87721 3.00064 3.11997 3.23499 3.34556 3.4516 3.55311 3.65012 3.74268 3.83088 3.91482 3.99461 4.0704 4.1423 4.21046 4.27503 4.33614 4.39394 4.44858 4.5002 4.54894 4.59493 4.63832 4.67923 4.71778 4.7541 4.7883 4.8205 4.85081 4.87932 4.90614 4.93137 4.95508 4.97737 4.99831 5.01799 5.03648 5.05384 5.07015 5.08546 5.09983 5.11333 5.12599 5.13787 5.14903 5.15959 5.1696 5.17899 5.18779 5.19605 5.2038 5.21107 5.21788 5.22427 5.23026 5.23588 5.24115 5.24609 5.25072 5.25506 5.25913 5.26294 5.26651 5.26987 5.27301 5.27595 5.27871 5.2813 5.28372 5.28599 5.28812 5.29012 5.29198 5.29374 5.29538 5.29795
 0 1.31018e-05 0.000126576 0.000892769 0.00422129 0.0144094 0.0379429 0.0813484 0.148186 0.237107 0.342016 0.453985 0.563781 0.663932 0.749768 0.81947 0.873471 0.91362 0.942411 0.962411 0.975921 0.984826 0.990572 0.994211 0.99648 0.997876 0.998725 0.999238 0.999545 0.999728 0.999838 0.999902 0.999941 0.999964 0.999978 0.999986 0.999991 0.999994 0.999996 0.999998 0.999998 0.999999 0.999999 0.999999 0.999999 0.999999 0.999999 0.999999 0.999999 0.999999 0.999999 0.999999 0.999999 0.999999 0.999999 0.999999 0.999999 0.999999 0.999999 0.999999 0.999999 0.999999 0.999999 0.999999 0.999999 0.999999 0.999999 0.999999 0.999999 0.999999 0.999999 0.999999 0.999999 0.999999 0.999999 0.999999 0.999999 0.999999 0.999999 0.999999 0.999999 0.999999 0.999999 0.999999 0.999999 0.999999 0.999999 0.999999 0.999999 0.999999 0.999999 0.999999 0.999999 0.999999 0.999999 0.999999 0.999999 0.999999 0.999999 0.999999 0.999999
# Sex ratio correction
1
# M and current age-structure in year Yinit: 2011
 # gender = 1
 0.0439034 0.0439034 0.0439034 0.0439034 0.0439034 0.0439034 0.0439034 0.0439034 0.0439034 0.0439034 0.0439034 0.0439034 0.0439034 0.0439034 0.0439034 0.0439034 0.0439034 0.0439034 0.0439034 0.0439034 0.0439034 0.0439034 0.0439034 0.0439034 0.0439034 0.0439034 0.0439034 0.0439034 0.0439034 0.0439034 0.0439034 0.0439034 0.0439034 0.0439034 0.0439034 0.0439034 0.0439034 0.0439034 0.0439034 0.0439034 0.0439034 0.0439034 0.0439034 0.0439034 0.0439034 0.0439034 0.0439034 0.0439034 0.0439034 0.0439034 0.0439034 0.0439034 0.0439034 0.0439034 0.0439034 0.0439034 0.0439034 0.0439034 0.0439034 0.0439034 0.0439034 0.0439034 0.0439034 0.0439034 0.0439034 0.0439034 0.0439034 0.0439034 0.0439034 0.0439034 0.0439034 0.0439034 0.0439034 0.0439034 0.0439034 0.0439034 0.0439034 0.0439034 0.0439034 0.0439034 0.0439034 0.0439034 0.0439034 0.0439034 0.0439034 0.0439034 0.0439034 0.0439034 0.0439034 0.0439034 0.0439034 0.0439034 0.0439034 0.0439034 0.0439034 0.0439034 0.0439034 0.0439034 0.0439034 0.0439034 0.0439034
 315.387 308.771 248.368 302.708 158.266 109.05 76.5859 56.2632 114.133 195.824 78.8787 56.6762 94.062 53.1443 31.1272 25.1568 25.2819 48.4121 60.0408 25.5019 18.8708 19.3595 20.7754 21.1458 21.267 20.7478 23.5824 28.2347 22.7579 24.2951 16.8856 11.4447 7.9078 6.02882 6.34357 5.85874 5.54241 3.48673 3.20153 3.81003 6.04547 4.06925 3.04531 2.2374 1.69282 1.36881 1.04131 0.842644 0.793309 0.84616 0.948904 1.00918 0.948614 0.822753 0.705452 0.621994 0.57545 0.561819 0.577425 0.620837 0.68778 0.7601 0.79579 0.758367 0.671322 0.581475 0.508337 0.453352 0.412841 0.382238 0.358419 0.339249 0.323407 0.309877 0.297577 0.28556 0.273169 0.260303 0.247276 0.234627 0.222837 0.212199 0.20276 0.194453 0.187077 0.180394 0.174191 0.168287 0.162539 0.156857 0.151186 0.145501 0.139808 0.134153 0.128535 0.122926 0.117482 0.112227 0.107178 0.102347 2.24652
# Age-structure at Ydeclare= 2013
 153.184 134.182 288.872 282.804 227.466 277.191 144.881 99.7759 70.0188 51.3882 104.127 178.453 71.8032 51.542 85.4701 48.2571 28.2494 22.8213 22.9274 43.8931 54.4267 23.1144 17.1025 17.5442 18.8263 19.1611 19.27 18.7987 21.3659 25.5795 20.6163 22.0073 15.2944 10.3654 7.16156 5.45954 5.74421 5.30488 5.01816 3.15675 2.89839 3.44909 5.47247 3.68338 2.7564 2.02505 1.5321 1.23881 0.942379 0.762564 0.717901 0.765713 0.858674 0.913208 0.858391 0.744494 0.638345 0.562823 0.520705 0.508369 0.522488 0.561768 0.622339 0.687776 0.720068 0.686204 0.607441 0.526141 0.459963 0.410209 0.373552 0.345861 0.324308 0.306963 0.292628 0.280385 0.269256 0.258382 0.24717 0.235529 0.223742 0.212296 0.201628 0.192003 0.183463 0.175946 0.169272 0.163226 0.157612 0.152271 0.14707 0.141929 0.136798 0.131653 0.126502 0.121386 0.116302 0.111228 0.106302 0.101547 2.22232
# Year for Tmin Age-structure (set to Ydecl by SS)
2013
#  recruitment and biomass
# Number of historical assessment years
137
# Historical data
# year recruitment spawner in B0 in R project in R/S project
1888  1889 1890 1891 1892 1893 1894 1895 1896 1897 1898 1899 1900 1901 1902 1903 1904 1905 1906 1907 1908 1909 1910 1911 1912 1913 1914 1915 1916 1917 1918 1919 1920 1921 1922 1923 1924 1925 1926 1927 1928 1929 1930 1931 1932 1933 1934 1935 1936 1937 1938 1939 1940 1941 1942 1943 1944 1945 1946 1947 1948 1949 1950 1951 1952 1953 1954 1955 1956 1957 1958 1959 1960 1961 1962 1963 1964 1965 1966 1967 1968 1969 1970 1971 1972 1973 1974 1975 1976 1977 1978 1979 1980 1981 1982 1983 1984 1985 1986 1987 1988 1989 1990 1991 1992 1993 1994 1995 1996 1997 1998 1999 2000 2001 2002 2003 2004 2005 2006 2007 2008 2009 2010 2011 2012 2013 2014 2015 2016 2017 2018 2019 2020 2021 2022 2023 2024 #years (with first value representing R0)
211.007 210.543 210.53 210.517 210.504 210.482 210.461 210.438 210.421 210.405 210.389 210.374 210.354 210.337 210.323 210.299 210.278 210.26 210.248 210.251 210.261 210.273 210.293 210.316 210.336 210.333 210.286 210.154 209.9 209.479 208.658 207.511 206.073 204.308 202.236 199.918 197.437 194.899 192.453 190.251 188.45 187.194 186.56 186.488 186.829 187.269 187.414 186.912 185.639 183.769 181.784 180.247 179.68 180.461 183.022 188.05 196.499 209.687 228.287 250.835 269.638 269.192 244.567 210.445 180.602 159.658 147.609 143.615 147.389 158.631 175.438 191.633 192.91 171.378 144.108 127.097 126.61 146.165 178.69 204.387 248.237 308.171 372.518 496.155 277.696 205.245 194.742 267.18 241.57 221.787 177.265 194.063 232.864 283.338 334.915 257.276 262.053 180.333 131.656 113.075 95.3458 80.5404 65.5213 56.623 68.8961 148.18 110.552 53.9566 50.5648 59.22 96.0292 161.743 92.8674 123.272 292.115 162.625 76.6244 99.7418 135.863 188.671 345.336 271.164 322.629 315.387 140.204 153.184 170.002 194.291 178.313 158.559 154.501 141.737 141.067 151.757 161.278 166.629 169.864  #recruits; first value is R0 (virgin)
1088.92  1088.92 1088.91 1088.9 1088.87 1088.41 1087.95 1087.48 1087.33 1087.25 1087.17 1087.09 1086.99 1086.87 1086.72 1086.56 1086.38 1086.16 1085.93 1085.69 1085.42 1085.01 1084.7 1084.37 1084.03 1083.66 1083.28 1082.89 1082.4 1081.97 1081.37 1078.7 1077.61 1076.63 1075.71 1075.06 1074.33 1073.05 1071.4 1068.94 1065.74 1062.63 1059.98 1056.96 1054.96 1053.1 1051.22 1048.77 1046.27 1042.77 1039.51 1035.92 1032.94 1028.79 1023.13 1017.12 1006.62 995.501 979.202 964.225 957.091 949.049 942.869 936.092 927.827 920.766 915.63 909.455 903.789 898.182 891.541 885.624 880.816 877.179 875.413 872.998 872.186 872.742 863.776 861.923 858.444 854.766 842.16 834.241 823.207 809.019 793.433 776.049 759.004 739.194 719.711 687.835 654.185 629.128 596.537 542.081 495.612 469.003 432.98 404.101 376.876 353.441 323.669 302.202 266.794 234.819 204.242 187.579 170.667 152.165 130.879 123.466 111.931 112.24 112.094 117.096 122.383 127.945 133.548 139.518 145.112 151.215 157.435 164.536 172.054 179.931 188.635 198.16 208.002 218.837 229.529 241.359 253.919 268.278 283.648 298.776 314.005 #spbio; first value is SSB_virgin (virgin)
1 0 0 0 0 0 0 0 0 0 0 0 0 0 0 0 0 0 0 0 0 0 0 0 0 0 0 0 0 0 0 0 0 0 0 0 0 0 0 0 0 0 0 0 0 0 0 0 0 0 0 0 0 0 0 0 0 0 0 0 0 0 0 0 0 0 0 0 0 0 0 0 0 0 0 0 0 0 0 0 0 0 0 0 0 0 0 0 0 0 0 0 0 0 0 0 0 0 0 0 0 0 0 0 0 0 0 0 0 0 0 0 0 0 0 0 0 0 0 0 0 0 0 0 0 0 0 0 0 0 0 0 0 0 0 0 0  # in Bzero
0 1 1 1 1 1 1 1 1 1 1 1 1 1 1 1 1 1 1 1 1 1 1 1 1 1 1 1 1 1 1 1 1 1 1 1 1 1 1 1 1 1 1 1 1 1 1 1 1 1 1 1 1 1 1 1 1 1 1 1 1 1 1 1 1 1 1 1 1 1 1 1 1 1 1 1 1 1 1 1 1 1 1 1 1 1 1 1 1 1 1 1 1 1 1 1 1 1 1 1 1 1 1 1 1 1 1 1 1 1 1 1 1 1 1 1 1 1 1 1 1 1 1 1 1 1 1 1 1 1 1 1 1 1  0 0 0 # in R project
0 1 1 1 1 1 1 1 1 1 1 1 1 1 1 1 1 1 1 1 1 1 1 1 1 1 1 1 1 1 1 1 1 1 1 1 1 1 1 1 1 1 1 1 1 1 1 1 1 1 1 1 1 1 1 1 1 1 1 1 1 1 1 1 1 1 1 1 1 1 1 1 1 1 1 1 1 1 1 1 1 1 1 1 1 1 1 1 1 1 1 1 1 1 1 1 1 1 1 1 1 1 1 1 1 1 1 1 1 1 1 1 1 1 1 1 1 1 1 1 1 1 1 1 1 1 1 1 1 1 1 1 1 1  0 0 0 # in R/S project
# Number of years with pre-specified catches
0
# catches for years with pre-specified catches go next
# Number of future recruitments to override
-2
# Process for overiding (-1 for average otherwise index in data list)
# Which probability to product detailed results for (1=0.5; 2=0.6; etc.)
3
# Steepness sigma-R Auto-correlation
0.718 0.5 0
# Target SPR rate (FMSY Proxy); manually change to SPR_MSY if not using SPR_target
0.5
# Discount rate (for cumulative catch)
0.1
# Truncate the series when 0.4B0 is reached (1=Yes)
0
# Set F to FMSY once 0.4B0 is reached (1=Yes)
0
# Maximum possible F for projection (-1 to set to FMSY)
-1
# Defintion of recovery (1=now only;2=now or before)
2
# Projection type
4
# Definition of the 40-10 rule
10 40
# Sigma Assessment Error (Base, Year1, Slope, MaxSigma)
1.0 2025 0.075 2.0
# Pstar
0.45
# Constrain catches by the ABC (1=yes, 2=no)
2
# Implementation Error (0=no; 1=lognormal; 2=uniform)
0
#Parameters of Implementaion Error
1 0.3
# Calculate coefficients of variation (1=Yes)
0
# Number of replicates to use
10
# Random number seed
-99004
# File with multiple parameter vectors 
rebuild.SSO
# User-specific projection (1=Yes); Output replaced (1->9)
0  5
# Catches and Fs (Year; 1/2/3 (F or C or SPR); value); Final row is -1
2024 1 1
-1 -1 -1
# Fixed catch project (1=Yes); Output replaced (1->9); Approach (-1=Read in else 1-9)
0 2 -1
# (48a) Special catch options (1-Yes) [CUT_OFF, Emsy, distribution, MAXCAT, Add, replace_code]
0 0.18 1.00 1.00 0 6
# (48b) B1Target
150000
# Split of Fs
2011  0.0162157
 0
 0.384399
 0.0238301
 0.19352
 0.195263
 0.186772
-1  1 1 1 1 1 1 1 1 1 1 1 1
# Yrs to define T_target for projection type 4 (a.k.a. 5 pre-specified inputs)
2030 2031 2032 2033 2034 
# Year for probability of recovery
2034 2035 2036 2037 2038 2039 2040 2041
# Time varying weight-at-age (1=Yes;0=No)
0
# File with time series of weight-at-age data
none
# Use bisection (0) or linear interpolation (1)
1
# Target Depletion
0.4
# CV of implementation error
0
