#Title, #runnumber: 1 yelloweye_data.ss yelloweye_control.ss 7253 1089.91 376.933 StartTime: Wed Apr 23 17:17:21 2025
SSv3_default_rebuild.dat
# Number of sexes
1
# Age range to consider (minimum age; maximum age)
0 100
# Number of fleets
7
# First year of projection (Yinit)
2011
# First Year of rebuilding period (Ydecl)
2013
# Number of simulations
1000
# Maximum number of years
500
# Conduct projections with multiple starting values (0=No;else yes)
0
# Number of parameter vectors
1000
# Is the maximum age a plus-group (1=Yes;2=No)
1
# Generate future recruitments using historical recruitments (1)  historical recruits/spawner (2)  or a stock-recruitment (3)
3
# Constant fishing mortality (1) or constant Catch (2) projections
1
# Fishing mortality based on SPR (1) or actual rate (2)
1
# Pre-specify the year of recovery (or -1) to ignore
-1
# Fecundity-at-age
# 0 1 2 3 4 5 6 7 8 9 10 11 12 13 14 15 16 17 18 19 20 21 22 23 24 25 26 27 28 29 30 31 32 33 34 35 36 37 38 39 40 41 42 43 44 45 46 47 48 49 50 51 52 53 54 55 56 57 58 59 60 61 62 63 64 65 66 67 68 69 70 71 72 73 74 75 76 77 78 79 80 81 82 83 84 85 86 87 88 89 90 91 92 93 94 95 96 97 98 99 100 #runnumber: 1 yelloweye_data.ss yelloweye_control.ss 7253 1089.91 376.933
 0 0 2.62362e-09 5.5244e-08 7.09688e-07 6.41232e-06 4.43433e-05 0.000244813 0.00109218 0.00391403 0.0112482 0.0263287 0.051656 0.0877659 0.133126 0.184979 0.240374 0.296855 0.352703 0.406885 0.458878 0.508481 0.555674 0.600525 0.643131 0.683596 0.722014 0.758471 0.793044 0.825802 0.85681 0.886131 0.913827 0.939958 0.964586 0.987773 1.00958 1.03007 1.0493 1.06733 1.08423 1.10006 1.11486 1.1287 1.14164 1.15371 1.16499 1.1755 1.1853 1.19444 1.20295 1.21087 1.21825 1.22512 1.2315 1.23744 1.24296 1.2481 1.25287 1.2573 1.26142 1.26524 1.26879 1.27209 1.27515 1.27799 1.28063 1.28308 1.28535 1.28746 1.28941 1.29125 1.29296 1.29455 1.29602 1.29739 1.29865 1.29982 1.30091 1.30192 1.30286 1.30372 1.30453 1.30527 1.30596 1.3066 1.3072 1.30775 1.30826 1.30873 1.30917 1.30958 1.30995 1.3103 1.31063 1.31093 1.3112 1.31146 1.3117 1.31192 1.31224 #female fecundity; weighted by N in year Y_init across morphs and areas
# Age specific selectivity and weight adjusted for discard and discard mortality
 #wt and selex for gender,fleet: 1 1 1_CA_TWL
 0.00896707 0.0090772 0.0272808 0.0684882 0.130605 0.212789 0.312238 0.425619 0.549658 0.681421 0.818452 0.958938 1.10186 1.2469 1.39404 1.54311 1.69356 1.84445 1.99461 2.14287 2.28815 2.42956 2.56644 2.6983 2.82481 2.94577 3.06108 3.17074 3.27476 3.37326 3.46635 3.55419 3.63695 3.71482 3.788 3.8567 3.92113 3.98149 4.038 4.09086 4.14026 4.18641 4.22949 4.26969 4.30717 4.3421 4.37465 4.40497 4.43319 4.45945 4.48388 4.50661 4.52774 4.54738 4.56563 4.58259 4.59835 4.61298 4.62657 4.63919 4.6509 4.66178 4.67187 4.68124 4.68993 4.69799 4.70547 4.71241 4.71885 4.72482 4.73039 4.73559 4.74042 4.74489 4.74903 4.75288 4.75644 4.75975 4.76281 4.76566 4.76829 4.77073 4.77299 4.77509 4.77704 4.77884 4.78051 4.78206 4.7835 4.78483 4.78606 4.7872 4.78826 4.78924 4.79016 4.791 4.79178 4.7925 4.79318 4.7938 4.7947
 0 0.00108926 0.00241327 0.0091764 0.0273811 0.0652998 0.129571 0.221407 0.33524 0.460373 0.58434 0.696246 0.789029 0.860209 0.911151 0.945482 0.967483 0.981021 0.989092 0.993791 0.996481 0.998006 0.998866 0.99935 0.999624 0.999779 0.999868 0.99992 0.999951 0.999969 0.99998 0.999986 0.99999 0.999993 0.999995 0.999996 0.999996 0.999997 0.999997 0.999997 0.999997 0.999997 0.999997 0.999997 0.999997 0.999997 0.999997 0.999997 0.999997 0.999997 0.999997 0.999997 0.999997 0.999997 0.999997 0.999997 0.999997 0.999997 0.999997 0.999997 0.999997 0.999997 0.999997 0.999997 0.999997 0.999997 0.999997 0.999997 0.999997 0.999997 0.999997 0.999997 0.999997 0.999997 0.999997 0.999997 0.999997 0.999997 0.999997 0.999997 0.999997 0.999997 0.999997 0.999997 0.999997 0.999997 0.999997 0.999997 0.999997 0.999997 0.999997 0.999997 0.999997 0.999997 0.999997 0.999997 0.999997 0.999997 0.999997 0.999997 0.999997
 #wt and selex for gender,fleet: 1 3 3_CA_REC
 0.00896707 0.00907714 0.0264193 0.0659424 0.125626 0.204697 0.300606 0.410272 0.530628 0.658928 0.793017 0.931628 1.07435 1.22111 1.37156 1.52482 1.67956 1.83428 1.98754 2.13811 2.28502 2.42755 2.56516 2.69749 2.82429 2.94544 3.06088 3.1706 3.27468 3.3732 3.46631 3.55416 3.63693 3.71481 3.788 3.8567 3.92113 3.98149 4.038 4.09085 4.14026 4.18641 4.22949 4.26969 4.30717 4.34211 4.37465 4.40497 4.43319 4.45945 4.48388 4.50661 4.52774 4.54738 4.56563 4.58259 4.59835 4.61298 4.62657 4.63919 4.65091 4.66178 4.67187 4.68124 4.68993 4.69799 4.70547 4.71241 4.71885 4.72482 4.73039 4.73559 4.74042 4.74489 4.74904 4.75288 4.75645 4.75975 4.76282 4.76566 4.76829 4.77073 4.773 4.77509 4.77704 4.77884 4.78051 4.78206 4.7835 4.78483 4.78606 4.7872 4.78826 4.78925 4.79016 4.791 4.79178 4.79251 4.79318 4.7938 4.79471
 0 0.00396834 0.00810748 0.0251781 0.0630605 0.129733 0.227226 0.349329 0.483415 0.614677 0.730408 0.822898 0.890319 0.935537 0.963748 0.980322 0.989602 0.994609 0.997238 0.998593 0.999283 0.999633 0.999811 0.999901 0.999948 0.999972 0.999984 0.999991 0.999995 0.999997 0.999998 0.999999 0.999999 0.999999 0.999999 0.999999 0.999999 0.999999 0.999999 0.999999 0.999999 0.999999 0.999999 0.999999 0.999999 0.999999 0.999999 0.999999 0.999999 0.999999 0.999999 0.999999 0.999999 0.999999 0.999999 0.999999 0.999999 0.999999 0.999999 0.999999 0.999999 0.999999 0.999999 0.999999 0.999999 0.999999 0.999999 0.999999 0.999999 0.999999 0.999999 0.999999 0.999999 0.999999 0.999999 0.999999 0.999999 0.999999 0.999999 0.999999 0.999999 0.999999 0.999999 0.999999 0.999999 0.999999 0.999999 0.999999 0.999999 0.999999 0.999999 0.999999 0.999999 0.999999 0.999999 0.999999 0.999999 0.999999 0.999999 0.999999 0.999999
 #wt and selex for gender,fleet: 1 4 4_ORWA_TWL
 0.00896707 0.00907704 0.0250611 0.062108 0.118915 0.19514 0.288884 0.397565 0.518407 0.648732 0.786134 0.928663 1.07497 1.22424 1.3759 1.52927 1.68346 1.83736 1.98979 2.13968 2.28607 2.42823 2.5656 2.69777 2.82447 2.94555 3.06095 3.17065 3.27471 3.37322 3.46632 3.55417 3.63694 3.71481 3.788 3.8567 3.92113 3.98149 4.038 4.09085 4.14026 4.18641 4.22949 4.26968 4.30717 4.3421 4.37465 4.40497 4.43319 4.45945 4.48388 4.50661 4.52774 4.54738 4.56563 4.58259 4.59835 4.61298 4.62657 4.63919 4.6509 4.66178 4.67187 4.68124 4.68993 4.69799 4.70547 4.71241 4.71885 4.72482 4.73039 4.73559 4.74042 4.74489 4.74903 4.75288 4.75644 4.75975 4.76281 4.76566 4.76829 4.77073 4.77299 4.77509 4.77704 4.77884 4.78051 4.78206 4.7835 4.78483 4.78606 4.7872 4.78826 4.78924 4.79015 4.791 4.79178 4.7925 4.79318 4.7938 4.7947
 0 0.0139836 0.0252042 0.0568532 0.110461 0.187876 0.286231 0.398378 0.514935 0.626616 0.725978 0.80836 0.872135 0.918358 0.949872 0.970227 0.982782 0.990242 0.994547 0.996978 0.998331 0.999077 0.999487 0.999712 0.999837 0.999906 0.999945 0.999967 0.999979 0.999987 0.999991 0.999994 0.999995 0.999996 0.999997 0.999997 0.999997 0.999997 0.999998 0.999998 0.999998 0.999998 0.999998 0.999998 0.999997 0.999997 0.999997 0.999997 0.999997 0.999997 0.999997 0.999997 0.999997 0.999997 0.999997 0.999997 0.999997 0.999997 0.999997 0.999997 0.999997 0.999997 0.999997 0.999997 0.999997 0.999997 0.999997 0.999997 0.999997 0.999997 0.999997 0.999997 0.999997 0.999997 0.999997 0.999997 0.999997 0.999997 0.999997 0.999997 0.999997 0.999997 0.999997 0.999997 0.999997 0.999997 0.999997 0.999997 0.999997 0.999997 0.999997 0.999997 0.999997 0.999997 0.999997 0.999997 0.999997 0.999997 0.999997 0.999997 0.999997
 #wt and selex for gender,fleet: 1 5 5_ORWA_NONTWL
 0.00896707 0.00907715 0.0266522 0.0671293 0.129048 0.212128 0.314067 0.431804 0.562112 0.701931 0.848518 0.999503 1.15288 1.307 1.46056 1.61257 1.76237 1.90953 2.05377 2.19486 2.33259 2.46672 2.59696 2.72303 2.84465 2.96159 3.07365 3.18069 3.28266 3.37954 3.47136 3.55821 3.64019 3.71746 3.79016 3.85848 3.92261 3.98273 4.03905 4.09175 4.14102 4.18707 4.23007 4.27019 4.30762 4.34251 4.37501 4.40529 4.43348 4.45972 4.48413 4.50684 4.52795 4.54758 4.56582 4.58277 4.59851 4.61314 4.62672 4.63933 4.65104 4.66191 4.672 4.68136 4.69005 4.69811 4.70559 4.71252 4.71896 4.72493 4.7305 4.7357 4.74052 4.74499 4.74913 4.75298 4.75654 4.75985 4.76291 4.76575 4.76838 4.77083 4.77309 4.77519 4.77713 4.77893 4.7806 4.78215 4.78359 4.78492 4.78615 4.78729 4.78835 4.78934 4.79024 4.79109 4.79187 4.79259 4.79327 4.79389 4.79479
 0 0.000657102 0.00136907 0.00457259 0.0126506 0.0292567 0.0582248 0.102284 0.162067 0.235818 0.319828 0.409294 0.499252 0.585315 0.66412 0.733511 0.792502 0.841095 0.880021 0.910454 0.933761 0.951309 0.964344 0.973928 0.980922 0.986003 0.989687 0.992357 0.994296 0.995709 0.996743 0.997505 0.998069 0.99849 0.998807 0.999047 0.999231 0.999373 0.999483 0.999569 0.999638 0.999692 0.999736 0.999772 0.999801 0.999825 0.999845 0.999861 0.999875 0.999887 0.999897 0.999906 0.999913 0.999919 0.999925 0.999929 0.999934 0.999937 0.999941 0.999943 0.999946 0.999948 0.99995 0.999952 0.999954 0.999955 0.999956 0.999958 0.999959 0.99996 0.99996 0.999961 0.999962 0.999962 0.999963 0.999963 0.999963 0.999964 0.999964 0.999964 0.999965 0.999965 0.999965 0.999965 0.999965 0.999966 0.999966 0.999966 0.999966 0.999966 0.999966 0.999966 0.999967 0.999967 0.999967 0.999967 0.999967 0.999967 0.999967 0.999967 0.999967
 #wt and selex for gender,fleet: 1 6 6_OR_REC
 0.00896707 0.00907799 0.0343602 0.0843844 0.155272 0.24287 0.341856 0.447737 0.557652 0.671367 0.791099 0.919503 1.05768 1.2046 1.35788 1.51473 1.67269 1.82983 1.98473 2.13632 2.28384 2.4267 2.56449 2.6969 2.82374 2.94489 3.06031 3.17001 3.27406 3.37256 3.46564 3.55347 3.63621 3.71407 3.78723 3.85591 3.92032 3.98067 4.03716 4.09 4.13939 4.18552 4.22859 4.26878 4.30625 4.34118 4.37372 4.40402 4.43223 4.45849 4.48291 4.50563 4.52675 4.54639 4.56464 4.58159 4.59735 4.61198 4.62556 4.63818 4.64989 4.66076 4.67085 4.68021 4.6889 4.69696 4.70444 4.71138 4.71782 4.72378 4.72935 4.73455 4.73937 4.74384 4.74799 4.75183 4.75539 4.7587 4.76176 4.7646 4.76723 4.76967 4.77194 4.77403 4.77598 4.77778 4.77945 4.781 4.78243 4.78376 4.78499 4.78614 4.7872 4.78818 4.78909 4.78993 4.79071 4.79144 4.79211 4.79273 4.79364
 0 1.84482e-05 8.84982e-05 0.001355 0.0105699 0.0474145 0.138869 0.293895 0.48633 0.67035 0.811812 0.902835 0.953729 0.979266 0.991062 0.996167 0.998249 0.999033 0.999277 0.999301 0.999237 0.999136 0.999021 0.998902 0.998783 0.998666 0.998552 0.998441 0.998335 0.998233 0.998136 0.998043 0.997955 0.997872 0.997793 0.997719 0.997649 0.997584 0.997522 0.997464 0.99741 0.997359 0.997311 0.997267 0.997225 0.997186 0.99715 0.997116 0.997085 0.997055 0.997028 0.997003 0.996979 0.996957 0.996936 0.996917 0.9969 0.996883 0.996868 0.996854 0.996841 0.996828 0.996817 0.996806 0.996797 0.996788 0.996779 0.996771 0.996764 0.996757 0.996751 0.996745 0.99674 0.996735 0.99673 0.996726 0.996722 0.996718 0.996714 0.996711 0.996708 0.996705 0.996703 0.9967 0.996698 0.996696 0.996694 0.996693 0.996691 0.996689 0.996688 0.996687 0.996686 0.996684 0.996683 0.996682 0.996682 0.996681 0.99668 0.996679 0.996678
 #wt and selex for gender,fleet: 1 7 7_WA_REC
 0.00896707 0.00907791 0.0340088 0.085218 0.160118 0.255549 0.366404 0.487786 0.61563 0.74684 0.879338 1.01223 1.14581 1.28115 1.41936 1.56093 1.70555 1.85221 1.99947 2.14582 2.28991 2.4306 2.56704 2.69865 2.82501 2.94589 3.06115 3.17078 3.27479 3.37327 3.46636 3.55419 3.63695 3.71482 3.78801 3.85671 3.92113 3.98149 4.038 4.09086 4.14026 4.18641 4.22949 4.26969 4.30717 4.34211 4.37466 4.40497 4.43319 4.45945 4.48388 4.50661 4.52774 4.54738 4.56563 4.58259 4.59835 4.61298 4.62657 4.63919 4.65091 4.66178 4.67187 4.68124 4.68993 4.69799 4.70547 4.71241 4.71885 4.72482 4.73039 4.73559 4.74042 4.74489 4.74904 4.75288 4.75645 4.75975 4.76282 4.76566 4.76829 4.77073 4.773 4.77509 4.77704 4.77884 4.78051 4.78206 4.7835 4.78483 4.78606 4.7872 4.78826 4.78925 4.79016 4.791 4.79178 4.79251 4.79318 4.7938 4.79471
 0 2.38378e-06 1.07962e-05 0.00016413 0.00142196 0.0076024 0.0276412 0.0741371 0.156573 0.274083 0.414002 0.557194 0.686001 0.789841 0.866207 0.918288 0.951713 0.972168 0.984239 0.991173 0.995084 0.997263 0.998471 0.99914 0.999511 0.999718 0.999835 0.999902 0.999941 0.999963 0.999977 0.999985 0.99999 0.999993 0.999995 0.999997 0.999998 0.999998 0.999999 0.999999 0.999999 0.999999 0.999999 0.999999 0.999999 0.999999 0.999999 0.999999 0.999999 0.999999 0.999999 0.999999 0.999999 0.999999 0.999999 0.999999 0.999999 0.999999 0.999999 0.999999 0.999999 0.999999 0.999999 0.999999 0.999999 0.999999 0.999999 0.999999 0.999999 0.999999 0.999999 0.999999 0.999999 0.999999 0.999999 0.999999 0.999999 0.999999 0.999999 0.999999 0.999999 0.999999 0.999999 0.999999 0.999999 0.999999 0.999999 0.999999 0.999999 0.999999 0.999999 0.999999 0.999999 0.999999 0.999999 0.999999 0.999999 0.999999 0.999999 0.999999 0.999999
# Sex ratio correction
1
# M and current age-structure in year Yinit: 2011
 # gender = 1
 0.0439034 0.0439034 0.0439034 0.0439034 0.0439034 0.0439034 0.0439034 0.0439034 0.0439034 0.0439034 0.0439034 0.0439034 0.0439034 0.0439034 0.0439034 0.0439034 0.0439034 0.0439034 0.0439034 0.0439034 0.0439034 0.0439034 0.0439034 0.0439034 0.0439034 0.0439034 0.0439034 0.0439034 0.0439034 0.0439034 0.0439034 0.0439034 0.0439034 0.0439034 0.0439034 0.0439034 0.0439034 0.0439034 0.0439034 0.0439034 0.0439034 0.0439034 0.0439034 0.0439034 0.0439034 0.0439034 0.0439034 0.0439034 0.0439034 0.0439034 0.0439034 0.0439034 0.0439034 0.0439034 0.0439034 0.0439034 0.0439034 0.0439034 0.0439034 0.0439034 0.0439034 0.0439034 0.0439034 0.0439034 0.0439034 0.0439034 0.0439034 0.0439034 0.0439034 0.0439034 0.0439034 0.0439034 0.0439034 0.0439034 0.0439034 0.0439034 0.0439034 0.0439034 0.0439034 0.0439034 0.0439034 0.0439034 0.0439034 0.0439034 0.0439034 0.0439034 0.0439034 0.0439034 0.0439034 0.0439034 0.0439034 0.0439034 0.0439034 0.0439034 0.0439034 0.0439034 0.0439034 0.0439034 0.0439034 0.0439034 0.0439034
 222.23 275.189 284.016 328.035 192.641 177.927 100.729 62.975 89.7583 206.475 60.1167 47.9705 84.5929 53.5182 33.24 26.4193 26.3588 51.484 55.3875 26.9579 21.6666 21.7178 21.0887 21.4629 24.5048 27.1296 33.3174 32.2816 20.0021 21.8287 18.6281 14.8165 10.7065 7.14126 8.23161 7.43472 7.65034 4.74206 3.85819 4.54954 7.18951 4.42764 3.30975 2.79572 2.16733 1.82453 1.43958 1.1725 1.09829 1.1577 1.26722 1.28737 1.1606 1.00324 0.884746 0.809682 0.772867 0.770741 0.80269 0.871226 0.975691 1.09584 1.16694 1.11512 0.975959 0.834923 0.724219 0.643648 0.585783 0.543019 0.510404 0.484683 0.463859 0.446454 0.431035 0.416394 0.401644 0.386496 0.3711 0.355934 0.341497 0.328167 0.31604 0.305074 0.295046 0.285618 0.276326 0.26717 0.257978 0.248669 0.239227 0.229676 0.220084 0.210571 0.201157 0.19197 0.183086 0.174551 0.166391 0.15862 3.40506
# Age-structure at Ydeclare= 2013
 453.197 194.312 203.547 252.051 260.127 300.414 176.381 162.835 92.1167 57.5329 81.9075 188.201 54.7408 43.6451 76.9179 48.6413 30.202 24.0001 23.9421 46.7601 50.3032 24.4825 19.6768 19.723 19.1515 19.4911 22.2532 24.6364 30.2549 29.3135 18.1625 19.8204 16.9137 13.4525 9.72051 6.48343 7.47314 6.74951 6.9451 4.30482 3.50238 4.12988 6.5262 4.01907 3.00428 2.53766 1.96725 1.65607 1.30665 1.06422 0.996858 1.05078 1.15018 1.16846 1.0534 0.910576 0.803021 0.73489 0.701475 0.699544 0.728542 0.790746 0.88556 0.99461 1.05914 1.01211 0.885801 0.757792 0.657315 0.584187 0.531667 0.492854 0.463252 0.439907 0.421006 0.405209 0.391214 0.377926 0.364538 0.35079 0.336817 0.323052 0.309948 0.29785 0.286843 0.27689 0.267788 0.259232 0.250798 0.242488 0.234145 0.225696 0.217127 0.208458 0.199752 0.191118 0.182574 0.174235 0.166172 0.158426 3.38549
# Year for Tmin Age-structure (set to Ydecl by SS)
2013
#  recruitment and biomass
# Number of historical assessment years
137
# Historical data
# year recruitment spawner in B0 in R project in R/S project
1888  1889 1890 1891 1892 1893 1894 1895 1896 1897 1898 1899 1900 1901 1902 1903 1904 1905 1906 1907 1908 1909 1910 1911 1912 1913 1914 1915 1916 1917 1918 1919 1920 1921 1922 1923 1924 1925 1926 1927 1928 1929 1930 1931 1932 1933 1934 1935 1936 1937 1938 1939 1940 1941 1942 1943 1944 1945 1946 1947 1948 1949 1950 1951 1952 1953 1954 1955 1956 1957 1958 1959 1960 1961 1962 1963 1964 1965 1966 1967 1968 1969 1970 1971 1972 1973 1974 1975 1976 1977 1978 1979 1980 1981 1982 1983 1984 1985 1986 1987 1988 1989 1990 1991 1992 1993 1994 1995 1996 1997 1998 1999 2000 2001 2002 2003 2004 2005 2006 2007 2008 2009 2010 2011 2012 2013 2014 2015 2016 2017 2018 2019 2020 2021 2022 2023 2024 #years (with first value representing R0)
215.199 218.945 219.077 219.214 219.356 219.495 219.64 219.789 219.951 220.121 220.298 220.483 220.677 220.881 221.094 221.315 221.55 221.801 222.068 222.361 222.678 223.019 223.386 223.774 224.179 224.584 224.967 225.286 225.494 225.532 225.323 224.754 223.837 222.495 220.706 218.494 215.908 213.042 210.043 206.911 203.962 201.369 199.202 197.403 195.841 194.256 192.377 190.007 187.148 184.012 181.027 178.672 177.414 177.628 179.767 184.557 193.062 206.846 227.085 252.768 274.981 273.928 244.821 207.414 176.195 154.411 141.003 134.441 133.89 139.033 149.763 164.497 173.127 161.561 139.766 125.371 126.3 145.918 173.449 192.418 230.618 252.096 309.224 456.804 260.858 198.031 216.201 307.507 261.494 251.355 187.693 240.002 280.676 295.653 288.056 218.288 290.706 247.899 167.718 126.971 94.2882 79.6207 71.5908 63.3948 71.1957 134.117 115.841 55.6589 52.7207 62.9417 96.4061 145.155 78.4849 93.8434 307.733 127.809 85.7257 131.148 221.644 229.637 374.223 310.083 287.539 222.23 203.033 453.197 221.374 294.752 209.629 105.944 102.677 108.197 107.695 143.285 160.566 165.51 178.827  #recruits; first value is R0 (virgin)
1089.91  1089.91 1089.9 1089.89 1089.86 1089.39 1088.93 1088.47 1088.32 1088.24 1088.16 1088.1 1088.03 1087.98 1087.95 1087.94 1087.97 1088.03 1088.12 1088.25 1088.41 1088.47 1088.67 1088.89 1089.12 1089.37 1089.64 1089.91 1090.12 1090.42 1090.57 1088.68 1088.38 1088.22 1088.15 1088.38 1088.55 1088.19 1087.5 1086.02 1083.85 1081.79 1080.21 1078.31 1077.45 1076.76 1076.07 1074.84 1073.56 1071.27 1069.2 1066.76 1064.87 1061.74 1057 1051.81 1041.99 1031.4 1015.47 1000.67 993.532 985.529 979.113 971.809 962.823 954.967 948.817 941.566 934.677 927.815 919.939 912.951 907.243 902.892 900.52 897.531 896.147 895.887 885.722 882.505 877.29 871.461 856.814 846.874 833.603 817.023 799.423 779.819 760.374 738.083 716.055 681.449 645.194 617.744 582.901 528.234 499.703 478.127 451.349 429.25 401.98 378.24 348.928 328.178 292.194 259.945 229.029 212.125 195.611 177.462 156.325 148.872 137.383 138.751 139.026 144.687 150.383 156.405 162.412 168.813 174.63 180.865 186.95 193.594 200.65 208.072 216.465 225.659 235.45 246.326 257.348 270.002 283.932 300.195 317.969 336.008 354.76 #spbio; first value is SSB_virgin (virgin)
1 0 0 0 0 0 0 0 0 0 0 0 0 0 0 0 0 0 0 0 0 0 0 0 0 0 0 0 0 0 0 0 0 0 0 0 0 0 0 0 0 0 0 0 0 0 0 0 0 0 0 0 0 0 0 0 0 0 0 0 0 0 0 0 0 0 0 0 0 0 0 0 0 0 0 0 0 0 0 0 0 0 0 0 0 0 0 0 0 0 0 0 0 0 0 0 0 0 0 0 0 0 0 0 0 0 0 0 0 0 0 0 0 0 0 0 0 0 0 0 0 0 0 0 0 0 0 0 0 0 0 0 0 0 0 0 0  # in Bzero
0 1 1 1 1 1 1 1 1 1 1 1 1 1 1 1 1 1 1 1 1 1 1 1 1 1 1 1 1 1 1 1 1 1 1 1 1 1 1 1 1 1 1 1 1 1 1 1 1 1 1 1 1 1 1 1 1 1 1 1 1 1 1 1 1 1 1 1 1 1 1 1 1 1 1 1 1 1 1 1 1 1 1 1 1 1 1 1 1 1 1 1 1 1 1 1 1 1 1 1 1 1 1 1 1 1 1 1 1 1 1 1 1 1 1 1 1 1 1 1 1 1 1 1 1 1 1 1 1 1 1 1 1 1  0 0 0 # in R project
0 1 1 1 1 1 1 1 1 1 1 1 1 1 1 1 1 1 1 1 1 1 1 1 1 1 1 1 1 1 1 1 1 1 1 1 1 1 1 1 1 1 1 1 1 1 1 1 1 1 1 1 1 1 1 1 1 1 1 1 1 1 1 1 1 1 1 1 1 1 1 1 1 1 1 1 1 1 1 1 1 1 1 1 1 1 1 1 1 1 1 1 1 1 1 1 1 1 1 1 1 1 1 1 1 1 1 1 1 1 1 1 1 1 1 1 1 1 1 1 1 1 1 1 1 1 1 1 1 1 1 1 1 1  0 0 0 # in R/S project
# Number of years with pre-specified catches
0
# catches for years with pre-specified catches go next
# Number of future recruitments to override
-2
# Process for overiding (-1 for average otherwise index in data list)
# Which probability to product detailed results for (1=0.5; 2=0.6; etc.)
3
# Steepness sigma-R Auto-correlation
0.718 0.5 0
# Target SPR rate (FMSY Proxy); manually change to SPR_MSY if not using SPR_target
0.5
# Discount rate (for cumulative catch)
0.1
# Truncate the series when 0.4B0 is reached (1=Yes)
0
# Set F to FMSY once 0.4B0 is reached (1=Yes)
0
# Maximum possible F for projection (-1 to set to FMSY)
-1
# Defintion of recovery (1=now only;2=now or before)
2
# Projection type
4
# Definition of the 40-10 rule
10 40
# Sigma Assessment Error (Base, Year1, Slope, MaxSigma)
1.0 2025 0.075 2.0
# Pstar
0.45
# Constrain catches by the ABC (1=yes, 2=no)
2
# Implementation Error (0=no; 1=lognormal; 2=uniform)
0
#Parameters of Implementaion Error
1 0.3
# Calculate coefficients of variation (1=Yes)
0
# Number of replicates to use
10
# Random number seed
-99004
# File with multiple parameter vectors 
rebuild.SSO
# User-specific projection (1=Yes); Output replaced (1->9)
0  5
# Catches and Fs (Year; 1/2/3 (F or C or SPR); value); Final row is -1
2024 1 1
-1 -1 -1
# Fixed catch project (1=Yes); Output replaced (1->9); Approach (-1=Read in else 1-9)
0 2 -1
# (48a) Special catch options (1-Yes) [CUT_OFF, Emsy, distribution, MAXCAT, Add, replace_code]
0 0.18 1.00 1.00 0 6
# (48b) B1Target
150000
# Split of Fs
2011  0.0166213
 0
 0.392194
 0.02395
 0.192598
 0.196467
 0.17817
-1  1 1 1 1 1 1 1 1 1 1 1 1
# Yrs to define T_target for projection type 4 (a.k.a. 5 pre-specified inputs)
2030 2031 2032 2033 2034 
# Year for probability of recovery
2034 2035 2036 2037 2038 2039 2040 2041
# Time varying weight-at-age (1=Yes;0=No)
0
# File with time series of weight-at-age data
none
# Use bisection (0) or linear interpolation (1)
1
# Target Depletion
0.4
# CV of implementation error
0
