#Title, #runnumber: 1 yelloweye_data.ss yelloweye_control.ss 5338.67 1103.84 280.118 StartTime: Tue May 13 01:25:48 2025
SSv3_default_rebuild.dat
# Number of sexes
1
# Age range to consider (minimum age; maximum age)
0 100
# Number of fleets
7
# First year of projection (Yinit)
2011
# First Year of rebuilding period (Ydecl)
2013
# Number of simulations
1000
# Maximum number of years
500
# Conduct projections with multiple starting values (0=No;else yes)
0
# Number of parameter vectors
1000
# Is the maximum age a plus-group (1=Yes;2=No)
1
# Generate future recruitments using historical recruitments (1)  historical recruits/spawner (2)  or a stock-recruitment (3)
3
# Constant fishing mortality (1) or constant Catch (2) projections
1
# Fishing mortality based on SPR (1) or actual rate (2)
1
# Pre-specify the year of recovery (or -1) to ignore
-1
# Fecundity-at-age
# 0 1 2 3 4 5 6 7 8 9 10 11 12 13 14 15 16 17 18 19 20 21 22 23 24 25 26 27 28 29 30 31 32 33 34 35 36 37 38 39 40 41 42 43 44 45 46 47 48 49 50 51 52 53 54 55 56 57 58 59 60 61 62 63 64 65 66 67 68 69 70 71 72 73 74 75 76 77 78 79 80 81 82 83 84 85 86 87 88 89 90 91 92 93 94 95 96 97 98 99 100 #runnumber: 1 yelloweye_data.ss yelloweye_control.ss 5338.67 1103.84 280.118
 0 0 2.54008e-08 3.45852e-07 3.29033e-06 2.38188e-05 0.000136354 0.000621444 0.00224725 0.00650776 0.0154732 0.031182 0.0549386 0.0869339 0.12631 0.17152 0.220755 0.272295 0.324702 0.376897 0.428142 0.477979 0.526155 0.572555 0.61715 0.659959 0.701023 0.740391 0.778114 0.81424 0.848814 0.881876 0.913468 0.943627 0.972391 0.999799 1.02589 1.05071 1.07428 1.09667 1.1179 1.13802 1.15708 1.17511 1.19217 1.20828 1.2235 1.23787 1.25142 1.2642 1.27625 1.28759 1.29828 1.30833 1.31779 1.32669 1.33506 1.34292 1.35031 1.35725 1.36377 1.3699 1.37564 1.38104 1.3861 1.39085 1.39531 1.39948 1.4034 1.40708 1.41052 1.41384 1.41695 1.41986 1.42259 1.42515 1.42755 1.42979 1.4319 1.43387 1.43571 1.43744 1.43906 1.44058 1.442 1.44333 1.44458 1.44574 1.44684 1.44786 1.44882 1.44971 1.45055 1.45134 1.45207 1.45276 1.4534 1.45401 1.45457 1.4551 1.45592 #female fecundity; weighted by N in year Y_init across morphs and areas
# Age specific selectivity and weight adjusted for discard and discard mortality
 #wt and selex for gender,fleet: 1 1 1_CA_TWL
 0.0106953 0.0207326 0.0596976 0.118337 0.196201 0.290122 0.396388 0.51162 0.633041 0.75852 0.886547 1.0162 1.14709 1.27921 1.41274 1.54786 1.68462 1.82285 1.96212 2.10182 2.24119 2.37946 2.51582 2.64959 2.78015 2.90703 3.02984 3.14833 3.26232 3.3717 3.47644 3.57654 3.67204 3.76302 3.84958 3.93184 4.00991 4.08394 4.15407 4.22046 4.28324 4.34258 4.39862 4.45151 4.50141 4.54845 4.59278 4.63454 4.67385 4.71085 4.74565 4.77838 4.80915 4.83807 4.86524 4.89076 4.91473 4.93724 4.95836 4.97818 4.99678 5.01423 5.0306 5.04595 5.06034 5.07384 5.08649 5.09835 5.10946 5.11988 5.12973 5.13906 5.1478 5.15599 5.16366 5.17085 5.17758 5.18388 5.18979 5.19532 5.2005 5.20534 5.20988 5.21413 5.21811 5.22184 5.22533 5.2286 5.23165 5.23452 5.2372 5.2397 5.24205 5.24425 5.24631 5.24823 5.25004 5.25172 5.2533 5.25478 5.25708
 0 0.000613138 0.00239336 0.00828475 0.0227274 0.0512131 0.0982705 0.165523 0.250857 0.348944 0.452669 0.554774 0.6492 0.73186 0.800789 0.855843 0.898167 0.929619 0.9523 0.968228 0.979155 0.9865 0.991352 0.994508 0.996536 0.997826 0.998639 0.999149 0.999468 0.999666 0.99979 0.999867 0.999915 0.999945 0.999964 0.999976 0.999984 0.999989 0.999992 0.999994 0.999995 0.999996 0.999997 0.999997 0.999997 0.999998 0.999998 0.999998 0.999998 0.999998 0.999998 0.999998 0.999998 0.999998 0.999998 0.999998 0.999998 0.999998 0.999998 0.999998 0.999998 0.999998 0.999998 0.999998 0.999998 0.999998 0.999998 0.999997 0.999997 0.999997 0.999997 0.999997 0.999997 0.999997 0.999997 0.999997 0.999997 0.999997 0.999997 0.999997 0.999997 0.999997 0.999997 0.999997 0.999997 0.999997 0.999997 0.999997 0.999997 0.999997 0.999997 0.999997 0.999997 0.999997 0.999997 0.999997 0.999997 0.999997 0.999997 0.999997 0.999997
 #wt and selex for gender,fleet: 1 3 3_CA_REC
 0.0106218 0.0193526 0.053562 0.106173 0.176681 0.262727 0.361332 0.46964 0.585199 0.706088 0.830993 0.959213 1.09053 1.22495 1.3625 1.50298 1.64592 1.7906 1.93612 2.08149 2.22575 2.36802 2.50754 2.64371 2.77605 2.90421 3.02793 3.14704 3.26146 3.37113 3.47606 3.57628 3.67187 3.76291 3.84951 3.93179 4.00988 4.08392 4.15406 4.22045 4.28323 4.34257 4.39861 4.45151 4.50141 4.54845 4.59278 4.63454 4.67385 4.71085 4.74565 4.77838 4.80915 4.83807 4.86524 4.89077 4.91473 4.93724 4.95836 4.97818 4.99678 5.01423 5.0306 5.04595 5.06034 5.07384 5.08649 5.09835 5.10946 5.11988 5.12974 5.13906 5.14781 5.15599 5.16367 5.17085 5.17758 5.18389 5.18979 5.19532 5.2005 5.20534 5.20988 5.21414 5.21812 5.22184 5.22533 5.2286 5.23165 5.23452 5.2372 5.23971 5.24205 5.24425 5.24631 5.24823 5.25004 5.25172 5.2533 5.25478 5.25708
 0 0.00536897 0.0146327 0.036351 0.0760381 0.137349 0.219938 0.319235 0.427734 0.536945 0.639235 0.729078 0.803562 0.862186 0.906226 0.937958 0.959988 0.974782 0.984429 0.990558 0.994363 0.99668 0.998066 0.998883 0.999359 0.999634 0.999791 0.999881 0.999932 0.999961 0.999977 0.999987 0.999992 0.999995 0.999997 0.999998 0.999999 0.999999 0.999999 0.999999 0.999999 0.999999 0.999999 0.999999 0.999999 0.999999 0.999999 0.999999 0.999999 0.999999 0.999999 0.999999 0.999999 0.999999 0.999999 0.999999 0.999999 0.999999 0.999999 0.999999 0.999999 0.999999 0.999999 0.999999 0.999999 0.999999 0.999999 0.999999 0.999999 0.999999 0.999999 0.999999 0.999999 0.999999 0.999999 0.999999 0.999999 0.999999 0.999999 0.999999 0.999999 0.999999 0.999999 0.999999 0.999999 0.999999 0.999999 0.999999 0.999999 0.999999 0.999999 0.999999 0.999999 0.999999 0.999999 0.999999 0.999999 0.999999 0.999999 0.999999 0.999999
 #wt and selex for gender,fleet: 1 4 4_ORWA_TWL
 0.0105707 0.0183859 0.0490511 0.0979402 0.165061 0.248957 0.347362 0.457793 0.577861 0.705416 0.838595 0.975826 1.11583 1.2576 1.40036 1.54357 1.68678 1.82962 1.97176 2.1128 2.25236 2.38998 2.52522 2.65764 2.78683 2.91242 3.03411 3.15165 3.26487 3.37364 3.4779 3.57763 3.67286 3.76363 3.85004 3.93218 4.01017 4.08413 4.15422 4.22057 4.28333 4.34264 4.39867 4.45155 4.50144 4.54848 4.5928 4.63455 4.67386 4.71086 4.74566 4.77839 4.80916 4.83808 4.86525 4.89077 4.91474 4.93724 4.95836 4.97818 4.99678 5.01423 5.0306 5.04595 5.06034 5.07384 5.08649 5.09835 5.10946 5.11988 5.12974 5.13906 5.14781 5.15599 5.16367 5.17085 5.17758 5.18389 5.18979 5.19532 5.2005 5.20534 5.20988 5.21413 5.21811 5.22184 5.22533 5.2286 5.23165 5.23452 5.2372 5.2397 5.24205 5.24425 5.24631 5.24823 5.25004 5.25172 5.2533 5.25478 5.25708
 0 0.0115606 0.0241418 0.0470717 0.0823504 0.131073 0.192642 0.264858 0.344403 0.427457 0.510268 0.589565 0.662808 0.728279 0.785068 0.832973 0.872354 0.90396 0.928774 0.947865 0.962284 0.972997 0.980838 0.986504 0.990551 0.993415 0.995426 0.996828 0.997801 0.998475 0.998939 0.99926 0.999482 0.999635 0.999741 0.999815 0.999867 0.999903 0.999929 0.999947 0.99996 0.999969 0.999976 0.999981 0.999985 0.999988 0.99999 0.999991 0.999992 0.999993 0.999994 0.999995 0.999995 0.999995 0.999996 0.999996 0.999996 0.999996 0.999996 0.999996 0.999996 0.999996 0.999996 0.999996 0.999996 0.999996 0.999996 0.999996 0.999996 0.999996 0.999996 0.999996 0.999996 0.999996 0.999996 0.999996 0.999996 0.999996 0.999996 0.999996 0.999996 0.999996 0.999996 0.999996 0.999996 0.999996 0.999996 0.999996 0.999996 0.999996 0.999996 0.999996 0.999996 0.999996 0.999996 0.999996 0.999996 0.999996 0.999996 0.999996 0.999996
 #wt and selex for gender,fleet: 1 5 5_ORWA_NONTWL
 0.010631 0.0195429 0.0548422 0.109828 0.184537 0.276809 0.383604 0.501822 0.628659 0.76173 0.899078 1.03913 1.18065 1.3227 1.46457 1.60579 1.74601 1.88502 2.02265 2.15874 2.2931 2.42551 2.55571 2.68343 2.80834 2.93014 3.04855 3.16331 3.27421 3.38107 3.48379 3.58228 3.67653 3.76652 3.85232 3.93398 4.01159 4.08526 4.15512 4.22129 4.28391 4.34311 4.39905 4.45187 4.5017 4.54869 4.59298 4.63471 4.67399 4.71097 4.74575 4.77847 4.80923 4.83814 4.8653 4.89082 4.91478 4.93728 4.9584 4.97822 4.99681 5.01426 5.03063 5.04597 5.06037 5.07386 5.08651 5.09837 5.10948 5.1199 5.12975 5.13908 5.14782 5.15601 5.16368 5.17087 5.1776 5.1839 5.1898 5.19533 5.20051 5.20536 5.2099 5.21415 5.21813 5.22185 5.22534 5.22861 5.23167 5.23453 5.23721 5.23972 5.24207 5.24426 5.24632 5.24825 5.25005 5.25174 5.25332 5.25479 5.25709
 0 0.00115699 0.00335246 0.00905132 0.0208001 0.0415191 0.073646 0.118415 0.175502 0.243101 0.318316 0.397696 0.477749 0.555345 0.627974 0.693868 0.751996 0.801992 0.844018 0.878619 0.906578 0.928795 0.946185 0.959619 0.969878 0.977634 0.983448 0.987778 0.990984 0.993348 0.995086 0.996362 0.997299 0.997986 0.998491 0.998864 0.999139 0.999343 0.999495 0.999609 0.999695 0.99976 0.99981 0.999848 0.999877 0.9999 0.999918 0.999932 0.999944 0.999953 0.99996 0.999966 0.99997 0.999974 0.999978 0.99998 0.999983 0.999984 0.999986 0.999987 0.999989 0.99999 0.99999 0.999991 0.999992 0.999992 0.999993 0.999993 0.999994 0.999994 0.999994 0.999994 0.999995 0.999995 0.999995 0.999995 0.999995 0.999995 0.999995 0.999995 0.999995 0.999995 0.999995 0.999996 0.999996 0.999996 0.999996 0.999996 0.999996 0.999996 0.999996 0.999996 0.999996 0.999996 0.999996 0.999996 0.999996 0.999996 0.999996 0.999996 0.999996
 #wt and selex for gender,fleet: 1 6 6_OR_REC
 0.011054 0.0266137 0.076954 0.1453 0.228815 0.321541 0.418868 0.518111 0.618703 0.721858 0.829663 0.944093 1.06636 1.19663 1.33412 1.47734 1.62449 1.77376 1.92351 2.07241 2.21939 2.36363 2.50452 2.64159 2.77451 2.90302 3.02695 3.14618 3.26065 3.37035 3.47528 3.5755 3.67108 3.76211 3.84869 3.93095 4.00903 4.08305 4.15318 4.21956 4.28233 4.34166 4.39769 4.45058 4.50047 4.54751 4.59183 4.63358 4.67289 4.70988 4.74468 4.7774 4.80817 4.83709 4.86425 4.88977 4.91374 4.93624 4.95736 4.97718 4.99578 5.01323 5.02959 5.04494 5.05933 5.07283 5.08548 5.09733 5.10845 5.11886 5.12872 5.13804 5.14678 5.15496 5.16263 5.16982 5.17654 5.18284 5.18875 5.19427 5.19945 5.20429 5.20883 5.21308 5.21706 5.22078 5.22427 5.22754 5.23059 5.23345 5.23613 5.23864 5.24099 5.24318 5.24524 5.24717 5.24897 5.25065 5.25223 5.25371 5.256
 0 5.38861e-05 0.000673995 0.0052185 0.023952 0.0735132 0.166402 0.299361 0.453091 0.602988 0.730504 0.827713 0.895515 0.939477 0.966293 0.981821 0.99041 0.994962 0.997272 0.998383 0.998874 0.999051 0.999075 0.999024 0.998939 0.998838 0.998731 0.998623 0.998515 0.99841 0.998308 0.998208 0.998113 0.998021 0.997933 0.997848 0.997768 0.997691 0.997618 0.997548 0.997482 0.997419 0.99736 0.997304 0.997251 0.9972 0.997153 0.997108 0.997066 0.997026 0.996989 0.996953 0.99692 0.996889 0.996859 0.996832 0.996806 0.996781 0.996758 0.996737 0.996716 0.996697 0.99668 0.996663 0.996647 0.996632 0.996619 0.996606 0.996594 0.996582 0.996571 0.996561 0.996552 0.996543 0.996534 0.996526 0.996519 0.996512 0.996505 0.996499 0.996494 0.996488 0.996483 0.996479 0.996474 0.99647 0.996466 0.996463 0.996459 0.996456 0.996453 0.99645 0.996448 0.996445 0.996443 0.996441 0.996439 0.996437 0.996435 0.996434 0.996431
 #wt and selex for gender,fleet: 1 7 7_WA_REC
 0.0110519 0.0267357 0.0791621 0.153268 0.247028 0.354269 0.469524 0.58874 0.709228 0.829479 0.949018 1.06821 1.18797 1.30938 1.43343 1.56078 1.6916 1.82563 1.96222 2.1004 2.2391 2.37723 2.51377 2.64784 2.77875 2.90595 3.02904 3.14775 3.2619 3.37141 3.47623 3.57639 3.67194 3.76295 3.84954 3.9318 4.00989 4.08393 4.15406 4.22045 4.28324 4.34257 4.39862 4.45151 4.50141 4.54845 4.59278 4.63454 4.67385 4.71085 4.74565 4.77838 4.80915 4.83807 4.86524 4.89077 4.91473 4.93724 4.95836 4.97818 4.99678 5.01423 5.0306 5.04595 5.06034 5.07384 5.08649 5.09835 5.10946 5.11988 5.12974 5.13906 5.14781 5.15599 5.16367 5.17085 5.17758 5.18389 5.18979 5.19532 5.2005 5.20534 5.20988 5.21414 5.21812 5.22184 5.22533 5.2286 5.23165 5.23452 5.2372 5.23971 5.24205 5.24425 5.24631 5.24823 5.25004 5.25172 5.2533 5.25478 5.25708
 0 5.26815e-06 7.08337e-05 0.000638118 0.00356249 0.0135651 0.0382824 0.0855515 0.159342 0.257249 0.371067 0.489729 0.602707 0.702376 0.784807 0.849333 0.897514 0.932059 0.955972 0.972029 0.982532 0.989248 0.993462 0.996062 0.997646 0.9986 0.99917 0.999508 0.999708 0.999827 0.999896 0.999938 0.999962 0.999977 0.999986 0.999991 0.999994 0.999996 0.999997 0.999998 0.999999 0.999999 0.999999 0.999999 0.999999 0.999999 0.999999 0.999999 0.999999 0.999999 0.999999 0.999999 0.999999 0.999999 0.999999 0.999999 0.999999 0.999999 0.999999 0.999999 0.999999 0.999999 0.999999 0.999999 0.999999 0.999999 0.999999 0.999999 0.999999 0.999999 0.999999 0.999999 0.999999 0.999999 0.999999 0.999999 0.999999 0.999999 0.999999 0.999999 0.999999 0.999999 0.999999 0.999999 0.999999 0.999999 0.999999 0.999999 0.999999 0.999999 0.999999 0.999999 0.999999 0.999999 0.999999 0.999999 0.999999 0.999999 0.999999 0.999999 0.999999
# Sex ratio correction
1
# M and current age-structure in year Yinit: 2011
 # gender = 1
 0.0439034 0.0439034 0.0439034 0.0439034 0.0439034 0.0439034 0.0439034 0.0439034 0.0439034 0.0439034 0.0439034 0.0439034 0.0439034 0.0439034 0.0439034 0.0439034 0.0439034 0.0439034 0.0439034 0.0439034 0.0439034 0.0439034 0.0439034 0.0439034 0.0439034 0.0439034 0.0439034 0.0439034 0.0439034 0.0439034 0.0439034 0.0439034 0.0439034 0.0439034 0.0439034 0.0439034 0.0439034 0.0439034 0.0439034 0.0439034 0.0439034 0.0439034 0.0439034 0.0439034 0.0439034 0.0439034 0.0439034 0.0439034 0.0439034 0.0439034 0.0439034 0.0439034 0.0439034 0.0439034 0.0439034 0.0439034 0.0439034 0.0439034 0.0439034 0.0439034 0.0439034 0.0439034 0.0439034 0.0439034 0.0439034 0.0439034 0.0439034 0.0439034 0.0439034 0.0439034 0.0439034 0.0439034 0.0439034 0.0439034 0.0439034 0.0439034 0.0439034 0.0439034 0.0439034 0.0439034 0.0439034 0.0439034 0.0439034 0.0439034 0.0439034 0.0439034 0.0439034 0.0439034 0.0439034 0.0439034 0.0439034 0.0439034 0.0439034 0.0439034 0.0439034 0.0439034 0.0439034 0.0439034 0.0439034 0.0439034 0.0439034
 215.007 254.334 222.843 274.926 169.513 126.847 90.8943 65.9122 142.271 277.076 78.0163 58.8194 116.603 64.3043 35.8704 30.6451 31.2685 60.4909 75.6221 30.8429 24.0265 26.0107 27.5567 26.8866 27.065 26.7957 31.6234 37.4944 26.6963 29.237 20.2692 14.3945 10.0306 7.3122 7.99168 8.22403 7.71356 4.62194 4.22733 4.83386 7.7126 4.89487 3.47441 2.70515 1.9732 1.54112 1.25342 1.08738 1.05919 1.13873 1.26653 1.32464 1.22425 1.05433 0.907655 0.807284 0.752979 0.739809 0.763383 0.820761 0.904141 0.987554 1.01804 0.958377 0.844369 0.731563 0.641077 0.573162 0.522566 0.483509 0.45242 0.427137 0.40643 0.389244 0.374254 0.360147 0.345863 0.330994 0.315698 0.300535 0.286101 0.272828 0.260859 0.250183 0.240609 0.231879 0.223747 0.216007 0.208482 0.201065 0.193688 0.186319 0.178965 0.171682 0.164465 0.157278 0.150308 0.143588 0.137138 0.130973 2.88775
# Age-structure at Ydeclare= 2013
 119.698 108.033 196.932 232.948 204.095 251.765 155.195 116.084 83.1304 60.2348 129.901 252.757 71.1084 53.571 106.132 58.4995 32.6194 27.8592 28.4195 54.9703 68.7123 28.0222 21.8277 23.6292 25.0325 24.4229 24.584 24.3385 28.7223 34.0532 24.245 26.5512 18.4064 13.0711 9.10805 6.63947 7.25623 7.467 7.00334 4.19627 3.83792 4.38846 7.00177 4.44363 3.15404 2.45566 1.79118 1.39893 1.13776 0.98702 0.961419 1.03361 1.14961 1.20234 1.11121 0.956978 0.82384 0.732734 0.683443 0.671487 0.692883 0.744961 0.820639 0.896346 0.924014 0.869862 0.766383 0.663995 0.581865 0.520222 0.474299 0.43885 0.410632 0.387684 0.368889 0.35329 0.339685 0.32688 0.313916 0.30042 0.286537 0.272775 0.259674 0.247627 0.236764 0.227074 0.218385 0.210461 0.203081 0.196055 0.189225 0.182493 0.175798 0.169109 0.162435 0.155825 0.149274 0.142751 0.136425 0.130325 2.86438
# Year for Tmin Age-structure (set to Ydecl by SS)
2013
#  recruitment and biomass
# Number of historical assessment years
129
# Historical data
# year recruitment spawner in B0 in R project in R/S project
1888  1889 1890 1891 1892 1893 1894 1895 1896 1897 1898 1899 1900 1901 1902 1903 1904 1905 1906 1907 1908 1909 1910 1911 1912 1913 1914 1915 1916 1917 1918 1919 1920 1921 1922 1923 1924 1925 1926 1927 1928 1929 1930 1931 1932 1933 1934 1935 1936 1937 1938 1939 1940 1941 1942 1943 1944 1945 1946 1947 1948 1949 1950 1951 1952 1953 1954 1955 1956 1957 1958 1959 1960 1961 1962 1963 1964 1965 1966 1967 1968 1969 1970 1971 1972 1973 1974 1975 1976 1977 1978 1979 1980 1981 1982 1983 1984 1985 1986 1987 1988 1989 1990 1991 1992 1993 1994 1995 1996 1997 1998 1999 2000 2001 2002 2003 2004 2005 2006 2007 2008 2009 2010 2011 2012 2013 2014 2015 2016 #years (with first value representing R0)
212.654 211.51 211.473 211.434 211.394 211.345 211.294 211.242 211.194 211.145 211.096 211.045 210.991 210.937 210.886 210.831 210.778 210.73 210.685 210.654 210.634 210.62 210.618 210.621 210.628 210.619 210.573 210.452 210.215 209.817 209.034 207.941 206.573 204.892 202.918 200.706 198.33 195.89 193.519 191.352 189.526 188.157 187.29 186.837 186.624 186.34 185.64 184.278 182.266 179.907 177.749 176.347 176.145 177.381 180.29 185.36 193.438 205.876 223.564 245.537 265.163 267.961 247.244 215.268 185.801 164.271 151.283 146.266 148.887 158.831 174.909 192.33 196.796 177.628 150.429 131.433 126.315 135.73 154.812 182.808 229.61 268.179 340.861 480.473 267.114 205.482 196.048 283.356 259.77 215.589 167.392 193.711 233.319 274.67 330.385 251.38 294.736 208.381 149.113 128.448 110.119 98.6922 82.6189 68.6328 80.3097 181.704 135.535 65.8538 61.026 67.7971 115.647 199.824 96.1473 121.724 412.883 202.59 89.7342 118.356 158.024 202.074 313.639 243.296 265.749 215.007 112.882 119.698 124.24 141.371 162.56  #recruits; first value is R0 (virgin)
1103.84  1103.84 1103.84 1103.82 1103.8 1103.33 1102.87 1102.41 1102.25 1102.18 1102.09 1102 1101.89 1101.76 1101.6 1101.41 1101.19 1100.94 1100.66 1100.35 1100.02 1099.54 1099.15 1098.73 1098.3 1097.83 1097.35 1096.85 1096.25 1095.71 1094.98 1092.19 1090.97 1089.86 1088.81 1088.03 1087.16 1085.74 1083.96 1081.36 1078.02 1074.78 1071.98 1068.82 1066.68 1064.68 1062.66 1060.08 1057.45 1053.83 1050.45 1046.74 1043.66 1039.41 1033.64 1027.53 1016.9 1005.61 989.103 973.927 966.586 958.312 951.87 944.798 936.209 928.804 923.318 916.788 910.768 904.808 897.825 891.592 886.508 882.632 880.68 878.118 877.224 877.746 868.719 866.915 863.235 859.624 846.995 839.053 827.895 813.5 797.596 779.904 762.978 743.156 723.508 691.098 656.704 630.855 597.362 541.3 493.586 466.383 429.888 401.021 374.019 350.762 321.239 301.036 268.683 239.44 211.745 197.312 182.617 166.619 148.089 143.705 135.193 138.541 141.654 148.54 155.707 163.249 170.785 178.628 186.104 194.073 202.176 211.228 220.807 230.913 242.035 254.128 266.634 #spbio; first value is SSB_virgin (virgin)
1 0 0 0 0 0 0 0 0 0 0 0 0 0 0 0 0 0 0 0 0 0 0 0 0 0 0 0 0 0 0 0 0 0 0 0 0 0 0 0 0 0 0 0 0 0 0 0 0 0 0 0 0 0 0 0 0 0 0 0 0 0 0 0 0 0 0 0 0 0 0 0 0 0 0 0 0 0 0 0 0 0 0 0 0 0 0 0 0 0 0 0 0 0 0 0 0 0 0 0 0 0 0 0 0 0 0 0 0 0 0 0 0 0 0 0 0 0 0 0 0 0 0 0 0 0 0 0 0  # in Bzero
0 1 1 1 1 1 1 1 1 1 1 1 1 1 1 1 1 1 1 1 1 1 1 1 1 1 1 1 1 1 1 1 1 1 1 1 1 1 1 1 1 1 1 1 1 1 1 1 1 1 1 1 1 1 1 1 1 1 1 1 1 1 1 1 1 1 1 1 1 1 1 1 1 1 1 1 1 1 1 1 1 1 1 1 1 1 1 1 1 1 1 1 1 1 1 1 1 1 1 1 1 1 1 1 1 1 1 1 1 1 1 1 1 1 1 1 1 1 1 1 1 1 1 1 1 1  0 0 0 # in R project
0 1 1 1 1 1 1 1 1 1 1 1 1 1 1 1 1 1 1 1 1 1 1 1 1 1 1 1 1 1 1 1 1 1 1 1 1 1 1 1 1 1 1 1 1 1 1 1 1 1 1 1 1 1 1 1 1 1 1 1 1 1 1 1 1 1 1 1 1 1 1 1 1 1 1 1 1 1 1 1 1 1 1 1 1 1 1 1 1 1 1 1 1 1 1 1 1 1 1 1 1 1 1 1 1 1 1 1 1 1 1 1 1 1 1 1 1 1 1 1 1 1 1 1 1 1  0 0 0 # in R/S project
# Number of years with pre-specified catches
0
# catches for years with pre-specified catches go next
# Number of future recruitments to override
-2
# Process for overiding (-1 for average otherwise index in data list)
# Which probability to product detailed results for (1=0.5; 2=0.6; etc.)
3
# Steepness sigma-R Auto-correlation
0.718 0.5 0
# Target SPR rate (FMSY Proxy); manually change to SPR_MSY if not using SPR_target
0.5
# Discount rate (for cumulative catch)
0.1
# Truncate the series when 0.4B0 is reached (1=Yes)
0
# Set F to FMSY once 0.4B0 is reached (1=Yes)
0
# Maximum possible F for projection (-1 to set to FMSY)
-1
# Defintion of recovery (1=now only;2=now or before)
2
# Projection type
4
# Definition of the 40-10 rule
10 40
# Sigma Assessment Error (Base, Year1, Slope, MaxSigma)
1.0 2017 0.075 2.0
# Pstar
0.45
# Constrain catches by the ABC (1=yes, 2=no)
2
# Implementation Error (0=no; 1=lognormal; 2=uniform)
0
#Parameters of Implementaion Error
1 0.3
# Calculate coefficients of variation (1=Yes)
0
# Number of replicates to use
10
# Random number seed
-99004
# File with multiple parameter vectors 
rebuild.SSO
# User-specific projection (1=Yes); Output replaced (1->9)
0  5
# Catches and Fs (Year; 1/2/3 (F or C or SPR); value); Final row is -1
2016 1 1
-1 -1 -1
# Fixed catch project (1=Yes); Output replaced (1->9); Approach (-1=Read in else 1-9)
0 2 -1
# (48a) Special catch options (1-Yes) [CUT_OFF, Emsy, distribution, MAXCAT, Add, replace_code]
0 0.18 1.00 1.00 0 6
# (48b) B1Target
150000
# Split of Fs
2011  0.000548512
 0
 0.172631
 0.00701032
 0.278896
 0.267819
 0.273096
-1  1 1 1 1 1 1 1 1 1 1 1 1
# Yrs to define T_target for projection type 4 (a.k.a. 5 pre-specified inputs)
2022 2023 2024 2025 2026 
# Year for probability of recovery
2026 2027 2028 2029 2030 2031 2032 2033
# Time varying weight-at-age (1=Yes;0=No)
0
# File with time series of weight-at-age data
none
# Use bisection (0) or linear interpolation (1)
1
# Target Depletion
0.4
# CV of implementation error
0
