#Title, #runnumber: 1 yelloweye_data.ss yelloweye_control.ss 4254.01 1091.12 279.074 StartTime: Thu Apr 10 22:49:34 2025
SSv3_default_rebuild.dat
# Number of sexes
1
# Age range to consider (minimum age; maximum age)
0 100
# Number of fleets
7
# First year of projection (Yinit)
2011
# First Year of rebuilding period (Ydecl)
2013
# Number of simulations
1000
# Maximum number of years
500
# Conduct projections with multiple starting values (0=No;else yes)
0
# Number of parameter vectors
1000
# Is the maximum age a plus-group (1=Yes;2=No)
1
# Generate future recruitments using historical recruitments (1)  historical recruits/spawner (2)  or a stock-recruitment (3)
3
# Constant fishing mortality (1) or constant Catch (2) projections
1
# Fishing mortality based on SPR (1) or actual rate (2)
1
# Pre-specify the year of recovery (or -1) to ignore
-1
# Fecundity-at-age
# 0 1 2 3 4 5 6 7 8 9 10 11 12 13 14 15 16 17 18 19 20 21 22 23 24 25 26 27 28 29 30 31 32 33 34 35 36 37 38 39 40 41 42 43 44 45 46 47 48 49 50 51 52 53 54 55 56 57 58 59 60 61 62 63 64 65 66 67 68 69 70 71 72 73 74 75 76 77 78 79 80 81 82 83 84 85 86 87 88 89 90 91 92 93 94 95 96 97 98 99 100 #runnumber: 1 yelloweye_data.ss yelloweye_control.ss 4254.01 1091.12 279.074
 0 0 2.40266e-08 3.23404e-07 3.05536e-06 2.20417e-05 0.00012615 0.000576427 0.00209376 0.00609473 0.0145662 0.0294966 0.0522019 0.0829448 0.120976 0.164862 0.21289 0.263398 0.314974 0.366539 0.417333 0.466869 0.514861 0.561168 0.605736 0.648567 0.689688 0.72914 0.766969 0.803217 0.837928 0.871142 0.902897 0.933232 0.962183 0.989788 1.01609 1.04111 1.06491 1.08753 1.10899 1.12935 1.14864 1.16692 1.18421 1.20057 1.21603 1.23064 1.24443 1.25744 1.26971 1.28129 1.29219 1.30246 1.31213 1.32124 1.3298 1.33786 1.34544 1.35256 1.35926 1.36555 1.37146 1.37701 1.38223 1.38713 1.39172 1.39604 1.40009 1.40388 1.40745 1.41089 1.41411 1.41713 1.41997 1.42263 1.42512 1.42746 1.42965 1.43171 1.43363 1.43544 1.43713 1.43871 1.4402 1.44159 1.4429 1.44412 1.44527 1.44634 1.44735 1.44829 1.44917 1.45 1.45077 1.4515 1.45218 1.45281 1.45341 1.45397 1.45484 #female fecundity; weighted by N in year Y_init across morphs and areas
# Age specific selectivity and weight adjusted for discard and discard mortality
 #wt and selex for gender,fleet: 1 1 1_CA_TWL
 0.0106621 0.0203201 0.0586593 0.116421 0.193252 0.286103 0.39131 0.505504 0.625894 0.750319 0.877235 1.00568 1.13523 1.26585 1.3977 1.53098 1.66577 1.80194 1.93915 2.07684 2.21435 2.35094 2.48585 2.61841 2.74802 2.87418 2.9965 3.11469 3.22855 3.33796 3.44286 3.54322 3.63908 3.73051 3.81757 3.90038 3.97906 4.05374 4.12454 4.19162 4.25511 4.31517 4.37195 4.42558 4.47621 4.52399 4.56905 4.61152 4.65154 4.68923 4.72472 4.75812 4.78955 4.81911 4.8469 4.87303 4.89758 4.92065 4.94232 4.96267 4.98179 4.99973 5.01657 5.03238 5.04721 5.06113 5.07419 5.08644 5.09792 5.1087 5.1189 5.12857 5.13764 5.14614 5.15411 5.16158 5.16858 5.17514 5.18129 5.18705 5.19245 5.19752 5.20226 5.2067 5.21086 5.21477 5.21842 5.22184 5.22505 5.22806 5.23087 5.23351 5.23598 5.23829 5.24046 5.24249 5.24439 5.24617 5.24784 5.2494 5.25184
 0 0.000584079 0.00224662 0.00776297 0.0213311 0.0482284 0.0929389 0.157279 0.239516 0.334778 0.436343 0.537208 0.63139 0.71472 0.785035 0.841947 0.886351 0.919896 0.94453 0.962179 0.974553 0.98307 0.988839 0.992696 0.995245 0.996916 0.998003 0.998707 0.999162 0.999455 0.999644 0.999766 0.999845 0.999897 0.99993 0.999952 0.999967 0.999977 0.999983 0.999988 0.999991 0.999993 0.999994 0.999995 0.999996 0.999996 0.999997 0.999997 0.999997 0.999997 0.999997 0.999997 0.999998 0.999998 0.999998 0.999998 0.999998 0.999998 0.999998 0.999998 0.999998 0.999998 0.999998 0.999998 0.999998 0.999997 0.999997 0.999997 0.999997 0.999997 0.999997 0.999997 0.999997 0.999997 0.999997 0.999997 0.999997 0.999997 0.999997 0.999997 0.999997 0.999997 0.999997 0.999997 0.999997 0.999997 0.999997 0.999997 0.999997 0.999997 0.999997 0.999997 0.999997 0.999997 0.999997 0.999997 0.999997 0.999997 0.999997 0.999997 0.999997
 #wt and selex for gender,fleet: 1 3 3_CA_REC
 0.0105916 0.0190174 0.0526935 0.104498 0.173961 0.258786 0.356033 0.462857 0.576813 0.695985 0.81907 0.945388 1.07474 1.20716 1.34269 1.48117 1.62216 1.76498 1.90877 2.05259 2.19549 2.3366 2.47519 2.61062 2.74241 2.87019 2.9937 3.11274 3.2272 3.33703 3.44221 3.54277 3.63877 3.73029 3.81742 3.90028 3.97899 4.05368 4.1245 4.19159 4.25509 4.31516 4.37194 4.42557 4.47621 4.52398 4.56904 4.61152 4.65154 4.68923 4.72472 4.75812 4.78955 4.81911 4.8469 4.87303 4.89758 4.92065 4.94232 4.96267 4.98179 4.99973 5.01657 5.03238 5.04721 5.06113 5.07419 5.08644 5.09792 5.1087 5.1189 5.12857 5.13764 5.14614 5.15411 5.16158 5.16858 5.17514 5.18129 5.18705 5.19246 5.19752 5.20226 5.2067 5.21087 5.21477 5.21842 5.22184 5.22505 5.22806 5.23087 5.23351 5.23598 5.23829 5.24046 5.24249 5.24439 5.24617 5.24784 5.2494 5.25184
 0 0.00517505 0.01405 0.0350439 0.0736438 0.133606 0.214786 0.312832 0.420403 0.529096 0.631289 0.721415 0.796491 0.855925 0.900896 0.933589 0.956529 0.972134 0.982462 0.989137 0.993362 0.99599 0.997599 0.998573 0.999156 0.999502 0.999707 0.999827 0.999898 0.999939 0.999964 0.999978 0.999987 0.999992 0.999995 0.999997 0.999998 0.999998 0.999999 0.999999 0.999999 0.999999 0.999999 0.999999 0.999999 0.999999 0.999999 0.999999 0.999999 0.999999 0.999999 0.999999 0.999999 0.999999 0.999999 0.999999 0.999999 0.999999 0.999999 0.999999 0.999999 0.999999 0.999999 0.999999 0.999999 0.999999 0.999999 0.999999 0.999999 0.999999 0.999999 0.999999 0.999999 0.999999 0.999999 0.999999 0.999999 0.999999 0.999999 0.999999 0.999999 0.999999 0.999999 0.999999 0.999999 0.999999 0.999999 0.999999 0.999999 0.999999 0.999999 0.999999 0.999999 0.999999 0.999999 0.999999 0.999999 0.999999 0.999999 0.999999 0.999999
 #wt and selex for gender,fleet: 1 4 4_ORWA_TWL
 0.0105256 0.0177882 0.046678 0.0933445 0.158019 0.239615 0.336199 0.445504 0.56524 0.693264 0.82765 0.966713 1.109 1.25327 1.39851 1.54384 1.6886 1.83222 1.97425 2.11434 2.25216 2.38743 2.51989 2.64929 2.77541 2.89803 3.01696 3.13203 3.2431 3.35008 3.45289 3.5515 3.64589 3.7361 3.82217 3.90417 3.98218 4.05631 4.12667 4.19339 4.2566 4.31642 4.373 4.42647 4.47697 4.52464 4.56961 4.61201 4.65197 4.68961 4.72505 4.75842 4.78981 4.81934 4.84711 4.87322 4.89775 4.92081 4.94247 4.96281 4.98191 4.99984 5.01668 5.03248 5.04731 5.06122 5.07427 5.08652 5.098 5.10877 5.11897 5.12864 5.13771 5.1462 5.15417 5.16164 5.16864 5.1752 5.18135 5.18711 5.19251 5.19757 5.20231 5.20676 5.21092 5.21482 5.21848 5.2219 5.22511 5.22811 5.23092 5.23356 5.23603 5.23834 5.24051 5.24254 5.24444 5.24622 5.24789 5.24945 5.25189
 0 0.0139416 0.0266241 0.0477943 0.0785692 0.119566 0.17036 0.229552 0.295046 0.364389 0.435087 0.504853 0.571767 0.634345 0.691561 0.74281 0.78786 0.826784 0.859883 0.88762 0.910553 0.929284 0.944416 0.956522 0.966122 0.97368 0.979592 0.984192 0.987758 0.990512 0.992636 0.994271 0.99553 0.996499 0.997247 0.997824 0.998272 0.998619 0.99889 0.999102 0.999269 0.999401 0.999505 0.999589 0.999656 0.999709 0.999753 0.999789 0.999818 0.999842 0.999862 0.999879 0.999893 0.999904 0.999914 0.999923 0.99993 0.999936 0.999941 0.999946 0.99995 0.999953 0.999956 0.999959 0.999961 0.999964 0.999965 0.999967 0.999969 0.99997 0.999971 0.999971 0.999972 0.999973 0.999973 0.999974 0.999974 0.999974 0.999975 0.999975 0.999975 0.999976 0.999976 0.999976 0.999976 0.999977 0.999977 0.999977 0.999977 0.999977 0.999977 0.999978 0.999978 0.999978 0.999978 0.999978 0.999978 0.999978 0.999978 0.999978 0.999978
 #wt and selex for gender,fleet: 1 5 5_ORWA_NONTWL
 0.010591 0.0190224 0.0531414 0.106626 0.179633 0.270254 0.375632 0.492768 0.618888 0.751589 0.888867 1.02909 1.17094 1.31338 1.45563 1.59709 1.73735 1.87611 2.01314 2.14829 2.2814 2.41229 2.54078 2.66667 2.78972 2.90972 3.02644 3.13967 3.24924 3.35498 3.4568 3.55461 3.64837 3.73808 3.82375 3.90543 3.98319 4.05713 4.12733 4.19393 4.25704 4.31678 4.3733 4.42672 4.47718 4.52481 4.56976 4.61213 4.65207 4.6897 4.72514 4.75849 4.78987 4.8194 4.84716 4.87326 4.89779 4.92085 4.9425 4.96284 4.98194 4.99987 5.0167 5.0325 5.04733 5.06124 5.07429 5.08653 5.09802 5.10879 5.11899 5.12866 5.13772 5.14622 5.15419 5.16166 5.16866 5.17522 5.18137 5.18713 5.19253 5.19759 5.20233 5.20677 5.21094 5.21484 5.21849 5.22191 5.22512 5.22812 5.23094 5.23357 5.23604 5.23836 5.24052 5.24255 5.24445 5.24624 5.2479 5.24947 5.2519
 0 0.00123534 0.00339409 0.00880644 0.0196833 0.0385609 0.0675904 0.107946 0.159519 0.220947 0.289906 0.363528 0.438817 0.51299 0.583715 0.649226 0.708358 0.760511 0.805557 0.843743 0.875573 0.90171 0.922889 0.93985 0.953296 0.963864 0.972108 0.978501 0.983436 0.987231 0.990143 0.992374 0.994082 0.99539 0.996394 0.997166 0.99776 0.99822 0.998576 0.998854 0.999071 0.999242 0.999377 0.999485 0.999571 0.99964 0.999695 0.999741 0.999778 0.999808 0.999833 0.999854 0.999871 0.999886 0.999898 0.999909 0.999918 0.999926 0.999932 0.999938 0.999943 0.999947 0.999951 0.999954 0.999957 0.99996 0.999962 0.999964 0.999966 0.999968 0.999969 0.99997 0.99997 0.999971 0.999972 0.999972 0.999973 0.999973 0.999974 0.999974 0.999975 0.999975 0.999975 0.999976 0.999976 0.999976 0.999976 0.999977 0.999977 0.999977 0.999977 0.999977 0.999977 0.999978 0.999978 0.999978 0.999978 0.999978 0.999978 0.999978 0.999978
 #wt and selex for gender,fleet: 1 6 6_OR_REC
 0.0109925 0.0257357 0.0751432 0.142449 0.225193 0.317554 0.41487 0.51426 0.61484 0.717495 0.824088 0.93653 1.05612 1.18325 1.31741 1.45738 1.60155 1.74823 1.89582 2.04295 2.18852 2.33166 2.4717 2.60813 2.74059 2.8688 2.99256 3.11176 3.22631 3.33618 3.44138 3.54195 3.63794 3.72945 3.81656 3.8994 3.9781 4.05277 4.12358 4.19065 4.25414 4.31419 4.37096 4.42458 4.47521 4.52298 4.56803 4.6105 4.65051 4.6882 4.72368 4.75708 4.7885 4.81805 4.84584 4.87196 4.89651 4.91958 4.94125 4.9616 4.9807 4.99865 5.01549 5.03129 5.04612 5.06004 5.07309 5.08534 5.09683 5.1076 5.1178 5.12747 5.13653 5.14503 5.15299 5.16046 5.16745 5.17401 5.18016 5.18592 5.19132 5.19638 5.20112 5.20556 5.20972 5.21362 5.21727 5.2207 5.2239 5.2269 5.22972 5.23235 5.23482 5.23713 5.2393 5.24133 5.24323 5.24501 5.24668 5.24824 5.25067
 0 5.4695e-05 0.000637846 0.00480078 0.0218108 0.0669762 0.152642 0.277459 0.425002 0.572576 0.70171 0.803226 0.876429 0.925633 0.956841 0.975692 0.98661 0.992702 0.995981 0.997678 0.998511 0.998885 0.999018 0.999029 0.998979 0.998898 0.998803 0.998702 0.9986 0.998498 0.998399 0.998302 0.998208 0.998118 0.998031 0.997948 0.997869 0.997793 0.99772 0.997652 0.997586 0.997524 0.997465 0.997409 0.997356 0.997306 0.997258 0.997213 0.997171 0.997131 0.997094 0.997058 0.997025 0.996993 0.996964 0.996936 0.99691 0.996885 0.996862 0.99684 0.996819 0.9968 0.996782 0.996765 0.996749 0.996734 0.99672 0.996707 0.996695 0.996683 0.996672 0.996661 0.996652 0.996642 0.996634 0.996626 0.996618 0.996611 0.996604 0.996598 0.996592 0.996587 0.996582 0.996577 0.996572 0.996568 0.996564 0.99656 0.996557 0.996554 0.996551 0.996548 0.996545 0.996543 0.99654 0.996538 0.996536 0.996534 0.996532 0.99653 0.996528
 #wt and selex for gender,fleet: 1 7 7_WA_REC
 0.0109635 0.0254236 0.0760534 0.148054 0.239991 0.346089 0.460989 0.580573 0.701985 0.823482 0.944291 1.06446 1.18462 1.30567 1.42851 1.55383 1.68197 1.81285 1.94607 2.08091 2.21648 2.35183 2.48602 2.6182 2.74764 2.87376 2.9961 3.11435 3.22827 3.33774 3.44268 3.54309 3.63899 3.73043 3.81752 3.90034 3.97903 4.05371 4.12452 4.19161 4.2551 4.31517 4.37194 4.42557 4.47621 4.52399 4.56904 4.61152 4.65154 4.68923 4.72472 4.75812 4.78955 4.81911 4.8469 4.87303 4.89758 4.92065 4.94232 4.96267 4.98179 4.99973 5.01657 5.03238 5.04721 5.06113 5.07419 5.08644 5.09792 5.1087 5.1189 5.12857 5.13764 5.14614 5.15411 5.16158 5.16858 5.17514 5.18129 5.18705 5.19246 5.19752 5.20226 5.2067 5.21087 5.21477 5.21842 5.22184 5.22505 5.22806 5.23087 5.23351 5.23598 5.23829 5.24046 5.24249 5.24439 5.24617 5.24784 5.2494 5.25184
 0 6.77287e-06 7.82322e-05 0.000644244 0.00340185 0.0125388 0.0347908 0.0772398 0.143917 0.233516 0.339552 0.452563 0.562944 0.663142 0.748638 0.817853 0.871429 0.911334 0.940091 0.960233 0.974001 0.983219 0.989281 0.993211 0.995726 0.997321 0.998325 0.998953 0.999345 0.999589 0.999741 0.999836 0.999896 0.999933 0.999956 0.999971 0.999981 0.999987 0.999991 0.999994 0.999996 0.999997 0.999998 0.999998 0.999999 0.999999 0.999999 0.999999 0.999999 0.999999 0.999999 0.999999 0.999999 0.999999 0.999999 0.999999 0.999999 0.999999 0.999999 0.999999 0.999999 0.999999 0.999999 0.999999 0.999999 0.999999 0.999999 0.999999 0.999999 0.999999 0.999999 0.999999 0.999999 0.999999 0.999999 0.999999 0.999999 0.999999 0.999999 0.999999 0.999999 0.999999 0.999999 0.999999 0.999999 0.999999 0.999999 0.999999 0.999999 0.999999 0.999999 0.999999 0.999999 0.999999 0.999999 0.999999 0.999999 0.999999 0.999999 0.999999 0.999999
# Sex ratio correction
1
# M and current age-structure in year Yinit: 2011
 # gender = 1
 0.0439034 0.0439034 0.0439034 0.0439034 0.0439034 0.0439034 0.0439034 0.0439034 0.0439034 0.0439034 0.0439034 0.0439034 0.0439034 0.0439034 0.0439034 0.0439034 0.0439034 0.0439034 0.0439034 0.0439034 0.0439034 0.0439034 0.0439034 0.0439034 0.0439034 0.0439034 0.0439034 0.0439034 0.0439034 0.0439034 0.0439034 0.0439034 0.0439034 0.0439034 0.0439034 0.0439034 0.0439034 0.0439034 0.0439034 0.0439034 0.0439034 0.0439034 0.0439034 0.0439034 0.0439034 0.0439034 0.0439034 0.0439034 0.0439034 0.0439034 0.0439034 0.0439034 0.0439034 0.0439034 0.0439034 0.0439034 0.0439034 0.0439034 0.0439034 0.0439034 0.0439034 0.0439034 0.0439034 0.0439034 0.0439034 0.0439034 0.0439034 0.0439034 0.0439034 0.0439034 0.0439034 0.0439034 0.0439034 0.0439034 0.0439034 0.0439034 0.0439034 0.0439034 0.0439034 0.0439034 0.0439034 0.0439034 0.0439034 0.0439034 0.0439034 0.0439034 0.0439034 0.0439034 0.0439034 0.0439034 0.0439034 0.0439034 0.0439034 0.0439034 0.0439034 0.0439034 0.0439034 0.0439034 0.0439034 0.0439034 0.0439034
 218.899 238.535 215.566 268.734 168.585 126.31 93.022 69.9205 118.812 275.108 86.4964 60.5869 117.793 62.586 36.4036 31.587 32.529 62.8573 79.9537 34.5117 25.7253 25.4883 26.8879 26.8535 26.4803 27.7342 35.4273 41.7087 25.5438 24.0844 21.3711 15.2226 11.6186 8.75064 8.60859 8.12227 6.91461 4.74858 4.27752 4.71789 5.94235 4.65698 3.47004 2.6804 2.06372 1.69233 1.40051 1.20291 1.12935 1.14012 1.17244 1.15914 1.07856 0.972074 0.876743 0.805365 0.761271 0.743809 0.750195 0.775745 0.809901 0.83375 0.82755 0.786413 0.723276 0.656422 0.596196 0.545925 0.505444 0.472592 0.445586 0.422845 0.403252 0.385931 0.369993 0.354739 0.339663 0.324647 0.309806 0.295428 0.281794 0.269105 0.257387 0.246613 0.236654 0.227343 0.218534 0.210109 0.201964 0.194043 0.18631 0.178743 0.171344 0.164148 0.157121 0.150203 0.143542 0.137148 0.131025 0.125175 2.76004
# Age-structure at Ydeclare= 2013
 120.462 111.251 200.497 218.478 197.432 246.101 154.354 115.605 85.0909 63.9135 108.517 251.06 78.8733 55.2085 107.273 56.9693 33.1243 28.7336 29.5845 57.159 72.6981 31.3777 23.388 23.1717 24.4434 24.4117 24.0718 25.2111 32.2035 37.9121 23.2179 21.8906 19.4237 13.835 10.5592 7.95248 7.82316 7.38101 6.28339 4.31498 3.88683 4.28687 5.39932 4.2313 3.15278 2.43528 1.87496 1.5375 1.27236 1.09282 1.02598 1.03576 1.06511 1.05302 0.979806 0.883066 0.79646 0.731615 0.691558 0.675693 0.681492 0.704701 0.735727 0.757391 0.751758 0.714387 0.657032 0.5963 0.54159 0.495923 0.459149 0.429305 0.404773 0.384115 0.366316 0.350581 0.336103 0.322246 0.308551 0.29491 0.281429 0.268368 0.255982 0.244456 0.233811 0.224025 0.214978 0.20652 0.198518 0.190864 0.183465 0.17627 0.169245 0.162372 0.15565 0.149113 0.14273 0.136446 0.130395 0.124587 2.74
# Year for Tmin Age-structure (set to Ydecl by SS)
2013
#  recruitment and biomass
# Number of historical assessment years
129
# Historical data
# year recruitment spawner in B0 in R project in R/S project
1888  1889 1890 1891 1892 1893 1894 1895 1896 1897 1898 1899 1900 1901 1902 1903 1904 1905 1906 1907 1908 1909 1910 1911 1912 1913 1914 1915 1916 1917 1918 1919 1920 1921 1922 1923 1924 1925 1926 1927 1928 1929 1930 1931 1932 1933 1934 1935 1936 1937 1938 1939 1940 1941 1942 1943 1944 1945 1946 1947 1948 1949 1950 1951 1952 1953 1954 1955 1956 1957 1958 1959 1960 1961 1962 1963 1964 1965 1966 1967 1968 1969 1970 1971 1972 1973 1974 1975 1976 1977 1978 1979 1980 1981 1982 1983 1984 1985 1986 1987 1988 1989 1990 1991 1992 1993 1994 1995 1996 1997 1998 1999 2000 2001 2002 2003 2004 2005 2006 2007 2008 2009 2010 2011 2012 2013 2014 2015 2016 #years (with first value representing R0)
212.477 211.428 211.394 211.359 211.323 211.279 211.233 211.186 211.143 211.1 211.057 211.011 210.962 210.913 210.857 210.798 210.736 210.671 210.604 210.54 210.476 210.407 210.338 210.261 210.176 210.071 209.934 209.744 209.48 209.119 208.462 207.606 206.597 205.398 204.013 202.469 200.797 199.043 197.282 195.589 194.048 192.738 191.698 190.887 190.236 189.579 188.741 187.579 186.076 184.345 182.664 181.345 180.717 181.03 182.563 185.689 190.761 198.159 207.536 217.511 224.929 225.083 215.603 199.082 181.215 166.492 156.768 152.298 152.835 157.69 165.525 173.637 176.122 167.774 153.251 142.146 141.239 152.703 170.494 190.985 226.397 265.62 320.697 365.316 256.939 204.811 198.435 250.391 253.099 229.251 197.804 221.498 243.369 285.294 267.769 236.478 322.294 229.657 152.061 124.061 108.805 95.4608 80.4046 73.0875 89.4733 191.427 140.414 68.3296 62.7589 68.6705 112.373 201.603 98.9439 134.866 409.774 169.141 95.1776 121.119 157.351 200.966 306.574 235.351 249.24 218.899 116.244 120.462 123.795 139.811 162.863  #recruits; first value is R0 (virgin)
1091.12  1091.12 1091.12 1091.1 1091.07 1090.61 1090.15 1089.69 1089.54 1089.46 1089.38 1089.29 1089.18 1089.05 1088.9 1088.72 1088.5 1088.25 1087.99 1087.69 1087.37 1086.9 1086.53 1086.13 1085.71 1085.27 1084.8 1084.31 1083.74 1083.21 1082.51 1079.73 1078.53 1077.44 1076.4 1075.63 1074.77 1073.35 1071.56 1068.95 1065.6 1062.34 1059.53 1056.36 1054.22 1052.23 1050.24 1047.72 1045.19 1041.69 1038.49 1035.02 1032.2 1028.28 1022.87 1017.16 1006.97 996.133 980.111 965.447 958.616 951.098 945.325 938.821 930.783 923.993 918.99 912.919 907.155 901.242 894.006 887.241 881.268 876.179 872.735 868.515 866.009 864.907 854.279 851.197 846.642 841.942 828.804 820.648 809.337 794.864 779.488 762.229 745.179 725.332 705.671 673.277 638.918 612.786 578.689 523.816 495.061 473.127 445.761 423.224 395.335 370.807 340.663 319.548 283.122 250.639 219.842 203.222 187.033 169.611 149.634 143.308 133.38 136.015 137.826 144.902 152.187 159.929 167.761 176.064 183.934 192.353 200.798 209.988 219.775 230.065 241.354 253.391 265.86 #spbio; first value is SSB_virgin (virgin)
1 0 0 0 0 0 0 0 0 0 0 0 0 0 0 0 0 0 0 0 0 0 0 0 0 0 0 0 0 0 0 0 0 0 0 0 0 0 0 0 0 0 0 0 0 0 0 0 0 0 0 0 0 0 0 0 0 0 0 0 0 0 0 0 0 0 0 0 0 0 0 0 0 0 0 0 0 0 0 0 0 0 0 0 0 0 0 0 0 0 0 0 0 0 0 0 0 0 0 0 0 0 0 0 0 0 0 0 0 0 0 0 0 0 0 0 0 0 0 0 0 0 0 0 0 0 0 0 0  # in Bzero
0 1 1 1 1 1 1 1 1 1 1 1 1 1 1 1 1 1 1 1 1 1 1 1 1 1 1 1 1 1 1 1 1 1 1 1 1 1 1 1 1 1 1 1 1 1 1 1 1 1 1 1 1 1 1 1 1 1 1 1 1 1 1 1 1 1 1 1 1 1 1 1 1 1 1 1 1 1 1 1 1 1 1 1 1 1 1 1 1 1 1 1 1 1 1 1 1 1 1 1 1 1 1 1 1 1 1 1 1 1 1 1 1 1 1 1 1 1 1 1 1 1 1 1 1 1  0 0 0 # in R project
0 1 1 1 1 1 1 1 1 1 1 1 1 1 1 1 1 1 1 1 1 1 1 1 1 1 1 1 1 1 1 1 1 1 1 1 1 1 1 1 1 1 1 1 1 1 1 1 1 1 1 1 1 1 1 1 1 1 1 1 1 1 1 1 1 1 1 1 1 1 1 1 1 1 1 1 1 1 1 1 1 1 1 1 1 1 1 1 1 1 1 1 1 1 1 1 1 1 1 1 1 1 1 1 1 1 1 1 1 1 1 1 1 1 1 1 1 1 1 1 1 1 1 1 1 1  0 0 0 # in R/S project
# Number of years with pre-specified catches
0
# catches for years with pre-specified catches go next
# Number of future recruitments to override
-2
# Process for overiding (-1 for average otherwise index in data list)
# Which probability to product detailed results for (1=0.5; 2=0.6; etc.)
3
# Steepness sigma-R Auto-correlation
0.718 0.5 0
# Target SPR rate (FMSY Proxy); manually change to SPR_MSY if not using SPR_target
0.5
# Discount rate (for cumulative catch)
0.1
# Truncate the series when 0.4B0 is reached (1=Yes)
0
# Set F to FMSY once 0.4B0 is reached (1=Yes)
0
# Maximum possible F for projection (-1 to set to FMSY)
-1
# Defintion of recovery (1=now only;2=now or before)
2
# Projection type
4
# Definition of the 40-10 rule
10 40
# Sigma Assessment Error (Base, Year1, Slope, MaxSigma)
1.0 2017 0.075 2.0
# Pstar
0.45
# Constrain catches by the ABC (1=yes, 2=no)
2
# Implementation Error (0=no; 1=lognormal; 2=uniform)
0
#Parameters of Implementaion Error
1 0.3
# Calculate coefficients of variation (1=Yes)
0
# Number of replicates to use
10
# Random number seed
-99004
# File with multiple parameter vectors 
rebuild.SSO
# User-specific projection (1=Yes); Output replaced (1->9)
0  5
# Catches and Fs (Year; 1/2/3 (F or C or SPR); value); Final row is -1
2016 1 1
-1 -1 -1
# Fixed catch project (1=Yes); Output replaced (1->9); Approach (-1=Read in else 1-9)
0 2 -1
# (48a) Special catch options (1-Yes) [CUT_OFF, Emsy, distribution, MAXCAT, Add, replace_code]
0 0.18 1.00 1.00 0 6
# (48b) B1Target
150000
# Split of Fs
2011  0.000488997
 0
 0.191451
 0.00998715
 0.229203
 0.268459
 0.30041
-1  1 1 1 1 1 1 1 1 1 1 1 1
# Yrs to define T_target for projection type 4 (a.k.a. 5 pre-specified inputs)
2022 2023 2024 2025 2026 
# Year for probability of recovery
2026 2027 2028 2029 2030 2031 2032 2033
# Time varying weight-at-age (1=Yes;0=No)
0
# File with time series of weight-at-age data
none
# Use bisection (0) or linear interpolation (1)
1
# Target Depletion
0.4
# CV of implementation error
0
