#Title, #runnumber: 1 yelloweye_data.ss yelloweye_control.ss 7222.74 1130.82 388.73 StartTime: Mon Apr 28 01:34:48 2025
SSv3_default_rebuild.dat
# Number of sexes
1
# Age range to consider (minimum age; maximum age)
0 100
# Number of fleets
7
# First year of projection (Yinit)
2011
# First Year of rebuilding period (Ydecl)
2013
# Number of simulations
1000
# Maximum number of years
500
# Conduct projections with multiple starting values (0=No;else yes)
0
# Number of parameter vectors
1000
# Is the maximum age a plus-group (1=Yes;2=No)
1
# Generate future recruitments using historical recruitments (1)  historical recruits/spawner (2)  or a stock-recruitment (3)
3
# Constant fishing mortality (1) or constant Catch (2) projections
1
# Fishing mortality based on SPR (1) or actual rate (2)
1
# Pre-specify the year of recovery (or -1) to ignore
-1
# Fecundity-at-age
# 0 1 2 3 4 5 6 7 8 9 10 11 12 13 14 15 16 17 18 19 20 21 22 23 24 25 26 27 28 29 30 31 32 33 34 35 36 37 38 39 40 41 42 43 44 45 46 47 48 49 50 51 52 53 54 55 56 57 58 59 60 61 62 63 64 65 66 67 68 69 70 71 72 73 74 75 76 77 78 79 80 81 82 83 84 85 86 87 88 89 90 91 92 93 94 95 96 97 98 99 100 #runnumber: 1 yelloweye_data.ss yelloweye_control.ss 7222.74 1130.82 388.73
 0 0 2.60018e-09 5.48334e-08 7.05405e-07 6.37983e-06 4.41506e-05 0.000243892 0.00108867 0.00390368 0.0112251 0.0262894 0.0516045 0.0877136 0.133088 0.184969 0.240401 0.29692 0.352807 0.407025 0.459051 0.508684 0.555905 0.600782 0.643414 0.683903 0.722346 0.758828 0.793425 0.826207 0.85724 0.886585 0.914304 0.940458 0.965108 0.988315 1.01014 1.03065 1.0499 1.06795 1.08487 1.10071 1.11553 1.12939 1.14234 1.15443 1.16571 1.17624 1.18605 1.1952 1.20372 1.21166 1.21904 1.22592 1.23231 1.23826 1.24379 1.24893 1.2537 1.25814 1.26226 1.26609 1.26965 1.27295 1.27602 1.27886 1.2815 1.28396 1.28623 1.28834 1.2903 1.29214 1.29386 1.29545 1.29692 1.29828 1.29955 1.30073 1.30182 1.30283 1.30376 1.30463 1.30544 1.30618 1.30688 1.30752 1.30811 1.30866 1.30917 1.30965 1.31009 1.31049 1.31087 1.31122 1.31155 1.31185 1.31213 1.31238 1.31262 1.31284 1.31317 #female fecundity; weighted by N in year Y_init across morphs and areas
# Age specific selectivity and weight adjusted for discard and discard mortality
 #wt and selex for gender,fleet: 1 1 1_CA_TWL
 0.00896707 0.00907299 0.0272335 0.0684554 0.130588 0.212778 0.312206 0.425528 0.549465 0.681085 0.817943 0.958254 1.10104 1.24602 1.39319 1.54238 1.69301 1.84411 1.99449 2.14295 2.28841 2.42999 2.56701 2.699 2.82563 2.9467 3.06211 3.17186 3.27598 3.37456 3.46773 3.55565 3.63848 3.71643 3.78968 3.85845 3.92294 3.98336 4.03992 4.09283 4.14229 4.18848 4.23161 4.27185 4.30937 4.34435 4.37693 4.40728 4.43553 4.46183 4.48629 4.50904 4.53019 4.54986 4.56813 4.58511 4.60089 4.61554 4.62915 4.64178 4.65351 4.6644 4.67451 4.68389 4.69259 4.70066 4.70815 4.7151 4.72155 4.72753 4.73311 4.73832 4.74315 4.74763 4.75178 4.75563 4.7592 4.76251 4.76558 4.76842 4.77106 4.77351 4.77577 4.77788 4.77982 4.78163 4.7833 4.78485 4.78629 4.78762 4.78886 4.79001 4.79107 4.79205 4.79296 4.79381 4.79459 4.79532 4.79599 4.79661 4.79752
 0 0.00106465 0.00235913 0.00905429 0.0272111 0.0652206 0.129847 0.222339 0.337023 0.462996 0.587573 0.699719 0.792357 0.863102 0.91347 0.94722 0.968716 0.981859 0.989643 0.994144 0.996704 0.998145 0.998952 0.999403 0.999657 0.9998 0.999881 0.999928 0.999956 0.999972 0.999982 0.999988 0.999991 0.999994 0.999995 0.999996 0.999997 0.999997 0.999997 0.999997 0.999997 0.999997 0.999997 0.999997 0.999997 0.999997 0.999997 0.999997 0.999997 0.999997 0.999997 0.999997 0.999997 0.999997 0.999997 0.999997 0.999997 0.999997 0.999997 0.999997 0.999997 0.999997 0.999997 0.999997 0.999997 0.999997 0.999997 0.999997 0.999997 0.999997 0.999997 0.999997 0.999997 0.999997 0.999997 0.999997 0.999997 0.999997 0.999997 0.999997 0.999997 0.999997 0.999997 0.999997 0.999997 0.999997 0.999997 0.999997 0.999997 0.999997 0.999997 0.999997 0.999997 0.999997 0.999997 0.999997 0.999997 0.999997 0.999997 0.999997 0.999997
 #wt and selex for gender,fleet: 1 3 3_CA_REC
 0.00896707 0.00907293 0.0263439 0.0658333 0.125484 0.204527 0.30041 0.410052 0.530386 0.658667 0.792744 0.931357 1.0741 1.22091 1.37143 1.52478 1.67962 1.83445 1.98781 2.13848 2.2855 2.42812 2.56583 2.69826 2.82516 2.9464 3.06193 3.17174 3.2759 3.37451 3.4677 3.55563 3.63847 3.71642 3.78967 3.85844 3.92293 3.98336 4.03992 4.09283 4.14228 4.18848 4.23161 4.27185 4.30937 4.34435 4.37693 4.40728 4.43553 4.46183 4.48629 4.50904 4.53019 4.54986 4.56813 4.58511 4.60089 4.61554 4.62915 4.64178 4.65351 4.6644 4.67451 4.68389 4.69259 4.70066 4.70816 4.71511 4.72155 4.72753 4.73311 4.73832 4.74315 4.74763 4.75178 4.75563 4.7592 4.76251 4.76558 4.76842 4.77106 4.77351 4.77577 4.77788 4.77982 4.78163 4.7833 4.78485 4.78629 4.78763 4.78886 4.79001 4.79107 4.79205 4.79296 4.79381 4.79459 4.79532 4.79599 4.79661 4.79752
 0 0.00394742 0.00804519 0.0250412 0.0628415 0.129468 0.226996 0.349218 0.483479 0.614917 0.730775 0.823316 0.890719 0.935874 0.964006 0.980504 0.989723 0.994686 0.997285 0.998621 0.9993 0.999643 0.999817 0.999905 0.99995 0.999973 0.999985 0.999992 0.999995 0.999997 0.999998 0.999999 0.999999 0.999999 0.999999 0.999999 0.999999 0.999999 0.999999 0.999999 0.999999 0.999999 0.999999 0.999999 0.999999 0.999999 0.999999 0.999999 0.999999 0.999999 0.999999 0.999999 0.999999 0.999999 0.999999 0.999999 0.999999 0.999999 0.999999 0.999999 0.999999 0.999999 0.999999 0.999999 0.999999 0.999999 0.999999 0.999999 0.999999 0.999999 0.999999 0.999999 0.999999 0.999999 0.999999 0.999999 0.999999 0.999999 0.999999 0.999999 0.999999 0.999999 0.999999 0.999999 0.999999 0.999999 0.999999 0.999999 0.999999 0.999999 0.999999 0.999999 0.999999 0.999999 0.999999 0.999999 0.999999 0.999999 0.999999 0.999999 0.999999
 #wt and selex for gender,fleet: 1 4 4_ORWA_TWL
 0.00896707 0.00907284 0.0251248 0.0623782 0.119397 0.195784 0.289558 0.398077 0.518535 0.64825 0.784865 0.926568 1.07222 1.22117 1.37291 1.52667 1.68142 1.83591 1.98889 2.13923 2.286 2.42844 2.56604 2.69838 2.82524 2.94645 3.06196 3.17176 3.27591 3.37452 3.4677 3.55563 3.63847 3.71642 3.78967 3.85844 3.92293 3.98335 4.03992 4.09283 4.14228 4.18848 4.23161 4.27185 4.30937 4.34435 4.37693 4.40728 4.43553 4.46182 4.48629 4.50904 4.53019 4.54986 4.56813 4.58511 4.60089 4.61554 4.62915 4.64178 4.65351 4.6644 4.67451 4.68389 4.69259 4.70066 4.70815 4.7151 4.72155 4.72753 4.73311 4.73832 4.74315 4.74763 4.75178 4.75563 4.7592 4.76251 4.76558 4.76842 4.77106 4.77351 4.77577 4.77787 4.77982 4.78163 4.7833 4.78485 4.78629 4.78762 4.78886 4.79 4.79107 4.79205 4.79296 4.79381 4.79459 4.79532 4.79599 4.79661 4.79752
 0 0.0127855 0.0232872 0.0543428 0.10838 0.187751 0.289547 0.405972 0.526667 0.641396 0.742095 0.823973 0.885783 0.929266 0.957952 0.975847 0.986499 0.992605 0.996007 0.997861 0.998858 0.999389 0.999671 0.999821 0.999902 0.999945 0.999968 0.999981 0.999988 0.999992 0.999994 0.999996 0.999996 0.999997 0.999997 0.999997 0.999997 0.999997 0.999997 0.999997 0.999997 0.999997 0.999997 0.999997 0.999997 0.999997 0.999997 0.999997 0.999997 0.999996 0.999996 0.999996 0.999996 0.999996 0.999996 0.999996 0.999996 0.999996 0.999996 0.999996 0.999996 0.999996 0.999996 0.999996 0.999996 0.999996 0.999996 0.999996 0.999996 0.999996 0.999996 0.999996 0.999996 0.999996 0.999996 0.999996 0.999996 0.999996 0.999996 0.999996 0.999996 0.999996 0.999996 0.999996 0.999996 0.999996 0.999996 0.999996 0.999996 0.999996 0.999996 0.999996 0.999996 0.999996 0.999996 0.999996 0.999996 0.999996 0.999996 0.999996 0.999996
 #wt and selex for gender,fleet: 1 5 5_ORWA_NONTWL
 0.00896707 0.00907294 0.0265961 0.067073 0.128997 0.212081 0.314014 0.431722 0.561974 0.701707 0.848184 0.999038 1.15227 1.30624 1.45964 1.61153 1.76124 1.90836 2.05261 2.19379 2.33166 2.46597 2.59641 2.7227 2.84455 2.9617 3.07397 3.18121 3.28336 3.3804 3.47237 3.55936 3.64146 3.71884 3.79164 3.86006 3.92427 3.98447 4.04086 4.09363 4.14297 4.18907 4.23212 4.2723 4.30977 4.3447 4.37725 4.40756 4.43579 4.46206 4.4865 4.50924 4.53038 4.55003 4.56829 4.58527 4.60103 4.61568 4.62928 4.64191 4.65363 4.66452 4.67462 4.68399 4.69269 4.70076 4.70825 4.7152 4.72164 4.72762 4.7332 4.73841 4.74323 4.74771 4.75186 4.75571 4.75928 4.76259 4.76566 4.76851 4.77114 4.77359 4.77585 4.77795 4.7799 4.78171 4.78338 4.78493 4.78637 4.7877 4.78894 4.79008 4.79114 4.79213 4.79304 4.79388 4.79467 4.79539 4.79606 4.79669 4.7976
 0 0.000647141 0.00134749 0.00453171 0.0126079 0.0292786 0.0584401 0.10287 0.163206 0.237651 0.322414 0.412597 0.503147 0.589611 0.668598 0.737954 0.796723 0.844955 0.883437 0.913394 0.936234 0.953351 0.966005 0.975263 0.981988 0.98685 0.990358 0.992889 0.994718 0.996045 0.997012 0.997721 0.998244 0.998633 0.998924 0.999144 0.999312 0.99944 0.99954 0.999618 0.99968 0.999729 0.999769 0.9998 0.999826 0.999848 0.999865 0.99988 0.999892 0.999902 0.999911 0.999919 0.999925 0.999931 0.999935 0.99994 0.999943 0.999946 0.999949 0.999952 0.999954 0.999956 0.999958 0.999959 0.999961 0.999962 0.999963 0.999964 0.999965 0.999966 0.999967 0.999967 0.999967 0.999968 0.999968 0.999969 0.999969 0.999969 0.99997 0.99997 0.99997 0.99997 0.99997 0.999971 0.999971 0.999971 0.999971 0.999971 0.999971 0.999971 0.999972 0.999972 0.999972 0.999972 0.999972 0.999972 0.999972 0.999972 0.999972 0.999972 0.999972
 #wt and selex for gender,fleet: 1 6 6_OR_REC
 0.00896707 0.00907372 0.0342189 0.0841694 0.154995 0.242571 0.341584 0.447539 0.557561 0.671373 0.791155 0.919563 1.05772 1.20464 1.35793 1.51483 1.67285 1.83007 1.98505 2.13673 2.28434 2.42729 2.56517 2.69768 2.82461 2.94585 3.06136 3.17115 3.27529 3.37387 3.46703 3.55493 3.63775 3.71568 3.78891 3.85766 3.92213 3.98254 4.03908 4.09198 4.14142 4.1876 4.23072 4.27094 4.30846 4.34342 4.376 4.40634 4.43458 4.46087 4.48532 4.50807 4.52922 4.54887 4.56715 4.58412 4.59989 4.61454 4.62815 4.64078 4.6525 4.66339 4.67349 4.68287 4.69157 4.69964 4.70713 4.71408 4.72052 4.7265 4.73208 4.73728 4.74211 4.74659 4.75074 4.75459 4.75815 4.76146 4.76453 4.76737 4.77001 4.77245 4.77472 4.77682 4.77877 4.78057 4.78225 4.7838 4.78523 4.78657 4.7878 4.78895 4.79001 4.79099 4.7919 4.79275 4.79353 4.79425 4.79493 4.79555 4.79646
 0 1.86701e-05 8.84885e-05 0.0013497 0.0105118 0.047134 0.138094 0.292496 0.484537 0.668629 0.810512 0.902026 0.953297 0.979061 0.990974 0.996133 0.998238 0.99903 0.999278 0.999304 0.99924 0.99914 0.999025 0.998906 0.998787 0.99867 0.998556 0.998446 0.998339 0.998238 0.998141 0.998048 0.99796 0.997877 0.997798 0.997724 0.997654 0.997589 0.997527 0.997469 0.997415 0.997364 0.997316 0.997272 0.99723 0.997191 0.997155 0.997121 0.99709 0.997061 0.997033 0.997008 0.996984 0.996962 0.996942 0.996923 0.996905 0.996889 0.996873 0.996859 0.996846 0.996834 0.996822 0.996812 0.996802 0.996793 0.996784 0.996777 0.996769 0.996763 0.996756 0.99675 0.996745 0.99674 0.996735 0.996731 0.996727 0.996723 0.99672 0.996716 0.996713 0.996711 0.996708 0.996706 0.996703 0.996701 0.9967 0.996698 0.996696 0.996695 0.996693 0.996692 0.996691 0.99669 0.996689 0.996688 0.996687 0.996686 0.996685 0.996684 0.996683
 #wt and selex for gender,fleet: 1 7 7_WA_REC
 0.00896707 0.00907367 0.0340881 0.0854776 0.160584 0.256173 0.367078 0.488375 0.615997 0.746864 0.878942 1.01141 1.14466 1.27982 1.41802 1.55973 1.70459 1.85154 1.9991 2.14573 2.29005 2.43094 2.56756 2.69931 2.82581 2.9468 3.06217 3.17189 3.276 3.37457 3.46774 3.55565 3.63849 3.71643 3.78968 3.85845 3.92294 3.98336 4.03992 4.09283 4.14229 4.18848 4.23161 4.27185 4.30937 4.34435 4.37693 4.40728 4.43553 4.46183 4.48629 4.50904 4.53019 4.54986 4.56813 4.58511 4.60089 4.61554 4.62915 4.64178 4.65351 4.6644 4.67451 4.68389 4.69259 4.70066 4.70816 4.71511 4.72155 4.72753 4.73311 4.73832 4.74315 4.74763 4.75178 4.75563 4.7592 4.76251 4.76558 4.76842 4.77106 4.77351 4.77577 4.77788 4.77982 4.78163 4.7833 4.78486 4.78629 4.78763 4.78886 4.79001 4.79107 4.79205 4.79296 4.79381 4.79459 4.79532 4.79599 4.79661 4.79752
 0 2.11957e-06 9.73957e-06 0.000153676 0.00136743 0.00744717 0.027414 0.0741145 0.157271 0.27598 0.417208 0.561343 0.690453 0.793986 0.869665 0.920935 0.95361 0.973461 0.985086 0.991714 0.995422 0.997472 0.998599 0.999218 0.999559 0.999748 0.999854 0.999914 0.999948 0.999968 0.99998 0.999987 0.999992 0.999994 0.999996 0.999997 0.999998 0.999998 0.999999 0.999999 0.999999 0.999999 0.999999 0.999999 0.999999 0.999999 0.999999 0.999999 0.999999 0.999999 0.999999 0.999999 0.999999 0.999999 0.999999 0.999999 0.999999 0.999999 0.999999 0.999999 0.999999 0.999999 0.999999 0.999999 0.999999 0.999999 0.999999 0.999999 0.999999 0.999999 0.999999 0.999999 0.999999 0.999999 0.999999 0.999999 0.999999 0.999999 0.999999 0.999999 0.999999 0.999999 0.999999 0.999999 0.999999 0.999999 0.999999 0.999999 0.999999 0.999999 0.999999 0.999999 0.999999 0.999999 0.999999 0.999999 0.999999 0.999999 0.999999 0.999999 0.999999
# Sex ratio correction
1
# M and current age-structure in year Yinit: 2011
 # gender = 1
 0.0439034 0.0439034 0.0439034 0.0439034 0.0439034 0.0439034 0.0439034 0.0439034 0.0439034 0.0439034 0.0439034 0.0439034 0.0439034 0.0439034 0.0439034 0.0439034 0.0439034 0.0439034 0.0439034 0.0439034 0.0439034 0.0439034 0.0439034 0.0439034 0.0439034 0.0439034 0.0439034 0.0439034 0.0439034 0.0439034 0.0439034 0.0439034 0.0439034 0.0439034 0.0439034 0.0439034 0.0439034 0.0439034 0.0439034 0.0439034 0.0439034 0.0439034 0.0439034 0.0439034 0.0439034 0.0439034 0.0439034 0.0439034 0.0439034 0.0439034 0.0439034 0.0439034 0.0439034 0.0439034 0.0439034 0.0439034 0.0439034 0.0439034 0.0439034 0.0439034 0.0439034 0.0439034 0.0439034 0.0439034 0.0439034 0.0439034 0.0439034 0.0439034 0.0439034 0.0439034 0.0439034 0.0439034 0.0439034 0.0439034 0.0439034 0.0439034 0.0439034 0.0439034 0.0439034 0.0439034 0.0439034 0.0439034 0.0439034 0.0439034 0.0439034 0.0439034 0.0439034 0.0439034 0.0439034 0.0439034 0.0439034 0.0439034 0.0439034 0.0439034 0.0439034 0.0439034 0.0439034 0.0439034 0.0439034 0.0439034 0.0439034
 228.333 282.265 292.024 336.369 198.454 182.642 103.935 64.9425 92.4472 211.918 62.2702 49.6207 87.0921 55.5076 34.5809 27.4485 27.3072 53.1522 57.1009 27.9246 22.4563 22.516 21.8828 22.2259 25.2796 28.0217 34.4217 33.3062 20.998 22.4871 19.2805 15.4095 11.0674 7.45649 8.54805 7.69634 7.87275 4.87487 3.96108 4.64693 7.342 4.53908 3.39695 2.87397 2.2255 1.87495 1.4802 1.20519 1.12811 1.18807 1.29949 1.32011 1.19064 1.02945 0.907701 0.830282 0.791992 0.789199 0.821189 0.890359 0.995725 1.11639 1.18719 1.13497 0.995141 0.852792 0.740594 0.658693 0.599749 0.556143 0.522873 0.496641 0.475408 0.457658 0.44192 0.426955 0.411858 0.396338 0.380555 0.365003 0.350195 0.336517 0.324068 0.312807 0.302426 0.292511 0.282974 0.273586 0.264173 0.254649 0.244998 0.235239 0.225443 0.215727 0.206113 0.19673 0.187654 0.178934 0.170594 0.16265 3.49535
# Age-structure at Ydeclare= 2013
 464.289 200.519 209.138 258.532 267.461 308.046 181.701 167.146 95.0447 59.3265 84.3522 193.131 56.6887 45.1327 79.1602 50.4264 31.4039 24.9204 24.7879 48.2427 51.8225 25.3418 20.3785 20.432 19.8569 20.1678 22.938 25.4252 31.231 30.2176 19.0499 20.3997 17.4899 13.9777 10.0386 6.7631 7.75288 6.98018 7.13997 4.42099 3.59218 4.21404 6.65785 4.116 3.08025 2.60597 2.01793 1.70004 1.3421 1.09273 1.02284 1.07719 1.1782 1.19689 1.07951 0.933357 0.82297 0.752775 0.718059 0.715525 0.744528 0.80724 0.902768 1.01217 1.07635 1.02901 0.902234 0.773174 0.67145 0.597195 0.543753 0.504218 0.474055 0.450272 0.431021 0.414928 0.400659 0.387092 0.373404 0.359332 0.345024 0.330924 0.317498 0.305097 0.293811 0.283601 0.274189 0.2652 0.256553 0.248042 0.239508 0.230873 0.222123 0.213276 0.204394 0.195585 0.186869 0.178362 0.170134 0.162227 3.47114
# Year for Tmin Age-structure (set to Ydecl by SS)
2013
#  recruitment and biomass
# Number of historical assessment years
137
# Historical data
# year recruitment spawner in B0 in R project in R/S project
1888  1889 1890 1891 1892 1893 1894 1895 1896 1897 1898 1899 1900 1901 1902 1903 1904 1905 1906 1907 1908 1909 1910 1911 1912 1913 1914 1915 1916 1917 1918 1919 1920 1921 1922 1923 1924 1925 1926 1927 1928 1929 1930 1931 1932 1933 1934 1935 1936 1937 1938 1939 1940 1941 1942 1943 1944 1945 1946 1947 1948 1949 1950 1951 1952 1953 1954 1955 1956 1957 1958 1959 1960 1961 1962 1963 1964 1965 1966 1967 1968 1969 1970 1971 1972 1973 1974 1975 1976 1977 1978 1979 1980 1981 1982 1983 1984 1985 1986 1987 1988 1989 1990 1991 1992 1993 1994 1995 1996 1997 1998 1999 2000 2001 2002 2003 2004 2005 2006 2007 2008 2009 2010 2011 2012 2013 2014 2015 2016 2017 2018 2019 2020 2021 2022 2023 2024 #years (with first value representing R0)
223.158 227.029 227.165 227.307 227.453 227.596 227.745 227.899 228.065 228.24 228.422 228.611 228.81 229.019 229.238 229.465 229.705 229.962 230.235 230.537 230.862 231.212 231.589 231.987 232.404 232.821 233.215 233.544 233.758 233.799 233.585 233.002 232.063 230.689 228.859 226.598 223.96 221.042 217.993 214.98 212.041 209.418 207.241 205.447 203.902 202.333 200.456 198.061 195.145 191.924 188.846 186.414 185.116 185.35 187.589 192.581 201.419 215.698 236.588 262.967 285.636 284.496 254.689 216.214 183.982 161.453 147.606 140.886 140.442 145.945 157.272 172.738 181.751 169.638 146.884 131.897 132.999 153.762 182.755 202.701 243.359 265.716 325.554 478.703 272.897 207.545 225.79 319.497 271.378 259.779 193.76 244.017 286.197 299.701 290.886 225.056 295.384 252.964 171.576 130.066 97.1704 82.3744 74.1142 65.6916 73.802 138.451 119.794 57.7613 54.8609 65.5664 100.09 149.551 81.2208 97.2304 315.886 131.646 88.4062 135.323 227.518 236.566 383.731 318.826 294.933 228.333 209.518 464.289 228.683 303.599 216.882 110.185 107.096 113.222 112.892 150.242 168.231 173.302 185.162  #recruits; first value is R0 (virgin)
1130.82  1130.82 1130.81 1130.8 1130.77 1130.3 1129.84 1129.38 1129.23 1129.15 1129.07 1129.01 1128.94 1128.89 1128.86 1128.86 1128.9 1128.96 1129.07 1129.21 1129.37 1129.45 1129.67 1129.9 1130.15 1130.42 1130.7 1131 1131.23 1131.55 1131.72 1129.85 1129.57 1129.44 1129.39 1129.64 1129.83 1129.5 1128.84 1127.39 1125.24 1123.21 1121.66 1119.78 1118.95 1118.29 1117.62 1116.41 1115.16 1112.88 1110.83 1108.4 1106.52 1103.4 1098.66 1093.47 1083.66 1073.06 1057.13 1042.33 1035.18 1026.94 1020.37 1013.02 1004 996.009 989.804 982.436 975.497 968.599 960.724 953.716 948.023 943.712 941.426 938.523 937.134 936.909 926.775 923.461 918.144 912.297 897.175 886.629 872.867 855.911 837.58 817.479 797.78 775.343 753.314 718.778 682.589 655.284 620.651 564.127 516.193 488.587 451.872 422.701 395.595 372.637 343.654 323.151 288.921 257.994 228.357 212.682 196.853 179.479 159.207 152.891 142.207 143.487 144.118 149.927 155.908 162.087 168.24 174.682 180.596 186.869 193.082 200.031 207.278 214.845 223.314 232.738 242.65 253.83 265.241 278.321 292.722 309.503 327.84 346.485 365.88 #spbio; first value is SSB_virgin (virgin)
1 0 0 0 0 0 0 0 0 0 0 0 0 0 0 0 0 0 0 0 0 0 0 0 0 0 0 0 0 0 0 0 0 0 0 0 0 0 0 0 0 0 0 0 0 0 0 0 0 0 0 0 0 0 0 0 0 0 0 0 0 0 0 0 0 0 0 0 0 0 0 0 0 0 0 0 0 0 0 0 0 0 0 0 0 0 0 0 0 0 0 0 0 0 0 0 0 0 0 0 0 0 0 0 0 0 0 0 0 0 0 0 0 0 0 0 0 0 0 0 0 0 0 0 0 0 0 0 0 0 0 0 0 0 0 0 0  # in Bzero
0 1 1 1 1 1 1 1 1 1 1 1 1 1 1 1 1 1 1 1 1 1 1 1 1 1 1 1 1 1 1 1 1 1 1 1 1 1 1 1 1 1 1 1 1 1 1 1 1 1 1 1 1 1 1 1 1 1 1 1 1 1 1 1 1 1 1 1 1 1 1 1 1 1 1 1 1 1 1 1 1 1 1 1 1 1 1 1 1 1 1 1 1 1 1 1 1 1 1 1 1 1 1 1 1 1 1 1 1 1 1 1 1 1 1 1 1 1 1 1 1 1 1 1 1 1 1 1 1 1 1 1 1 1  0 0 0 # in R project
0 1 1 1 1 1 1 1 1 1 1 1 1 1 1 1 1 1 1 1 1 1 1 1 1 1 1 1 1 1 1 1 1 1 1 1 1 1 1 1 1 1 1 1 1 1 1 1 1 1 1 1 1 1 1 1 1 1 1 1 1 1 1 1 1 1 1 1 1 1 1 1 1 1 1 1 1 1 1 1 1 1 1 1 1 1 1 1 1 1 1 1 1 1 1 1 1 1 1 1 1 1 1 1 1 1 1 1 1 1 1 1 1 1 1 1 1 1 1 1 1 1 1 1 1 1 1 1 1 1 1 1 1 1  0 0 0 # in R/S project
# Number of years with pre-specified catches
0
# catches for years with pre-specified catches go next
# Number of future recruitments to override
-2
# Process for overiding (-1 for average otherwise index in data list)
# Which probability to product detailed results for (1=0.5; 2=0.6; etc.)
3
# Steepness sigma-R Auto-correlation
0.718 0.5 0
# Target SPR rate (FMSY Proxy); manually change to SPR_MSY if not using SPR_target
0.5
# Discount rate (for cumulative catch)
0.1
# Truncate the series when 0.4B0 is reached (1=Yes)
0
# Set F to FMSY once 0.4B0 is reached (1=Yes)
0
# Maximum possible F for projection (-1 to set to FMSY)
-1
# Defintion of recovery (1=now only;2=now or before)
2
# Projection type
4
# Definition of the 40-10 rule
10 40
# Sigma Assessment Error (Base, Year1, Slope, MaxSigma)
1.0 2025 0.075 2.0
# Pstar
0.45
# Constrain catches by the ABC (1=yes, 2=no)
2
# Implementation Error (0=no; 1=lognormal; 2=uniform)
0
#Parameters of Implementaion Error
1 0.3
# Calculate coefficients of variation (1=Yes)
0
# Number of replicates to use
10
# Random number seed
-99004
# File with multiple parameter vectors 
rebuild.SSO
# User-specific projection (1=Yes); Output replaced (1->9)
0  5
# Catches and Fs (Year; 1/2/3 (F or C or SPR); value); Final row is -1
2024 1 1
-1 -1 -1
# Fixed catch project (1=Yes); Output replaced (1->9); Approach (-1=Read in else 1-9)
0 2 -1
# (48a) Special catch options (1-Yes) [CUT_OFF, Emsy, distribution, MAXCAT, Add, replace_code]
0 0.18 1.00 1.00 0 6
# (48b) B1Target
150000
# Split of Fs
2011  0.0173738
 0
 0.410262
 0.0231375
 0.186248
 0.190525
 0.172453
-1  1 1 1 1 1 1 1 1 1 1 1 1
# Yrs to define T_target for projection type 4 (a.k.a. 5 pre-specified inputs)
2030 2031 2032 2033 2034 
# Year for probability of recovery
2034 2035 2036 2037 2038 2039 2040 2041
# Time varying weight-at-age (1=Yes;0=No)
0
# File with time series of weight-at-age data
none
# Use bisection (0) or linear interpolation (1)
1
# Target Depletion
0.4
# CV of implementation error
0
