#Title, #runnumber: 3 yelloweye_data.ss yelloweye_control.ss 7223.61 1107.28 366.6 StartTime: Tue May 13 02:48:35 2025
SSv3_default_rebuild.dat
# Number of sexes
1
# Age range to consider (minimum age; maximum age)
0 100
# Number of fleets
7
# First year of projection (Yinit)
2011
# First Year of rebuilding period (Ydecl)
2013
# Number of simulations
1000
# Maximum number of years
500
# Conduct projections with multiple starting values (0=No;else yes)
0
# Number of parameter vectors
1000
# Is the maximum age a plus-group (1=Yes;2=No)
1
# Generate future recruitments using historical recruitments (1)  historical recruits/spawner (2)  or a stock-recruitment (3)
3
# Constant fishing mortality (1) or constant Catch (2) projections
1
# Fishing mortality based on SPR (1) or actual rate (2)
1
# Pre-specify the year of recovery (or -1) to ignore
-1
# Fecundity-at-age
# 0 1 2 3 4 5 6 7 8 9 10 11 12 13 14 15 16 17 18 19 20 21 22 23 24 25 26 27 28 29 30 31 32 33 34 35 36 37 38 39 40 41 42 43 44 45 46 47 48 49 50 51 52 53 54 55 56 57 58 59 60 61 62 63 64 65 66 67 68 69 70 71 72 73 74 75 76 77 78 79 80 81 82 83 84 85 86 87 88 89 90 91 92 93 94 95 96 97 98 99 100 #runnumber: 3 yelloweye_data.ss yelloweye_control.ss 7223.61 1107.28 366.6
 0 0 2.56145e-09 5.41538e-08 6.98284e-07 6.32584e-06 4.38328e-05 0.000242399 0.00108312 0.0038878 0.0111904 0.0262301 0.0515225 0.0876187 0.132993 0.184885 0.240334 0.296874 0.35278 0.407016 0.459056 0.508701 0.555932 0.600817 0.643455 0.68395 0.722397 0.758882 0.793482 0.826266 0.8573 0.886646 0.914365 0.940519 0.965168 0.988374 1.0102 1.03071 1.04995 1.06801 1.08492 1.10076 1.11558 1.12943 1.14237 1.15446 1.16574 1.17627 1.18608 1.19522 1.20374 1.21167 1.21905 1.22592 1.23231 1.23826 1.24378 1.24892 1.2537 1.25813 1.26225 1.26608 1.26963 1.27293 1.276 1.27884 1.28148 1.28393 1.2862 1.28831 1.29027 1.29211 1.29382 1.29541 1.29688 1.29824 1.29951 1.30068 1.30177 1.30278 1.30372 1.30459 1.30539 1.30614 1.30683 1.30747 1.30806 1.30861 1.30912 1.3096 1.31003 1.31044 1.31082 1.31117 1.31149 1.31179 1.31207 1.31233 1.31257 1.31279 1.31311 #female fecundity; weighted by N in year Y_init across morphs and areas
# Age specific selectivity and weight adjusted for discard and discard mortality
 #wt and selex for gender,fleet: 1 1 1_CA_TWL
 0.0090856 0.00918233 0.027429 0.0690462 0.131776 0.214755 0.315126 0.429505 0.554575 0.687375 0.82544 0.96697 1.11098 1.25721 1.40564 1.55612 1.70806 1.86047 2.01214 2.16187 2.30857 2.45133 2.5895 2.72258 2.85024 2.9723 3.08865 3.19928 3.30423 3.40359 3.4975 3.58611 3.66959 3.74814 3.82196 3.89126 3.95624 4.01713 4.07412 4.12743 4.17726 4.2238 4.26725 4.30779 4.34559 4.38083 4.41365 4.44422 4.47268 4.49917 4.52381 4.54672 4.56803 4.58783 4.60624 4.62334 4.63923 4.65399 4.66769 4.68041 4.69222 4.70319 4.71337 4.72281 4.73157 4.7397 4.74724 4.75424 4.76073 4.76675 4.77237 4.77761 4.78247 4.78698 4.79116 4.79504 4.79863 4.80196 4.80505 4.80792 4.81057 4.81303 4.81532 4.81743 4.81939 4.82121 4.82289 4.82445 4.8259 4.82724 4.82849 4.82964 4.83071 4.8317 4.83261 4.83346 4.83425 4.83498 4.83566 4.83628 4.8372
 0 0.00104854 0.00231322 0.00892162 0.0269275 0.0647509 0.129224 0.221664 0.336425 0.462579 0.587381 0.699732 0.792513 0.863327 0.913704 0.947426 0.96888 0.98198 0.989727 0.9942 0.996741 0.998169 0.998967 0.999413 0.999663 0.999804 0.999884 0.99993 0.999957 0.999973 0.999982 0.999988 0.999992 0.999994 0.999995 0.999996 0.999997 0.999997 0.999997 0.999997 0.999997 0.999997 0.999997 0.999997 0.999997 0.999997 0.999997 0.999997 0.999997 0.999997 0.999997 0.999997 0.999997 0.999997 0.999997 0.999997 0.999997 0.999997 0.999997 0.999997 0.999997 0.999997 0.999997 0.999997 0.999997 0.999997 0.999997 0.999997 0.999997 0.999997 0.999997 0.999997 0.999997 0.999997 0.999997 0.999997 0.999997 0.999997 0.999997 0.999997 0.999997 0.999997 0.999997 0.999997 0.999997 0.999997 0.999997 0.999997 0.999997 0.999997 0.999997 0.999997 0.999997 0.999997 0.999997 0.999997 0.999997 0.999997 0.999997 0.999997 0.999997
 #wt and selex for gender,fleet: 1 3 3_CA_REC
 0.0090856 0.00918227 0.026522 0.0663671 0.126567 0.206349 0.303131 0.413799 0.535254 0.664723 0.800029 0.939897 1.08391 1.23201 1.38384 1.53851 1.69468 1.85082 2.00548 2.15742 2.30567 2.44948 2.58833 2.72184 2.84978 2.97201 3.08846 3.19916 3.30415 3.40354 3.49747 3.58609 3.66958 3.74813 3.82196 3.89125 3.95624 4.01713 4.07412 4.12743 4.17726 4.2238 4.26725 4.30779 4.34559 4.38083 4.41365 4.44422 4.47268 4.49917 4.52381 4.54672 4.56803 4.58784 4.60624 4.62334 4.63923 4.65399 4.66769 4.68041 4.69223 4.70319 4.71337 4.72281 4.73157 4.7397 4.74725 4.75424 4.76073 4.76675 4.77237 4.77761 4.78247 4.78698 4.79116 4.79504 4.79863 4.80197 4.80505 4.80792 4.81057 4.81303 4.81532 4.81743 4.81939 4.82121 4.82289 4.82445 4.8259 4.82724 4.82849 4.82964 4.83071 4.8317 4.83261 4.83346 4.83425 4.83498 4.83566 4.83629 4.8372
 0 0.00393271 0.00797603 0.0248623 0.0624912 0.128911 0.226249 0.348353 0.482594 0.614108 0.730111 0.822825 0.89039 0.935672 0.963892 0.980445 0.989694 0.994672 0.997279 0.998619 0.999299 0.999643 0.999817 0.999905 0.99995 0.999973 0.999985 0.999992 0.999995 0.999997 0.999998 0.999999 0.999999 0.999999 0.999999 0.999999 0.999999 0.999999 0.999999 0.999999 0.999999 0.999999 0.999999 0.999999 0.999999 0.999999 0.999999 0.999999 0.999999 0.999999 0.999999 0.999999 0.999999 0.999999 0.999999 0.999999 0.999999 0.999999 0.999999 0.999999 0.999999 0.999999 0.999999 0.999999 0.999999 0.999999 0.999999 0.999999 0.999999 0.999999 0.999999 0.999999 0.999999 0.999999 0.999999 0.999999 0.999999 0.999999 0.999999 0.999999 0.999999 0.999999 0.999999 0.999999 0.999999 0.999999 0.999999 0.999999 0.999999 0.999999 0.999999 0.999999 0.999999 0.999999 0.999999 0.999999 0.999999 0.999999 0.999999 0.999999 0.999999
 #wt and selex for gender,fleet: 1 4 4_ORWA_TWL
 0.0090856 0.0091822 0.0253252 0.0629598 0.120557 0.197705 0.292388 0.401921 0.523464 0.654306 0.792072 0.934946 1.0818 1.23202 1.38507 1.54019 1.6963 1.85215 2.00647 2.15811 2.30613 2.44978 2.58852 2.72196 2.84985 2.97205 3.08849 3.19917 3.30416 3.40355 3.49747 3.58609 3.66958 3.74813 3.82196 3.89125 3.95624 4.01712 4.07412 4.12743 4.17726 4.2238 4.26725 4.30779 4.34559 4.38083 4.41365 4.44422 4.47268 4.49917 4.52381 4.54672 4.56803 4.58783 4.60624 4.62334 4.63923 4.65399 4.66769 4.68041 4.69222 4.70319 4.71336 4.72281 4.73157 4.7397 4.74724 4.75424 4.76073 4.76675 4.77237 4.77761 4.78247 4.78698 4.79116 4.79504 4.79863 4.80196 4.80505 4.80792 4.81057 4.81303 4.81531 4.81743 4.81939 4.82121 4.82289 4.82445 4.8259 4.82724 4.82848 4.82964 4.8307 4.83169 4.83261 4.83346 4.83425 4.83498 4.83566 4.83628 4.8372
 0 0.0124782 0.0226968 0.0533542 0.10705 0.186284 0.288228 0.405059 0.526303 0.641576 0.742688 0.824781 0.886616 0.929995 0.958519 0.976251 0.986768 0.992777 0.996111 0.997924 0.998895 0.99941 0.999684 0.999828 0.999906 0.999947 0.999969 0.999982 0.999988 0.999992 0.999994 0.999996 0.999996 0.999997 0.999997 0.999997 0.999997 0.999997 0.999997 0.999997 0.999997 0.999996 0.999996 0.999996 0.999996 0.999996 0.999996 0.999996 0.999996 0.999996 0.999996 0.999996 0.999996 0.999996 0.999996 0.999996 0.999996 0.999996 0.999996 0.999996 0.999996 0.999996 0.999996 0.999996 0.999996 0.999996 0.999996 0.999995 0.999995 0.999995 0.999995 0.999995 0.999995 0.999995 0.999995 0.999995 0.999995 0.999995 0.999995 0.999995 0.999995 0.999995 0.999995 0.999995 0.999995 0.999995 0.999995 0.999995 0.999995 0.999995 0.999995 0.999995 0.999995 0.999995 0.999995 0.999995 0.999995 0.999995 0.999995 0.999995 0.999995
 #wt and selex for gender,fleet: 1 5 5_ORWA_NONTWL
 0.0090856 0.00918229 0.0268091 0.0677093 0.130272 0.214199 0.317135 0.43596 0.567402 0.708364 0.856084 1.00817 1.16262 1.31779 1.47236 1.62539 1.77624 1.92451 2.06992 2.21226 2.3513 2.48677 2.61837 2.74578 2.8687 2.98689 3.10014 3.20832 3.31134 3.40921 3.50195 3.58965 3.67243 3.75043 3.82382 3.89278 3.9575 4.01818 4.075 4.12818 4.1779 4.22435 4.26773 4.30821 4.34596 4.38116 4.41395 4.44449 4.47292 4.49939 4.52401 4.54691 4.5682 4.58799 4.60639 4.62348 4.63936 4.65411 4.66781 4.68053 4.69233 4.70329 4.71347 4.72291 4.73167 4.73979 4.74733 4.75433 4.76082 4.76684 4.77245 4.77769 4.78255 4.78706 4.79124 4.79512 4.79871 4.80204 4.80513 4.80799 4.81065 4.81311 4.81539 4.8175 4.81946 4.82128 4.82296 4.82453 4.82597 4.82731 4.82856 4.82971 4.83078 4.83177 4.83268 4.83353 4.83432 4.83505 4.83573 4.83635 4.83727
 0 0.000626998 0.00130303 0.00442326 0.0124031 0.0289769 0.0581016 0.10262 0.163208 0.238064 0.323346 0.414081 0.505138 0.591998 0.67123 0.740667 0.799368 0.847417 0.88564 0.915302 0.937842 0.954677 0.967081 0.976125 0.982672 0.98739 0.990783 0.993223 0.994981 0.996253 0.997177 0.997852 0.998349 0.998718 0.998993 0.999201 0.999359 0.99948 0.999574 0.999647 0.999704 0.99975 0.999787 0.999816 0.99984 0.99986 0.999876 0.99989 0.999901 0.999911 0.999919 0.999926 0.999932 0.999937 0.999941 0.999945 0.999948 0.999951 0.999954 0.999956 0.999958 0.99996 0.999962 0.999963 0.999964 0.999966 0.999967 0.999968 0.999968 0.999969 0.99997 0.99997 0.999971 0.999971 0.999971 0.999972 0.999972 0.999972 0.999973 0.999973 0.999973 0.999973 0.999973 0.999973 0.999974 0.999974 0.999974 0.999974 0.999974 0.999974 0.999974 0.999974 0.999974 0.999975 0.999975 0.999975 0.999975 0.999975 0.999975 0.999975 0.999975
 #wt and selex for gender,fleet: 1 6 6_OR_REC
 0.0090856 0.00918297 0.0344312 0.084836 0.156317 0.244725 0.344688 0.451664 0.562739 0.677616 0.798483 0.928024 1.06738 1.21558 1.3702 1.52845 1.68783 1.8464 2.00269 2.15566 2.3045 2.44865 2.58767 2.72126 2.84923 2.97145 3.08789 3.19857 3.30353 3.4029 3.4968 3.58539 3.66886 3.74739 3.82119 3.89047 3.95543 4.0163 4.07328 4.12657 4.17639 4.22292 4.26636 4.30688 4.34467 4.3799 4.41272 4.44328 4.47173 4.4982 4.52284 4.54575 4.56705 4.58685 4.60525 4.62235 4.63823 4.65298 4.66668 4.6794 4.69121 4.70217 4.71234 4.72178 4.73054 4.73867 4.74621 4.75321 4.7597 4.76572 4.77133 4.77657 4.78143 4.78594 4.79011 4.79399 4.79758 4.80091 4.804 4.80686 4.80952 4.81198 4.81426 4.81637 4.81833 4.82015 4.82183 4.82339 4.82484 4.82618 4.82742 4.82857 4.82964 4.83063 4.83155 4.8324 4.83318 4.83391 4.83459 4.83522 4.83613
 0 1.85993e-05 8.69855e-05 0.00133155 0.0104068 0.0467912 0.137381 0.29146 0.483425 0.667707 0.8099 0.901687 0.953136 0.978994 0.99095 0.996126 0.998236 0.999031 0.999279 0.999305 0.999241 0.999141 0.999026 0.998908 0.998789 0.998671 0.998557 0.998447 0.998341 0.998239 0.998142 0.99805 0.997962 0.997879 0.9978 0.997726 0.997656 0.99759 0.997529 0.997471 0.997417 0.997366 0.997318 0.997274 0.997232 0.997193 0.997157 0.997123 0.997092 0.997063 0.997035 0.99701 0.996986 0.996964 0.996944 0.996925 0.996907 0.996891 0.996875 0.996861 0.996848 0.996836 0.996825 0.996814 0.996804 0.996795 0.996787 0.996779 0.996772 0.996765 0.996759 0.996753 0.996747 0.996742 0.996738 0.996733 0.996729 0.996725 0.996722 0.996719 0.996716 0.996713 0.99671 0.996708 0.996706 0.996704 0.996702 0.9967 0.996699 0.996697 0.996696 0.996694 0.996693 0.996692 0.996691 0.99669 0.996689 0.996688 0.996688 0.996687 0.996686
 #wt and selex for gender,fleet: 1 7 7_WA_REC
 0.0090856 0.00918299 0.034781 0.087221 0.16368 0.260689 0.372877 0.495198 0.623535 0.754819 0.887097 1.01972 1.1533 1.28912 1.42835 1.57142 1.71785 1.86646 2.01566 2.16386 2.30966 2.45192 2.5898 2.72273 2.85032 2.97233 3.08866 3.19928 3.30423 3.40359 3.4975 3.58611 3.66959 3.74814 3.82196 3.89126 3.95624 4.01713 4.07412 4.12743 4.17726 4.2238 4.26725 4.30779 4.34559 4.38083 4.41365 4.44423 4.47268 4.49917 4.52381 4.54672 4.56803 4.58784 4.60624 4.62334 4.63923 4.65399 4.66769 4.68041 4.69223 4.70319 4.71337 4.72281 4.73157 4.7397 4.74725 4.75424 4.76073 4.76675 4.77237 4.77761 4.78247 4.78698 4.79116 4.79504 4.79863 4.80197 4.80505 4.80792 4.81057 4.81303 4.81532 4.81743 4.81939 4.82121 4.82289 4.82445 4.8259 4.82724 4.82849 4.82964 4.83071 4.8317 4.83261 4.83346 4.83425 4.83498 4.83566 4.83629 4.8372
 0 1.55069e-06 7.44401e-06 0.000129006 0.00122784 0.00700776 0.0266267 0.0734853 0.157917 0.279026 0.422989 0.569137 0.698915 0.801841 0.876143 0.925815 0.957041 0.975749 0.986555 0.99263 0.995983 0.997812 0.998804 0.999341 0.999633 0.999793 0.999882 0.999931 0.999959 0.999975 0.999985 0.99999 0.999994 0.999996 0.999997 0.999998 0.999998 0.999999 0.999999 0.999999 0.999999 0.999999 0.999999 0.999999 0.999999 0.999999 0.999999 0.999999 0.999999 0.999999 0.999999 0.999999 0.999999 0.999999 0.999999 0.999999 0.999999 0.999999 0.999999 0.999999 0.999999 0.999999 0.999999 0.999999 0.999999 0.999999 0.999999 0.999999 0.999999 0.999999 0.999999 0.999999 0.999999 0.999999 0.999999 0.999999 0.999999 0.999999 0.999999 0.999999 0.999999 0.999999 0.999999 0.999999 0.999999 0.999999 0.999999 0.999999 0.999999 0.999999 0.999999 0.999999 0.999999 0.999999 0.999999 0.999999 0.999999 0.999999 0.999999 0.999999 0.999999
# Sex ratio correction
1
# M and current age-structure in year Yinit: 2011
 # gender = 1
 0.0439034 0.0439034 0.0439034 0.0439034 0.0439034 0.0439034 0.0439034 0.0439034 0.0439034 0.0439034 0.0439034 0.0439034 0.0439034 0.0439034 0.0439034 0.0439034 0.0439034 0.0439034 0.0439034 0.0439034 0.0439034 0.0439034 0.0439034 0.0439034 0.0439034 0.0439034 0.0439034 0.0439034 0.0439034 0.0439034 0.0439034 0.0439034 0.0439034 0.0439034 0.0439034 0.0439034 0.0439034 0.0439034 0.0439034 0.0439034 0.0439034 0.0439034 0.0439034 0.0439034 0.0439034 0.0439034 0.0439034 0.0439034 0.0439034 0.0439034 0.0439034 0.0439034 0.0439034 0.0439034 0.0439034 0.0439034 0.0439034 0.0439034 0.0439034 0.0439034 0.0439034 0.0439034 0.0439034 0.0439034 0.0439034 0.0439034 0.0439034 0.0439034 0.0439034 0.0439034 0.0439034 0.0439034 0.0439034 0.0439034 0.0439034 0.0439034 0.0439034 0.0439034 0.0439034 0.0439034 0.0439034 0.0439034 0.0439034 0.0439034 0.0439034 0.0439034 0.0439034 0.0439034 0.0439034 0.0439034 0.0439034 0.0439034 0.0439034 0.0439034 0.0439034 0.0439034 0.0439034 0.0439034 0.0439034 0.0439034 0.0439034
 216.229 267.211 276.747 318.399 187.835 173.269 98.5562 61.3741 87.129 201.408 58.6997 46.6328 82.8708 52.4951 32.7664 25.9987 25.8 50.335 54.0955 26.393 21.2426 21.3171 20.7227 21.0154 23.8646 26.4434 32.5607 31.5807 19.7665 21.2158 18.2445 14.2697 10.6389 7.07902 8.06192 7.26482 7.38493 4.58954 3.72354 4.35714 6.83082 4.25662 3.17688 2.68635 2.07967 1.75148 1.38326 1.12598 1.05307 1.10764 1.20978 1.22787 1.10739 0.957544 0.844169 0.771888 0.73593 0.732918 0.762145 0.825733 0.922572 1.03311 1.09741 1.04909 0.920545 0.789456 0.685912 0.610187 0.55561 0.515185 0.484312 0.459945 0.440198 0.423669 0.408992 0.39502 0.380917 0.366418 0.351678 0.337155 0.323327 0.31055 0.298915 0.288383 0.278745 0.269718 0.261041 0.252504 0.243944 0.235284 0.226505 0.217623 0.2087 0.199844 0.191074 0.182359 0.173933 0.16584 0.158102 0.150734 3.23973
# Age-structure at Ydeclare= 2013
 437.937 190.917 198.051 244.744 253.469 291.587 171.975 158.563 90.1206 56.061 79.4883 183.519 53.427 42.4053 75.3053 47.6781 29.7489 23.5985 23.414 45.6746 49.083 23.9461 19.2723 19.3393 18.7995 19.0645 21.6485 23.987 29.5349 28.6447 17.928 19.2415 16.5459 12.9405 9.64752 6.41915 7.31021 6.58724 6.69597 4.16126 3.37598 3.95033 6.19289 3.85899 2.88005 2.4353 1.88529 1.58774 1.25393 1.02069 0.95459 1.00405 1.09663 1.11303 1.00381 0.867973 0.765202 0.699681 0.667085 0.664354 0.690846 0.748485 0.836263 0.936462 0.994744 0.950938 0.834422 0.715596 0.621739 0.553098 0.503627 0.466984 0.438999 0.416912 0.399012 0.384029 0.370725 0.358061 0.345277 0.332135 0.318774 0.30561 0.293075 0.281494 0.270948 0.261401 0.252665 0.244482 0.236617 0.228879 0.22112 0.213271 0.205313 0.197262 0.189174 0.181146 0.173196 0.165297 0.15766 0.150324 3.21657
# Year for Tmin Age-structure (set to Ydecl by SS)
2013
#  recruitment and biomass
# Number of historical assessment years
137
# Historical data
# year recruitment spawner in B0 in R project in R/S project
1888  1889 1890 1891 1892 1893 1894 1895 1896 1897 1898 1899 1900 1901 1902 1903 1904 1905 1906 1907 1908 1909 1910 1911 1912 1913 1914 1915 1916 1917 1918 1919 1920 1921 1922 1923 1924 1925 1926 1927 1928 1929 1930 1931 1932 1933 1934 1935 1936 1937 1938 1939 1940 1941 1942 1943 1944 1945 1946 1947 1948 1949 1950 1951 1952 1953 1954 1955 1956 1957 1958 1959 1960 1961 1962 1963 1964 1965 1966 1967 1968 1969 1970 1971 1972 1973 1974 1975 1976 1977 1978 1979 1980 1981 1982 1983 1984 1985 1986 1987 1988 1989 1990 1991 1992 1993 1994 1995 1996 1997 1998 1999 2000 2001 2002 2003 2004 2005 2006 2007 2008 2009 2010 2011 2012 2013 2014 2015 2016 2017 2018 2019 2020 2021 2022 2023 2024 #years (with first value representing R0)
218.515 222.226 222.356 222.492 222.632 222.768 222.91 223.057 223.216 223.383 223.557 223.738 223.928 224.128 224.338 224.555 224.785 225.031 225.294 225.584 225.898 226.236 226.602 226.989 227.395 227.803 228.19 228.514 228.729 228.777 228.392 227.651 226.568 225.068 223.134 220.792 218.093 215.133 212.056 209.022 206.197 203.73 201.69 200.016 198.578 197.109 195.333 193.041 190.23 187.112 184.123 181.758 180.494 180.721 182.897 187.75 196.333 210.182 230.403 255.869 277.676 276.546 247.811 210.598 179.343 157.467 144.021 137.506 137.096 142.466 153.476 168.468 177.161 165.392 143.309 128.75 129.838 150.031 178.115 197.466 236.922 258.546 317.216 462.009 264.911 201.512 218.967 307.782 262.223 249.978 187.091 237.892 268.141 286.383 276.704 213.296 281.577 240.209 162.309 122.946 91.9287 78.0233 70.1829 62.1665 69.7986 131.266 113.537 54.6137 51.9966 62.1599 94.702 142.357 76.3533 91.6759 300.265 124.084 83.5525 128.323 215.844 223.908 363.231 302.147 279.204 216.229 199.486 437.937 222.472 285.695 214.6 111.344 109.103 116.032 115.745 153.151 169.867 174.992 179.571  #recruits; first value is R0 (virgin)
1107.28  1107.28 1107.28 1107.26 1107.24 1106.77 1106.32 1105.86 1105.71 1105.63 1105.55 1105.49 1105.42 1105.37 1105.34 1105.33 1105.36 1105.42 1105.51 1105.64 1105.79 1105.85 1106.05 1106.26 1106.5 1106.74 1107 1107.27 1107.48 1107.78 1107.92 1106.04 1105.74 1105.58 1105.51 1105.73 1105.89 1105.54 1104.85 1103.39 1101.22 1099.18 1097.61 1095.71 1094.84 1094.13 1093.42 1092.15 1090.83 1088.49 1086.35 1083.84 1081.87 1078.66 1073.85 1068.58 1058.74 1048.12 1032.22 1017.44 1010.27 1002.02 995.448 988.104 979.109 971.151 964.967 957.633 950.726 943.854 936.005 929 923.283 918.922 916.557 913.577 912.102 911.793 901.68 898.348 892.773 886.922 871.813 861.185 847.259 830.077 811.432 791.088 771.662 749.529 727.798 693.66 657.788 630.777 596.445 540.364 492.783 465.287 428.728 399.616 372.505 349.477 320.461 300.433 268.345 239.226 211.404 196.644 181.655 165.093 145.746 140.537 130.894 133.205 135.072 140.648 146.355 152.335 158.231 164.358 169.982 175.951 181.85 188.466 195.34 202.502 210.532 219.473 228.878 239.491 250.237 262.57 276.128 291.951 309.239 326.765 344.986 #spbio; first value is SSB_virgin (virgin)
1 0 0 0 0 0 0 0 0 0 0 0 0 0 0 0 0 0 0 0 0 0 0 0 0 0 0 0 0 0 0 0 0 0 0 0 0 0 0 0 0 0 0 0 0 0 0 0 0 0 0 0 0 0 0 0 0 0 0 0 0 0 0 0 0 0 0 0 0 0 0 0 0 0 0 0 0 0 0 0 0 0 0 0 0 0 0 0 0 0 0 0 0 0 0 0 0 0 0 0 0 0 0 0 0 0 0 0 0 0 0 0 0 0 0 0 0 0 0 0 0 0 0 0 0 0 0 0 0 0 0 0 0 0 0 0 0  # in Bzero
0 1 1 1 1 1 1 1 1 1 1 1 1 1 1 1 1 1 1 1 1 1 1 1 1 1 1 1 1 1 1 1 1 1 1 1 1 1 1 1 1 1 1 1 1 1 1 1 1 1 1 1 1 1 1 1 1 1 1 1 1 1 1 1 1 1 1 1 1 1 1 1 1 1 1 1 1 1 1 1 1 1 1 1 1 1 1 1 1 1 1 1 1 1 1 1 1 1 1 1 1 1 1 1 1 1 1 1 1 1 1 1 1 1 1 1 1 1 1 1 1 1 1 1 1 1 1 1 1 1 1 1 1 1  0 0 0 # in R project
0 1 1 1 1 1 1 1 1 1 1 1 1 1 1 1 1 1 1 1 1 1 1 1 1 1 1 1 1 1 1 1 1 1 1 1 1 1 1 1 1 1 1 1 1 1 1 1 1 1 1 1 1 1 1 1 1 1 1 1 1 1 1 1 1 1 1 1 1 1 1 1 1 1 1 1 1 1 1 1 1 1 1 1 1 1 1 1 1 1 1 1 1 1 1 1 1 1 1 1 1 1 1 1 1 1 1 1 1 1 1 1 1 1 1 1 1 1 1 1 1 1 1 1 1 1 1 1 1 1 1 1 1 1  0 0 0 # in R/S project
# Number of years with pre-specified catches
0
# catches for years with pre-specified catches go next
# Number of future recruitments to override
-2
# Process for overiding (-1 for average otherwise index in data list)
# Which probability to product detailed results for (1=0.5; 2=0.6; etc.)
3
# Steepness sigma-R Auto-correlation
0.718 0.5 0
# Target SPR rate (FMSY Proxy); manually change to SPR_MSY if not using SPR_target
0.5
# Discount rate (for cumulative catch)
0.1
# Truncate the series when 0.4B0 is reached (1=Yes)
0
# Set F to FMSY once 0.4B0 is reached (1=Yes)
0
# Maximum possible F for projection (-1 to set to FMSY)
-1
# Defintion of recovery (1=now only;2=now or before)
2
# Projection type
4
# Definition of the 40-10 rule
10 40
# Sigma Assessment Error (Base, Year1, Slope, MaxSigma)
1.0 2025 0.075 2.0
# Pstar
0.45
# Constrain catches by the ABC (1=yes, 2=no)
2
# Implementation Error (0=no; 1=lognormal; 2=uniform)
0
#Parameters of Implementaion Error
1 0.3
# Calculate coefficients of variation (1=Yes)
0
# Number of replicates to use
10
# Random number seed
-99004
# File with multiple parameter vectors 
rebuild.SSO
# User-specific projection (1=Yes); Output replaced (1->9)
0  5
# Catches and Fs (Year; 1/2/3 (F or C or SPR); value); Final row is -1
2024 1 1
-1 -1 -1
# Fixed catch project (1=Yes); Output replaced (1->9); Approach (-1=Read in else 1-9)
0 2 -1
# (48a) Special catch options (1-Yes) [CUT_OFF, Emsy, distribution, MAXCAT, Add, replace_code]
0 0.18 1.00 1.00 0 6
# (48b) B1Target
150000
# Split of Fs
2011  0.0172833
 0
 0.407992
 0.023563
 0.189599
 0.194104
 0.167459
-1  1 1 1 1 1 1 1 1 1 1 1 1
# Yrs to define T_target for projection type 4 (a.k.a. 5 pre-specified inputs)
2030 2031 2032 2033 2034 
# Year for probability of recovery
2034 2035 2036 2037 2038 2039 2040 2041
# Time varying weight-at-age (1=Yes;0=No)
0
# File with time series of weight-at-age data
none
# Use bisection (0) or linear interpolation (1)
1
# Target Depletion
0.4
# CV of implementation error
0
