#Title, #runnumber: 1 yelloweye_data.ss yelloweye_control.ss 7137.1 1135.51 402.981 StartTime: Thu May  1 10:20:45 2025
SSv3_default_rebuild.dat
# Number of sexes
1
# Age range to consider (minimum age; maximum age)
0 100
# Number of fleets
7
# First year of projection (Yinit)
2011
# First Year of rebuilding period (Ydecl)
2013
# Number of simulations
1000
# Maximum number of years
500
# Conduct projections with multiple starting values (0=No;else yes)
0
# Number of parameter vectors
1000
# Is the maximum age a plus-group (1=Yes;2=No)
1
# Generate future recruitments using historical recruitments (1)  historical recruits/spawner (2)  or a stock-recruitment (3)
3
# Constant fishing mortality (1) or constant Catch (2) projections
1
# Fishing mortality based on SPR (1) or actual rate (2)
1
# Pre-specify the year of recovery (or -1) to ignore
-1
# Fecundity-at-age
# 0 1 2 3 4 5 6 7 8 9 10 11 12 13 14 15 16 17 18 19 20 21 22 23 24 25 26 27 28 29 30 31 32 33 34 35 36 37 38 39 40 41 42 43 44 45 46 47 48 49 50 51 52 53 54 55 56 57 58 59 60 61 62 63 64 65 66 67 68 69 70 71 72 73 74 75 76 77 78 79 80 81 82 83 84 85 86 87 88 89 90 91 92 93 94 95 96 97 98 99 100 #runnumber: 1 yelloweye_data.ss yelloweye_control.ss 7137.1 1135.51 402.981
 0 0 2.29616e-09 4.99666e-08 6.61187e-07 6.10345e-06 4.29062e-05 0.000239963 0.00108145 0.00390482 0.0112789 0.0264819 0.0520417 0.0884815 0.134225 0.186462 0.242204 0.298975 0.355054 0.409415 0.461541 0.511243 0.558507 0.603406 0.64604 0.686514 0.724926 0.761362 0.795899 0.828609 0.859557 0.888807 0.916422 0.942464 0.966995 0.990077 1.01177 1.03215 1.05127 1.06918 1.08596 1.10167 1.11635 1.13007 1.14289 1.15484 1.166 1.1764 1.18609 1.19512 1.20353 1.21135 1.21863 1.2254 1.2317 1.23755 1.24299 1.24804 1.25273 1.25709 1.26114 1.26489 1.26838 1.27162 1.27462 1.2774 1.27999 1.28239 1.28461 1.28667 1.28858 1.29038 1.29206 1.2936 1.29504 1.29637 1.29761 1.29875 1.29981 1.30079 1.3017 1.30255 1.30333 1.30405 1.30472 1.30535 1.30592 1.30646 1.30695 1.30741 1.30784 1.30823 1.30859 1.30893 1.30924 1.30953 1.3098 1.31005 1.31028 1.3105 1.31081 #female fecundity; weighted by N in year Y_init across morphs and areas
# Age specific selectivity and weight adjusted for discard and discard mortality
 #wt and selex for gender,fleet: 1 1 1_CA_TWL
 0.00896707 0.00902413 0.0260692 0.0668583 0.12874 0.210954 0.310656 0.424451 0.549004 0.681336 0.818962 0.960064 1.10364 1.24938 1.39729 1.54718 1.69846 1.85015 2.00105 2.14996 2.29578 2.43763 2.57485 2.70696 2.83363 2.95467 3.07 3.1796 3.28353 3.38187 3.47476 3.56237 3.64487 3.72245 3.79532 3.86369 3.92778 3.98779 4.04393 4.09642 4.14546 4.19124 4.23396 4.27379 4.31092 4.34551 4.37772 4.4077 4.43559 4.46154 4.48567 4.5081 4.52894 4.54831 4.5663 4.58301 4.59852 4.61292 4.62629 4.6387 4.65021 4.66089 4.6708 4.67999 4.68851 4.69642 4.70375 4.71054 4.71685 4.72269 4.72814 4.73322 4.73794 4.7423 4.74635 4.7501 4.75358 4.7568 4.75979 4.76256 4.76512 4.7675 4.7697 4.77174 4.77363 4.77538 4.777 4.7785 4.7799 4.78119 4.78238 4.78349 4.78452 4.78547 4.78635 4.78716 4.78792 4.78862 4.78927 4.78987 4.79074
 0 0.00107984 0.00227373 0.00878861 0.0266572 0.0643193 0.128653 0.221006 0.335738 0.461911 0.586765 0.699194 0.792069 0.862983 0.913453 0.947252 0.968765 0.981907 0.989682 0.994173 0.996724 0.998159 0.998961 0.999409 0.999661 0.999802 0.999883 0.999929 0.999957 0.999972 0.999982 0.999988 0.999991 0.999994 0.999995 0.999996 0.999997 0.999997 0.999997 0.999997 0.999997 0.999997 0.999997 0.999997 0.999997 0.999997 0.999997 0.999997 0.999997 0.999997 0.999997 0.999997 0.999997 0.999997 0.999997 0.999997 0.999997 0.999997 0.999997 0.999997 0.999997 0.999997 0.999997 0.999997 0.999997 0.999997 0.999997 0.999997 0.999997 0.999997 0.999997 0.999997 0.999997 0.999997 0.999997 0.999997 0.999997 0.999997 0.999997 0.999997 0.999997 0.999997 0.999997 0.999997 0.999997 0.999997 0.999997 0.999997 0.999997 0.999997 0.999997 0.999997 0.999997 0.999997 0.999997 0.999997 0.999997 0.999997 0.999997 0.999997 0.999997
 #wt and selex for gender,fleet: 1 3 3_CA_REC
 0.00896707 0.00902411 0.0252646 0.0643675 0.123817 0.202908 0.299052 0.409112 0.529968 0.65883 0.793525 0.932795 1.07625 1.22381 1.37512 1.52926 1.68484 1.84033 1.99427 2.14543 2.29283 2.43575 2.57366 2.70621 2.83316 2.95438 3.06981 3.17948 3.28345 3.38182 3.47473 3.56235 3.64485 3.72244 3.79531 3.86369 3.92777 3.98778 4.04393 4.09642 4.14546 4.19124 4.23396 4.27379 4.31092 4.34551 4.37772 4.4077 4.43559 4.46154 4.48567 4.5081 4.52894 4.54831 4.5663 4.58301 4.59852 4.61292 4.62629 4.6387 4.65021 4.66089 4.6708 4.67999 4.68851 4.69642 4.70375 4.71055 4.71685 4.72269 4.72814 4.73322 4.73794 4.7423 4.74635 4.7501 4.75358 4.7568 4.75979 4.76256 4.76512 4.7675 4.7697 4.77174 4.77363 4.77538 4.777 4.77851 4.7799 4.78119 4.78238 4.78349 4.78452 4.78547 4.78635 4.78716 4.78792 4.78862 4.78927 4.78987 4.79074
 0 0.00392747 0.00768408 0.0242238 0.0615565 0.127945 0.225671 0.348527 0.483648 0.615887 0.73226 0.824952 0.89221 0.937062 0.964863 0.981077 0.990084 0.994904 0.997413 0.998694 0.999341 0.999666 0.999829 0.999912 0.999954 0.999975 0.999986 0.999992 0.999996 0.999997 0.999998 0.999999 0.999999 0.999999 0.999999 0.999999 0.999999 0.999999 0.999999 0.999999 0.999999 0.999999 0.999999 0.999999 0.999999 0.999999 0.999999 0.999999 0.999999 0.999999 0.999999 0.999999 0.999999 0.999999 0.999999 0.999999 0.999999 0.999999 0.999999 0.999999 0.999999 0.999999 0.999999 0.999999 0.999999 0.999999 0.999999 0.999999 0.999999 0.999999 0.999999 0.999999 0.999999 0.999999 0.999999 0.999999 0.999999 0.999999 0.999999 0.999999 0.999999 0.999999 0.999999 0.999999 0.999999 0.999999 0.999999 0.999999 0.999999 0.999999 0.999999 0.999999 0.999999 0.999999 0.999999 0.999999 0.999999 0.999999 0.999999 0.999999 0.999999
 #wt and selex for gender,fleet: 1 4 4_ORWA_TWL
 0.00896707 0.00902408 0.0241371 0.061008 0.11783 0.194242 0.288233 0.397106 0.518002 0.648197 0.785312 0.927549 1.07381 1.22348 1.37603 1.53065 1.68623 1.84149 1.99514 2.14603 2.29323 2.43601 2.57383 2.70631 2.83322 2.95442 3.06984 3.1795 3.28346 3.38182 3.47473 3.56235 3.64485 3.72244 3.79531 3.86369 3.92777 3.98778 4.04393 4.09642 4.14546 4.19124 4.23396 4.27379 4.31092 4.34551 4.37772 4.4077 4.43559 4.46154 4.48567 4.5081 4.52894 4.54831 4.5663 4.58301 4.59852 4.61292 4.62629 4.6387 4.65021 4.66089 4.6708 4.67999 4.68851 4.69642 4.70375 4.71054 4.71685 4.72269 4.72814 4.73322 4.73793 4.7423 4.74635 4.7501 4.75358 4.7568 4.75979 4.76256 4.76512 4.7675 4.7697 4.77174 4.77363 4.77538 4.777 4.7785 4.7799 4.78119 4.78238 4.78349 4.78452 4.78547 4.78635 4.78716 4.78792 4.78862 4.78927 4.78987 4.79074
 0 0.0126822 0.0224268 0.0530649 0.107091 0.187049 0.290026 0.407973 0.53015 0.645965 0.747132 0.828833 0.889976 0.932553 0.960329 0.977455 0.987531 0.993242 0.996387 0.998083 0.998986 0.999462 0.999713 0.999845 0.999915 0.999953 0.999973 0.999984 0.99999 0.999993 0.999995 0.999996 0.999997 0.999997 0.999997 0.999997 0.999997 0.999997 0.999997 0.999997 0.999997 0.999997 0.999997 0.999997 0.999997 0.999997 0.999997 0.999997 0.999997 0.999997 0.999997 0.999996 0.999996 0.999996 0.999996 0.999996 0.999996 0.999996 0.999996 0.999996 0.999996 0.999996 0.999996 0.999996 0.999996 0.999996 0.999996 0.999996 0.999996 0.999996 0.999996 0.999996 0.999996 0.999996 0.999996 0.999996 0.999996 0.999996 0.999996 0.999996 0.999996 0.999996 0.999996 0.999996 0.999996 0.999996 0.999996 0.999996 0.999996 0.999996 0.999996 0.999996 0.999996 0.999996 0.999996 0.999996 0.999996 0.999996 0.999996 0.999996 0.999996
 #wt and selex for gender,fleet: 1 5 5_ORWA_NONTWL
 0.00896707 0.00902412 0.0255652 0.0657538 0.127578 0.210795 0.313022 0.431099 0.561722 0.701776 0.848489 0.999477 1.15274 1.30666 1.45997 1.61177 1.76149 1.90877 2.05337 2.19506 2.33357 2.46858 2.59975 2.72672 2.84916 2.96681 3.07945 3.18696 3.28925 3.38635 3.47828 3.56515 3.64707 3.72422 3.79675 3.86485 3.92873 3.98858 4.04459 4.09698 4.14594 4.19165 4.23431 4.2741 4.31119 4.34575 4.37793 4.40789 4.43577 4.4617 4.48582 4.50823 4.52907 4.54843 4.56641 4.58311 4.59862 4.61301 4.62638 4.63878 4.65029 4.66096 4.67087 4.68006 4.68858 4.69648 4.70381 4.71061 4.71691 4.72275 4.7282 4.73328 4.73799 4.74236 4.74641 4.75016 4.75364 4.75686 4.75984 4.76261 4.76517 4.76755 4.76975 4.77179 4.77368 4.77543 4.77705 4.77856 4.77995 4.78124 4.78243 4.78354 4.78457 4.78552 4.7864 4.78721 4.78797 4.78867 4.78932 4.78992 4.79079
 0 0.000634081 0.00127281 0.00440427 0.0125615 0.0296909 0.0599787 0.106389 0.169525 0.247316 0.335537 0.428824 0.521732 0.609566 0.688856 0.757529 0.814829 0.861073 0.897314 0.925008 0.945729 0.960967 0.972024 0.979969 0.985639 0.98967 0.992532 0.994566 0.996015 0.997051 0.997797 0.998337 0.998731 0.999021 0.999236 0.999397 0.999519 0.999612 0.999683 0.999738 0.999782 0.999816 0.999844 0.999866 0.999884 0.999898 0.99991 0.99992 0.999929 0.999936 0.999941 0.999946 0.999951 0.999955 0.999958 0.999961 0.999963 0.999965 0.999967 0.999969 0.99997 0.999971 0.999973 0.999974 0.999974 0.999975 0.999976 0.999977 0.999977 0.999978 0.999978 0.999979 0.999979 0.999979 0.999979 0.99998 0.99998 0.99998 0.99998 0.99998 0.999981 0.999981 0.999981 0.999981 0.999981 0.999981 0.999981 0.999981 0.999981 0.999981 0.999982 0.999982 0.999982 0.999982 0.999982 0.999982 0.999982 0.999982 0.999982 0.999982 0.999982
 #wt and selex for gender,fleet: 1 6 6_OR_REC
 0.00896707 0.00902435 0.0327188 0.0822539 0.152794 0.240295 0.339349 0.445394 0.555556 0.669686 0.790114 0.919508 1.05886 1.207 1.36142 1.51928 1.67813 1.83604 1.99158 2.14373 2.29171 2.43494 2.57302 2.70564 2.83261 2.95382 3.06924 3.17889 3.28283 3.38117 3.47406 3.56165 3.64413 3.7217 3.79455 3.8629 3.92697 3.98696 4.04309 4.09557 4.14459 4.19036 4.23307 4.27289 4.31001 4.34458 4.37678 4.40676 4.43464 4.46058 4.48471 4.50713 4.52797 4.54733 4.56531 4.58202 4.59753 4.61192 4.62529 4.63769 4.6492 4.65988 4.66978 4.67897 4.68749 4.69539 4.70272 4.70952 4.71582 4.72166 4.72711 4.73219 4.7369 4.74127 4.74531 4.74906 4.75254 4.75576 4.75874 4.76151 4.76407 4.76645 4.76865 4.77069 4.77258 4.77433 4.77595 4.77745 4.77884 4.78013 4.78133 4.78243 4.78346 4.78441 4.78529 4.7861 4.78686 4.78756 4.78821 4.78881 4.78968
 0 2.03753e-05 8.63153e-05 0.00134656 0.0106695 0.048231 0.141598 0.299381 0.493955 0.678271 0.818337 0.907321 0.956416 0.980717 0.991786 0.996505 0.998397 0.99909 0.999293 0.999297 0.999223 0.999117 0.998999 0.998878 0.998757 0.998639 0.998523 0.998412 0.998305 0.998202 0.998105 0.998012 0.997924 0.99784 0.997761 0.997687 0.997617 0.997551 0.99749 0.997432 0.997377 0.997327 0.997279 0.997235 0.997194 0.997155 0.997119 0.997085 0.997054 0.997025 0.996998 0.996973 0.996949 0.996927 0.996907 0.996888 0.996871 0.996854 0.996839 0.996825 0.996812 0.9968 0.996789 0.996779 0.996769 0.99676 0.996752 0.996744 0.996737 0.99673 0.996724 0.996718 0.996713 0.996708 0.996703 0.996699 0.996695 0.996691 0.996688 0.996685 0.996682 0.996679 0.996677 0.996674 0.996672 0.99667 0.996668 0.996667 0.996665 0.996664 0.996662 0.996661 0.99666 0.996659 0.996658 0.996657 0.996656 0.996655 0.996654 0.996654 0.996653
 #wt and selex for gender,fleet: 1 7 7_WA_REC
 0.00896707 0.00902435 0.0329575 0.0843854 0.15978 0.255846 0.367211 0.488803 0.616482 0.747164 0.878891 1.01102 1.14417 1.27962 1.41851 1.56124 1.70729 1.85542 2.00405 2.15159 2.29663 2.43806 2.57506 2.70705 2.83366 2.95468 3.07 3.1796 3.28352 3.38186 3.47476 3.56237 3.64486 3.72245 3.79532 3.86369 3.92778 3.98779 4.04393 4.09642 4.14546 4.19124 4.23396 4.2738 4.31092 4.34551 4.37772 4.4077 4.4356 4.46154 4.48567 4.5081 4.52894 4.54831 4.5663 4.58301 4.59852 4.61292 4.62629 4.6387 4.65021 4.66089 4.6708 4.67999 4.68851 4.69642 4.70375 4.71055 4.71685 4.72269 4.72814 4.73322 4.73794 4.7423 4.74635 4.7501 4.75358 4.7568 4.75979 4.76256 4.76512 4.7675 4.7697 4.77174 4.77363 4.77538 4.777 4.77851 4.7799 4.78119 4.78238 4.78349 4.78452 4.78547 4.78635 4.78716 4.78792 4.78862 4.78927 4.78987 4.79074
 0 1.75241e-06 7.53105e-06 0.000130803 0.0012509 0.00715165 0.0271641 0.07485 0.16049 0.28286 0.427712 0.574108 0.703506 0.805645 0.879027 0.92785 0.958399 0.976616 0.98709 0.992953 0.996175 0.997925 0.99887 0.99938 0.999656 0.999807 0.99989 0.999936 0.999962 0.999977 0.999986 0.999991 0.999994 0.999996 0.999997 0.999998 0.999998 0.999999 0.999999 0.999999 0.999999 0.999999 0.999999 0.999999 0.999999 0.999999 0.999999 0.999999 0.999999 0.999999 0.999999 0.999999 0.999999 0.999999 0.999999 0.999999 0.999999 0.999999 0.999999 0.999999 0.999999 0.999999 0.999999 0.999999 0.999999 0.999999 0.999999 0.999999 0.999999 0.999999 0.999999 0.999999 0.999999 0.999999 0.999999 0.999999 0.999999 0.999999 0.999999 0.999999 0.999999 0.999999 0.999999 0.999999 0.999999 0.999999 0.999999 0.999999 0.999999 0.999999 0.999999 0.999999 0.999999 0.999999 0.999999 0.999999 0.999999 0.999999 0.999999 0.999999 0.999999
# Sex ratio correction
1
# M and current age-structure in year Yinit: 2011
 # gender = 1
 0.0439034 0.0439034 0.0439034 0.0439034 0.0439034 0.0439034 0.0439034 0.0439034 0.0439034 0.0439034 0.0439034 0.0439034 0.0439034 0.0439034 0.0439034 0.0439034 0.0439034 0.0439034 0.0439034 0.0439034 0.0439034 0.0439034 0.0439034 0.0439034 0.0439034 0.0439034 0.0439034 0.0439034 0.0439034 0.0439034 0.0439034 0.0439034 0.0439034 0.0439034 0.0439034 0.0439034 0.0439034 0.0439034 0.0439034 0.0439034 0.0439034 0.0439034 0.0439034 0.0439034 0.0439034 0.0439034 0.0439034 0.0439034 0.0439034 0.0439034 0.0439034 0.0439034 0.0439034 0.0439034 0.0439034 0.0439034 0.0439034 0.0439034 0.0439034 0.0439034 0.0439034 0.0439034 0.0439034 0.0439034 0.0439034 0.0439034 0.0439034 0.0439034 0.0439034 0.0439034 0.0439034 0.0439034 0.0439034 0.0439034 0.0439034 0.0439034 0.0439034 0.0439034 0.0439034 0.0439034 0.0439034 0.0439034 0.0439034 0.0439034 0.0439034 0.0439034 0.0439034 0.0439034 0.0439034 0.0439034 0.0439034 0.0439034 0.0439034 0.0439034 0.0439034 0.0439034 0.0439034 0.0439034 0.0439034 0.0439034 0.0439034
 234.538 290.887 300.601 340.776 203.625 188.32 106.252 66.8734 99.1424 209.845 61.0773 47.1539 78.0074 54.1088 34.0285 27.5458 27.7961 54.9777 60.1635 29.1659 23.5625 23.7395 23.0499 23.4607 26.8057 29.8558 36.6643 35.5479 22.4631 24.2391 20.99 16.8485 11.9509 8.10233 9.33104 8.39673 8.67104 5.34961 4.35879 5.13031 8.18832 5.02426 3.76917 3.19897 2.48261 2.09334 1.65062 1.34461 1.26088 1.33071 1.45778 1.48039 1.33321 1.15196 1.016 0.930099 0.888142 0.886027 0.923092 1.00234 1.12322 1.26271 1.34585 1.28608 1.12494 0.962066 0.834503 0.741792 0.675251 0.626104 0.588633 0.559096 0.535194 0.515226 0.497535 0.48073 0.463787 0.446374 0.428669 0.411221 0.394608 0.379266 0.365309 0.352689 0.34106 0.329948 0.319254 0.308716 0.298132 0.287409 0.276527 0.265511 0.254445 0.243462 0.232593 0.221985 0.211725 0.201867 0.192443 0.183466 3.93719
# Age-structure at Ydeclare= 2013
 472.002 207.124 214.821 266.43 275.318 312.084 186.438 172.348 97.1685 61.0953 90.4718 191.271 55.6138 42.8994 70.9225 49.1708 30.9126 25.0178 25.2412 49.9191 54.6238 26.4791 21.3911 21.5512 20.9248 21.2971 24.3331 27.1011 33.2803 32.2657 20.3883 21.9992 19.0496 15.2903 10.8453 7.35255 8.46732 7.61931 7.86804 4.85409 3.95496 4.65489 7.42937 4.55848 3.41969 2.90231 2.25234 1.89916 1.49749 1.21986 1.14389 1.20723 1.3225 1.34301 1.20949 1.04505 0.92171 0.843778 0.805714 0.803794 0.837419 0.909315 1.01897 1.14551 1.22094 1.16671 1.02052 0.872769 0.757046 0.67294 0.612575 0.56799 0.533996 0.5072 0.485517 0.467402 0.451354 0.436108 0.420737 0.404941 0.388879 0.373051 0.35798 0.344062 0.3314 0.319952 0.309402 0.299322 0.289621 0.28006 0.270459 0.260731 0.250859 0.240866 0.230827 0.220864 0.211004 0.20138 0.192072 0.18313 3.91276
# Year for Tmin Age-structure (set to Ydecl by SS)
2013
#  recruitment and biomass
# Number of historical assessment years
137
# Historical data
# year recruitment spawner in B0 in R project in R/S project
1888  1889 1890 1891 1892 1893 1894 1895 1896 1897 1898 1899 1900 1901 1902 1903 1904 1905 1906 1907 1908 1909 1910 1911 1912 1913 1914 1915 1916 1917 1918 1919 1920 1921 1922 1923 1924 1925 1926 1927 1928 1929 1930 1931 1932 1933 1934 1935 1936 1937 1938 1939 1940 1941 1942 1943 1944 1945 1946 1947 1948 1949 1950 1951 1952 1953 1954 1955 1956 1957 1958 1959 1960 1961 1962 1963 1964 1965 1966 1967 1968 1969 1970 1971 1972 1973 1974 1975 1976 1977 1978 1979 1980 1981 1982 1983 1984 1985 1986 1987 1988 1989 1990 1991 1992 1993 1994 1995 1996 1997 1998 1999 2000 2001 2002 2003 2004 2005 2006 2007 2008 2009 2010 2011 2012 2013 2014 2015 2016 2017 2018 2019 2020 2021 2022 2023 2024 #years (with first value representing R0)
223.729 227.955 228.104 228.259 228.419 228.576 228.74 228.91 229.092 229.283 229.483 229.69 229.909 230.137 230.377 230.625 230.889 231.169 231.468 231.795 232.147 232.525 232.931 233.36 233.808 234.256 234.682 235.042 235.286 235.355 235.165 234.601 233.672 232.299 230.46 228.179 225.51 222.551 219.456 216.393 213.403 210.734 208.514 206.683 205.104 203.502 201.593 199.165 196.219 192.974 189.879 187.439 186.145 186.395 188.667 193.72 202.68 217.195 238.539 265.708 289.341 288.359 257.598 218.135 185.274 162.374 148.292 141.41 140.849 146.291 157.652 173.338 182.739 170.715 147.687 132.443 133.441 154.375 183.956 204.187 245.064 267.306 327.501 486.51 275.344 209.365 227.889 324.776 274.285 263.773 196.702 247.336 295.198 309.398 298.908 230.723 303.677 260.824 177.793 134.733 100.612 85.4308 77.1927 68.2862 76.5489 145.146 123.469 58.6504 54.9608 64.4415 97.4856 133.872 77.1519 95.3424 312.744 141.167 91.03 138.336 234.589 242.729 388.758 328.19 303.943 234.538 216.42 472.002 230.946 308.071 222.988 111.932 110.099 117.784 116.897 155.779 173.204 178.227 187.164  #recruits; first value is R0 (virgin)
1135.51  1135.51 1135.51 1135.49 1135.47 1135 1134.54 1134.08 1133.92 1133.85 1133.77 1133.71 1133.64 1133.6 1133.58 1133.59 1133.65 1133.74 1133.87 1134.05 1134.25 1134.37 1134.63 1134.92 1135.22 1135.55 1135.89 1136.24 1136.54 1136.92 1137.16 1135.35 1135.15 1135.09 1135.11 1135.44 1135.72 1135.47 1134.89 1133.52 1131.46 1129.52 1128.06 1126.28 1125.54 1124.97 1124.39 1123.28 1122.11 1119.92 1117.95 1115.6 1113.79 1110.74 1106.06 1100.92 1091.16 1080.6 1064.69 1049.91 1042.77 1034.53 1027.97 1020.61 1011.57 1003.57 997.352 989.97 983.023 976.128 968.276 961.315 955.698 951.491 949.328 946.556 945.294 945.18 935.132 931.877 926.592 920.752 905.611 895.034 881.226 864.214 845.817 825.644 805.866 783.349 761.247 726.649 690.427 663.121 628.536 572.087 524.25 496.771 460.202 431.188 404.267 381.497 352.723 332.486 298.592 268.016 238.729 223.435 207.992 191.042 171.174 165.247 154.934 156.587 157.559 163.724 170.038 176.522 182.946 189.62 195.694 202.042 208.217 215.016 222.006 229.235 237.334 246.393 255.975 266.891 278.116 291.11 305.529 322.437 341 359.948 379.711 #spbio; first value is SSB_virgin (virgin)
1 0 0 0 0 0 0 0 0 0 0 0 0 0 0 0 0 0 0 0 0 0 0 0 0 0 0 0 0 0 0 0 0 0 0 0 0 0 0 0 0 0 0 0 0 0 0 0 0 0 0 0 0 0 0 0 0 0 0 0 0 0 0 0 0 0 0 0 0 0 0 0 0 0 0 0 0 0 0 0 0 0 0 0 0 0 0 0 0 0 0 0 0 0 0 0 0 0 0 0 0 0 0 0 0 0 0 0 0 0 0 0 0 0 0 0 0 0 0 0 0 0 0 0 0 0 0 0 0 0 0 0 0 0 0 0 0  # in Bzero
0 1 1 1 1 1 1 1 1 1 1 1 1 1 1 1 1 1 1 1 1 1 1 1 1 1 1 1 1 1 1 1 1 1 1 1 1 1 1 1 1 1 1 1 1 1 1 1 1 1 1 1 1 1 1 1 1 1 1 1 1 1 1 1 1 1 1 1 1 1 1 1 1 1 1 1 1 1 1 1 1 1 1 1 1 1 1 1 1 1 1 1 1 1 1 1 1 1 1 1 1 1 1 1 1 1 1 1 1 1 1 1 1 1 1 1 1 1 1 1 1 1 1 1 1 1 1 1 1 1 1 1 1 1  0 0 0 # in R project
0 1 1 1 1 1 1 1 1 1 1 1 1 1 1 1 1 1 1 1 1 1 1 1 1 1 1 1 1 1 1 1 1 1 1 1 1 1 1 1 1 1 1 1 1 1 1 1 1 1 1 1 1 1 1 1 1 1 1 1 1 1 1 1 1 1 1 1 1 1 1 1 1 1 1 1 1 1 1 1 1 1 1 1 1 1 1 1 1 1 1 1 1 1 1 1 1 1 1 1 1 1 1 1 1 1 1 1 1 1 1 1 1 1 1 1 1 1 1 1 1 1 1 1 1 1 1 1 1 1 1 1 1 1  0 0 0 # in R/S project
# Number of years with pre-specified catches
0
# catches for years with pre-specified catches go next
# Number of future recruitments to override
-2
# Process for overiding (-1 for average otherwise index in data list)
# Which probability to product detailed results for (1=0.5; 2=0.6; etc.)
3
# Steepness sigma-R Auto-correlation
0.718 0.5 0
# Target SPR rate (FMSY Proxy); manually change to SPR_MSY if not using SPR_target
0.5
# Discount rate (for cumulative catch)
0.1
# Truncate the series when 0.4B0 is reached (1=Yes)
0
# Set F to FMSY once 0.4B0 is reached (1=Yes)
0
# Maximum possible F for projection (-1 to set to FMSY)
-1
# Defintion of recovery (1=now only;2=now or before)
2
# Projection type
4
# Definition of the 40-10 rule
10 40
# Sigma Assessment Error (Base, Year1, Slope, MaxSigma)
1.0 2025 0.075 2.0
# Pstar
0.45
# Constrain catches by the ABC (1=yes, 2=no)
2
# Implementation Error (0=no; 1=lognormal; 2=uniform)
0
#Parameters of Implementaion Error
1 0.3
# Calculate coefficients of variation (1=Yes)
0
# Number of replicates to use
10
# Random number seed
-99004
# File with multiple parameter vectors 
rebuild.SSO
# User-specific projection (1=Yes); Output replaced (1->9)
0  5
# Catches and Fs (Year; 1/2/3 (F or C or SPR); value); Final row is -1
2024 1 1
-1 -1 -1
# Fixed catch project (1=Yes); Output replaced (1->9); Approach (-1=Read in else 1-9)
0 2 -1
# (48a) Special catch options (1-Yes) [CUT_OFF, Emsy, distribution, MAXCAT, Add, replace_code]
0 0.18 1.00 1.00 0 6
# (48b) B1Target
150000
# Split of Fs
2011  0.017761
 0
 0.419177
 0.0228197
 0.181717
 0.187955
 0.17057
-1  1 1 1 1 1 1 1 1 1 1 1 1
# Yrs to define T_target for projection type 4 (a.k.a. 5 pre-specified inputs)
2030 2031 2032 2033 2034 
# Year for probability of recovery
2034 2035 2036 2037 2038 2039 2040 2041
# Time varying weight-at-age (1=Yes;0=No)
0
# File with time series of weight-at-age data
none
# Use bisection (0) or linear interpolation (1)
1
# Target Depletion
0.4
# CV of implementation error
0
