#Title, #runnumber: 1 yelloweye_data.ss yelloweye_control.ss 4810 1142.17 485.157 StartTime: Thu Apr 24 07:31:53 2025
SSv3_default_rebuild.dat
# Number of sexes
1
# Age range to consider (minimum age; maximum age)
0 100
# Number of fleets
7
# First year of projection (Yinit)
2011
# First Year of rebuilding period (Ydecl)
2013
# Number of simulations
1000
# Maximum number of years
500
# Conduct projections with multiple starting values (0=No;else yes)
0
# Number of parameter vectors
1000
# Is the maximum age a plus-group (1=Yes;2=No)
1
# Generate future recruitments using historical recruitments (1)  historical recruits/spawner (2)  or a stock-recruitment (3)
3
# Constant fishing mortality (1) or constant Catch (2) projections
1
# Fishing mortality based on SPR (1) or actual rate (2)
1
# Pre-specify the year of recovery (or -1) to ignore
-1
# Fecundity-at-age
# 0 1 2 3 4 5 6 7 8 9 10 11 12 13 14 15 16 17 18 19 20 21 22 23 24 25 26 27 28 29 30 31 32 33 34 35 36 37 38 39 40 41 42 43 44 45 46 47 48 49 50 51 52 53 54 55 56 57 58 59 60 61 62 63 64 65 66 67 68 69 70 71 72 73 74 75 76 77 78 79 80 81 82 83 84 85 86 87 88 89 90 91 92 93 94 95 96 97 98 99 100 #runnumber: 1 yelloweye_data.ss yelloweye_control.ss 4810 1142.17 485.157
 0 0 5.07759e-08 6.07289e-07 5.2541e-06 3.52512e-05 0.000188714 0.000807108 0.00275072 0.00756447 0.0172379 0.0335924 0.0576755 0.0894956 0.128144 0.172143 0.219824 0.269618 0.32022 0.370643 0.420199 0.468449 0.515139 0.560142 0.603413 0.644955 0.684798 0.722983 0.759554 0.794557 0.828038 0.860037 0.890596 0.919756 0.947556 0.974036 0.999237 1.0232 1.04596 1.06757 1.08807 1.10749 1.12589 1.1433 1.15976 1.17532 1.19002 1.20389 1.21699 1.22933 1.24097 1.25194 1.26227 1.27199 1.28114 1.28975 1.29785 1.30546 1.31262 1.31934 1.32566 1.33159 1.33717 1.3424 1.34731 1.35192 1.35624 1.3603 1.36411 1.36768 1.37103 1.37426 1.37728 1.38012 1.38278 1.38528 1.38761 1.3898 1.39186 1.39378 1.39559 1.39728 1.39886 1.40034 1.40173 1.40303 1.40425 1.40539 1.40646 1.40746 1.4084 1.40928 1.41011 1.41088 1.4116 1.41227 1.41291 1.4135 1.41405 1.41457 1.41538 #female fecundity; weighted by N in year Y_init across morphs and areas
# Age specific selectivity and weight adjusted for discard and discard mortality
 #wt and selex for gender,fleet: 1 1 1_CA_TWL
 0.00934883 0.0274092 0.0684641 0.128618 0.207063 0.300931 0.406922 0.521963 0.643443 0.769263 0.897811 1.02793 1.15889 1.29028 1.42198 1.55395 1.68618 1.81861 1.95103 2.08312 2.21444 2.34451 2.47277 2.59871 2.72184 2.84172 2.95801 3.07043 3.17877 3.28291 3.38276 3.47831 3.56956 3.65656 3.73939 3.81815 3.89294 3.9639 4.03114 4.09482 4.15506 4.21201 4.26582 4.31663 4.36457 4.40978 4.4524 4.49256 4.53038 4.56598 4.59948 4.631 4.66064 4.68851 4.7147 4.73931 4.76243 4.78414 4.80453 4.82367 4.84163 4.85849 4.87431 4.88915 4.90307 4.91613 4.92838 4.93986 4.95062 4.96072 4.97027 4.97933 4.98782 4.99577 5.00322 5.01021 5.01675 5.02288 5.02863 5.03401 5.03905 5.04377 5.04819 5.05234 5.05622 5.05985 5.06326 5.06645 5.06943 5.07223 5.07485 5.0773 5.0796 5.08175 5.08376 5.08564 5.08741 5.08906 5.09061 5.09206 5.09431
 0 0.00125544 0.00421591 0.0120817 0.0286969 0.058158 0.103386 0.165041 0.241216 0.327914 0.419974 0.512077 0.599571 0.67899 0.748235 0.806492 0.853978 0.891617 0.920722 0.942747 0.959101 0.971049 0.979657 0.985787 0.99011 0.993135 0.99524 0.996698 0.997706 0.998401 0.998881 0.999213 0.999443 0.999603 0.999715 0.999793 0.999849 0.999888 0.999917 0.999937 0.999952 0.999963 0.999971 0.999976 0.999981 0.999984 0.999987 0.999989 0.99999 0.999992 0.999992 0.999993 0.999994 0.999994 0.999995 0.999995 0.999995 0.999995 0.999996 0.999996 0.999996 0.999996 0.999996 0.999996 0.999996 0.999996 0.999996 0.999996 0.999996 0.999996 0.999996 0.999996 0.999996 0.999996 0.999996 0.999996 0.999996 0.999996 0.999996 0.999996 0.999996 0.999996 0.999996 0.999996 0.999996 0.999996 0.999996 0.999996 0.999996 0.999996 0.999996 0.999996 0.999996 0.999996 0.999996 0.999996 0.999996 0.999996 0.999996 0.999996 0.999996
 #wt and selex for gender,fleet: 1 3 3_CA_REC
 0.00934518 0.0259277 0.0637874 0.119478 0.192168 0.279388 0.378259 0.486072 0.600506 0.719732 0.842474 0.968002 1.09603 1.2265 1.35939 1.49454 1.63159 1.76995 1.90888 2.04757 2.18518 2.32093 2.45413 2.58421 2.71071 2.83328 2.95167 3.0657 3.17526 3.28031 3.38084 3.47689 3.5685 3.65578 3.73881 3.81771 3.89261 3.96365 4.03095 4.09467 4.15495 4.21193 4.26575 4.31657 4.36453 4.40975 4.45237 4.49254 4.53036 4.56596 4.59947 4.63099 4.66063 4.6885 4.71469 4.7393 4.76242 4.78414 4.80452 4.82366 4.84163 4.85849 4.87431 4.88915 4.90307 4.91613 4.92838 4.93986 4.95062 4.96072 4.97027 4.97933 4.98782 4.99577 5.00322 5.01021 5.01675 5.02288 5.02863 5.03401 5.03905 5.04377 5.04819 5.05234 5.05622 5.05985 5.06326 5.06645 5.06943 5.07223 5.07485 5.0773 5.0796 5.08175 5.08376 5.08564 5.08741 5.08906 5.09061 5.09206 5.09431
 0 0.00658926 0.0177044 0.0414335 0.0826491 0.1441 0.224902 0.320595 0.424363 0.528692 0.626865 0.713975 0.787322 0.846259 0.891691 0.925449 0.949737 0.966723 0.978313 0.986055 0.991133 0.994412 0.996503 0.997822 0.998648 0.999161 0.99948 0.999676 0.999798 0.999873 0.99992 0.999949 0.999967 0.999979 0.999986 0.999991 0.999994 0.999996 0.999997 0.999998 0.999998 0.999999 0.999999 0.999999 0.999999 0.999999 0.999999 0.999999 0.999999 0.999999 0.999999 0.999999 0.999999 0.999999 0.999999 0.999999 0.999999 0.999999 0.999999 0.999999 0.999999 0.999999 0.999999 0.999999 0.999999 0.999999 0.999999 0.999999 0.999999 0.999999 0.999999 0.999999 0.999999 0.999999 0.999999 0.999999 0.999999 0.999999 0.999999 0.999999 0.999999 0.999999 0.999999 0.999999 0.999999 0.999999 0.999999 0.999999 0.999999 0.999999 0.999999 0.999999 0.999999 0.999999 0.999999 0.999999 0.999999 0.999999 0.999999 0.999999 0.999999
 #wt and selex for gender,fleet: 1 4 4_ORWA_TWL
 0.00934164 0.0245024 0.0595586 0.112398 0.18267 0.268589 0.367771 0.477735 0.596171 0.721037 0.8506 0.983435 1.11842 1.25473 1.39175 1.52906 1.66633 1.80326 1.93954 2.07479 2.20862 2.34059 2.47025 2.59718 2.72098 2.84131 2.95787 3.07046 3.17889 3.28306 3.38293 3.47847 3.5697 3.65669 3.7395 3.81824 3.89302 3.96396 4.03119 4.09486 4.1551 4.21204 4.26585 4.31665 4.36459 4.4098 4.45241 4.49257 4.53039 4.56599 4.59949 4.63101 4.66065 4.68851 4.7147 4.73931 4.76243 4.78414 4.80453 4.82367 4.84163 4.85849 4.87431 4.88915 4.90308 4.91613 4.92838 4.93986 4.95062 4.96072 4.97028 4.97933 4.98782 4.99577 5.00322 5.01021 5.01675 5.02288 5.02863 5.03401 5.03905 5.04377 5.0482 5.05234 5.05622 5.05985 5.06326 5.06645 5.06943 5.07223 5.07485 5.0773 5.0796 5.08175 5.08376 5.08564 5.08741 5.08906 5.09061 5.09206 5.09431
 0 0.0112286 0.0243528 0.0478535 0.0840512 0.134056 0.197171 0.27102 0.352077 0.436332 0.519885 0.59939 0.672307 0.73699 0.792653 0.839245 0.877272 0.907606 0.931307 0.949489 0.963209 0.973416 0.980915 0.986368 0.990297 0.99311 0.995111 0.99653 0.997533 0.998242 0.998742 0.999096 0.999346 0.999524 0.999651 0.999743 0.999808 0.999856 0.99989 0.999916 0.999935 0.999948 0.999959 0.999967 0.999973 0.999978 0.999981 0.999984 0.999986 0.999988 0.999989 0.99999 0.999991 0.999992 0.999992 0.999993 0.999993 0.999993 0.999994 0.999994 0.999994 0.999994 0.999994 0.999994 0.999995 0.999995 0.999995 0.999995 0.999995 0.999995 0.999995 0.999995 0.999995 0.999995 0.999995 0.999995 0.999995 0.999995 0.999995 0.999995 0.999995 0.999995 0.999995 0.999995 0.999995 0.999995 0.999995 0.999995 0.999995 0.999995 0.999995 0.999995 0.999995 0.999995 0.999995 0.999995 0.999995 0.999995 0.999995 0.999995 0.999995
 #wt and selex for gender,fleet: 1 5 5_ORWA_NONTWL
 0.00934652 0.0265211 0.0660689 0.124803 0.202255 0.295979 0.402939 0.52015 0.644962 0.775145 0.908881 1.04473 1.18156 1.31855 1.4551 1.59084 1.7255 1.85892 1.99096 2.12148 2.2503 2.37722 2.50197 2.62428 2.74386 2.86042 2.97369 3.08345 3.1895 3.29168 3.38991 3.48411 3.57426 3.66037 3.74248 3.82065 3.89498 3.96556 4.03251 4.09594 4.15599 4.21279 4.26647 4.31717 4.36503 4.41017 4.45274 4.49285 4.53063 4.5662 4.59968 4.63117 4.66079 4.68864 4.71482 4.73942 4.76253 4.78423 4.80461 4.82374 4.8417 4.85856 4.87437 4.88921 4.90313 4.91618 4.92843 4.93991 4.95067 4.96076 4.97032 4.97937 4.98786 4.99581 5.00326 5.01024 5.01679 5.02292 5.02866 5.03404 5.03908 5.04381 5.04823 5.05237 5.05625 5.05989 5.06329 5.06648 5.06946 5.07226 5.07488 5.07733 5.07963 5.08178 5.08379 5.08568 5.08744 5.08909 5.09064 5.09209 5.09434
 0 0.00141761 0.00420309 0.0109559 0.0243772 0.0473526 0.0821046 0.129533 0.188955 0.258267 0.334393 0.413827 0.493133 0.569325 0.640085 0.703852 0.759796 0.807711 0.847879 0.880916 0.907632 0.928915 0.945652 0.958667 0.968691 0.976351 0.982166 0.986558 0.989864 0.992345 0.994205 0.995599 0.996644 0.997429 0.99802 0.998466 0.998805 0.999062 0.999259 0.99941 0.999527 0.999617 0.999688 0.999744 0.999788 0.999823 0.999852 0.999874 0.999893 0.999908 0.99992 0.999931 0.999939 0.999946 0.999952 0.999957 0.999961 0.999965 0.999968 0.999971 0.999973 0.999975 0.999977 0.999979 0.99998 0.999981 0.999982 0.999983 0.999984 0.999985 0.999986 0.999986 0.999986 0.999987 0.999987 0.999987 0.999987 0.999988 0.999988 0.999988 0.999988 0.999988 0.999988 0.999989 0.999989 0.999989 0.999989 0.999989 0.999989 0.999989 0.999989 0.999989 0.999989 0.999989 0.99999 0.99999 0.99999 0.99999 0.99999 0.99999 0.99999
 #wt and selex for gender,fleet: 1 6 6_OR_REC
 0.00938251 0.0377449 0.0909965 0.161897 0.246004 0.337747 0.433054 0.529771 0.627771 0.728459 0.833833 0.945624 1.06478 1.19131 1.32437 1.46256 1.60424 1.74775 1.89159 2.03454 2.1756 2.314 2.44916 2.58063 2.7081 2.83132 2.95013 3.06443 3.17417 3.27932 3.37991 3.47599 3.56762 3.65489 3.73791 3.81681 3.8917 3.96272 4.03001 4.09371 4.15398 4.21095 4.26476 4.31557 4.36352 4.40873 4.45135 4.4915 4.52931 4.56491 4.59841 4.62993 4.65957 4.68743 4.71362 4.73822 4.76134 4.78305 4.80343 4.82257 4.84053 4.85739 4.87321 4.88805 4.90197 4.91502 4.92726 4.93874 4.94951 4.9596 4.96916 4.97821 4.98669 4.99464 5.00209 5.00907 5.01561 5.02174 5.02748 5.03286 5.0379 5.04262 5.04704 5.05118 5.05506 5.05869 5.06209 5.06528 5.06827 5.07106 5.07368 5.07613 5.07842 5.08057 5.08259 5.08447 5.08623 5.08789 5.08943 5.09088 5.09314
 0 0.000106484 0.00121702 0.00798745 0.032365 0.0906278 0.19183 0.328686 0.480461 0.62422 0.744335 0.835146 0.898512 0.93994 0.965611 0.980817 0.98948 0.994244 0.996773 0.998061 0.998678 0.99894 0.999017 0.999 0.998936 0.998849 0.998752 0.99865 0.998548 0.998448 0.998349 0.998254 0.998162 0.998073 0.997988 0.997907 0.997829 0.997755 0.997684 0.997617 0.997553 0.997493 0.997435 0.997381 0.99733 0.997281 0.997235 0.997192 0.997151 0.997112 0.997076 0.997042 0.997009 0.996979 0.99695 0.996924 0.996898 0.996875 0.996852 0.996831 0.996812 0.996793 0.996776 0.996759 0.996744 0.99673 0.996716 0.996704 0.996692 0.996681 0.99667 0.99666 0.996651 0.996642 0.996634 0.996626 0.996619 0.996612 0.996606 0.9966 0.996594 0.996589 0.996584 0.996579 0.996575 0.996571 0.996567 0.996564 0.99656 0.996557 0.996554 0.996552 0.996549 0.996547 0.996544 0.996542 0.99654 0.996538 0.996537 0.996535 0.996533
 #wt and selex for gender,fleet: 1 7 7_WA_REC
 0.00938515 0.0388849 0.095797 0.174355 0.270392 0.377803 0.491526 0.60793 0.724702 0.840681 0.955704 1.07036 1.18567 1.30271 1.42237 1.54518 1.67123 1.8002 1.93142 2.06398 2.19688 2.32911 2.45977 2.58804 2.71329 2.835 2.95281 3.06645 3.17576 3.28064 3.38106 3.47703 3.5686 3.65584 3.73885 3.81774 3.89263 3.96366 4.03096 4.09468 4.15495 4.21193 4.26576 4.31658 4.36453 4.40975 4.45238 4.49254 4.53036 4.56596 4.59947 4.63099 4.66063 4.6885 4.71469 4.7393 4.76242 4.78414 4.80452 4.82366 4.84163 4.85849 4.87431 4.88915 4.90307 4.91613 4.92838 4.93986 4.95062 4.96072 4.97027 4.97933 4.98782 4.99577 5.00322 5.01021 5.01675 5.02288 5.02863 5.03401 5.03905 5.04377 5.0482 5.05234 5.05622 5.05985 5.06326 5.06645 5.06943 5.07223 5.07485 5.0773 5.0796 5.08175 5.08376 5.08564 5.08741 5.08906 5.09061 5.09206 5.09431
 0 8.2812e-06 0.000112907 0.000923664 0.0047577 0.0169835 0.045532 0.0976817 0.176095 0.276965 0.391278 0.508032 0.617447 0.712895 0.791312 0.852566 0.898415 0.931514 0.954685 0.970489 0.981033 0.98794 0.992395 0.995234 0.997025 0.998147 0.998846 0.99928 0.999549 0.999717 0.999821 0.999886 0.999927 0.999952 0.999969 0.999979 0.999986 0.99999 0.999993 0.999995 0.999996 0.999997 0.999998 0.999998 0.999999 0.999999 0.999999 0.999999 0.999999 0.999999 0.999999 0.999999 0.999999 0.999999 0.999999 0.999999 0.999999 0.999999 0.999999 0.999999 0.999999 0.999999 0.999999 0.999999 0.999999 0.999999 0.999999 0.999999 0.999999 0.999999 0.999999 0.999999 0.999999 0.999999 0.999999 0.999999 0.999999 0.999999 0.999999 0.999999 0.999999 0.999999 0.999999 0.999999 0.999999 0.999999 0.999999 0.999999 0.999999 0.999999 0.999999 0.999999 0.999999 0.999999 0.999999 0.999999 0.999999 0.999999 0.999999 0.999999 0.999999
# Sex ratio correction
1
# M and current age-structure in year Yinit: 2011
 # gender = 1
 0.0439034 0.0439034 0.0439034 0.0439034 0.0439034 0.0439034 0.0439034 0.0439034 0.0439034 0.0439034 0.0439034 0.0439034 0.0439034 0.0439034 0.0439034 0.0439034 0.0439034 0.0439034 0.0439034 0.0439034 0.0439034 0.0439034 0.0439034 0.0439034 0.0439034 0.0439034 0.0439034 0.0439034 0.0439034 0.0439034 0.0439034 0.0439034 0.0439034 0.0439034 0.0439034 0.0439034 0.0439034 0.0439034 0.0439034 0.0439034 0.0439034 0.0439034 0.0439034 0.0439034 0.0439034 0.0439034 0.0439034 0.0439034 0.0439034 0.0439034 0.0439034 0.0439034 0.0439034 0.0439034 0.0439034 0.0439034 0.0439034 0.0439034 0.0439034 0.0439034 0.0439034 0.0439034 0.0439034 0.0439034 0.0439034 0.0439034 0.0439034 0.0439034 0.0439034 0.0439034 0.0439034 0.0439034 0.0439034 0.0439034 0.0439034 0.0439034 0.0439034 0.0439034 0.0439034 0.0439034 0.0439034 0.0439034 0.0439034 0.0439034 0.0439034 0.0439034 0.0439034 0.0439034 0.0439034 0.0439034 0.0439034 0.0439034 0.0439034 0.0439034 0.0439034 0.0439034 0.0439034 0.0439034 0.0439034 0.0439034 0.0439034
 188.508 110.016 130.622 244.463 176.483 134.693 107.984 86.4059 186.327 436.896 90.5695 65.8315 123.489 77.1942 41.7193 35.917 38.2887 95.5067 101.709 36.6897 28.8652 30.5769 33.1365 34.0718 35.4399 37.0178 47.5342 49.8846 32.8176 41.3584 27.0176 18.6101 13.4567 10.8129 12.583 13.2279 11.5841 6.56027 6.18704 7.85304 11.1055 6.41357 5.06389 4.01811 3.10613 2.53346 1.98404 1.63995 1.554 1.64647 1.80518 1.84794 1.69442 1.48282 1.31013 1.19299 1.13076 1.12114 1.16356 1.26033 1.40816 1.57527 1.67001 1.59474 1.39908 1.19893 1.04034 0.924364 0.841015 0.779626 0.733048 0.696554 0.667242 0.642981 0.621649 0.601374 0.580702 0.559079 0.536706 0.514364 0.49292 0.473059 0.455016 0.438784 0.424049 0.410322 0.396919 0.383809 0.370723 0.357529 0.344186 0.330711 0.317189 0.303771 0.290484 0.277498 0.264919 0.252809 0.241203 0.230124 4.97318
# Age-structure at Ydeclare= 2013
 136.843 120.733 172.66 100.766 119.634 223.876 161.59 123.287 98.7943 79.008 170.268 398.991 82.6635 60.0545 112.605 70.3671 38.0199 32.7259 34.8821 87.0009 92.6449 33.4183 26.2907 27.849 30.1798 31.0312 32.2769 33.7136 43.2907 45.4307 29.8871 37.6647 24.6043 16.9476 12.2544 9.84671 11.4585 12.0456 10.5486 5.97378 5.63387 7.15084 10.1124 5.83997 4.61097 3.65869 2.82827 2.30681 1.80654 1.49322 1.41495 1.49915 1.64365 1.68258 1.5428 1.35013 1.19289 1.08623 1.02957 1.02081 1.05943 1.14754 1.28214 1.4343 1.52056 1.45202 1.27387 1.09163 0.947237 0.841638 0.765749 0.709853 0.667444 0.634216 0.607527 0.585437 0.566014 0.547554 0.528732 0.509043 0.488673 0.46833 0.448806 0.430723 0.414295 0.399515 0.386099 0.3736 0.361397 0.34946 0.337545 0.325532 0.313383 0.301114 0.288802 0.276586 0.264487 0.252663 0.24121 0.230184 4.95726
# Year for Tmin Age-structure (set to Ydecl by SS)
2013
#  recruitment and biomass
# Number of historical assessment years
137
# Historical data
# year recruitment spawner in B0 in R project in R/S project
1888  1889 1890 1891 1892 1893 1894 1895 1896 1897 1898 1899 1900 1901 1902 1903 1904 1905 1906 1907 1908 1909 1910 1911 1912 1913 1914 1915 1916 1917 1918 1919 1920 1921 1922 1923 1924 1925 1926 1927 1928 1929 1930 1931 1932 1933 1934 1935 1936 1937 1938 1939 1940 1941 1942 1943 1944 1945 1946 1947 1948 1949 1950 1951 1952 1953 1954 1955 1956 1957 1958 1959 1960 1961 1962 1963 1964 1965 1966 1967 1968 1969 1970 1971 1972 1973 1974 1975 1976 1977 1978 1979 1980 1981 1982 1983 1984 1985 1986 1987 1988 1989 1990 1991 1992 1993 1994 1995 1996 1997 1998 1999 2000 2001 2002 2003 2004 2005 2006 2007 2008 2009 2010 2011 2012 2013 2014 2015 2016 2017 2018 2019 2020 2021 2022 2023 2024 #years (with first value representing R0)
225.39 228.369 228.476 228.586 228.701 228.811 228.926 229.046 229.176 229.312 229.454 229.601 229.754 229.914 230.079 230.247 230.422 230.609 230.802 231.022 231.254 231.502 231.761 232.026 232.298 232.556 232.778 232.922 232.942 232.783 232.364 231.576 230.433 228.862 226.851 224.43 221.658 218.637 215.521 212.32 209.354 206.796 204.71 203.014 201.545 200.001 198.074 195.556 192.474 189.094 185.902 183.406 182.073 182.273 184.462 189.393 198.163 212.333 232.981 258.846 280.88 279.982 251.349 213.804 182.06 159.882 146.504 140.478 140.851 146.927 157.858 171.087 176.776 163.376 140.726 125.155 124.104 140.587 167.419 190.515 227.511 263.1 303.812 476.377 302.935 213.161 200.522 312.119 312.212 258.57 192.286 205.891 243.708 301.561 392.374 264.453 341.957 278.291 186.362 154.784 130.466 112.531 93.2144 79.9279 93.3344 240.177 211.216 79.847 70.9878 78.4027 138.233 210.958 107.372 141.103 650.453 265.193 117.606 140.594 167.793 210.38 278.886 142.611 114.954 188.508 126.152 136.843 148.797 152.07 173.037 176.995 180.8 184.573 188.228 191.869 195.404 196.862 197.846  #recruits; first value is R0 (virgin)
1142.17  1142.17 1142.16 1142.15 1142.12 1141.66 1141.2 1140.74 1140.58 1140.51 1140.43 1140.37 1140.3 1140.24 1140.19 1140.15 1140.13 1140.12 1140.13 1140.17 1140.22 1140.17 1140.25 1140.34 1140.44 1140.54 1140.66 1140.79 1140.84 1140.98 1140.96 1138.9 1138.43 1138.1 1137.83 1137.87 1137.83 1137.26 1136.34 1134.62 1132.2 1129.87 1128 1125.79 1124.6 1123.55 1122.49 1120.87 1119.2 1116.51 1114.04 1111.2 1108.93 1105.43 1100.34 1094.81 1084.67 1073.75 1057.47 1042.39 1035.02 1026.81 1020.2 1012.72 1003.57 995.579 989.326 982.002 975.06 968.13 960.12 952.879 946.741 941.754 938.583 934.69 932.435 931.421 920.631 917.097 911.793 906.065 891.595 881.9 868.82 852.356 834.82 815.254 795.829 773.565 751.567 716.839 680.476 652.802 617.564 561.874 532.885 511.119 484.329 462.535 435.648 412.207 383.236 363.252 328.217 297.131 267.724 252.546 237.87 221.96 203.416 198.599 190.088 194.357 197.753 206.56 215.573 225.041 234.587 244.591 254.116 264.168 274.276 285.266 297.126 309.862 324 339.225 355.073 371.647 387.459 403.438 418.692 434.122 448.724 461.223 472.285 #spbio; first value is SSB_virgin (virgin)
1 0 0 0 0 0 0 0 0 0 0 0 0 0 0 0 0 0 0 0 0 0 0 0 0 0 0 0 0 0 0 0 0 0 0 0 0 0 0 0 0 0 0 0 0 0 0 0 0 0 0 0 0 0 0 0 0 0 0 0 0 0 0 0 0 0 0 0 0 0 0 0 0 0 0 0 0 0 0 0 0 0 0 0 0 0 0 0 0 0 0 0 0 0 0 0 0 0 0 0 0 0 0 0 0 0 0 0 0 0 0 0 0 0 0 0 0 0 0 0 0 0 0 0 0 0 0 0 0 0 0 0 0 0 0 0 0  # in Bzero
0 1 1 1 1 1 1 1 1 1 1 1 1 1 1 1 1 1 1 1 1 1 1 1 1 1 1 1 1 1 1 1 1 1 1 1 1 1 1 1 1 1 1 1 1 1 1 1 1 1 1 1 1 1 1 1 1 1 1 1 1 1 1 1 1 1 1 1 1 1 1 1 1 1 1 1 1 1 1 1 1 1 1 1 1 1 1 1 1 1 1 1 1 1 1 1 1 1 1 1 1 1 1 1 1 1 1 1 1 1 1 1 1 1 1 1 1 1 1 1 1 1 1 1 1 1 1 1 1 1 1 1 1 1  0 0 0 # in R project
0 1 1 1 1 1 1 1 1 1 1 1 1 1 1 1 1 1 1 1 1 1 1 1 1 1 1 1 1 1 1 1 1 1 1 1 1 1 1 1 1 1 1 1 1 1 1 1 1 1 1 1 1 1 1 1 1 1 1 1 1 1 1 1 1 1 1 1 1 1 1 1 1 1 1 1 1 1 1 1 1 1 1 1 1 1 1 1 1 1 1 1 1 1 1 1 1 1 1 1 1 1 1 1 1 1 1 1 1 1 1 1 1 1 1 1 1 1 1 1 1 1 1 1 1 1 1 1 1 1 1 1 1 1  0 0 0 # in R/S project
# Number of years with pre-specified catches
0
# catches for years with pre-specified catches go next
# Number of future recruitments to override
-2
# Process for overiding (-1 for average otherwise index in data list)
# Which probability to product detailed results for (1=0.5; 2=0.6; etc.)
3
# Steepness sigma-R Auto-correlation
0.718 0.5 0
# Target SPR rate (FMSY Proxy); manually change to SPR_MSY if not using SPR_target
0.5
# Discount rate (for cumulative catch)
0.1
# Truncate the series when 0.4B0 is reached (1=Yes)
0
# Set F to FMSY once 0.4B0 is reached (1=Yes)
0
# Maximum possible F for projection (-1 to set to FMSY)
-1
# Defintion of recovery (1=now only;2=now or before)
2
# Projection type
4
# Definition of the 40-10 rule
10 40
# Sigma Assessment Error (Base, Year1, Slope, MaxSigma)
1.0 2025 0.075 2.0
# Pstar
0.45
# Constrain catches by the ABC (1=yes, 2=no)
2
# Implementation Error (0=no; 1=lognormal; 2=uniform)
0
#Parameters of Implementaion Error
1 0.3
# Calculate coefficients of variation (1=Yes)
0
# Number of replicates to use
10
# Random number seed
-99004
# File with multiple parameter vectors 
rebuild.SSO
# User-specific projection (1=Yes); Output replaced (1->9)
0  5
# Catches and Fs (Year; 1/2/3 (F or C or SPR); value); Final row is -1
2024 1 1
-1 -1 -1
# Fixed catch project (1=Yes); Output replaced (1->9); Approach (-1=Read in else 1-9)
0 2 -1
# (48a) Special catch options (1-Yes) [CUT_OFF, Emsy, distribution, MAXCAT, Add, replace_code]
0 0.18 1.00 1.00 0 6
# (48b) B1Target
150000
# Split of Fs
2011  0.0172826
 0
 0.404338
 0.0232965
 0.170807
 0.187165
 0.197111
-1  1 1 1 1 1 1 1 1 1 1 1 1
# Yrs to define T_target for projection type 4 (a.k.a. 5 pre-specified inputs)
2030 2031 2032 2033 2034 
# Year for probability of recovery
2034 2035 2036 2037 2038 2039 2040 2041
# Time varying weight-at-age (1=Yes;0=No)
0
# File with time series of weight-at-age data
none
# Use bisection (0) or linear interpolation (1)
1
# Target Depletion
0.4
# CV of implementation error
0
