#Title, #runnumber: 1 yelloweye_data.ss control_modified.ss 7227.27 1098.63 398.787 StartTime: Wed Apr 23 21:21:30 2025
SSv3_default_rebuild.dat
# Number of sexes
1
# Age range to consider (minimum age; maximum age)
0 100
# Number of fleets
7
# First year of projection (Yinit)
2011
# First Year of rebuilding period (Ydecl)
2013
# Number of simulations
1000
# Maximum number of years
500
# Conduct projections with multiple starting values (0=No;else yes)
0
# Number of parameter vectors
1000
# Is the maximum age a plus-group (1=Yes;2=No)
1
# Generate future recruitments using historical recruitments (1)  historical recruits/spawner (2)  or a stock-recruitment (3)
3
# Constant fishing mortality (1) or constant Catch (2) projections
1
# Fishing mortality based on SPR (1) or actual rate (2)
1
# Pre-specify the year of recovery (or -1) to ignore
-1
# Fecundity-at-age
# 0 1 2 3 4 5 6 7 8 9 10 11 12 13 14 15 16 17 18 19 20 21 22 23 24 25 26 27 28 29 30 31 32 33 34 35 36 37 38 39 40 41 42 43 44 45 46 47 48 49 50 51 52 53 54 55 56 57 58 59 60 61 62 63 64 65 66 67 68 69 70 71 72 73 74 75 76 77 78 79 80 81 82 83 84 85 86 87 88 89 90 91 92 93 94 95 96 97 98 99 100 #runnumber: 1 yelloweye_data.ss control_modified.ss 7227.27 1098.63 398.787
 0 0 2.77641e-09 5.76214e-08 7.31429e-07 6.55174e-06 4.50053e-05 0.000247136 0.00109774 0.0039206 0.0112404 0.0262724 0.0515079 0.0874926 0.132717 0.184447 0.239746 0.296161 0.351972 0.406142 0.458139 0.507762 0.554987 0.599879 0.642536 0.683059 0.721543 0.758074 0.792727 0.825572 0.856672 0.886089 0.913885 0.940119 0.964852 0.988144 1.01006 1.03065 1.04999 1.06813 1.08514 1.10107 1.11597 1.12991 1.14294 1.15512 1.16648 1.17708 1.18697 1.19619 1.20478 1.21278 1.22023 1.22717 1.23362 1.23962 1.24521 1.2504 1.25523 1.25971 1.26388 1.26775 1.27135 1.27469 1.27779 1.28067 1.28335 1.28583 1.28813 1.29027 1.29226 1.29413 1.29586 1.29748 1.29897 1.30036 1.30164 1.30284 1.30394 1.30497 1.30592 1.30681 1.30762 1.30838 1.30909 1.30974 1.31035 1.31091 1.31143 1.31191 1.31236 1.31277 1.31316 1.31351 1.31384 1.31415 1.31444 1.3147 1.31494 1.31517 1.3155 #female fecundity; weighted by N in year Y_init across morphs and areas
# Age specific selectivity and weight adjusted for discard and discard mortality
 #wt and selex for gender,fleet: 1 1 1_CA_TWL
 0.00896707 0.00910986 0.0278221 0.0692604 0.13154 0.213775 0.313171 0.426415 0.550257 0.681785 0.818562 0.958785 1.10144 1.24619 1.39305 1.54184 1.69203 1.8427 1.9927 2.14085 2.28608 2.42751 2.56445 2.69642 2.82307 2.94422 3.05974 3.16963 3.27392 3.3727 3.46608 3.55422 3.6373 3.71549 3.789 3.85802 3.92278 3.98346 4.04029 4.09346 4.14318 4.18963 4.23301 4.2735 4.31126 4.34647 4.37929 4.40985 4.43832 4.46482 4.48948 4.51242 4.53376 4.5536 4.57204 4.58919 4.60511 4.61991 4.63366 4.64643 4.65829 4.6693 4.67952 4.689 4.69781 4.70598 4.71357 4.72061 4.72714 4.73319 4.73885 4.74413 4.74903 4.75357 4.75778 4.76169 4.76531 4.76867 4.77179 4.77468 4.77736 4.77985 4.78215 4.78429 4.78627 4.78811 4.78981 4.79139 4.79285 4.79421 4.79547 4.79664 4.79772 4.79872 4.79965 4.80051 4.80131 4.80205 4.80274 4.80337 4.8043
 0 0.00106808 0.00242079 0.00918326 0.0273234 0.0650488 0.128956 0.220291 0.33359 0.45829 0.58203 0.693955 0.78697 0.858514 0.909859 0.94456 0.966861 0.98062 0.988842 0.993639 0.996391 0.997954 0.998835 0.999332 0.999614 0.999773 0.999865 0.999918 0.999949 0.999968 0.999979 0.999986 0.99999 0.999993 0.999994 0.999996 0.999996 0.999997 0.999997 0.999997 0.999997 0.999997 0.999997 0.999997 0.999997 0.999997 0.999997 0.999997 0.999997 0.999997 0.999997 0.999997 0.999997 0.999997 0.999997 0.999997 0.999997 0.999997 0.999997 0.999997 0.999997 0.999997 0.999997 0.999997 0.999997 0.999997 0.999997 0.999997 0.999997 0.999997 0.999997 0.999997 0.999997 0.999997 0.999997 0.999997 0.999997 0.999997 0.999997 0.999997 0.999997 0.999997 0.999997 0.999997 0.999997 0.999997 0.999997 0.999997 0.999997 0.999997 0.999997 0.999997 0.999997 0.999997 0.999997 0.999997 0.999997 0.999997 0.999997 0.999997 0.999997
 #wt and selex for gender,fleet: 1 3 3_CA_REC
 0.00896707 0.00910975 0.0269374 0.0666919 0.126536 0.205661 0.30152 0.411049 0.531205 0.659261 0.793078 0.931396 1.07381 1.22024 1.37038 1.52335 1.67785 1.83238 1.9855 2.136 2.28289 2.42545 2.56314 2.69558 2.82255 2.94388 3.05953 3.1695 3.27383 3.37264 3.46604 3.5542 3.63728 3.71548 3.78899 3.85802 3.92277 3.98346 4.04029 4.09346 4.14318 4.18963 4.23301 4.2735 4.31126 4.34647 4.37929 4.40986 4.43832 4.46482 4.48948 4.51242 4.53376 4.5536 4.57204 4.58919 4.60512 4.61992 4.63366 4.64643 4.65829 4.6693 4.67952 4.68901 4.69781 4.70598 4.71357 4.72061 4.72714 4.7332 4.73885 4.74413 4.74903 4.75357 4.75778 4.76169 4.76531 4.76867 4.77179 4.77468 4.77736 4.77985 4.78215 4.78429 4.78627 4.78811 4.78981 4.79139 4.79285 4.79421 4.79547 4.79664 4.79772 4.79872 4.79965 4.80051 4.80131 4.80205 4.80274 4.80337 4.8043
 0 0.00388593 0.00809729 0.0251228 0.0628302 0.129165 0.226191 0.347802 0.48151 0.612607 0.728417 0.821182 0.888983 0.934586 0.963121 0.979935 0.989374 0.99448 0.997168 0.998555 0.999264 0.999623 0.999806 0.999899 0.999946 0.999971 0.999984 0.999991 0.999995 0.999997 0.999998 0.999999 0.999999 0.999999 0.999999 0.999999 0.999999 0.999999 0.999999 0.999999 0.999999 0.999999 0.999999 0.999999 0.999999 0.999999 0.999999 0.999999 0.999999 0.999999 0.999999 0.999999 0.999999 0.999999 0.999999 0.999999 0.999999 0.999999 0.999999 0.999999 0.999999 0.999999 0.999999 0.999999 0.999999 0.999999 0.999999 0.999999 0.999999 0.999999 0.999999 0.999999 0.999999 0.999999 0.999999 0.999999 0.999999 0.999999 0.999999 0.999999 0.999999 0.999999 0.999999 0.999999 0.999999 0.999999 0.999999 0.999999 0.999999 0.999999 0.999999 0.999999 0.999999 0.999999 0.999999 0.999999 0.999999 0.999999 0.999999 0.999999 0.999999
 #wt and selex for gender,fleet: 1 4 4_ORWA_TWL
 0.00896707 0.00910959 0.0255391 0.0628262 0.119803 0.196099 0.289814 0.398374 0.519022 0.649097 0.786213 0.928436 1.07443 1.22338 1.37474 1.52783 1.68178 1.83548 1.98778 2.13759 2.28396 2.42615 2.56358 2.69587 2.82272 2.94399 3.0596 3.16954 3.27386 3.37266 3.46605 3.55421 3.63729 3.71548 3.78899 3.85802 3.92277 3.98346 4.04029 4.09346 4.14318 4.18963 4.23301 4.2735 4.31126 4.34647 4.37929 4.40985 4.43832 4.46482 4.48948 4.51242 4.53376 4.5536 4.57204 4.58919 4.60511 4.61991 4.63366 4.64643 4.65829 4.6693 4.67952 4.689 4.69781 4.70598 4.71357 4.72061 4.72714 4.73319 4.73885 4.74413 4.74903 4.75357 4.75778 4.76169 4.76531 4.76867 4.77179 4.77468 4.77736 4.77985 4.78215 4.78429 4.78627 4.78811 4.78981 4.79139 4.79285 4.79421 4.79547 4.79663 4.79772 4.79872 4.79965 4.80051 4.80131 4.80205 4.80274 4.80337 4.8043
 0 0.0136374 0.0249441 0.0563303 0.109537 0.186481 0.284385 0.396192 0.512584 0.624293 0.723852 0.806549 0.870696 0.917287 0.949122 0.969729 0.982466 0.99005 0.994433 0.996913 0.998294 0.999056 0.999476 0.999706 0.999833 0.999904 0.999944 0.999966 0.999979 0.999987 0.999991 0.999994 0.999995 0.999996 0.999997 0.999997 0.999997 0.999997 0.999997 0.999997 0.999997 0.999997 0.999997 0.999997 0.999997 0.999997 0.999997 0.999997 0.999997 0.999997 0.999997 0.999997 0.999997 0.999997 0.999997 0.999997 0.999997 0.999997 0.999997 0.999997 0.999997 0.999997 0.999997 0.999997 0.999997 0.999997 0.999997 0.999997 0.999997 0.999997 0.999997 0.999997 0.999997 0.999997 0.999997 0.999997 0.999997 0.999997 0.999997 0.999997 0.999997 0.999997 0.999997 0.999997 0.999997 0.999997 0.999997 0.999997 0.999997 0.999997 0.999997 0.999997 0.999997 0.999997 0.999997 0.999997 0.999997 0.999997 0.999997 0.999997 0.999997
 #wt and selex for gender,fleet: 1 5 5_ORWA_NONTWL
 0.00896707 0.00910977 0.0271717 0.0678821 0.12997 0.213116 0.315024 0.432648 0.562785 0.702397 0.84876 0.999521 1.15269 1.30662 1.46001 1.61188 1.76155 1.90859 2.05272 2.19372 2.33138 2.46546 2.59568 2.72177 2.84345 2.96049 3.07268 3.1799 3.28207 3.37918 3.47126 3.55838 3.64065 3.71822 3.79123 3.85986 3.9243 3.98474 4.04137 4.09438 4.14397 4.19032 4.23361 4.27402 4.31173 4.34688 4.37966 4.41019 4.43862 4.4651 4.48973 4.51266 4.53398 4.5538 4.57224 4.58937 4.60529 4.62008 4.63382 4.64658 4.65843 4.66943 4.67965 4.68913 4.69793 4.7061 4.71368 4.72072 4.72725 4.7333 4.73896 4.74423 4.74913 4.75367 4.75788 4.76179 4.76541 4.76877 4.77189 4.77478 4.77746 4.77994 4.78225 4.78438 4.78636 4.7882 4.7899 4.79148 4.79295 4.7943 4.79556 4.79673 4.79781 4.79881 4.79974 4.8006 4.8014 4.80214 4.80283 4.80346 4.80439
 0 0.000641858 0.00136412 0.00454563 0.0125434 0.0289632 0.0575954 0.101158 0.160317 0.23339 0.316758 0.4057 0.495312 0.58123 0.660091 0.729708 0.78905 0.838071 0.877451 0.908327 0.93204 0.949943 0.963275 0.9731 0.980287 0.985518 0.989318 0.992076 0.994082 0.995545 0.996618 0.997408 0.997994 0.998431 0.99876 0.99901 0.999201 0.999349 0.999463 0.999553 0.999624 0.999681 0.999727 0.999764 0.999794 0.999819 0.99984 0.999857 0.999871 0.999884 0.999894 0.999903 0.99991 0.999917 0.999923 0.999928 0.999932 0.999936 0.999939 0.999942 0.999945 0.999947 0.999949 0.999951 0.999953 0.999954 0.999955 0.999957 0.999958 0.999959 0.99996 0.99996 0.999961 0.999961 0.999962 0.999962 0.999963 0.999963 0.999963 0.999964 0.999964 0.999964 0.999964 0.999965 0.999965 0.999965 0.999965 0.999965 0.999965 0.999966 0.999966 0.999966 0.999966 0.999966 0.999966 0.999966 0.999966 0.999966 0.999966 0.999966 0.999967
 #wt and selex for gender,fleet: 1 6 6_OR_REC
 0.00896707 0.00911118 0.0350572 0.085306 0.156338 0.243964 0.342898 0.448686 0.558484 0.672027 0.791487 0.919511 1.05724 1.20373 1.35662 1.51316 1.67088 1.82786 1.98264 2.13418 2.28169 2.42459 2.56246 2.69499 2.82199 2.94333 3.05896 3.16891 3.27322 3.372 3.46537 3.5535 3.63656 3.71474 3.78823 3.85723 3.92197 3.98264 4.03945 4.09261 4.14231 4.18875 4.23212 4.27259 4.31035 4.34555 4.37835 4.40891 4.43737 4.46386 4.48851 4.51145 4.53278 4.55261 4.57105 4.58819 4.60412 4.61891 4.63265 4.64542 4.65727 4.66828 4.6785 4.68798 4.69679 4.70496 4.71254 4.71957 4.7261 4.73216 4.73781 4.74309 4.74798 4.75252 4.75674 4.76064 4.76426 4.76762 4.77074 4.77363 4.77631 4.77879 4.78109 4.78323 4.78521 4.78705 4.78875 4.79033 4.79179 4.79315 4.7944 4.79557 4.79665 4.79765 4.79858 4.79945 4.80024 4.80098 4.80167 4.80231 4.80323
 0 1.80088e-05 9.07503e-05 0.00137121 0.0105895 0.0472323 0.137969 0.291813 0.483218 0.666979 0.808972 0.900865 0.952551 0.978637 0.990754 0.996027 0.998189 0.999011 0.999272 0.999304 0.999242 0.999143 0.99903 0.998911 0.998793 0.998676 0.998562 0.998451 0.998345 0.998243 0.998146 0.998053 0.997965 0.997882 0.997803 0.997729 0.997659 0.997593 0.997531 0.997473 0.997418 0.997367 0.997319 0.997274 0.997233 0.997194 0.997157 0.997123 0.997091 0.997062 0.997034 0.997009 0.996985 0.996963 0.996942 0.996923 0.996905 0.996888 0.996873 0.996859 0.996845 0.996833 0.996822 0.996811 0.996801 0.996792 0.996783 0.996775 0.996768 0.996761 0.996755 0.996749 0.996743 0.996738 0.996733 0.996729 0.996725 0.996721 0.996718 0.996714 0.996711 0.996708 0.996706 0.996703 0.996701 0.996699 0.996697 0.996695 0.996694 0.996692 0.996691 0.996689 0.996688 0.996687 0.996686 0.996685 0.996684 0.996683 0.996683 0.996682 0.996681
 #wt and selex for gender,fleet: 1 7 7_WA_REC
 0.00896707 0.00911102 0.0345878 0.0859015 0.160806 0.25614 0.366862 0.488132 0.615921 0.747147 0.879718 1.01269 1.14628 1.28151 1.41947 1.56068 1.7049 1.85116 1.99808 2.14419 2.28811 2.42872 2.56517 2.69684 2.82333 2.94437 3.05983 3.16969 3.27396 3.37272 3.46609 3.55423 3.6373 3.71549 3.789 3.85803 3.92278 3.98347 4.04029 4.09347 4.14318 4.18963 4.23301 4.2735 4.31126 4.34647 4.37929 4.40986 4.43832 4.46482 4.48948 4.51242 4.53376 4.5536 4.57204 4.58919 4.60512 4.61992 4.63366 4.64643 4.65829 4.6693 4.67952 4.68901 4.69781 4.70598 4.71357 4.72061 4.72714 4.7332 4.73885 4.74413 4.74903 4.75357 4.75778 4.76169 4.76531 4.76867 4.77179 4.77468 4.77736 4.77985 4.78215 4.78429 4.78627 4.78811 4.78981 4.79139 4.79285 4.79421 4.79547 4.79664 4.79772 4.79872 4.79965 4.80051 4.80131 4.80205 4.80274 4.80337 4.8043
 0 2.51399e-06 1.17734e-05 0.000173072 0.00146178 0.00768229 0.0276256 0.0736092 0.154926 0.270871 0.409274 0.551526 0.680218 0.784656 0.862019 0.915172 0.949543 0.970731 0.983322 0.990605 0.994738 0.997056 0.998348 0.999066 0.999467 0.999692 0.99982 0.999892 0.999935 0.99996 0.999975 0.999984 0.999989 0.999993 0.999995 0.999996 0.999997 0.999998 0.999998 0.999999 0.999999 0.999999 0.999999 0.999999 0.999999 0.999999 0.999999 0.999999 0.999999 0.999999 0.999999 0.999999 0.999999 0.999999 0.999999 0.999999 0.999999 0.999999 0.999999 0.999999 0.999999 0.999999 0.999999 0.999999 0.999999 0.999999 0.999999 0.999999 0.999999 0.999999 0.999999 0.999999 0.999999 0.999999 0.999999 0.999999 0.999999 0.999999 0.999999 0.999999 0.999999 0.999999 0.999999 0.999999 0.999999 0.999999 0.999999 0.999999 0.999999 0.999999 0.999999 0.999999 0.999999 0.999999 0.999999 0.999999 0.999999 0.999999 0.999999 0.999999 0.999999
# Sex ratio correction
1
# M and current age-structure in year Yinit: 2011
 # gender = 1
 0.045 0.045 0.045 0.045 0.045 0.045 0.045 0.045 0.045 0.045 0.045 0.045 0.045 0.045 0.045 0.045 0.045 0.045 0.045 0.045 0.045 0.045 0.045 0.045 0.045 0.045 0.045 0.045 0.045 0.045 0.045 0.045 0.045 0.045 0.045 0.045 0.045 0.045 0.045 0.045 0.045 0.045 0.045 0.045 0.045 0.045 0.045 0.045 0.045 0.045 0.045 0.045 0.045 0.045 0.045 0.045 0.045 0.045 0.045 0.045 0.045 0.045 0.045 0.045 0.045 0.045 0.045 0.045 0.045 0.045 0.045 0.045 0.045 0.045 0.045 0.045 0.045 0.045 0.045 0.045 0.045 0.045 0.045 0.045 0.045 0.045 0.045 0.045 0.045 0.045 0.045 0.045 0.045 0.045 0.045 0.045 0.045 0.045 0.045 0.045 0.045
 240.238 296.773 304.463 353.614 206.914 190.346 108.133 67.6169 96.1563 220.539 64.3412 51.402 90.2112 57.3622 35.5601 28.2201 28.1345 55.0438 59.1329 28.7725 23.1188 23.1753 22.5564 22.9681 26.208 28.9896 35.6622 34.5144 21.5037 23.274 19.7899 15.8136 11.4267 7.66868 8.78258 7.96049 8.10322 5.07248 4.13976 4.88016 7.54624 4.74951 3.5373 2.97954 2.31207 1.94674 1.54051 1.25639 1.17575 1.23631 1.34923 1.36951 1.23715 1.07141 0.945514 0.865192 0.825352 0.822306 0.855299 0.92666 1.03505 1.1584 1.23002 1.17643 1.03306 0.886176 0.7699 0.684821 0.623511 0.578121 0.543472 0.516137 0.493994 0.475465 0.459011 0.443336 0.427492 0.411178 0.394573 0.378205 0.362622 0.34824 0.335163 0.323351 0.312562 0.302435 0.292468 0.282654 0.272804 0.262825 0.252695 0.242436 0.232122 0.22188 0.211738 0.201834 0.192255 0.183052 0.174255 0.165882 3.45033
# Age-structure at Ydeclare= 2013
 488.518 209.104 219.56 271.226 278.245 323.134 189.039 173.829 98.682 61.6492 87.5757 200.645 58.4819 46.6851 81.8853 52.0464 32.2556 25.5929 25.5122 49.9097 53.615 26.0869 20.9605 21.0115 20.4502 20.8233 23.7603 26.2817 32.3304 31.2891 19.4937 21.0979 17.939 14.3342 10.3573 6.95083 7.96026 7.21498 7.34418 4.59724 3.75183 4.42277 6.83883 4.3042 3.2056 2.7001 2.0952 1.76413 1.39599 1.13852 1.06543 1.12031 1.22263 1.24099 1.12105 0.970862 0.856781 0.783996 0.747894 0.745133 0.775029 0.839693 0.937908 1.04968 1.11458 1.06602 0.936104 0.803004 0.697641 0.620546 0.564991 0.52386 0.492463 0.467694 0.447629 0.430839 0.415929 0.401725 0.387368 0.372585 0.357539 0.342707 0.328587 0.315555 0.303705 0.293002 0.283226 0.274049 0.265017 0.256125 0.247199 0.238157 0.228978 0.219682 0.210335 0.201055 0.191865 0.182891 0.174211 0.165871 3.43472
# Year for Tmin Age-structure (set to Ydecl by SS)
2013
#  recruitment and biomass
# Number of historical assessment years
137
# Historical data
# year recruitment spawner in B0 in R project in R/S project
1888  1889 1890 1891 1892 1893 1894 1895 1896 1897 1898 1899 1900 1901 1902 1903 1904 1905 1906 1907 1908 1909 1910 1911 1912 1913 1914 1915 1916 1917 1918 1919 1920 1921 1922 1923 1924 1925 1926 1927 1928 1929 1930 1931 1932 1933 1934 1935 1936 1937 1938 1939 1940 1941 1942 1943 1944 1945 1946 1947 1948 1949 1950 1951 1952 1953 1954 1955 1956 1957 1958 1959 1960 1961 1962 1963 1964 1965 1966 1967 1968 1969 1970 1971 1972 1973 1974 1975 1976 1977 1978 1979 1980 1981 1982 1983 1984 1985 1986 1987 1988 1989 1990 1991 1992 1993 1994 1995 1996 1997 1998 1999 2000 2001 2002 2003 2004 2005 2006 2007 2008 2009 2010 2011 2012 2013 2014 2015 2016 2017 2018 2019 2020 2021 2022 2023 2024 #years (with first value representing R0)
227.643 232.833 233.023 233.22 233.425 233.629 233.841 234.061 234.298 234.545 234.803 235.073 235.356 235.653 235.964 236.286 236.627 236.988 237.368 237.78 238.219 238.684 239.176 239.688 240.214 240.735 241.221 241.626 241.896 241.965 241.743 241.108 240.072 238.553 236.531 234.036 231.133 227.928 224.587 221.114 217.853 214.989 212.595 210.606 208.875 207.119 205.04 202.42 199.258 195.779 192.444 189.768 188.248 188.282 190.345 195.188 203.901 218.062 238.784 264.807 286.834 285.203 255.381 216.914 184.57 161.882 147.869 140.982 140.35 145.615 156.587 171.5 179.95 167.9 145.534 130.729 131.685 151.776 179.7 199.115 238.184 260.867 320.902 463.538 270.368 205.224 223.304 314.457 270.319 258.975 194.733 247.691 290.061 304.704 298.708 228.974 304.424 261.024 177.127 134.865 100.689 85.3665 76.882 68.2953 76.9045 145.136 125.634 60.2741 57.1197 68.2627 104.683 156.7 85.0629 101.5 331.861 138.105 92.7466 141.713 238.415 247.735 404.733 333.137 310.433 240.238 218.729 488.518 238.88 318.388 225.332 114.076 110.548 116.3 115.768 153.542 172.4 177.604 191.461  #recruits; first value is R0 (virgin)
1098.63  1098.63 1098.63 1098.61 1098.58 1098.12 1097.66 1097.2 1097.05 1096.97 1096.9 1096.84 1096.79 1096.76 1096.76 1096.81 1096.91 1097.05 1097.26 1097.51 1097.8 1098.02 1098.39 1098.79 1099.22 1099.67 1100.15 1100.65 1101.1 1101.64 1102.04 1100.41 1100.39 1100.51 1100.72 1101.25 1101.73 1101.68 1101.32 1100.18 1098.35 1096.63 1095.41 1093.86 1093.34 1092.99 1092.63 1091.72 1090.75 1088.75 1086.94 1084.74 1083.06 1080.12 1075.53 1070.47 1060.77 1050.27 1034.41 1019.67 1012.53 1004.5 998.026 990.644 981.558 973.576 967.273 959.853 952.779 945.721 937.64 930.437 924.498 919.898 917.252 913.966 912.253 911.63 901.089 897.452 891.793 885.496 870.377 859.944 846.176 829.095 810.995 790.895 770.96 748.193 725.703 690.674 654.029 626.213 591.038 536.117 507.343 485.547 458.581 436.317 408.911 385.07 355.701 334.915 298.958 266.802 236.055 219.366 203.137 185.327 164.584 157.545 146.484 148.265 148.941 154.98 161.039 167.411 173.757 180.484 186.614 193.149 199.528 206.47 213.84 221.601 230.365 239.966 250.2 261.561 273.127 286.401 301.042 318.107 336.768 355.77 375.547 #spbio; first value is SSB_virgin (virgin)
1 0 0 0 0 0 0 0 0 0 0 0 0 0 0 0 0 0 0 0 0 0 0 0 0 0 0 0 0 0 0 0 0 0 0 0 0 0 0 0 0 0 0 0 0 0 0 0 0 0 0 0 0 0 0 0 0 0 0 0 0 0 0 0 0 0 0 0 0 0 0 0 0 0 0 0 0 0 0 0 0 0 0 0 0 0 0 0 0 0 0 0 0 0 0 0 0 0 0 0 0 0 0 0 0 0 0 0 0 0 0 0 0 0 0 0 0 0 0 0 0 0 0 0 0 0 0 0 0 0 0 0 0 0 0 0 0  # in Bzero
0 1 1 1 1 1 1 1 1 1 1 1 1 1 1 1 1 1 1 1 1 1 1 1 1 1 1 1 1 1 1 1 1 1 1 1 1 1 1 1 1 1 1 1 1 1 1 1 1 1 1 1 1 1 1 1 1 1 1 1 1 1 1 1 1 1 1 1 1 1 1 1 1 1 1 1 1 1 1 1 1 1 1 1 1 1 1 1 1 1 1 1 1 1 1 1 1 1 1 1 1 1 1 1 1 1 1 1 1 1 1 1 1 1 1 1 1 1 1 1 1 1 1 1 1 1 1 1 1 1 1 1 1 1  0 0 0 # in R project
0 1 1 1 1 1 1 1 1 1 1 1 1 1 1 1 1 1 1 1 1 1 1 1 1 1 1 1 1 1 1 1 1 1 1 1 1 1 1 1 1 1 1 1 1 1 1 1 1 1 1 1 1 1 1 1 1 1 1 1 1 1 1 1 1 1 1 1 1 1 1 1 1 1 1 1 1 1 1 1 1 1 1 1 1 1 1 1 1 1 1 1 1 1 1 1 1 1 1 1 1 1 1 1 1 1 1 1 1 1 1 1 1 1 1 1 1 1 1 1 1 1 1 1 1 1 1 1 1 1 1 1 1 1  0 0 0 # in R/S project
# Number of years with pre-specified catches
0
# catches for years with pre-specified catches go next
# Number of future recruitments to override
-2
# Process for overiding (-1 for average otherwise index in data list)
# Which probability to product detailed results for (1=0.5; 2=0.6; etc.)
3
# Steepness sigma-R Auto-correlation
0.718 0.5 0
# Target SPR rate (FMSY Proxy); manually change to SPR_MSY if not using SPR_target
0.5
# Discount rate (for cumulative catch)
0.1
# Truncate the series when 0.4B0 is reached (1=Yes)
0
# Set F to FMSY once 0.4B0 is reached (1=Yes)
0
# Maximum possible F for projection (-1 to set to FMSY)
-1
# Defintion of recovery (1=now only;2=now or before)
2
# Projection type
4
# Definition of the 40-10 rule
10 40
# Sigma Assessment Error (Base, Year1, Slope, MaxSigma)
1.0 2025 0.075 2.0
# Pstar
0.45
# Constrain catches by the ABC (1=yes, 2=no)
2
# Implementation Error (0=no; 1=lognormal; 2=uniform)
0
#Parameters of Implementaion Error
1 0.3
# Calculate coefficients of variation (1=Yes)
0
# Number of replicates to use
10
# Random number seed
-99004
# File with multiple parameter vectors 
rebuild.SSO
# User-specific projection (1=Yes); Output replaced (1->9)
0  5
# Catches and Fs (Year; 1/2/3 (F or C or SPR); value); Final row is -1
2024 1 1
-1 -1 -1
# Fixed catch project (1=Yes); Output replaced (1->9); Approach (-1=Read in else 1-9)
0 2 -1
# (48a) Special catch options (1-Yes) [CUT_OFF, Emsy, distribution, MAXCAT, Add, replace_code]
0 0.18 1.00 1.00 0 6
# (48b) B1Target
150000
# Split of Fs
2011  0.0167153
 0
 0.394271
 0.0238385
 0.192143
 0.195526
 0.177506
-1  1 1 1 1 1 1 1 1 1 1 1 1
# Yrs to define T_target for projection type 4 (a.k.a. 5 pre-specified inputs)
2030 2031 2032 2033 2034 
# Year for probability of recovery
2034 2035 2036 2037 2038 2039 2040 2041
# Time varying weight-at-age (1=Yes;0=No)
0
# File with time series of weight-at-age data
none
# Use bisection (0) or linear interpolation (1)
1
# Target Depletion
0.4
# CV of implementation error
0
