#Title, #runnumber: 1 yelloweye_data.ss yelloweye_control.ss 7126.25 1088.76 351.286 StartTime: Thu May  1 10:15:19 2025
SSv3_default_rebuild.dat
# Number of sexes
1
# Age range to consider (minimum age; maximum age)
0 100
# Number of fleets
7
# First year of projection (Yinit)
2011
# First Year of rebuilding period (Ydecl)
2013
# Number of simulations
1000
# Maximum number of years
500
# Conduct projections with multiple starting values (0=No;else yes)
0
# Number of parameter vectors
1000
# Is the maximum age a plus-group (1=Yes;2=No)
1
# Generate future recruitments using historical recruitments (1)  historical recruits/spawner (2)  or a stock-recruitment (3)
3
# Constant fishing mortality (1) or constant Catch (2) projections
1
# Fishing mortality based on SPR (1) or actual rate (2)
1
# Pre-specify the year of recovery (or -1) to ignore
-1
# Fecundity-at-age
# 0 1 2 3 4 5 6 7 8 9 10 11 12 13 14 15 16 17 18 19 20 21 22 23 24 25 26 27 28 29 30 31 32 33 34 35 36 37 38 39 40 41 42 43 44 45 46 47 48 49 50 51 52 53 54 55 56 57 58 59 60 61 62 63 64 65 66 67 68 69 70 71 72 73 74 75 76 77 78 79 80 81 82 83 84 85 86 87 88 89 90 91 92 93 94 95 96 97 98 99 100 #runnumber: 1 yelloweye_data.ss yelloweye_control.ss 7126.25 1088.76 351.286
 0 0 2.48844e-09 5.33726e-08 6.95967e-07 6.34956e-06 4.41769e-05 0.00024469 0.00109267 0.00391349 0.0112336 0.0262671 0.0515019 0.0874799 0.132687 0.184382 0.239619 0.295935 0.351603 0.405581 0.457341 0.50668 0.553582 0.598114 0.640381 0.680487 0.718533 0.754608 0.788791 0.821155 0.851768 0.880695 0.907998 0.933742 0.957988 0.980799 1.00224 1.02237 1.04125 1.05895 1.07553 1.09103 1.10553 1.11908 1.13174 1.14355 1.15456 1.16483 1.1744 1.18331 1.19161 1.19933 1.20651 1.21319 1.21941 1.22518 1.23055 1.23553 1.24016 1.24446 1.24846 1.25216 1.2556 1.25879 1.26176 1.26451 1.26705 1.26942 1.27161 1.27365 1.27553 1.27731 1.27896 1.28049 1.2819 1.28322 1.28443 1.28556 1.28661 1.28758 1.28847 1.28931 1.29008 1.29079 1.29145 1.29207 1.29264 1.29316 1.29365 1.2941 1.29452 1.29491 1.29527 1.2956 1.29591 1.2962 1.29646 1.29671 1.29693 1.29714 1.29745 #female fecundity; weighted by N in year Y_init across morphs and areas
# Age specific selectivity and weight adjusted for discard and discard mortality
 #wt and selex for gender,fleet: 1 1 1_CA_TWL
 0.00896707 0.00905431 0.0269105 0.0682179 0.130518 0.212906 0.312474 0.425817 0.54963 0.680979 0.817446 0.957291 1.09959 1.24409 1.39082 1.53956 1.68971 1.84027 1.99001 2.13774 2.28236 2.42301 2.55903 2.68994 2.81544 2.93535 3.04957 3.15811 3.26102 3.35839 3.45035 3.53707 3.61873 3.69552 3.76764 3.8353 3.89872 3.9581 4.01365 4.06559 4.1141 4.1594 4.20165 4.24106 4.27779 4.312 4.34386 4.37351 4.4011 4.42676 4.45062 4.4728 4.49341 4.51256 4.53035 4.54687 4.56221 4.57645 4.58967 4.60193 4.61331 4.62387 4.63367 4.64275 4.65118 4.65899 4.66624 4.67296 4.67919 4.68496 4.69035 4.69537 4.70003 4.70435 4.70835 4.71206 4.71549 4.71868 4.72163 4.72436 4.7269 4.72925 4.73142 4.73344 4.73531 4.73704 4.73864 4.74012 4.7415 4.74277 4.74396 4.74505 4.74606 4.747 4.74787 4.74868 4.74942 4.75011 4.75076 4.75135 4.75221
 0 0.00104532 0.00228446 0.0088921 0.0270257 0.0652399 0.130432 0.22383 0.339568 0.466471 0.591622 0.703881 0.796218 0.866392 0.916083 0.94918 0.970121 0.982829 0.990292 0.99457 0.996978 0.99832 0.999062 0.999473 0.999701 0.999828 0.999899 0.99994 0.999963 0.999977 0.999985 0.99999 0.999993 0.999995 0.999996 0.999996 0.999997 0.999997 0.999997 0.999997 0.999997 0.999997 0.999997 0.999997 0.999997 0.999997 0.999997 0.999997 0.999997 0.999997 0.999997 0.999997 0.999997 0.999997 0.999997 0.999997 0.999997 0.999997 0.999997 0.999997 0.999997 0.999997 0.999997 0.999997 0.999997 0.999997 0.999997 0.999997 0.999997 0.999997 0.999997 0.999997 0.999997 0.999997 0.999997 0.999997 0.999997 0.999997 0.999997 0.999997 0.999997 0.999997 0.999997 0.999997 0.999997 0.999997 0.999997 0.999997 0.999997 0.999997 0.999997 0.999997 0.999997 0.999997 0.999997 0.999997 0.999997 0.999997 0.999997 0.999997 0.999997
 #wt and selex for gender,fleet: 1 3 3_CA_REC
 0.00896707 0.00905426 0.0260064 0.0655164 0.125258 0.204417 0.300372 0.409992 0.530189 0.658223 0.791979 0.930253 1.07268 1.21918 1.36939 1.52238 1.67676 1.83101 1.98368 2.13355 2.27967 2.42131 2.55796 2.68928 2.81503 2.93509 3.04942 3.15801 3.26095 3.35835 3.45033 3.53706 3.61872 3.69551 3.76763 3.8353 3.89872 3.9581 4.01365 4.06559 4.1141 4.1594 4.20166 4.24106 4.27779 4.312 4.34386 4.37351 4.4011 4.42676 4.45062 4.4728 4.49341 4.51257 4.53035 4.54687 4.56221 4.57645 4.58967 4.60193 4.61331 4.62387 4.63367 4.64275 4.65118 4.65899 4.66624 4.67296 4.67919 4.68496 4.69035 4.69537 4.70003 4.70435 4.70835 4.71206 4.7155 4.71868 4.72163 4.72437 4.7269 4.72925 4.73142 4.73344 4.73531 4.73704 4.73864 4.74012 4.7415 4.74278 4.74396 4.74505 4.74606 4.747 4.74787 4.74868 4.74942 4.75012 4.75076 4.75135 4.75221
 0 0.00395331 0.0079482 0.0249476 0.0630203 0.130319 0.228875 0.352243 0.487436 0.61934 0.73511 0.827113 0.893741 0.938097 0.965539 0.981509 0.990355 0.995071 0.997514 0.998755 0.999378 0.999688 0.999842 0.999919 0.999958 0.999978 0.999988 0.999993 0.999996 0.999998 0.999998 0.999999 0.999999 0.999999 0.999999 0.999999 0.999999 0.999999 0.999999 0.999999 0.999999 0.999999 0.999999 0.999999 0.999999 0.999999 0.999999 0.999999 0.999999 0.999999 0.999999 0.999999 0.999999 0.999999 0.999999 0.999999 0.999999 0.999999 0.999999 0.999999 0.999999 0.999999 0.999999 0.999999 0.999999 0.999999 0.999999 0.999999 0.999999 0.999999 0.999999 0.999999 0.999999 0.999999 0.999999 0.999999 0.999999 0.999999 0.999999 0.999999 0.999999 0.999999 0.999999 0.999999 0.999999 0.999999 0.999999 0.999999 0.999999 0.999999 0.999999 0.999999 0.999999 0.999999 0.999999 0.999999 0.999999 0.999999 0.999999 0.999999 0.999999
 #wt and selex for gender,fleet: 1 4 4_ORWA_TWL
 0.00896707 0.00905419 0.0246315 0.0615816 0.118436 0.194859 0.288933 0.398046 0.519397 0.650281 0.788257 0.931284 1.07787 1.22706 1.37823 1.53075 1.68384 1.83651 1.9877 2.13635 2.28155 2.42254 2.55876 2.68979 2.81536 2.9353 3.04955 3.1581 3.26101 3.35838 3.45035 3.53707 3.61873 3.69552 3.76764 3.8353 3.89872 3.9581 4.01365 4.06559 4.1141 4.1594 4.20165 4.24106 4.27779 4.312 4.34386 4.37351 4.4011 4.42676 4.45062 4.4728 4.49341 4.51256 4.53035 4.54687 4.56221 4.57645 4.58967 4.60193 4.61331 4.62387 4.63367 4.64275 4.65118 4.65899 4.66624 4.67296 4.67919 4.68496 4.69035 4.69537 4.70003 4.70435 4.70835 4.71206 4.71549 4.71868 4.72163 4.72436 4.7269 4.72925 4.73142 4.73344 4.73531 4.73704 4.73864 4.74012 4.7415 4.74277 4.74396 4.74505 4.74606 4.747 4.74787 4.74868 4.74942 4.75011 4.75076 4.75135 4.75221
 0 0.0132334 0.0234962 0.0530857 0.103495 0.176776 0.270635 0.3787 0.492323 0.602718 0.702612 0.787169 0.854273 0.904311 0.939505 0.962988 0.977958 0.987147 0.99262 0.995804 0.997627 0.998659 0.99924 0.999566 0.99975 0.999854 0.999913 0.999948 0.999968 0.999979 0.999987 0.999991 0.999993 0.999995 0.999996 0.999997 0.999997 0.999997 0.999997 0.999998 0.999998 0.999998 0.999998 0.999998 0.999998 0.999998 0.999998 0.999998 0.999998 0.999997 0.999997 0.999997 0.999997 0.999997 0.999997 0.999997 0.999997 0.999997 0.999997 0.999997 0.999997 0.999997 0.999997 0.999997 0.999997 0.999997 0.999997 0.999997 0.999997 0.999997 0.999997 0.999997 0.999997 0.999997 0.999997 0.999997 0.999997 0.999997 0.999997 0.999997 0.999997 0.999997 0.999997 0.999997 0.999997 0.999997 0.999997 0.999997 0.999997 0.999997 0.999997 0.999997 0.999997 0.999997 0.999997 0.999997 0.999997 0.999997 0.999997 0.999997 0.999997
 #wt and selex for gender,fleet: 1 5 5_ORWA_NONTWL
 0.00896707 0.00905427 0.0261564 0.066508 0.128411 0.211596 0.313734 0.431729 0.562328 0.702452 0.849348 1.00064 1.15431 1.30871 1.46248 1.61462 1.76439 1.9113 2.05503 2.19536 2.33208 2.465 2.59388 2.71849 2.83861 2.95401 3.06455 3.17011 3.27063 3.36611 3.45657 3.54211 3.62283 3.69887 3.7704 3.8376 3.90064 3.95971 4.01503 4.06676 4.11512 4.16028 4.20243 4.24174 4.27839 4.31254 4.34435 4.37395 4.4015 4.42713 4.45096 4.47312 4.49371 4.51284 4.53061 4.54712 4.56245 4.57667 4.58988 4.60214 4.61351 4.62406 4.63385 4.64293 4.65135 4.65916 4.6664 4.67312 4.67934 4.68511 4.6905 4.69552 4.70018 4.70449 4.70849 4.7122 4.71563 4.71882 4.72177 4.7245 4.72703 4.72938 4.73156 4.73357 4.73544 4.73717 4.73877 4.74025 4.74163 4.7429 4.74409 4.74518 4.74619 4.74713 4.748 4.74881 4.74955 4.75024 4.75088 4.75148 4.75234
 0 0.000648303 0.00131859 0.0043735 0.0120598 0.0278375 0.0553622 0.0972899 0.154343 0.225018 0.305954 0.392711 0.480623 0.565494 0.644027 0.714008 0.7743 0.824693 0.865691 0.898264 0.923623 0.943033 0.957685 0.968628 0.976737 0.982715 0.987109 0.990336 0.992709 0.994459 0.995753 0.996716 0.997437 0.997979 0.998391 0.998706 0.998948 0.999137 0.999284 0.9994 0.999493 0.999567 0.999627 0.999676 0.999716 0.99975 0.999777 0.9998 0.99982 0.999836 0.99985 0.999862 0.999873 0.999882 0.999889 0.999896 0.999902 0.999908 0.999912 0.999916 0.99992 0.999923 0.999926 0.999929 0.999931 0.999933 0.999935 0.999937 0.999938 0.99994 0.999941 0.999942 0.999942 0.999943 0.999944 0.999944 0.999945 0.999945 0.999946 0.999946 0.999947 0.999947 0.999947 0.999948 0.999948 0.999948 0.999948 0.999949 0.999949 0.999949 0.999949 0.999949 0.99995 0.99995 0.99995 0.99995 0.99995 0.99995 0.99995 0.99995 0.99995
 #wt and selex for gender,fleet: 1 6 6_OR_REC
 0.00896707 0.00905484 0.0338738 0.0840561 0.155223 0.243192 0.342566 0.448824 0.55907 0.672955 0.792567 0.920551 1.05811 1.20437 1.357 1.51322 1.67054 1.82701 1.98118 2.13197 2.27862 2.42055 2.55736 2.68874 2.81451 2.93457 3.04887 3.15745 3.26037 3.35773 3.44969 3.53639 3.61803 3.6948 3.76691 3.83455 3.89795 3.95731 4.01285 4.06478 4.11328 4.15856 4.20081 4.2402 4.27692 4.31112 4.34297 4.37261 4.4002 4.42585 4.44971 4.47188 4.49249 4.51163 4.52942 4.54593 4.56127 4.5755 4.58872 4.60098 4.61236 4.62291 4.63271 4.64179 4.65021 4.65803 4.66527 4.67199 4.67821 4.68399 4.68937 4.69439 4.69905 4.70337 4.70737 4.71107 4.71451 4.71769 4.72064 4.72337 4.72591 4.72825 4.73043 4.73244 4.73431 4.73604 4.73764 4.73912 4.7405 4.74177 4.74295 4.74405 4.74506 4.746 4.74687 4.74767 4.74842 4.74911 4.74975 4.75034 4.75121
 0 1.76749e-05 8.11299e-05 0.00126249 0.00998715 0.0452782 0.13378 0.285362 0.475698 0.66011 0.803902 0.897742 0.950896 0.977864 0.990432 0.995908 0.998154 0.999007 0.99928 0.999317 0.999258 0.999161 0.99905 0.998934 0.998817 0.998702 0.99859 0.998482 0.998378 0.998279 0.998184 0.998093 0.998007 0.997926 0.997849 0.997777 0.997709 0.997645 0.997584 0.997528 0.997475 0.997426 0.997379 0.997336 0.997296 0.997258 0.997223 0.99719 0.997159 0.997131 0.997104 0.99708 0.997057 0.997036 0.997016 0.996997 0.99698 0.996964 0.99695 0.996936 0.996923 0.996912 0.996901 0.99689 0.996881 0.996872 0.996864 0.996857 0.99685 0.996843 0.996837 0.996832 0.996826 0.996821 0.996817 0.996813 0.996809 0.996805 0.996802 0.996799 0.996796 0.996793 0.996791 0.996789 0.996787 0.996785 0.996783 0.996781 0.99678 0.996778 0.996777 0.996776 0.996775 0.996774 0.996773 0.996772 0.996771 0.99677 0.996769 0.996769 0.996768
 #wt and selex for gender,fleet: 1 7 7_WA_REC
 0.00896707 0.00905407 0.021865 0.0521455 0.100623 0.167379 0.251903 0.352885 0.468498 0.596642 0.735111 0.88171 1.03434 1.19106 1.3501 1.5099 1.66907 1.82645 1.98106 2.13208 2.27885 2.42086 2.55772 2.68915 2.81496 2.93505 3.04939 3.158 3.26095 3.35834 3.45032 3.53705 3.61872 3.69551 3.76763 3.8353 3.89871 3.9581 4.01365 4.06559 4.1141 4.1594 4.20165 4.24106 4.27779 4.312 4.34386 4.37351 4.4011 4.42676 4.45062 4.4728 4.49341 4.51257 4.53035 4.54687 4.56221 4.57645 4.58967 4.60193 4.61331 4.62387 4.63367 4.64275 4.65118 4.65899 4.66624 4.67296 4.67919 4.68496 4.69035 4.69537 4.70003 4.70435 4.70835 4.71206 4.7155 4.71868 4.72163 4.72437 4.7269 4.72925 4.73142 4.73344 4.73531 4.73704 4.73864 4.74012 4.7415 4.74278 4.74396 4.74505 4.74606 4.747 4.74787 4.74868 4.74942 4.75012 4.75076 4.75135 4.75221
 0 0.662635 0.93023 0.993474 0.998574 0.999736 0.999961 0.999995 0.999999 1 1 1 0.999999 0.999999 0.999999 0.999999 0.999999 0.999999 0.999999 0.999999 0.999999 0.999998 0.999998 0.999998 0.999998 0.999998 0.999998 0.999998 0.999998 0.999998 0.999998 0.999998 0.999998 0.999998 0.999997 0.999997 0.999997 0.999997 0.999997 0.999997 0.999997 0.999997 0.999997 0.999997 0.999997 0.999997 0.999997 0.999997 0.999997 0.999997 0.999997 0.999997 0.999997 0.999997 0.999997 0.999997 0.999997 0.999997 0.999997 0.999997 0.999997 0.999997 0.999997 0.999997 0.999997 0.999997 0.999997 0.999997 0.999997 0.999997 0.999997 0.999997 0.999997 0.999997 0.999997 0.999997 0.999997 0.999997 0.999997 0.999997 0.999997 0.999997 0.999997 0.999997 0.999997 0.999997 0.999997 0.999997 0.999997 0.999997 0.999997 0.999997 0.999997 0.999997 0.999997 0.999997 0.999997 0.999997 0.999997 0.999997 0.999997
# Sex ratio correction
1
# M and current age-structure in year Yinit: 2011
 # gender = 1
 0.0439034 0.0439034 0.0439034 0.0439034 0.0439034 0.0439034 0.0439034 0.0439034 0.0439034 0.0439034 0.0439034 0.0439034 0.0439034 0.0439034 0.0439034 0.0439034 0.0439034 0.0439034 0.0439034 0.0439034 0.0439034 0.0439034 0.0439034 0.0439034 0.0439034 0.0439034 0.0439034 0.0439034 0.0439034 0.0439034 0.0439034 0.0439034 0.0439034 0.0439034 0.0439034 0.0439034 0.0439034 0.0439034 0.0439034 0.0439034 0.0439034 0.0439034 0.0439034 0.0439034 0.0439034 0.0439034 0.0439034 0.0439034 0.0439034 0.0439034 0.0439034 0.0439034 0.0439034 0.0439034 0.0439034 0.0439034 0.0439034 0.0439034 0.0439034 0.0439034 0.0439034 0.0439034 0.0439034 0.0439034 0.0439034 0.0439034 0.0439034 0.0439034 0.0439034 0.0439034 0.0439034 0.0439034 0.0439034 0.0439034 0.0439034 0.0439034 0.0439034 0.0439034 0.0439034 0.0439034 0.0439034 0.0439034 0.0439034 0.0439034 0.0439034 0.0439034 0.0439034 0.0439034 0.0439034 0.0439034 0.0439034 0.0439034 0.0439034 0.0439034 0.0439034 0.0439034 0.0439034 0.0439034 0.0439034 0.0439034 0.0439034
 214.741 264.384 273.392 309.71 184.305 167.776 95.2506 59.6103 84.8507 193.835 56.6194 44.6342 77.577 50.3341 31.5382 25.1418 25.0739 49.0698 52.709 25.6427 20.6232 20.6678 19.862 19.9876 22.721 25.2424 30.8651 29.61 18.8583 20.2165 16.9396 13.6472 9.73354 6.57372 7.52302 6.76348 6.93802 4.28058 3.46031 4.02664 6.2682 3.86754 2.89851 2.46295 1.90837 1.6067 1.26374 1.02503 0.957406 1.00785 1.10352 1.12124 1.00827 0.868461 0.763661 0.6974 0.664598 0.66177 0.688128 0.745752 0.834211 0.936619 0.997708 0.952994 0.832908 0.711612 0.61663 0.547581 0.498009 0.461373 0.433428 0.411389 0.393554 0.378665 0.365494 0.353003 0.340425 0.327504 0.314364 0.301414 0.289083 0.277697 0.267339 0.257978 0.249357 0.241131 0.233223 0.225443 0.217643 0.209756 0.201766 0.19369 0.185587 0.177554 0.169607 0.161853 0.154356 0.147154 0.140268 0.133711 2.86726
# Age-structure at Ydeclare= 2013
 437.925 189.404 196.614 241.957 250.154 283.347 168.575 153.386 87.0171 54.4061 77.3636 176.563 51.5335 40.6005 70.5349 45.7504 28.6596 22.8432 22.7787 44.574 47.8765 23.2905 18.7307 18.7706 18.0384 18.152 20.634 22.9233 28.0288 26.8885 17.1246 18.3575 15.3816 12.3917 8.83793 5.96876 6.8306 6.14088 6.29929 3.88645 3.14167 3.6558 5.69085 3.51127 2.63147 2.23602 1.73252 1.45864 1.14727 0.93056 0.869164 0.914954 1.00181 1.01789 0.915326 0.788407 0.693266 0.633113 0.603334 0.600766 0.624694 0.677006 0.75731 0.850277 0.905734 0.865141 0.756125 0.64601 0.559784 0.497101 0.452098 0.41884 0.393471 0.373464 0.357273 0.343756 0.331799 0.32046 0.309041 0.297311 0.285383 0.273627 0.262433 0.252096 0.242693 0.234195 0.226369 0.218901 0.211722 0.204659 0.197579 0.190419 0.183166 0.175834 0.168478 0.161185 0.153971 0.146932 0.140126 0.133588 2.85166
# Year for Tmin Age-structure (set to Ydecl by SS)
2013
#  recruitment and biomass
# Number of historical assessment years
137
# Historical data
# year recruitment spawner in B0 in R project in R/S project
1888  1889 1890 1891 1892 1893 1894 1895 1896 1897 1898 1899 1900 1901 1902 1903 1904 1905 1906 1907 1908 1909 1910 1911 1912 1913 1914 1915 1916 1917 1918 1919 1920 1921 1922 1923 1924 1925 1926 1927 1928 1929 1930 1931 1932 1933 1934 1935 1936 1937 1938 1939 1940 1941 1942 1943 1944 1945 1946 1947 1948 1949 1950 1951 1952 1953 1954 1955 1956 1957 1958 1959 1960 1961 1962 1963 1964 1965 1966 1967 1968 1969 1970 1971 1972 1973 1974 1975 1976 1977 1978 1979 1980 1981 1982 1983 1984 1985 1986 1987 1988 1989 1990 1991 1992 1993 1994 1995 1996 1997 1998 1999 2000 2001 2002 2003 2004 2005 2006 2007 2008 2009 2010 2011 2012 2013 2014 2015 2016 2017 2018 2019 2020 2021 2022 2023 2024 #years (with first value representing R0)
216.598 220.562 220.701 220.846 220.995 221.141 221.293 221.45 221.62 221.798 221.983 222.176 222.379 222.591 222.814 223.045 223.289 223.55 223.827 224.132 224.46 224.813 225.192 225.592 226.011 226.431 226.829 227.163 227.388 227.443 227.25 226.696 225.794 224.465 222.69 220.491 217.92 215.073 212.096 209.152 206.281 203.719 201.591 199.835 198.316 196.769 194.917 192.561 189.705 186.57 183.598 181.278 180.082 180.39 182.661 187.634 196.402 210.574 231.384 257.854 280.86 279.86 250.002 211.84 180.133 158.073 144.545 137.997 137.62 143.162 154.596 170.324 179.603 167.449 144.686 129.821 131.001 151.768 180.675 200.011 239.231 259.098 315.629 462.836 266.481 203.307 221.23 312.604 263.477 251.352 186.974 233.935 275.257 284.921 281.98 217.181 281.213 242.257 164.747 124.446 92.9774 79.5074 72.2798 63.9044 71.55 134.421 115.961 55.4023 52.248 61.8129 93.1443 135.772 73.9281 88.9427 290.405 121.342 81.3998 124.287 209.352 219.95 353.561 298.572 276.249 214.741 197.905 437.925 216.547 283.918 203.803 104.337 101.919 108.048 108.201 144.393 161.882 167.073 176.722  #recruits; first value is R0 (virgin)
1088.76  1088.76 1088.75 1088.74 1088.71 1088.24 1087.79 1087.32 1087.17 1087.09 1087.02 1086.95 1086.89 1086.84 1086.81 1086.82 1086.86 1086.93 1087.04 1087.19 1087.37 1087.45 1087.68 1087.92 1088.19 1088.47 1088.76 1089.07 1089.31 1089.64 1089.83 1087.97 1087.71 1087.59 1087.56 1087.82 1088.03 1087.72 1087.07 1085.64 1083.51 1081.5 1079.98 1078.13 1077.32 1076.68 1076.05 1074.87 1073.65 1071.42 1069.41 1067.04 1065.21 1062.16 1057.5 1052.39 1042.68 1032.19 1016.39 1001.73 994.71 986.609 980.188 972.992 964.135 956.322 950.294 943.112 936.363 929.659 921.982 915.173 909.677 905.56 903.467 900.767 899.59 899.587 889.718 886.671 881.647 876.115 861.349 851.17 837.799 821.262 803.368 783.725 764.719 743.001 721.935 688.119 652.587 625.72 591.568 535.579 488.152 461.313 425.124 396.443 369.91 347.28 318.953 298.854 265.972 236.005 207.185 191.684 175.919 158.565 138.345 132.334 121.847 123.495 124.684 130.005 135.489 141.304 147.112 153.08 158.584 164.433 170.211 176.721 183.486 190.566 198.4 207.162 216.339 226.728 237.229 249.283 262.619 278.084 295.005 312.162 330.021 #spbio; first value is SSB_virgin (virgin)
1 0 0 0 0 0 0 0 0 0 0 0 0 0 0 0 0 0 0 0 0 0 0 0 0 0 0 0 0 0 0 0 0 0 0 0 0 0 0 0 0 0 0 0 0 0 0 0 0 0 0 0 0 0 0 0 0 0 0 0 0 0 0 0 0 0 0 0 0 0 0 0 0 0 0 0 0 0 0 0 0 0 0 0 0 0 0 0 0 0 0 0 0 0 0 0 0 0 0 0 0 0 0 0 0 0 0 0 0 0 0 0 0 0 0 0 0 0 0 0 0 0 0 0 0 0 0 0 0 0 0 0 0 0 0 0 0  # in Bzero
0 1 1 1 1 1 1 1 1 1 1 1 1 1 1 1 1 1 1 1 1 1 1 1 1 1 1 1 1 1 1 1 1 1 1 1 1 1 1 1 1 1 1 1 1 1 1 1 1 1 1 1 1 1 1 1 1 1 1 1 1 1 1 1 1 1 1 1 1 1 1 1 1 1 1 1 1 1 1 1 1 1 1 1 1 1 1 1 1 1 1 1 1 1 1 1 1 1 1 1 1 1 1 1 1 1 1 1 1 1 1 1 1 1 1 1 1 1 1 1 1 1 1 1 1 1 1 1 1 1 1 1 1 1  0 0 0 # in R project
0 1 1 1 1 1 1 1 1 1 1 1 1 1 1 1 1 1 1 1 1 1 1 1 1 1 1 1 1 1 1 1 1 1 1 1 1 1 1 1 1 1 1 1 1 1 1 1 1 1 1 1 1 1 1 1 1 1 1 1 1 1 1 1 1 1 1 1 1 1 1 1 1 1 1 1 1 1 1 1 1 1 1 1 1 1 1 1 1 1 1 1 1 1 1 1 1 1 1 1 1 1 1 1 1 1 1 1 1 1 1 1 1 1 1 1 1 1 1 1 1 1 1 1 1 1 1 1 1 1 1 1 1 1  0 0 0 # in R/S project
# Number of years with pre-specified catches
0
# catches for years with pre-specified catches go next
# Number of future recruitments to override
-2
# Process for overiding (-1 for average otherwise index in data list)
# Which probability to product detailed results for (1=0.5; 2=0.6; etc.)
3
# Steepness sigma-R Auto-correlation
0.718 0.5 0
# Target SPR rate (FMSY Proxy); manually change to SPR_MSY if not using SPR_target
0.5
# Discount rate (for cumulative catch)
0.1
# Truncate the series when 0.4B0 is reached (1=Yes)
0
# Set F to FMSY once 0.4B0 is reached (1=Yes)
0
# Maximum possible F for projection (-1 to set to FMSY)
-1
# Defintion of recovery (1=now only;2=now or before)
2
# Projection type
4
# Definition of the 40-10 rule
10 40
# Sigma Assessment Error (Base, Year1, Slope, MaxSigma)
1.0 2025 0.075 2.0
# Pstar
0.45
# Constrain catches by the ABC (1=yes, 2=no)
2
# Implementation Error (0=no; 1=lognormal; 2=uniform)
0
#Parameters of Implementaion Error
1 0.3
# Calculate coefficients of variation (1=Yes)
0
# Number of replicates to use
10
# Random number seed
-99004
# File with multiple parameter vectors 
rebuild.SSO
# User-specific projection (1=Yes); Output replaced (1->9)
0  5
# Catches and Fs (Year; 1/2/3 (F or C or SPR); value); Final row is -1
2024 1 1
-1 -1 -1
# Fixed catch project (1=Yes); Output replaced (1->9); Approach (-1=Read in else 1-9)
0 2 -1
# (48a) Special catch options (1-Yes) [CUT_OFF, Emsy, distribution, MAXCAT, Add, replace_code]
0 0.18 1.00 1.00 0 6
# (48b) B1Target
150000
# Split of Fs
2011  0.0178485
 0
 0.421473
 0.0260709
 0.211779
 0.212851
 0.109977
-1  1 1 1 1 1 1 1 1 1 1 1 1
# Yrs to define T_target for projection type 4 (a.k.a. 5 pre-specified inputs)
2030 2031 2032 2033 2034 
# Year for probability of recovery
2034 2035 2036 2037 2038 2039 2040 2041
# Time varying weight-at-age (1=Yes;0=No)
0
# File with time series of weight-at-age data
none
# Use bisection (0) or linear interpolation (1)
1
# Target Depletion
0.4
# CV of implementation error
0
