#Title, #runnumber: 1 yelloweye_data.ss yelloweye_control.ss 6416.22 1089.82 344.907 StartTime: Tue May 13 18:03:48 2025
SSv3_default_rebuild.dat
# Number of sexes
1
# Age range to consider (minimum age; maximum age)
0 100
# Number of fleets
7
# First year of projection (Yinit)
2011
# First Year of rebuilding period (Ydecl)
2013
# Number of simulations
1000
# Maximum number of years
500
# Conduct projections with multiple starting values (0=No;else yes)
0
# Number of parameter vectors
1000
# Is the maximum age a plus-group (1=Yes;2=No)
1
# Generate future recruitments using historical recruitments (1)  historical recruits/spawner (2)  or a stock-recruitment (3)
3
# Constant fishing mortality (1) or constant Catch (2) projections
1
# Fishing mortality based on SPR (1) or actual rate (2)
1
# Pre-specify the year of recovery (or -1) to ignore
-1
# Fecundity-at-age
# 0 1 2 3 4 5 6 7 8 9 10 11 12 13 14 15 16 17 18 19 20 21 22 23 24 25 26 27 28 29 30 31 32 33 34 35 36 37 38 39 40 41 42 43 44 45 46 47 48 49 50 51 52 53 54 55 56 57 58 59 60 61 62 63 64 65 66 67 68 69 70 71 72 73 74 75 76 77 78 79 80 81 82 83 84 85 86 87 88 89 90 91 92 93 94 95 96 97 98 99 100 #runnumber: 1 yelloweye_data.ss yelloweye_control.ss 6416.22 1089.82 344.907
 0 0 3.14212e-09 5.87827e-08 6.90446e-07 5.83839e-06 3.84043e-05 0.000204572 0.000894541 0.0031963 0.00928914 0.0221708 0.0444829 0.077248 0.119492 0.168836 0.222457 0.277839 0.333118 0.38711 0.439168 0.48901 0.536567 0.581881 0.625036 0.666131 0.705257 0.742498 0.777925 0.811604 0.843592 0.873945 0.902717 0.929962 0.955731 0.98008 1.00306 1.02473 1.04515 1.06436 1.08243 1.09941 1.11535 1.13031 1.14433 1.15747 1.16977 1.18129 1.19206 1.20214 1.21155 1.22035 1.22856 1.23623 1.24339 1.25007 1.2563 1.2621 1.26752 1.27257 1.27727 1.28165 1.28573 1.28953 1.29307 1.29636 1.29943 1.30229 1.30494 1.30742 1.30972 1.31189 1.31392 1.3158 1.31755 1.31918 1.32069 1.3221 1.32341 1.32463 1.32576 1.32681 1.32779 1.3287 1.32955 1.33034 1.33107 1.33175 1.33238 1.33297 1.33352 1.33402 1.3345 1.33493 1.33534 1.33572 1.33607 1.3364 1.33671 1.33699 1.33741 #female fecundity; weighted by N in year Y_init across morphs and areas
# Age specific selectivity and weight adjusted for discard and discard mortality
 #wt and selex for gender,fleet: 1 1 1_CA_TWL
 0.00909037 0.00934937 0.0290414 0.0698757 0.130565 0.210328 0.306634 0.416448 0.536751 0.664802 0.798276 0.935412 1.07518 1.21727 1.3617 1.50842 1.65699 1.80659 1.95608 2.10429 2.25013 2.39266 2.53117 2.66511 2.79411 2.91791 3.03638 3.14945 3.25711 3.35942 3.45648 3.54838 3.63529 3.71735 3.79475 3.86766 3.93627 4.00078 4.06137 4.11824 4.17158 4.22157 4.2684 4.31223 4.35324 4.39159 4.42743 4.46092 4.49219 4.52139 4.54864 4.57407 4.59778 4.61989 4.64051 4.65972 4.67762 4.6943 4.70983 4.7243 4.73778 4.75032 4.762 4.77286 4.78298 4.79239 4.80115 4.8093 4.81688 4.82393 4.83053 4.8367 4.84245 4.84779 4.85275 4.85737 4.86167 4.86566 4.86937 4.87282 4.87603 4.87901 4.88179 4.88437 4.88676 4.88899 4.89106 4.89299 4.89478 4.89644 4.89799 4.89942 4.90076 4.902 4.90315 4.90422 4.90522 4.90615 4.90701 4.90781 4.90899
 0 0.000953559 0.00226936 0.00857189 0.0254865 0.060929 0.121643 0.209559 0.320142 0.443563 0.567713 0.681473 0.777147 0.851491 0.905273 0.941811 0.965347 0.979859 0.988502 0.993515 0.996367 0.997969 0.998863 0.999359 0.999636 0.999791 0.999878 0.999928 0.999956 0.999973 0.999983 0.999989 0.999992 0.999994 0.999996 0.999997 0.999997 0.999998 0.999998 0.999998 0.999998 0.999998 0.999998 0.999998 0.999998 0.999998 0.999998 0.999998 0.999998 0.999998 0.999998 0.999998 0.999998 0.999998 0.999998 0.999998 0.999998 0.999998 0.999998 0.999998 0.999998 0.999998 0.999998 0.999998 0.999998 0.999998 0.999998 0.999998 0.999998 0.999998 0.999998 0.999998 0.999998 0.999998 0.999998 0.999998 0.999998 0.999998 0.999998 0.999998 0.999998 0.999998 0.999998 0.999998 0.999998 0.999998 0.999998 0.999998 0.999998 0.999998 0.999998 0.999998 0.999998 0.999998 0.999998 0.999998 0.999998 0.999998 0.999998 0.999998 0.999998
 #wt and selex for gender,fleet: 1 3 3_CA_REC
 0.00909036 0.00934897 0.0279619 0.0669418 0.125021 0.201533 0.294231 0.400349 0.517084 0.641876 0.772641 0.908069 1.04768 1.19142 1.33908 1.48995 1.64283 1.79629 1.94893 2.0995 2.24701 2.39067 2.52991 2.66432 2.79362 2.91761 3.03619 3.14933 3.25703 3.35938 3.45644 3.54836 3.63527 3.71734 3.79474 3.86765 3.93627 4.00078 4.06137 4.11824 4.17158 4.22157 4.2684 4.31223 4.35324 4.39159 4.42743 4.46092 4.49219 4.52139 4.54864 4.57407 4.59778 4.61989 4.64051 4.65972 4.67762 4.6943 4.70984 4.7243 4.73778 4.75032 4.762 4.77286 4.78298 4.79239 4.80115 4.8093 4.81688 4.82393 4.83053 4.8367 4.84245 4.84779 4.85275 4.85737 4.86167 4.86566 4.86937 4.87282 4.87603 4.87902 4.88179 4.88437 4.88676 4.88899 4.89106 4.89299 4.89478 4.89644 4.89799 4.89942 4.90076 4.902 4.90315 4.90423 4.90522 4.90615 4.90701 4.90781 4.90899
 0 0.00402094 0.0086053 0.0257993 0.0629744 0.127628 0.221903 0.340401 0.471609 0.601583 0.717873 0.812366 0.882448 0.930228 0.960469 0.978441 0.988587 0.994089 0.996983 0.998473 0.99923 0.999611 0.999802 0.999898 0.999947 0.999972 0.999985 0.999992 0.999995 0.999997 0.999998 0.999999 0.999999 0.999999 0.999999 0.999999 0.999999 0.999999 0.999999 0.999999 0.999999 0.999999 0.999999 0.999999 0.999999 0.999999 0.999999 0.999999 0.999999 0.999999 0.999999 0.999999 0.999999 0.999999 0.999999 0.999999 0.999999 0.999999 0.999999 0.999999 0.999999 0.999999 0.999999 0.999999 0.999999 0.999999 0.999999 0.999999 0.999999 0.999999 0.999999 0.999999 0.999999 0.999999 0.999999 0.999999 0.999999 0.999999 0.999999 0.999999 0.999999 0.999999 0.999999 0.999999 0.999999 0.999999 0.999999 0.999999 0.999999 0.999999 0.999999 0.999999 0.999999 0.999999 0.999999 0.999999 0.999999 0.999999 0.999999 0.999999 0.999999
 #wt and selex for gender,fleet: 1 4 4_ORWA_TWL
 0.00909036 0.00934833 0.0261048 0.062119 0.116937 0.190493 0.281384 0.387491 0.506395 0.635646 0.772914 0.916075 1.06326 1.21293 1.36387 1.51523 1.66635 1.81667 1.96562 2.11258 2.2569 2.39797 2.53519 2.66809 2.79628 2.91948 3.0375 3.15025 3.25769 3.35984 3.45678 3.5486 3.63545 3.71747 3.79484 3.86773 3.93632 4.00082 4.0614 4.11827 4.1716 4.22159 4.26841 4.31224 4.35325 4.39159 4.42744 4.46092 4.4922 4.5214 4.54865 4.57407 4.59778 4.61989 4.64051 4.65972 4.67762 4.6943 4.70984 4.7243 4.73778 4.75032 4.762 4.77287 4.78298 4.79239 4.80115 4.8093 4.81688 4.82393 4.83053 4.83671 4.84245 4.84779 4.85275 4.85737 4.86167 4.86566 4.86937 4.87282 4.87603 4.87902 4.88179 4.88437 4.88676 4.88899 4.89106 4.89299 4.89478 4.89644 4.89799 4.89942 4.90076 4.902 4.90315 4.90423 4.90522 4.90615 4.90701 4.90781 4.90899
 0 0.0151757 0.0271943 0.0546782 0.0977084 0.157505 0.2328 0.320003 0.414038 0.509394 0.601021 0.684914 0.75837 0.820004 0.869627 0.908018 0.936625 0.957222 0.971609 0.981405 0.987935 0.992218 0.994994 0.996778 0.99792 0.99865 0.999117 0.999417 0.999611 0.999737 0.99982 0.999875 0.999912 0.999937 0.999954 0.999966 0.999974 0.99998 0.999985 0.999988 0.99999 0.999992 0.999993 0.999994 0.999995 0.999995 0.999996 0.999996 0.999996 0.999996 0.999997 0.999997 0.999997 0.999997 0.999997 0.999997 0.999997 0.999997 0.999997 0.999997 0.999997 0.999997 0.999997 0.999997 0.999997 0.999997 0.999997 0.999997 0.999997 0.999997 0.999997 0.999997 0.999997 0.999997 0.999997 0.999997 0.999997 0.999997 0.999997 0.999997 0.999997 0.999997 0.999997 0.999997 0.999997 0.999997 0.999997 0.999997 0.999997 0.999997 0.999997 0.999997 0.999997 0.999997 0.999997 0.999997 0.999997 0.999997 0.999997 0.999997 0.999997
 #wt and selex for gender,fleet: 1 5 5_ORWA_NONTWL
 0.00909036 0.00934901 0.028132 0.0679281 0.128023 0.208238 0.30661 0.420447 0.54684 0.682974 0.826279 0.974493 1.12567 1.27817 1.43064 1.58203 1.73155 1.87866 2.02302 2.16438 2.30255 2.43735 2.56856 2.69593 2.81923 2.93823 3.05271 3.16254 3.2676 3.36783 3.46323 3.55383 3.6397 3.72094 3.79769 3.87008 3.93829 4.00246 4.06279 4.11945 4.17262 4.22246 4.26917 4.31291 4.35383 4.39211 4.4279 4.46134 4.49258 4.52174 4.54896 4.57436 4.59805 4.62015 4.64074 4.65994 4.67783 4.6945 4.71002 4.72448 4.73795 4.75048 4.76215 4.77301 4.78312 4.79253 4.80129 4.80943 4.81701 4.82406 4.83065 4.83683 4.84257 4.84791 4.85287 4.85749 4.86178 4.86577 4.86948 4.87293 4.87614 4.87912 4.8819 4.88447 4.88687 4.8891 4.89117 4.89309 4.89488 4.89654 4.89809 4.89953 4.90086 4.9021 4.90326 4.90433 4.90532 4.90625 4.90711 4.90791 4.90909
 0 0.000658731 0.00142923 0.00452755 0.0120312 0.0271086 0.0531324 0.0926564 0.146572 0.213775 0.291409 0.375492 0.461673 0.545884 0.624787 0.695996 0.758124 0.810694 0.853967 0.888722 0.916047 0.937143 0.953186 0.965241 0.974218 0.980859 0.985753 0.989352 0.991998 0.993948 0.995389 0.996457 0.997255 0.997853 0.998305 0.998648 0.998912 0.999115 0.999273 0.999398 0.999496 0.999574 0.999637 0.999688 0.999729 0.999763 0.999791 0.999815 0.999835 0.999851 0.999865 0.999877 0.999887 0.999896 0.999904 0.99991 0.999916 0.999921 0.999926 0.99993 0.999933 0.999936 0.999939 0.999941 0.999944 0.999946 0.999947 0.999949 0.99995 0.999952 0.999953 0.999954 0.999954 0.999955 0.999956 0.999956 0.999957 0.999957 0.999958 0.999958 0.999959 0.999959 0.999959 0.99996 0.99996 0.99996 0.99996 0.99996 0.999961 0.999961 0.999961 0.999961 0.999961 0.999961 0.999962 0.999962 0.999962 0.999962 0.999962 0.999962 0.999962
 #wt and selex for gender,fleet: 1 6 6_OR_REC
 0.00909037 0.00935308 0.0358681 0.0845604 0.153196 0.238183 0.334799 0.438879 0.547448 0.659561 0.776642 0.901183 1.03479 1.17719 1.32655 1.48033 1.6361 1.79187 1.94612 2.09772 2.24584 2.38985 2.52927 2.66377 2.79309 2.91708 3.03565 3.14877 3.25645 3.35876 3.4558 3.54769 3.63458 3.71662 3.794 3.86689 3.93549 3.99997 4.06055 4.11741 4.17073 4.22071 4.26752 4.31134 4.35233 4.39067 4.4265 4.45998 4.49125 4.52044 4.54768 4.5731 4.59681 4.61891 4.63952 4.65873 4.67662 4.6933 4.70883 4.72329 4.73676 4.7493 4.76098 4.77184 4.78195 4.79136 4.80012 4.80827 4.81585 4.8229 4.82949 4.83566 4.8414 4.84674 4.8517 4.85632 4.86061 4.8646 4.86831 4.87176 4.87497 4.87795 4.88073 4.8833 4.8857 4.88793 4.89 4.89192 4.89371 4.89537 4.89692 4.89835 4.89969 4.90093 4.90208 4.90315 4.90415 4.90507 4.90593 4.90673 4.90792
 0 2.01163e-05 0.000104131 0.00137932 0.00988554 0.0426661 0.123861 0.264576 0.446346 0.629477 0.778709 0.880527 0.940683 0.972415 0.98775 0.994672 0.997622 0.998802 0.999223 0.999326 0.999298 0.999216 0.999111 0.998998 0.998882 0.998767 0.998654 0.998544 0.998437 0.998334 0.998236 0.998142 0.998052 0.997967 0.997886 0.997809 0.997736 0.997667 0.997603 0.997542 0.997484 0.99743 0.99738 0.997332 0.997288 0.997246 0.997207 0.99717 0.997136 0.997104 0.997074 0.997046 0.99702 0.996996 0.996973 0.996952 0.996933 0.996914 0.996897 0.996881 0.996866 0.996852 0.996839 0.996827 0.996816 0.996806 0.996796 0.996787 0.996779 0.996771 0.996764 0.996757 0.99675 0.996744 0.996739 0.996734 0.996729 0.996724 0.99672 0.996716 0.996713 0.99671 0.996707 0.996704 0.996701 0.996699 0.996696 0.996694 0.996692 0.99669 0.996688 0.996687 0.996685 0.996684 0.996683 0.996682 0.99668 0.996679 0.996678 0.996678 0.996676
 #wt and selex for gender,fleet: 1 7 7_WA_REC
 0.00909037 0.00935238 0.0350668 0.0843023 0.155901 0.247362 0.354371 0.472586 0.598235 0.728292 0.860506 0.993496 1.12689 1.26122 1.3974 1.53619 1.67772 1.82147 1.96642 2.11128 2.25474 2.39565 2.53308 2.66633 2.79488 2.9184 3.03669 3.14965 3.25724 3.35951 3.45653 3.54842 3.63531 3.71737 3.79476 3.86767 3.93628 4.00078 4.06138 4.11825 4.17159 4.22158 4.2684 4.31223 4.35324 4.39159 4.42743 4.46092 4.49219 4.52139 4.54864 4.57407 4.59778 4.61989 4.64051 4.65972 4.67762 4.6943 4.70984 4.7243 4.73778 4.75032 4.762 4.77286 4.78298 4.79239 4.80115 4.8093 4.81688 4.82393 4.83053 4.83671 4.84245 4.84779 4.85275 4.85737 4.86167 4.86566 4.86937 4.87282 4.87603 4.87902 4.88179 4.88437 4.88676 4.88899 4.89106 4.89299 4.89478 4.89644 4.89799 4.89942 4.90076 4.902 4.90315 4.90423 4.90522 4.90615 4.90701 4.90781 4.90899
 0 3.586e-06 1.65442e-05 0.000200261 0.00148484 0.00720641 0.0248044 0.0648289 0.136039 0.239666 0.367295 0.503778 0.633 0.74311 0.828822 0.890646 0.932523 0.959487 0.976169 0.98618 0.992056 0.995451 0.997395 0.998502 0.999133 0.999493 0.9997 0.99982 0.999891 0.999932 0.999957 0.999973 0.999982 0.999988 0.999992 0.999994 0.999996 0.999997 0.999998 0.999998 0.999999 0.999999 0.999999 0.999999 0.999999 0.999999 0.999999 0.999999 0.999999 0.999999 0.999999 0.999999 0.999999 0.999999 0.999999 0.999999 0.999999 0.999999 0.999999 0.999999 0.999999 0.999999 0.999999 0.999999 0.999999 0.999999 0.999999 0.999999 0.999999 0.999999 0.999999 0.999999 0.999999 0.999999 0.999999 0.999999 0.999999 0.999999 0.999999 0.999999 0.999999 0.999999 0.999999 0.999999 0.999999 0.999999 0.999999 0.999999 0.999999 0.999999 0.999999 0.999999 0.999999 0.999999 0.999999 0.999999 0.999999 0.999999 0.999999 0.999999 0.999999
# Sex ratio correction
1
# M and current age-structure in year Yinit: 2011
 # gender = 1
 0.0439034 0.0439034 0.0439034 0.0439034 0.0439034 0.0439034 0.0439034 0.0439034 0.0439034 0.0439034 0.0439034 0.0439034 0.0439034 0.0439034 0.0439034 0.0439034 0.0439034 0.0439034 0.0439034 0.0439034 0.0439034 0.0439034 0.0439034 0.0439034 0.0439034 0.0439034 0.0439034 0.0439034 0.0439034 0.0439034 0.0439034 0.0439034 0.0439034 0.0439034 0.0439034 0.0439034 0.0439034 0.0439034 0.0439034 0.0439034 0.0439034 0.0439034 0.0439034 0.0439034 0.0439034 0.0439034 0.0439034 0.0439034 0.0439034 0.0439034 0.0439034 0.0439034 0.0439034 0.0439034 0.0439034 0.0439034 0.0439034 0.0439034 0.0439034 0.0439034 0.0439034 0.0439034 0.0439034 0.0439034 0.0439034 0.0439034 0.0439034 0.0439034 0.0439034 0.0439034 0.0439034 0.0439034 0.0439034 0.0439034 0.0439034 0.0439034 0.0439034 0.0439034 0.0439034 0.0439034 0.0439034 0.0439034 0.0439034 0.0439034 0.0439034 0.0439034 0.0439034 0.0439034 0.0439034 0.0439034 0.0439034 0.0439034 0.0439034 0.0439034 0.0439034 0.0439034 0.0439034 0.0439034 0.0439034 0.0439034 0.0439034
 238.004 239.639 242.338 291.435 192.565 166.83 103.407 62.7228 86.4656 176.203 63.5502 50.5027 93.4733 48.0819 31.8411 26.5552 25.6843 41.3743 51.4639 31.2578 23.9413 22.6503 21.7238 21.6585 23.3414 25.5819 31.5668 33.1385 21.5989 18.8213 18.0324 15.5002 11.525 7.67971 7.34918 6.98473 6.37886 4.55219 3.68906 3.88979 5.01857 4.31213 3.22338 2.66796 2.05799 1.70764 1.42157 1.20726 1.11944 1.1224 1.15205 1.13639 1.04947 0.938066 0.842813 0.774396 0.73348 0.718011 0.724861 0.749846 0.783603 0.808684 0.805882 0.769166 0.710025 0.646217 0.588186 0.539494 0.500161 0.468181 0.44187 0.419704 0.40059 0.383661 0.368052 0.3531 0.338346 0.323697 0.309263 0.295307 0.282073 0.269737 0.258307 0.247751 0.237944 0.228728 0.219965 0.211546 0.203376 0.195403 0.187597 0.179937 0.172432 0.165122 0.157978 0.150939 0.14416 0.137656 0.131432 0.125492 2.74138
# Age-structure at Ydeclare= 2013
 373.814 197.762 217.996 219.49 221.954 266.893 176.308 152.675 94.5629 57.2994 78.8943 160.577 57.8489 45.928 84.9411 43.6676 28.9053 24.0993 23.3039 37.5339 46.682 28.3512 21.7138 20.542 19.701 19.6411 21.1664 23.1972 28.6229 30.0465 19.5825 17.0632 16.347 14.0507 10.4467 6.96085 6.661 6.33044 5.78112 4.12548 3.34314 3.52492 4.54766 3.90737 2.92072 2.41737 1.86464 1.54716 1.28795 1.09376 1.01418 1.01685 1.0437 1.0295 0.950749 0.849823 0.763526 0.701543 0.664475 0.65046 0.656663 0.679296 0.709876 0.732595 0.730055 0.696792 0.643215 0.58541 0.532839 0.488727 0.453095 0.424124 0.400288 0.380208 0.362892 0.347557 0.333416 0.319871 0.306506 0.293235 0.280159 0.267517 0.255528 0.244354 0.233999 0.224437 0.215553 0.207204 0.199265 0.191638 0.184237 0.177015 0.169943 0.163005 0.156206 0.149584 0.143112 0.136735 0.130595 0.124703 2.71618
# Year for Tmin Age-structure (set to Ydecl by SS)
2013
#  recruitment and biomass
# Number of historical assessment years
137
# Historical data
# year recruitment spawner in B0 in R project in R/S project
1888  1889 1890 1891 1892 1893 1894 1895 1896 1897 1898 1899 1900 1901 1902 1903 1904 1905 1906 1907 1908 1909 1910 1911 1912 1913 1914 1915 1916 1917 1918 1919 1920 1921 1922 1923 1924 1925 1926 1927 1928 1929 1930 1931 1932 1933 1934 1935 1936 1937 1938 1939 1940 1941 1942 1943 1944 1945 1946 1947 1948 1949 1950 1951 1952 1953 1954 1955 1956 1957 1958 1959 1960 1961 1962 1963 1964 1965 1966 1967 1968 1969 1970 1971 1972 1973 1974 1975 1976 1977 1978 1979 1980 1981 1982 1983 1984 1985 1986 1987 1988 1989 1990 1991 1992 1993 1994 1995 1996 1997 1998 1999 2000 2001 2002 2003 2004 2005 2006 2007 2008 2009 2010 2011 2012 2013 2014 2015 2016 2017 2018 2019 2020 2021 2022 2023 2024 #years (with first value representing R0)
217.218 218.213 218.247 218.282 218.317 218.346 218.375 218.405 218.442 218.482 218.522 218.564 218.607 218.652 218.697 218.74 218.785 218.832 218.88 218.935 218.994 219.054 219.119 219.183 219.243 219.288 219.305 219.27 219.159 218.943 218.412 217.672 216.768 215.661 214.351 212.862 211.227 209.488 207.718 205.991 204.385 202.981 201.818 200.856 200.032 199.19 198.163 196.812 195.123 193.2 191.323 189.815 189.024 189.223 190.705 193.848 198.994 206.496 215.944 225.828 232.813 232.095 221.561 204.198 185.816 170.782 160.802 156.099 156.552 161.766 170.832 181.182 185.784 178.111 163.806 153.875 155.852 171.7 192.124 214.501 255.958 282.494 342.364 357.719 246.62 206.141 222.208 269.684 253.646 227.386 200.853 252.928 283.616 273.69 236.05 223.374 282.942 223.351 151.149 116.355 92.234 80.1418 73.5172 69.4329 82.2406 124.56 93.2152 54.3338 53.0818 60.371 86.6925 160.491 82.6578 99.225 262.648 123.131 85.387 134.64 207.823 229.548 332.47 264.58 250.394 238.004 206.638 373.814 214.654 262.84 188.178 123.269 124.359 116.877 115.553 149.527 165.888 171.54 176.505  #recruits; first value is R0 (virgin)
1089.82  1089.82 1089.82 1089.8 1089.78 1089.32 1088.86 1088.4 1088.25 1088.17 1088.09 1088.01 1087.92 1087.83 1087.72 1087.61 1087.49 1087.37 1087.25 1087.12 1086.99 1086.74 1086.6 1086.45 1086.3 1086.14 1085.97 1085.79 1085.54 1085.35 1084.99 1082.58 1081.75 1081.03 1080.38 1080 1079.55 1078.55 1077.19 1075.03 1072.15 1069.36 1067.03 1064.36 1062.71 1061.23 1059.75 1057.75 1055.75 1052.78 1050.1 1047.14 1044.83 1041.39 1036.47 1031.22 1021.51 1011.17 995.66 981.429 974.92 967.468 961.807 955.498 947.648 940.911 935.989 929.91 924.171 918.278 911.099 904.367 898.475 893.519 890.266 886.263 883.837 882.79 872.243 868.894 863.691 858.569 844.516 835.188 822.783 807.339 790.622 772.388 755.193 735.391 715.987 684.165 650.337 624.906 591.705 536.19 488.618 461.01 423.985 394.414 366.726 343.052 313.376 292.89 260.296 230.748 202.621 187.601 172.363 155.664 136.341 131.228 121.802 124.267 126.347 132.104 137.993 144.133 150.147 156.341 161.988 167.944 173.797 180.343 187.101 194.073 201.823 210.399 219.356 229.416 239.447 250.845 263.209 277.599 293.251 308.988 325.299 #spbio; first value is SSB_virgin (virgin)
1 0 0 0 0 0 0 0 0 0 0 0 0 0 0 0 0 0 0 0 0 0 0 0 0 0 0 0 0 0 0 0 0 0 0 0 0 0 0 0 0 0 0 0 0 0 0 0 0 0 0 0 0 0 0 0 0 0 0 0 0 0 0 0 0 0 0 0 0 0 0 0 0 0 0 0 0 0 0 0 0 0 0 0 0 0 0 0 0 0 0 0 0 0 0 0 0 0 0 0 0 0 0 0 0 0 0 0 0 0 0 0 0 0 0 0 0 0 0 0 0 0 0 0 0 0 0 0 0 0 0 0 0 0 0 0 0  # in Bzero
0 1 1 1 1 1 1 1 1 1 1 1 1 1 1 1 1 1 1 1 1 1 1 1 1 1 1 1 1 1 1 1 1 1 1 1 1 1 1 1 1 1 1 1 1 1 1 1 1 1 1 1 1 1 1 1 1 1 1 1 1 1 1 1 1 1 1 1 1 1 1 1 1 1 1 1 1 1 1 1 1 1 1 1 1 1 1 1 1 1 1 1 1 1 1 1 1 1 1 1 1 1 1 1 1 1 1 1 1 1 1 1 1 1 1 1 1 1 1 1 1 1 1 1 1 1 1 1 1 1 1 1 1 1  0 0 0 # in R project
0 1 1 1 1 1 1 1 1 1 1 1 1 1 1 1 1 1 1 1 1 1 1 1 1 1 1 1 1 1 1 1 1 1 1 1 1 1 1 1 1 1 1 1 1 1 1 1 1 1 1 1 1 1 1 1 1 1 1 1 1 1 1 1 1 1 1 1 1 1 1 1 1 1 1 1 1 1 1 1 1 1 1 1 1 1 1 1 1 1 1 1 1 1 1 1 1 1 1 1 1 1 1 1 1 1 1 1 1 1 1 1 1 1 1 1 1 1 1 1 1 1 1 1 1 1 1 1 1 1 1 1 1 1  0 0 0 # in R/S project
# Number of years with pre-specified catches
0
# catches for years with pre-specified catches go next
# Number of future recruitments to override
-2
# Process for overiding (-1 for average otherwise index in data list)
# Which probability to product detailed results for (1=0.5; 2=0.6; etc.)
3
# Steepness sigma-R Auto-correlation
0.718 0.5 0
# Target SPR rate (FMSY Proxy); manually change to SPR_MSY if not using SPR_target
0.5
# Discount rate (for cumulative catch)
0.1
# Truncate the series when 0.4B0 is reached (1=Yes)
0
# Set F to FMSY once 0.4B0 is reached (1=Yes)
0
# Maximum possible F for projection (-1 to set to FMSY)
-1
# Defintion of recovery (1=now only;2=now or before)
2
# Projection type
4
# Definition of the 40-10 rule
10 40
# Sigma Assessment Error (Base, Year1, Slope, MaxSigma)
1.0 2025 0.075 2.0
# Pstar
0.45
# Constrain catches by the ABC (1=yes, 2=no)
2
# Implementation Error (0=no; 1=lognormal; 2=uniform)
0
#Parameters of Implementaion Error
1 0.3
# Calculate coefficients of variation (1=Yes)
0
# Number of replicates to use
10
# Random number seed
-99004
# File with multiple parameter vectors 
rebuild.SSO
# User-specific projection (1=Yes); Output replaced (1->9)
0  5
# Catches and Fs (Year; 1/2/3 (F or C or SPR); value); Final row is -1
2024 1 1
-1 -1 -1
# Fixed catch project (1=Yes); Output replaced (1->9); Approach (-1=Read in else 1-9)
0 2 -1
# (48a) Special catch options (1-Yes) [CUT_OFF, Emsy, distribution, MAXCAT, Add, replace_code]
0 0.18 1.00 1.00 0 6
# (48b) B1Target
150000
# Split of Fs
2011  0.0166226
 0
 0.392167
 0.0247575
 0.195592
 0.197356
 0.173505
-1  1 1 1 1 1 1 1 1 1 1 1 1
# Yrs to define T_target for projection type 4 (a.k.a. 5 pre-specified inputs)
2030 2031 2032 2033 2034 
# Year for probability of recovery
2034 2035 2036 2037 2038 2039 2040 2041
# Time varying weight-at-age (1=Yes;0=No)
0
# File with time series of weight-at-age data
none
# Use bisection (0) or linear interpolation (1)
1
# Target Depletion
0.4
# CV of implementation error
0
