#Title, #runnumber: 1 yelloweye_data.ss yelloweye_control.ss 5911.48 1095.84 376.903 StartTime: Thu Apr 24 14:41:02 2025
SSv3_default_rebuild.dat
# Number of sexes
1
# Age range to consider (minimum age; maximum age)
0 100
# Number of fleets
7
# First year of projection (Yinit)
2011
# First Year of rebuilding period (Ydecl)
2013
# Number of simulations
1000
# Maximum number of years
500
# Conduct projections with multiple starting values (0=No;else yes)
0
# Number of parameter vectors
1000
# Is the maximum age a plus-group (1=Yes;2=No)
1
# Generate future recruitments using historical recruitments (1)  historical recruits/spawner (2)  or a stock-recruitment (3)
3
# Constant fishing mortality (1) or constant Catch (2) projections
1
# Fishing mortality based on SPR (1) or actual rate (2)
1
# Pre-specify the year of recovery (or -1) to ignore
-1
# Fecundity-at-age
# 0 1 2 3 4 5 6 7 8 9 10 11 12 13 14 15 16 17 18 19 20 21 22 23 24 25 26 27 28 29 30 31 32 33 34 35 36 37 38 39 40 41 42 43 44 45 46 47 48 49 50 51 52 53 54 55 56 57 58 59 60 61 62 63 64 65 66 67 68 69 70 71 72 73 74 75 76 77 78 79 80 81 82 83 84 85 86 87 88 89 90 91 92 93 94 95 96 97 98 99 100 #runnumber: 1 yelloweye_data.ss yelloweye_control.ss 5911.48 1095.84 376.903
 0 0 8.69068e-09 1.503e-07 1.68852e-06 1.38867e-05 8.8774e-05 0.000450444 0.0018086 0.00574254 0.014672 0.0311066 0.0566214 0.091287 0.133812 0.182124 0.233993 0.287462 0.341033 0.393686 0.444795 0.49402 0.541212 0.586335 0.629414 0.670503 0.709666 0.746968 0.782475 0.816244 0.848334 0.878801 0.907697 0.935076 0.960993 0.9855 1.00865 1.0305 1.05111 1.07052 1.08879 1.10598 1.12214 1.13731 1.15156 1.16492 1.17745 1.18919 1.20019 1.21048 1.22011 1.22912 1.23755 1.24543 1.25278 1.25966 1.26608 1.27207 1.27766 1.28288 1.28776 1.2923 1.29653 1.30049 1.30417 1.3076 1.3108 1.31378 1.31656 1.31915 1.32156 1.32386 1.32601 1.328 1.32986 1.33159 1.3332 1.3347 1.3361 1.3374 1.33861 1.33974 1.34079 1.34176 1.34267 1.34352 1.34431 1.34504 1.34572 1.34636 1.34695 1.3475 1.34801 1.34849 1.34893 1.34934 1.34973 1.35008 1.35041 1.35072 1.35119 #female fecundity; weighted by N in year Y_init across morphs and areas
# Age specific selectivity and weight adjusted for discard and discard mortality
 #wt and selex for gender,fleet: 1 1 1_CA_TWL
 0.00896707 0.0118354 0.0375558 0.0835242 0.149979 0.235746 0.338307 0.454702 0.581993 0.717489 0.858841 1.00405 1.15145 1.2997 1.44776 1.59483 1.74037 1.88396 2.02529 2.16407 2.30005 2.43292 2.5624 2.6882 2.81004 2.92768 3.04092 3.1496 3.25363 3.35296 3.44757 3.5375 3.62283 3.70364 3.78006 3.85224 3.92031 3.98444 4.0448 4.10155 4.15487 4.20493 4.25189 4.29591 4.33716 4.37579 4.41195 4.44578 4.47742 4.507 4.53464 4.56047 4.58458 4.6071 4.62812 4.64773 4.66604 4.68311 4.69903 4.71387 4.72772 4.74062 4.75265 4.76385 4.7743 4.78403 4.79309 4.80154 4.8094 4.81673 4.82361 4.83008 4.8361 4.84171 4.84693 4.85179 4.85631 4.86053 4.86445 4.8681 4.8715 4.87466 4.8776 4.88034 4.88289 4.88526 4.88747 4.88953 4.89144 4.89322 4.89487 4.89642 4.89785 4.89918 4.90043 4.90158 4.90266 4.90366 4.90459 4.90545 4.90675
 0 0.0030126 0.00698665 0.0169787 0.0357485 0.0662221 0.110168 0.167582 0.236661 0.314238 0.396437 0.479327 0.559414 0.63395 0.701053 0.759692 0.809584 0.851028 0.884732 0.911632 0.932759 0.949126 0.961662 0.971176 0.978346 0.983721 0.987738 0.990733 0.992967 0.994635 0.995882 0.996818 0.997523 0.998056 0.998462 0.998773 0.999013 0.999198 0.999343 0.999457 0.999547 0.999619 0.999676 0.999723 0.999761 0.999792 0.999818 0.999839 0.999857 0.999872 0.999884 0.999895 0.999904 0.999912 0.999919 0.999925 0.99993 0.999934 0.999938 0.999941 0.999944 0.999947 0.99995 0.999952 0.999954 0.999955 0.999957 0.999958 0.999959 0.999961 0.999961 0.999962 0.999963 0.999963 0.999964 0.999964 0.999964 0.999965 0.999965 0.999965 0.999966 0.999966 0.999966 0.999966 0.999967 0.999967 0.999967 0.999967 0.999967 0.999967 0.999968 0.999968 0.999968 0.999968 0.999968 0.999968 0.999968 0.999968 0.999968 0.999968 0.999969
 #wt and selex for gender,fleet: 1 3 3_CA_REC
 0.00896707 0.0119137 0.0391997 0.0864916 0.153349 0.237781 0.336664 0.44678 0.565244 0.689721 0.818625 0.951186 1.08724 1.2268 1.36972 1.51545 1.6631 1.81154 1.95955 2.10601 2.2499 2.39042 2.52693 2.65895 2.78615 2.9083 3.02527 3.13701 3.24351 3.34482 3.44101 3.53221 3.61854 3.70015 3.77721 3.84988 3.91836 3.98282 4.04343 4.1004 4.15389 4.20409 4.25116 4.29528 4.33661 4.37531 4.41152 4.4454 4.47708 4.50669 4.53436 4.56021 4.58435 4.60688 4.62792 4.64755 4.66586 4.68294 4.69887 4.71373 4.72758 4.74049 4.75252 4.76373 4.77418 4.78392 4.79298 4.80143 4.8093 4.81663 4.82351 4.82998 4.83601 4.84162 4.84684 4.8517 4.85622 4.86044 4.86436 4.86801 4.87141 4.87457 4.87752 4.88026 4.88281 4.88518 4.88739 4.88944 4.89136 4.89314 4.89479 4.89633 4.89777 4.8991 4.90035 4.9015 4.90258 4.90358 4.90451 4.90537 4.90667
 0 0.0040756 0.0108489 0.0306425 0.0706257 0.136501 0.228549 0.340756 0.462705 0.582759 0.691045 0.781346 0.851556 0.902887 0.938475 0.962064 0.977124 0.986448 0.992079 0.995415 0.997362 0.998487 0.999132 0.999501 0.999711 0.999832 0.999901 0.999941 0.999965 0.999978 0.999986 0.999991 0.999994 0.999996 0.999997 0.999998 0.999999 0.999999 0.999999 0.999999 0.999999 0.999999 0.999999 0.999999 0.999999 0.999999 0.999999 0.999999 0.999999 0.999999 0.999999 0.999999 0.999999 0.999999 0.999999 0.999999 0.999999 0.999999 0.999999 0.999999 0.999999 0.999999 0.999999 0.999999 0.999999 0.999999 0.999999 0.999999 0.999999 0.999999 0.999999 0.999999 0.999999 0.999999 0.999999 0.999999 0.999999 0.999999 0.999999 0.999999 0.999999 0.999999 0.999999 0.999999 0.999999 0.999999 0.999999 0.999999 0.999999 0.999999 0.999999 0.999999 0.999999 0.999999 0.999999 0.999999 0.999999 0.999999 0.999999 0.999999 0.999999
 #wt and selex for gender,fleet: 1 4 4_ORWA_TWL
 0.00896707 0.0117399 0.0350892 0.0773638 0.138752 0.218322 0.314037 0.423404 0.543863 0.672998 0.808648 0.948967 1.09247 1.23806 1.3849 1.53239 1.67996 1.82703 1.97295 2.11708 2.25872 2.39724 2.53209 2.66279 2.78897 2.91036 3.02677 3.13809 3.24429 3.34539 3.44143 3.53251 3.61876 3.70031 3.77733 3.84998 3.91843 3.98287 4.04348 4.10043 4.15392 4.20411 4.25118 4.2953 4.33662 4.37532 4.41153 4.44541 4.47708 4.50669 4.53436 4.56021 4.58435 4.60688 4.62792 4.64755 4.66586 4.68294 4.69887 4.71373 4.72758 4.74049 4.75252 4.76373 4.77418 4.78392 4.79298 4.80143 4.8093 4.81663 4.82351 4.82998 4.83601 4.84161 4.84684 4.8517 4.85622 4.86044 4.86436 4.86801 4.87141 4.87457 4.87752 4.88026 4.88281 4.88518 4.88739 4.88944 4.89136 4.89314 4.89479 4.89633 4.89777 4.8991 4.90034 4.9015 4.90258 4.90358 4.90451 4.90537 4.90667
 0 0.0220833 0.0424878 0.0794086 0.133008 0.20276 0.2857 0.3771 0.471521 0.563773 0.64958 0.725917 0.791085 0.844612 0.887021 0.919527 0.943708 0.961227 0.973632 0.982247 0.988137 0.992111 0.994768 0.996532 0.997697 0.998466 0.998973 0.999308 0.999529 0.999677 0.999776 0.999843 0.999889 0.99992 0.999942 0.999957 0.999967 0.999975 0.99998 0.999984 0.999987 0.999989 0.999991 0.999992 0.999993 0.999994 0.999994 0.999995 0.999995 0.999996 0.999996 0.999996 0.999996 0.999996 0.999996 0.999996 0.999996 0.999996 0.999996 0.999996 0.999996 0.999996 0.999996 0.999996 0.999996 0.999996 0.999997 0.999997 0.999997 0.999997 0.999997 0.999997 0.999997 0.999996 0.999996 0.999996 0.999996 0.999996 0.999996 0.999996 0.999996 0.999996 0.999996 0.999996 0.999996 0.999996 0.999996 0.999996 0.999996 0.999996 0.999996 0.999996 0.999996 0.999996 0.999996 0.999996 0.999996 0.999996 0.999996 0.999996 0.999996
 #wt and selex for gender,fleet: 1 5 5_ORWA_NONTWL
 0.00896707 0.0119221 0.0395718 0.0881594 0.157858 0.247079 0.352824 0.471769 0.600754 0.736995 0.878144 1.02227 1.16785 1.3137 1.45901 1.60323 1.74603 1.88717 2.02645 2.16364 2.29847 2.43061 2.55968 2.68533 2.8072 2.92499 3.03844 3.14738 3.25167 3.35125 3.44609 3.53623 3.62174 3.70271 3.77927 3.85155 3.91972 3.98393 4.04436 4.10117 4.15454 4.20464 4.25163 4.29569 4.33696 4.37561 4.41179 4.44564 4.47729 4.50688 4.53453 4.56036 4.58449 4.60701 4.62804 4.64766 4.66596 4.68304 4.69896 4.71381 4.72766 4.74056 4.75259 4.7638 4.77425 4.78398 4.79305 4.80149 4.80936 4.81669 4.82357 4.83004 4.83606 4.84167 4.84689 4.85175 4.85628 4.86049 4.86441 4.86806 4.87146 4.87462 4.87757 4.88031 4.88285 4.88523 4.88744 4.88949 4.8914 4.89318 4.89484 4.89638 4.89782 4.89915 4.90039 4.90155 4.90262 4.90362 4.90455 4.90542 4.90671
 0 0.00102854 0.00279778 0.0083292 0.0206679 0.0436085 0.0803772 0.132491 0.199202 0.277665 0.36363 0.452318 0.539206 0.620579 0.693815 0.757441 0.811011 0.854882 0.889951 0.917402 0.938513 0.954508 0.966482 0.975361 0.981899 0.986688 0.990186 0.992738 0.9946 0.99596 0.996958 0.997692 0.998234 0.998638 0.99894 0.999167 0.999339 0.999471 0.999572 0.999651 0.999712 0.999761 0.999799 0.99983 0.999855 0.999875 0.999891 0.999905 0.999916 0.999925 0.999933 0.99994 0.999946 0.99995 0.999955 0.999958 0.999961 0.999964 0.999966 0.999968 0.99997 0.999972 0.999973 0.999974 0.999975 0.999976 0.999977 0.999978 0.999979 0.99998 0.99998 0.99998 0.999981 0.999981 0.999981 0.999982 0.999982 0.999982 0.999982 0.999982 0.999983 0.999983 0.999983 0.999983 0.999983 0.999983 0.999983 0.999983 0.999983 0.999984 0.999984 0.999984 0.999984 0.999984 0.999984 0.999984 0.999984 0.999984 0.999984 0.999984 0.999984
 #wt and selex for gender,fleet: 1 6 6_OR_REC
 0.00896707 0.0130514 0.0554454 0.117441 0.197912 0.290587 0.389933 0.492302 0.596494 0.703737 0.81653 0.937119 1.06651 1.20426 1.34877 1.4979 1.64946 1.80149 1.95244 2.10108 2.24652 2.38807 2.52524 2.65767 2.78512 2.90741 3.02446 3.13623 3.24274 3.34404 3.44022 3.5314 3.6177 3.69929 3.77633 3.84899 3.91745 3.98188 4.04249 4.09943 4.15291 4.20309 4.25016 4.29426 4.33558 4.37427 4.41047 4.44434 4.47601 4.50562 4.53328 4.55912 4.58325 4.60578 4.62681 4.64644 4.66475 4.68182 4.69775 4.7126 4.72645 4.73936 4.75139 4.7626 4.77304 4.78278 4.79184 4.80029 4.80816 4.81548 4.82236 4.82883 4.83485 4.84046 4.84567 4.85053 4.85506 4.85927 4.86319 4.86684 4.87023 4.8734 4.87634 4.87908 4.88163 4.884 4.8862 4.88826 4.89017 4.89195 4.89361 4.89515 4.89658 4.89791 4.89916 4.90031 4.90139 4.90239 4.90332 4.90418 4.90547
 0 1.85782e-05 0.000228321 0.00268037 0.0165041 0.0616237 0.157848 0.304949 0.477633 0.641798 0.773799 0.866848 0.926028 0.960762 0.979896 0.989915 0.994941 0.997359 0.998466 0.99893 0.999085 0.999093 0.999033 0.998942 0.998837 0.998728 0.998618 0.998509 0.998404 0.998301 0.998203 0.998109 0.998019 0.997934 0.997852 0.997775 0.997702 0.997633 0.997568 0.997506 0.997448 0.997393 0.997342 0.997294 0.997248 0.997206 0.997166 0.997129 0.997094 0.997061 0.997031 0.997002 0.996975 0.99695 0.996927 0.996905 0.996885 0.996866 0.996848 0.996831 0.996816 0.996802 0.996788 0.996776 0.996764 0.996753 0.996743 0.996733 0.996725 0.996716 0.996709 0.996702 0.996695 0.996688 0.996683 0.996677 0.996672 0.996667 0.996663 0.996659 0.996655 0.996651 0.996648 0.996645 0.996642 0.996639 0.996637 0.996635 0.996633 0.996631 0.996629 0.996627 0.996625 0.996624 0.996622 0.996621 0.99662 0.996619 0.996618 0.996617 0.996615
 #wt and selex for gender,fleet: 1 7 7_WA_REC
 0.00896707 0.0139615 0.0643666 0.136887 0.231036 0.338867 0.45356 0.570379 0.686583 0.801321 0.91543 1.03082 1.14961 1.27346 1.40312 1.53839 1.67826 1.8212 1.96552 2.10959 2.25201 2.39163 2.52762 2.65933 2.78636 2.90842 3.02534 3.13705 3.24353 3.34483 3.44102 3.53221 3.61854 3.70015 3.77721 3.84988 3.91836 3.98282 4.04343 4.1004 4.15389 4.20409 4.25116 4.29528 4.33661 4.37531 4.41152 4.4454 4.47708 4.50669 4.53436 4.56021 4.58435 4.60688 4.62792 4.64755 4.66586 4.68294 4.69887 4.71373 4.72758 4.74049 4.75252 4.76373 4.77418 4.78392 4.79298 4.80143 4.8093 4.81663 4.82351 4.82998 4.83601 4.84162 4.84684 4.8517 4.85622 4.86044 4.86436 4.86801 4.87141 4.87457 4.87752 4.88026 4.88281 4.88518 4.88739 4.88944 4.89136 4.89314 4.89479 4.89633 4.89777 4.8991 4.90035 4.9015 4.90258 4.90358 4.90451 4.90537 4.90667
 0 1.62214e-07 4.89064e-06 0.000125454 0.00144564 0.00893793 0.0344879 0.0933289 0.193286 0.327014 0.475037 0.615887 0.734662 0.825613 0.890097 0.93309 0.960386 0.977056 0.986931 0.992644 0.995892 0.997715 0.99873 0.999292 0.999604 0.999776 0.999873 0.999927 0.999957 0.999974 0.999984 0.99999 0.999994 0.999996 0.999997 0.999998 0.999998 0.999999 0.999999 0.999999 0.999999 0.999999 0.999999 0.999999 0.999999 0.999999 0.999999 0.999999 0.999999 0.999999 0.999999 0.999999 0.999999 0.999999 0.999999 0.999999 0.999999 0.999999 0.999999 0.999999 0.999999 0.999999 0.999999 0.999999 0.999999 0.999999 0.999999 0.999999 0.999999 0.999999 0.999999 0.999999 0.999999 0.999999 0.999999 0.999999 0.999999 0.999999 0.999999 0.999999 0.999999 0.999999 0.999999 0.999999 0.999999 0.999999 0.999999 0.999999 0.999999 0.999999 0.999999 0.999999 0.999999 0.999999 0.999999 0.999999 0.999999 0.999999 0.999999 0.999999 0.999999
# Sex ratio correction
1
# M and current age-structure in year Yinit: 2011
 # gender = 1
 0.0439034 0.0439034 0.0439034 0.0439034 0.0439034 0.0439034 0.0439034 0.0439034 0.0439034 0.0439034 0.0439034 0.0439034 0.0439034 0.0439034 0.0439034 0.0439034 0.0439034 0.0439034 0.0439034 0.0439034 0.0439034 0.0439034 0.0439034 0.0439034 0.0439034 0.0439034 0.0439034 0.0439034 0.0439034 0.0439034 0.0439034 0.0439034 0.0439034 0.0439034 0.0439034 0.0439034 0.0439034 0.0439034 0.0439034 0.0439034 0.0439034 0.0439034 0.0439034 0.0439034 0.0439034 0.0439034 0.0439034 0.0439034 0.0439034 0.0439034 0.0439034 0.0439034 0.0439034 0.0439034 0.0439034 0.0439034 0.0439034 0.0439034 0.0439034 0.0439034 0.0439034 0.0439034 0.0439034 0.0439034 0.0439034 0.0439034 0.0439034 0.0439034 0.0439034 0.0439034 0.0439034 0.0439034 0.0439034 0.0439034 0.0439034 0.0439034 0.0439034 0.0439034 0.0439034 0.0439034 0.0439034 0.0439034 0.0439034 0.0439034 0.0439034 0.0439034 0.0439034 0.0439034 0.0439034 0.0439034 0.0439034 0.0439034 0.0439034 0.0439034 0.0439034 0.0439034 0.0439034 0.0439034 0.0439034 0.0439034 0.0439034
 293.092 382.197 307.347 319.088 173.504 138.94 97.6145 68.1022 119.438 232.075 61.3124 47.0503 80.5743 52.606 29.3486 24.3024 25.8057 56.8737 58.2282 25.2885 19.7898 20.0962 20.6127 21.0133 22.961 25.0849 31.5961 31.6362 19.8351 23.6996 17.435 13.4376 9.2587 6.85031 7.96586 7.83782 7.38321 4.22185 3.81047 4.76302 6.90259 4.14842 3.20049 2.59961 2.02167 1.6709 1.31222 1.08166 1.02496 1.08843 1.19537 1.21937 1.11004 0.967617 0.855206 0.780809 0.742586 0.738639 0.768789 0.835114 0.936102 1.051 1.11706 1.06583 0.932698 0.798025 0.692139 0.614969 0.559555 0.518677 0.487585 0.463137 0.443403 0.426963 0.41244 0.398662 0.384747 0.370376 0.355674 0.341102 0.327167 0.314271 0.302537 0.291946 0.28229 0.273247 0.264364 0.25563 0.246874 0.238012 0.229025 0.219934 0.210801 0.201741 0.192772 0.184017 0.175549 0.167409 0.159622 0.152202 3.27286
# Age-structure at Ydeclare= 2013
 340.059 219.308 268.452 350.06 281.492 292.211 158.849 127.142 89.259 62.2109 108.983 211.523 55.8273 42.8064 73.2616 47.8107 26.6653 22.0761 23.4387 51.6529 52.8805 22.9652 17.9714 18.2494 18.7182 19.0819 20.8502 22.7784 28.6904 28.7261 18.0101 21.5184 15.8298 12.2001 8.40584 6.21914 7.23175 7.11535 6.70252 3.83255 3.45904 4.32367 6.26577 3.76564 2.90513 2.35968 1.83505 1.51664 1.19107 0.981782 0.930316 0.987921 1.08498 1.10676 1.00752 0.878247 0.776217 0.70869 0.673996 0.670413 0.697777 0.757975 0.849634 0.953918 1.01388 0.967375 0.846542 0.724308 0.628203 0.558162 0.507867 0.470764 0.442544 0.420355 0.402443 0.387522 0.37434 0.361835 0.349205 0.336162 0.322818 0.309592 0.296944 0.28524 0.274589 0.264977 0.256213 0.248005 0.239943 0.232016 0.224068 0.216026 0.207869 0.199617 0.191329 0.183105 0.174965 0.167019 0.159332 0.151945 3.25355
# Year for Tmin Age-structure (set to Ydecl by SS)
2013
#  recruitment and biomass
# Number of historical assessment years
137
# Historical data
# year recruitment spawner in B0 in R project in R/S project
1888  1889 1890 1891 1892 1893 1894 1895 1896 1897 1898 1899 1900 1901 1902 1903 1904 1905 1906 1907 1908 1909 1910 1911 1912 1913 1914 1915 1916 1917 1918 1919 1920 1921 1922 1923 1924 1925 1926 1927 1928 1929 1930 1931 1932 1933 1934 1935 1936 1937 1938 1939 1940 1941 1942 1943 1944 1945 1946 1947 1948 1949 1950 1951 1952 1953 1954 1955 1956 1957 1958 1959 1960 1961 1962 1963 1964 1965 1966 1967 1968 1969 1970 1971 1972 1973 1974 1975 1976 1977 1978 1979 1980 1981 1982 1983 1984 1985 1986 1987 1988 1989 1990 1991 1992 1993 1994 1995 1996 1997 1998 1999 2000 2001 2002 2003 2004 2005 2006 2007 2008 2009 2010 2011 2012 2013 2014 2015 2016 2017 2018 2019 2020 2021 2022 2023 2024 #years (with first value representing R0)
215.716 219.358 219.487 219.621 219.759 219.894 220.035 220.18 220.338 220.503 220.675 220.855 221.043 221.24 221.446 221.658 221.883 222.122 222.375 222.654 222.954 223.275 223.619 223.978 224.352 224.722 225.067 225.343 225.506 225.496 225.235 224.611 223.636 222.235 220.391 218.126 215.498 212.599 209.578 206.441 203.499 200.923 198.775 196.988 195.42 193.804 191.87 189.43 186.505 183.32 180.306 177.93 176.645 176.818 178.903 183.636 192.082 205.79 225.9 251.373 273.468 272.82 244.286 207.031 175.704 153.843 140.551 134.329 134.23 139.664 150.045 163.339 170.124 157.965 136.045 120.96 120.243 136.972 163.193 183.921 219.157 248.534 294.833 445.783 277.445 198.682 195.552 301.472 279.911 246.781 182.493 210.198 257.674 280.101 316.745 219.491 289.293 239.076 157.925 121.286 94.1669 79.3904 67.529 58.9183 67.7742 142.623 129.033 54.7899 48.6585 55.6796 94.8659 138.354 77.0198 95.7503 346.003 170.116 92.7219 127.107 173.086 206.83 364.018 335.556 399.351 293.092 229.151 340.059 138.117 138.249 102.801 134.472 139.45 145.306 150.051 168.729 173.494 176.471 179.023  #recruits; first value is R0 (virgin)
1095.84  1095.84 1095.83 1095.82 1095.79 1095.33 1094.87 1094.4 1094.25 1094.17 1094.1 1094.04 1093.97 1093.92 1093.89 1093.88 1093.9 1093.94 1094.02 1094.13 1094.27 1094.31 1094.48 1094.67 1094.88 1095.11 1095.34 1095.59 1095.78 1096.05 1096.17 1094.25 1093.92 1093.74 1093.63 1093.82 1093.95 1093.56 1092.82 1091.3 1089.08 1086.96 1085.32 1083.35 1082.4 1081.62 1080.83 1079.49 1078.11 1075.71 1073.53 1070.99 1069 1065.78 1060.96 1055.7 1045.82 1035.14 1019.1 1004.24 997.052 989.011 982.566 975.239 966.23 958.363 952.217 944.992 938.143 931.317 923.454 916.423 910.587 905.995 903.287 899.886 898.081 897.447 886.967 883.577 878.303 872.514 857.936 848.09 834.866 818.269 800.622 780.937 761.387 738.974 716.813 681.851 645.334 617.62 582.358 526.521 497.495 475.585 448.639 426.405 399.019 375.014 345.457 324.578 288.495 256.097 225.076 207.984 191.132 172.677 151.271 143.443 131.67 132.689 132.705 138.081 143.561 149.418 155.287 161.568 167.315 173.517 179.628 186.372 193.637 201.393 210.218 219.94 230.33 241.833 253.486 266.727 281.256 298.17 316.709 335.548 354.838 #spbio; first value is SSB_virgin (virgin)
1 0 0 0 0 0 0 0 0 0 0 0 0 0 0 0 0 0 0 0 0 0 0 0 0 0 0 0 0 0 0 0 0 0 0 0 0 0 0 0 0 0 0 0 0 0 0 0 0 0 0 0 0 0 0 0 0 0 0 0 0 0 0 0 0 0 0 0 0 0 0 0 0 0 0 0 0 0 0 0 0 0 0 0 0 0 0 0 0 0 0 0 0 0 0 0 0 0 0 0 0 0 0 0 0 0 0 0 0 0 0 0 0 0 0 0 0 0 0 0 0 0 0 0 0 0 0 0 0 0 0 0 0 0 0 0 0  # in Bzero
0 1 1 1 1 1 1 1 1 1 1 1 1 1 1 1 1 1 1 1 1 1 1 1 1 1 1 1 1 1 1 1 1 1 1 1 1 1 1 1 1 1 1 1 1 1 1 1 1 1 1 1 1 1 1 1 1 1 1 1 1 1 1 1 1 1 1 1 1 1 1 1 1 1 1 1 1 1 1 1 1 1 1 1 1 1 1 1 1 1 1 1 1 1 1 1 1 1 1 1 1 1 1 1 1 1 1 1 1 1 1 1 1 1 1 1 1 1 1 1 1 1 1 1 1 1 1 1 1 1 1 1 1 1  0 0 0 # in R project
0 1 1 1 1 1 1 1 1 1 1 1 1 1 1 1 1 1 1 1 1 1 1 1 1 1 1 1 1 1 1 1 1 1 1 1 1 1 1 1 1 1 1 1 1 1 1 1 1 1 1 1 1 1 1 1 1 1 1 1 1 1 1 1 1 1 1 1 1 1 1 1 1 1 1 1 1 1 1 1 1 1 1 1 1 1 1 1 1 1 1 1 1 1 1 1 1 1 1 1 1 1 1 1 1 1 1 1 1 1 1 1 1 1 1 1 1 1 1 1 1 1 1 1 1 1 1 1 1 1 1 1 1 1  0 0 0 # in R/S project
# Number of years with pre-specified catches
0
# catches for years with pre-specified catches go next
# Number of future recruitments to override
-2
# Process for overiding (-1 for average otherwise index in data list)
# Which probability to product detailed results for (1=0.5; 2=0.6; etc.)
3
# Steepness sigma-R Auto-correlation
0.718 0.5 0
# Target SPR rate (FMSY Proxy); manually change to SPR_MSY if not using SPR_target
0.5
# Discount rate (for cumulative catch)
0.1
# Truncate the series when 0.4B0 is reached (1=Yes)
0
# Set F to FMSY once 0.4B0 is reached (1=Yes)
0
# Maximum possible F for projection (-1 to set to FMSY)
-1
# Defintion of recovery (1=now only;2=now or before)
2
# Projection type
4
# Definition of the 40-10 rule
10 40
# Sigma Assessment Error (Base, Year1, Slope, MaxSigma)
1.0 2025 0.075 2.0
# Pstar
0.45
# Constrain catches by the ABC (1=yes, 2=no)
2
# Implementation Error (0=no; 1=lognormal; 2=uniform)
0
#Parameters of Implementaion Error
1 0.3
# Calculate coefficients of variation (1=Yes)
0
# Number of replicates to use
10
# Random number seed
-99004
# File with multiple parameter vectors 
rebuild.SSO
# User-specific projection (1=Yes); Output replaced (1->9)
0  5
# Catches and Fs (Year; 1/2/3 (F or C or SPR); value); Final row is -1
2024 1 1
-1 -1 -1
# Fixed catch project (1=Yes); Output replaced (1->9); Approach (-1=Read in else 1-9)
0 2 -1
# (48a) Special catch options (1-Yes) [CUT_OFF, Emsy, distribution, MAXCAT, Add, replace_code]
0 0.18 1.00 1.00 0 6
# (48b) B1Target
150000
# Split of Fs
2011  0.0182614
 0
 0.398507
 0.0245058
 0.187617
 0.198131
 0.172976
-1  1 1 1 1 1 1 1 1 1 1 1 1
# Yrs to define T_target for projection type 4 (a.k.a. 5 pre-specified inputs)
2030 2031 2032 2033 2034 
# Year for probability of recovery
2034 2035 2036 2037 2038 2039 2040 2041
# Time varying weight-at-age (1=Yes;0=No)
0
# File with time series of weight-at-age data
none
# Use bisection (0) or linear interpolation (1)
1
# Target Depletion
0.4
# CV of implementation error
0
