#Title, #runnumber: 3 yelloweye_data.ss yelloweye_control.ss 7646.98 1205.15 511.301 StartTime: Mon Apr 28 12:30:35 2025
SSv3_default_rebuild.dat
# Number of sexes
1
# Age range to consider (minimum age; maximum age)
0 100
# Number of fleets
7
# First year of projection (Yinit)
2011
# First Year of rebuilding period (Ydecl)
2013
# Number of simulations
1000
# Maximum number of years
500
# Conduct projections with multiple starting values (0=No;else yes)
0
# Number of parameter vectors
1000
# Is the maximum age a plus-group (1=Yes;2=No)
1
# Generate future recruitments using historical recruitments (1)  historical recruits/spawner (2)  or a stock-recruitment (3)
3
# Constant fishing mortality (1) or constant Catch (2) projections
1
# Fishing mortality based on SPR (1) or actual rate (2)
1
# Pre-specify the year of recovery (or -1) to ignore
-1
# Fecundity-at-age
# 0 1 2 3 4 5 6 7 8 9 10 11 12 13 14 15 16 17 18 19 20 21 22 23 24 25 26 27 28 29 30 31 32 33 34 35 36 37 38 39 40 41 42 43 44 45 46 47 48 49 50 51 52 53 54 55 56 57 58 59 60 61 62 63 64 65 66 67 68 69 70 71 72 73 74 75 76 77 78 79 80 81 82 83 84 85 86 87 88 89 90 91 92 93 94 95 96 97 98 99 100 #runnumber: 3 yelloweye_data.ss yelloweye_control.ss 7646.98 1205.15 511.301
 0 0 2.61413e-08 2.92368e-07 2.38085e-06 1.5267e-05 8.04275e-05 0.000354671 0.00130944 0.00402134 0.0102907 0.0222663 0.0416732 0.0691573 0.10414 0.145149 0.190325 0.237867 0.286278 0.334456 0.381662 0.427447 0.47157 0.513927 0.554492 0.593288 0.630359 0.665757 0.699538 0.731758 0.762468 0.791717 0.819556 0.846029 0.871184 0.895067 0.917722 0.939195 0.959531 0.978776 0.996973 1.01417 1.0304 1.04573 1.06018 1.07379 1.08662 1.0987 1.11006 1.12075 1.1308 1.14025 1.14912 1.15745 1.16527 1.17261 1.1795 1.18596 1.19202 1.19769 1.20302 1.208 1.21267 1.21705 1.22115 1.22499 1.22858 1.23194 1.23509 1.23804 1.24079 1.24342 1.24588 1.24818 1.25033 1.25234 1.25422 1.25598 1.25763 1.25916 1.2606 1.26195 1.26321 1.26438 1.26548 1.26651 1.26747 1.26837 1.26921 1.26999 1.27072 1.27141 1.27205 1.27265 1.27321 1.27373 1.27422 1.27467 1.2751 1.2755 1.27611 #female fecundity; weighted by N in year Y_init across morphs and areas
# Age specific selectivity and weight adjusted for discard and discard mortality
 #wt and selex for gender,fleet: 1 1 1_CA_TWL
 0.0103644 0.0211505 0.053906 0.103161 0.169321 0.250719 0.344983 0.449576 0.56208 0.680333 0.802513 0.927213 1.05352 1.181 1.30952 1.43905 1.56946 1.70042 1.83143 1.96185 2.09099 2.21815 2.34273 2.4642 2.58213 2.69619 2.80616 2.91187 3.01323 3.1102 3.2028 3.29106 3.37505 3.45486 3.53061 3.60242 3.67041 3.73474 3.79553 3.85295 3.90713 3.95822 4.00636 4.05171 4.09439 4.13454 4.17229 4.20778 4.24112 4.27244 4.30184 4.32943 4.35531 4.37959 4.40236 4.4237 4.44371 4.46245 4.48002 4.49647 4.51187 4.5263 4.5398 4.55245 4.56428 4.57535 4.58572 4.59541 4.60448 4.61297 4.62096 4.62849 4.63553 4.64212 4.64827 4.65403 4.65941 4.66445 4.66915 4.67355 4.67767 4.68151 4.6851 4.68846 4.6916 4.69454 4.69728 4.69984 4.70224 4.70448 4.70657 4.70852 4.71035 4.71206 4.71366 4.71515 4.71654 4.71784 4.71906 4.7202 4.72194
 0 0.00193282 0.00623558 0.0174756 0.0407187 0.0810964 0.141668 0.221961 0.317813 0.422431 0.528057 0.627576 0.715688 0.789459 0.848232 0.893082 0.92608 0.949638 0.966055 0.977284 0.984858 0.989918 0.993277 0.9955 0.996972 0.997948 0.998597 0.999032 0.999325 0.999524 0.99966 0.999755 0.99982 0.999867 0.9999 0.999924 0.999941 0.999954 0.999963 0.99997 0.999976 0.99998 0.999983 0.999985 0.999987 0.999989 0.99999 0.999991 0.999992 0.999993 0.999993 0.999994 0.999994 0.999994 0.999995 0.999995 0.999995 0.999995 0.999995 0.999995 0.999995 0.999996 0.999996 0.999996 0.999996 0.999996 0.999996 0.999996 0.999996 0.999996 0.999996 0.999996 0.999996 0.999996 0.999996 0.999996 0.999996 0.999996 0.999996 0.999996 0.999996 0.999996 0.999996 0.999996 0.999996 0.999996 0.999996 0.999996 0.999996 0.999996 0.999996 0.999996 0.999996 0.999996 0.999996 0.999996 0.999996 0.999996 0.999996 0.999996 0.999996
 #wt and selex for gender,fleet: 1 3 3_CA_REC
 0.0103555 0.0206985 0.0521982 0.0997475 0.163639 0.242338 0.333637 0.435152 0.544592 0.659912 0.779446 0.902054 1.02716 1.15458 1.28423 1.41589 1.54912 1.6832 1.81732 1.95059 2.08219 2.2114 2.33762 2.46036 2.57926 2.69406 2.80457 2.91069 3.01235 3.10954 3.2023 3.29068 3.37475 3.45464 3.53043 3.60228 3.6703 3.73465 3.79546 3.85289 3.90708 3.95818 4.00633 4.05168 4.09436 4.13452 4.17228 4.20777 4.24111 4.27243 4.30183 4.32942 4.3553 4.37959 4.40235 4.4237 4.4437 4.46245 4.48001 4.49646 4.51187 4.52629 4.5398 4.55244 4.56428 4.57535 4.58571 4.59541 4.60448 4.61297 4.62096 4.62849 4.63553 4.64211 4.64827 4.65403 4.65941 4.66445 4.66915 4.67355 4.67766 4.68151 4.6851 4.68846 4.6916 4.69454 4.69728 4.69984 4.70224 4.70448 4.70657 4.70852 4.71035 4.71206 4.71365 4.71515 4.71654 4.71784 4.71906 4.72019 4.72194
 0 0.00532982 0.0149337 0.0366726 0.0762578 0.137722 0.221158 0.322207 0.43318 0.545066 0.649556 0.740544 0.81486 0.872163 0.914178 0.943698 0.963724 0.976935 0.985466 0.990887 0.994296 0.996425 0.997751 0.998576 0.999092 0.999415 0.999619 0.999749 0.999833 0.999887 0.999922 0.999946 0.999962 0.999973 0.99998 0.999985 0.999989 0.999992 0.999993 0.999995 0.999996 0.999997 0.999997 0.999998 0.999998 0.999998 0.999998 0.999999 0.999999 0.999999 0.999999 0.999999 0.999999 0.999999 0.999999 0.999999 0.999999 0.999999 0.999999 0.999999 0.999999 0.999999 0.999999 0.999999 0.999999 0.999999 0.999999 0.999999 0.999999 0.999999 0.999999 0.999999 0.999999 0.999999 0.999999 0.999999 0.999999 0.999999 0.999999 0.999999 0.999999 0.999999 0.999999 0.999999 0.999999 0.999999 0.999999 0.999999 0.999999 0.999999 0.999999 0.999999 0.999999 0.999999 0.999999 0.999999 0.999999 0.999999 0.999999 0.999999 0.999999
 #wt and selex for gender,fleet: 1 4 4_ORWA_TWL
 0.0103441 0.0201003 0.0498745 0.0952187 0.156317 0.231866 0.31991 0.418284 0.524868 0.637779 0.755592 0.877478 1.00308 1.1322 1.26448 1.39928 1.53572 1.67279 1.80946 1.9448 2.07801 2.20842 2.33551 2.45888 2.57823 2.69334 2.80407 2.91033 3.01209 3.10936 3.20217 3.29058 3.37468 3.45458 3.53039 3.60225 3.67028 3.73463 3.79545 3.85288 3.90707 3.95817 4.00632 4.05167 4.09436 4.13451 4.17227 4.20776 4.24111 4.27242 4.30182 4.32942 4.3553 4.37958 4.40235 4.4237 4.4437 4.46245 4.48001 4.49646 4.51187 4.52629 4.5398 4.55244 4.56428 4.57535 4.58571 4.59541 4.60448 4.61297 4.62096 4.62849 4.63553 4.64211 4.64827 4.65403 4.65941 4.66444 4.66915 4.67355 4.67766 4.68151 4.6851 4.68846 4.6916 4.69453 4.69728 4.69984 4.70224 4.70448 4.70657 4.70852 4.71035 4.71206 4.71365 4.71514 4.71654 4.71784 4.71906 4.72019 4.72194
 0 0.0176888 0.0408992 0.0839427 0.150176 0.239205 0.345883 0.461631 0.576698 0.682328 0.772319 0.843772 0.896937 0.934276 0.95924 0.975268 0.985234 0.99128 0.994883 0.997005 0.998245 0.998967 0.999388 0.999634 0.999779 0.999865 0.999916 0.999947 0.999966 0.999978 0.999985 0.999989 0.999992 0.999994 0.999996 0.999996 0.999997 0.999997 0.999998 0.999998 0.999998 0.999998 0.999998 0.999998 0.999998 0.999998 0.999998 0.999998 0.999998 0.999998 0.999998 0.999998 0.999998 0.999998 0.999998 0.999998 0.999998 0.999998 0.999998 0.999998 0.999998 0.999998 0.999998 0.999998 0.999998 0.999998 0.999998 0.999998 0.999998 0.999998 0.999998 0.999998 0.999998 0.999998 0.999998 0.999998 0.999998 0.999998 0.999998 0.999998 0.999998 0.999998 0.999998 0.999998 0.999998 0.999998 0.999998 0.999998 0.999998 0.999998 0.999998 0.999998 0.999998 0.999998 0.999998 0.999998 0.999998 0.999998 0.999998 0.999998 0.999998
 #wt and selex for gender,fleet: 1 5 5_ORWA_NONTWL
 0.0103619 0.0210347 0.0537199 0.10341 0.170813 0.254549 0.352418 0.46193 0.580612 0.706178 0.836598 0.970125 1.10529 1.24088 1.37596 1.50983 1.64204 1.7723 1.90043 2.0263 2.1498 2.27078 2.38907 2.50447 2.61677 2.72577 2.83126 2.9331 3.03115 3.12532 3.21557 3.30185 3.3842 3.46265 3.53727 3.60813 3.67534 3.739 3.79925 3.8562 3.90999 3.96075 4.00862 4.05373 4.0962 4.13618 4.17379 4.20915 4.24238 4.27359 4.30291 4.33042 4.35624 4.38046 4.40318 4.42448 4.44444 4.46315 4.48068 4.4971 4.51248 4.52688 4.54037 4.55299 4.56481 4.57586 4.58621 4.5959 4.60495 4.61343 4.62141 4.62893 4.63597 4.64255 4.6487 4.65445 4.65983 4.66486 4.66956 4.67396 4.67807 4.68191 4.6855 4.68886 4.69199 4.69493 4.69767 4.70023 4.70262 4.70486 4.70695 4.7089 4.71073 4.71244 4.71403 4.71552 4.71691 4.71821 4.71943 4.72056 4.72231
 0 0.000802873 0.0025217 0.00704319 0.0167082 0.0344245 0.0629306 0.104005 0.157916 0.223302 0.297457 0.376868 0.457803 0.536809 0.61106 0.678531 0.738036 0.789146 0.832043 0.867337 0.895891 0.918672 0.936646 0.950704 0.961629 0.970082 0.976606 0.981635 0.985515 0.988511 0.990832 0.992635 0.994042 0.995145 0.996014 0.996702 0.99725 0.99769 0.998044 0.998332 0.998566 0.998759 0.998918 0.99905 0.99916 0.999253 0.999331 0.999398 0.999455 0.999503 0.999545 0.999582 0.999613 0.999641 0.999665 0.999686 0.999705 0.999721 0.999736 0.999749 0.999761 0.999772 0.999781 0.99979 0.999797 0.999804 0.99981 0.999816 0.999821 0.999826 0.99983 0.999833 0.999836 0.999838 0.99984 0.999843 0.999845 0.999846 0.999848 0.99985 0.999851 0.999852 0.999854 0.999855 0.999856 0.999857 0.999858 0.999859 0.999859 0.99986 0.999861 0.999862 0.999862 0.999863 0.999863 0.999864 0.999864 0.999865 0.999865 0.999865 0.999866
 #wt and selex for gender,fleet: 1 6 6_OR_REC
 0.010538 0.0278715 0.0711365 0.130919 0.205191 0.289386 0.379457 0.472507 0.567455 0.665351 0.768459 0.878777 0.997104 1.12289 1.25466 1.39054 1.52866 1.66742 1.80553 1.94197 2.07596 2.20691 2.33434 2.45793 2.5774 2.69258 2.80334 2.9096 3.01136 3.10861 3.20139 3.28978 3.37385 3.45372 3.52951 3.60133 3.66934 3.73366 3.79446 3.85187 3.90604 3.95711 4.00525 4.05058 4.09325 4.13339 4.17113 4.20661 4.23994 4.27124 4.30063 4.32821 4.35409 4.37836 4.40112 4.42246 4.44245 4.46119 4.47875 4.49519 4.51059 4.52501 4.53851 4.55115 4.56298 4.57405 4.58441 4.5941 4.60317 4.61165 4.61964 4.62716 4.6342 4.64078 4.64693 4.65269 4.65807 4.6631 4.6678 4.6722 4.67631 4.68015 4.68374 4.6871 4.69024 4.69317 4.69591 4.69847 4.70087 4.7031 4.7052 4.70715 4.70898 4.71068 4.71228 4.71377 4.71516 4.71646 4.71768 4.71881 4.72056
 0 2.86863e-05 0.000463757 0.00419029 0.0218298 0.0736997 0.177743 0.33087 0.50564 0.667463 0.794034 0.880772 0.934509 0.965377 0.982145 0.990885 0.995294 0.997455 0.998474 0.998923 0.999089 0.999114 0.99907 0.998991 0.998896 0.998794 0.998689 0.998585 0.998482 0.998382 0.998286 0.998192 0.998103 0.998017 0.997935 0.997857 0.997782 0.997711 0.997644 0.99758 0.99752 0.997463 0.997409 0.997358 0.99731 0.997265 0.997222 0.997182 0.997144 0.997109 0.997075 0.997044 0.997015 0.996987 0.996961 0.996937 0.996914 0.996892 0.996872 0.996854 0.996836 0.996819 0.996804 0.996789 0.996776 0.996763 0.996751 0.99674 0.99673 0.99672 0.996711 0.996702 0.996694 0.996686 0.996679 0.996673 0.996666 0.996661 0.996655 0.99665 0.996645 0.996641 0.996637 0.996633 0.996629 0.996626 0.996623 0.99662 0.996617 0.996614 0.996612 0.99661 0.996608 0.996606 0.996604 0.996602 0.9966 0.996599 0.996598 0.996596 0.996594
 #wt and selex for gender,fleet: 1 7 7_WA_REC
 0.010499 0.0267395 0.0699847 0.132212 0.212751 0.307661 0.412806 0.524541 0.639938 0.756824 0.873821 0.990421 1.10692 1.22411 1.34289 1.46389 1.58727 1.71276 1.83971 1.96723 2.09438 2.22022 2.34395 2.46488 2.58248 2.69636 2.80622 2.91187 3.0132 3.11016 3.20275 3.29101 3.375 3.45482 3.53058 3.60239 3.67039 3.73472 3.79552 3.85293 3.90712 3.95821 4.00635 4.0517 4.09438 4.13453 4.17229 4.20778 4.24112 4.27244 4.30183 4.32942 4.35531 4.37959 4.40236 4.4237 4.44371 4.46245 4.48002 4.49647 4.51187 4.5263 4.5398 4.55245 4.56428 4.57535 4.58572 4.59541 4.60448 4.61297 4.62096 4.62849 4.63553 4.64212 4.64827 4.65403 4.65941 4.66445 4.66915 4.67355 4.67767 4.68151 4.6851 4.68846 4.6916 4.69454 4.69728 4.69984 4.70224 4.70448 4.70657 4.70853 4.71035 4.71206 4.71366 4.71515 4.71654 4.71784 4.71906 4.7202 4.72194
 0 4.25674e-06 5.71572e-05 0.000505307 0.00287545 0.0113849 0.0336109 0.0783928 0.151393 0.251369 0.369818 0.494059 0.611638 0.713709 0.796189 0.859043 0.904735 0.936738 0.958516 0.97302 0.982529 0.988699 0.992677 0.995235 0.99688 0.997941 0.998629 0.999077 0.999372 0.999567 0.999698 0.999786 0.999847 0.999889 0.999918 0.999939 0.999954 0.999964 0.999972 0.999978 0.999983 0.999986 0.999989 0.99999 0.999992 0.999993 0.999994 0.999995 0.999996 0.999996 0.999997 0.999997 0.999997 0.999997 0.999998 0.999998 0.999998 0.999998 0.999998 0.999998 0.999998 0.999998 0.999998 0.999999 0.999999 0.999999 0.999999 0.999999 0.999999 0.999999 0.999999 0.999999 0.999999 0.999999 0.999999 0.999999 0.999999 0.999999 0.999999 0.999999 0.999999 0.999999 0.999999 0.999999 0.999999 0.999999 0.999999 0.999999 0.999999 0.999999 0.999999 0.999999 0.999999 0.999999 0.999999 0.999999 0.999999 0.999999 0.999999 0.999999 0.999999
# Sex ratio correction
1
# M and current age-structure in year Yinit: 2011
 # gender = 1
 0.0439034 0.0439034 0.0439034 0.0439034 0.0439034 0.0439034 0.0439034 0.0439034 0.0439034 0.0439034 0.0439034 0.0439034 0.0439034 0.0439034 0.0439034 0.0439034 0.0439034 0.0439034 0.0439034 0.0439034 0.0439034 0.0439034 0.0439034 0.0439034 0.0439034 0.0439034 0.0439034 0.0439034 0.0439034 0.0439034 0.0439034 0.0439034 0.0439034 0.0439034 0.0439034 0.0439034 0.0439034 0.0439034 0.0439034 0.0439034 0.0439034 0.0439034 0.0439034 0.0439034 0.0439034 0.0439034 0.0439034 0.0439034 0.0439034 0.0439034 0.0439034 0.0439034 0.0439034 0.0439034 0.0439034 0.0439034 0.0439034 0.0439034 0.0439034 0.0439034 0.0439034 0.0439034 0.0439034 0.0439034 0.0439034 0.0439034 0.0439034 0.0439034 0.0439034 0.0439034 0.0439034 0.0439034 0.0439034 0.0439034 0.0439034 0.0439034 0.0439034 0.0439034 0.0439034 0.0439034 0.0439034 0.0439034 0.0439034 0.0439034 0.0439034 0.0439034 0.0439034 0.0439034 0.0439034 0.0439034 0.0439034 0.0439034 0.0439034 0.0439034 0.0439034 0.0439034 0.0439034 0.0439034 0.0439034 0.0439034 0.0439034
 368.856 374.262 378.871 500.134 267.55 238.838 146.765 102.438 160.769 263.987 100.689 77.9454 109.305 73.0639 43.3085 35.0778 35.2132 57.3061 70.144 39.8283 28.735 26.3625 26.169 27.2389 30.8556 35.3353 42.1847 46.2379 42.2154 56.4732 38.9744 26.7985 20.0905 15.3367 17.5095 16.6458 15.7841 10.9553 9.61644 11.2735 15.5415 11.1775 8.65264 7.0579 5.37657 4.46508 3.58777 2.92114 2.65908 2.68895 2.86585 3.01391 2.98019 2.79832 2.58417 2.40264 2.28559 2.24772 2.29379 2.4233 2.61545 2.79917 2.84933 2.69386 2.40986 2.11667 1.86949 1.6774 1.5331 1.42435 1.34154 1.27701 1.22526 1.18201 1.1434 1.10636 1.06869 1.02964 0.989512 0.949412 0.910564 0.873956 0.839939 0.808581 0.779521 0.752208 0.726115 0.700798 0.675877 0.651124 0.62648 0.601872 0.577381 0.553201 0.529331 0.505618 0.48267 0.460586 0.439417 0.419209 9.01359
# Age-structure at Ydeclare= 2013
 638.209 270.563 337.847 342.793 346.999 458.018 244.973 218.611 134.269 93.6577 146.886 241.018 91.8677 71.0752 99.623 66.5659 39.4449 31.9411 32.059 52.1663 63.847 36.2504 26.1524 23.9924 23.8157 24.7889 28.0799 32.1565 38.3895 42.078 38.4173 51.3925 35.468 24.3876 18.2831 13.957 15.9344 15.1484 14.3643 9.96983 8.75144 10.2595 14.1436 10.1721 7.87439 6.4231 4.893 4.06349 3.26509 2.65841 2.41993 2.44711 2.60811 2.74284 2.71216 2.54665 2.35176 2.18655 2.08003 2.04557 2.0875 2.20536 2.38023 2.54742 2.59308 2.45159 2.19313 1.92631 1.70135 1.52655 1.39522 1.29625 1.22089 1.16217 1.11507 1.07571 1.04057 1.00686 0.972579 0.93704 0.900521 0.864027 0.828673 0.795357 0.7644 0.735862 0.709415 0.684559 0.660813 0.637772 0.615093 0.592565 0.570138 0.547743 0.525454 0.503449 0.481726 0.460145 0.439261 0.419163 8.98437
# Year for Tmin Age-structure (set to Ydecl by SS)
2013
#  recruitment and biomass
# Number of historical assessment years
137
# Historical data
# year recruitment spawner in B0 in R project in R/S project
1888  1889 1890 1891 1892 1893 1894 1895 1896 1897 1898 1899 1900 1901 1902 1903 1904 1905 1906 1907 1908 1909 1910 1911 1912 1913 1914 1915 1916 1917 1918 1919 1920 1921 1922 1923 1924 1925 1926 1927 1928 1929 1930 1931 1932 1933 1934 1935 1936 1937 1938 1939 1940 1941 1942 1943 1944 1945 1946 1947 1948 1949 1950 1951 1952 1953 1954 1955 1956 1957 1958 1959 1960 1961 1962 1963 1964 1965 1966 1967 1968 1969 1970 1971 1972 1973 1974 1975 1976 1977 1978 1979 1980 1981 1982 1983 1984 1985 1986 1987 1988 1989 1990 1991 1992 1993 1994 1995 1996 1997 1998 1999 2000 2001 2002 2003 2004 2005 2006 2007 2008 2009 2010 2011 2012 2013 2014 2015 2016 2017 2018 2019 2020 2021 2022 2023 2024 #years (with first value representing R0)
261.96 267.332 267.516 267.706 267.902 268.096 268.295 268.501 268.721 268.947 269.182 269.424 269.676 269.936 270.205 270.475 270.753 271.044 271.346 271.671 271.992 272.338 272.7 273.074 273.453 273.823 274.153 274.395 274.504 274.421 273.845 272.896 271.605 269.915 267.829 265.409 262.702 259.808 256.865 254.005 251.365 249.061 247.128 245.474 243.94 242.238 240.073 237.243 233.766 229.887 226.108 223.004 221.181 221.187 223.636 229.314 239.096 253.995 274.146 297.54 317.037 319.587 299.16 266.291 234.994 211.813 197.601 191.245 191.296 195.713 201.515 203.96 195.908 176.792 157.273 147.277 152.967 177.254 207.62 234.549 287.752 328.134 392.12 501.115 331.741 256.334 262.544 337.621 315.649 292.559 224.586 256.695 297.729 375.628 471.492 305.206 289.859 229.923 168.298 129.285 101.22 87.0342 79.2606 78.8779 100.809 165.215 126.612 73.4299 69.359 81.4393 130.919 186.83 127.179 156.908 393.076 228.828 139.428 191.085 297.527 318.938 570.556 413.644 391.06 368.856 282.707 638.209 362.537 417.485 272.486 158.128 155.084 155.612 157.045 182.031 210.005 221.273 228.61  #recruits; first value is R0 (virgin)
1205.15  1205.15 1205.15 1205.13 1205.11 1204.66 1204.21 1203.76 1203.62 1203.54 1203.47 1203.41 1203.35 1203.31 1203.3 1203.31 1203.37 1203.46 1203.61 1203.8 1204.02 1204.17 1204.46 1204.79 1205.14 1205.51 1205.91 1206.32 1206.68 1207.13 1207.44 1205.77 1205.65 1205.67 1205.77 1206.16 1206.49 1206.3 1205.79 1204.51 1202.54 1200.67 1199.26 1197.52 1196.78 1196.18 1195.58 1194.44 1193.26 1191.1 1189.16 1186.88 1185.15 1182.26 1177.83 1172.99 1163.72 1153.72 1138.58 1124.53 1117.91 1110.22 1104.14 1097.3 1088.81 1081.31 1075.49 1068.48 1061.82 1055.09 1047.25 1040.06 1033.96 1029.05 1026.06 1022.56 1020.72 1020.32 1010.76 1008.09 1003.78 999.16 985.668 976.481 963.985 948.127 930.651 911.195 891.922 869.798 847.909 813.714 777.758 750.291 715.432 659.514 612.089 584.497 548.221 519.337 492.573 470 441.677 421.688 388.523 358.872 330.619 316.201 301.58 285.423 266.302 260.977 251.236 253.311 254.513 260.799 266.97 273.023 278.768 284.602 289.755 295.175 300.513 306.595 313.051 319.943 327.925 337.123 347.16 358.834 371.132 385.426 401.354 419.978 440.582 462.012 484.734 #spbio; first value is SSB_virgin (virgin)
1 0 0 0 0 0 0 0 0 0 0 0 0 0 0 0 0 0 0 0 0 0 0 0 0 0 0 0 0 0 0 0 0 0 0 0 0 0 0 0 0 0 0 0 0 0 0 0 0 0 0 0 0 0 0 0 0 0 0 0 0 0 0 0 0 0 0 0 0 0 0 0 0 0 0 0 0 0 0 0 0 0 0 0 0 0 0 0 0 0 0 0 0 0 0 0 0 0 0 0 0 0 0 0 0 0 0 0 0 0 0 0 0 0 0 0 0 0 0 0 0 0 0 0 0 0 0 0 0 0 0 0 0 0 0 0 0  # in Bzero
0 1 1 1 1 1 1 1 1 1 1 1 1 1 1 1 1 1 1 1 1 1 1 1 1 1 1 1 1 1 1 1 1 1 1 1 1 1 1 1 1 1 1 1 1 1 1 1 1 1 1 1 1 1 1 1 1 1 1 1 1 1 1 1 1 1 1 1 1 1 1 1 1 1 1 1 1 1 1 1 1 1 1 1 1 1 1 1 1 1 1 1 1 1 1 1 1 1 1 1 1 1 1 1 1 1 1 1 1 1 1 1 1 1 1 1 1 1 1 1 1 1 1 1 1 1 1 1 1 1 1 1 1 1  0 0 0 # in R project
0 1 1 1 1 1 1 1 1 1 1 1 1 1 1 1 1 1 1 1 1 1 1 1 1 1 1 1 1 1 1 1 1 1 1 1 1 1 1 1 1 1 1 1 1 1 1 1 1 1 1 1 1 1 1 1 1 1 1 1 1 1 1 1 1 1 1 1 1 1 1 1 1 1 1 1 1 1 1 1 1 1 1 1 1 1 1 1 1 1 1 1 1 1 1 1 1 1 1 1 1 1 1 1 1 1 1 1 1 1 1 1 1 1 1 1 1 1 1 1 1 1 1 1 1 1 1 1 1 1 1 1 1 1  0 0 0 # in R/S project
# Number of years with pre-specified catches
0
# catches for years with pre-specified catches go next
# Number of future recruitments to override
-2
# Process for overiding (-1 for average otherwise index in data list)
# Which probability to product detailed results for (1=0.5; 2=0.6; etc.)
3
# Steepness sigma-R Auto-correlation
0.718 0.5 0
# Target SPR rate (FMSY Proxy); manually change to SPR_MSY if not using SPR_target
0.5
# Discount rate (for cumulative catch)
0.1
# Truncate the series when 0.4B0 is reached (1=Yes)
0
# Set F to FMSY once 0.4B0 is reached (1=Yes)
0
# Maximum possible F for projection (-1 to set to FMSY)
-1
# Defintion of recovery (1=now only;2=now or before)
2
# Projection type
4
# Definition of the 40-10 rule
10 40
# Sigma Assessment Error (Base, Year1, Slope, MaxSigma)
1.0 2025 0.075 2.0
# Pstar
0.45
# Constrain catches by the ABC (1=yes, 2=no)
2
# Implementation Error (0=no; 1=lognormal; 2=uniform)
0
#Parameters of Implementaion Error
1 0.3
# Calculate coefficients of variation (1=Yes)
0
# Number of replicates to use
10
# Random number seed
-99004
# File with multiple parameter vectors 
rebuild.SSO
# User-specific projection (1=Yes); Output replaced (1->9)
0  5
# Catches and Fs (Year; 1/2/3 (F or C or SPR); value); Final row is -1
2024 1 1
-1 -1 -1
# Fixed catch project (1=Yes); Output replaced (1->9); Approach (-1=Read in else 1-9)
0 2 -1
# (48a) Special catch options (1-Yes) [CUT_OFF, Emsy, distribution, MAXCAT, Add, replace_code]
0 0.18 1.00 1.00 0 6
# (48b) B1Target
150000
# Split of Fs
2011  0.0199352
 0
 0.468874
 0.0203663
 0.16742
 0.169004
 0.154401
-1  1 1 1 1 1 1 1 1 1 1 1 1
# Yrs to define T_target for projection type 4 (a.k.a. 5 pre-specified inputs)
2030 2031 2032 2033 2034 
# Year for probability of recovery
2034 2035 2036 2037 2038 2039 2040 2041
# Time varying weight-at-age (1=Yes;0=No)
0
# File with time series of weight-at-age data
none
# Use bisection (0) or linear interpolation (1)
1
# Target Depletion
0.4
# CV of implementation error
0
