#Title, #runnumber: 1 yelloweye_data.ss yelloweye_control.ss 5764.42 1096.91 381.473 StartTime: Thu Apr 24 14:41:07 2025
SSv3_default_rebuild.dat
# Number of sexes
1
# Age range to consider (minimum age; maximum age)
0 100
# Number of fleets
7
# First year of projection (Yinit)
2011
# First Year of rebuilding period (Ydecl)
2013
# Number of simulations
1000
# Maximum number of years
500
# Conduct projections with multiple starting values (0=No;else yes)
0
# Number of parameter vectors
1000
# Is the maximum age a plus-group (1=Yes;2=No)
1
# Generate future recruitments using historical recruitments (1)  historical recruits/spawner (2)  or a stock-recruitment (3)
3
# Constant fishing mortality (1) or constant Catch (2) projections
1
# Fishing mortality based on SPR (1) or actual rate (2)
1
# Pre-specify the year of recovery (or -1) to ignore
-1
# Fecundity-at-age
# 0 1 2 3 4 5 6 7 8 9 10 11 12 13 14 15 16 17 18 19 20 21 22 23 24 25 26 27 28 29 30 31 32 33 34 35 36 37 38 39 40 41 42 43 44 45 46 47 48 49 50 51 52 53 54 55 56 57 58 59 60 61 62 63 64 65 66 67 68 69 70 71 72 73 74 75 76 77 78 79 80 81 82 83 84 85 86 87 88 89 90 91 92 93 94 95 96 97 98 99 100 #runnumber: 1 yelloweye_data.ss yelloweye_control.ss 5764.42 1096.91 381.473
 0 0 1.07337e-08 1.79307e-07 1.96691e-06 1.58838e-05 9.98971e-05 0.000498125 0.00196162 0.0061086 0.0153418 0.0320802 0.0577851 0.0924566 0.134801 0.182796 0.234277 0.287342 0.340533 0.392843 0.443652 0.492615 0.539578 0.584497 0.627391 0.66831 0.707316 0.744473 0.779844 0.813488 0.845462 0.875822 0.904621 0.931913 0.95775 0.982188 1.00528 1.02708 1.04763 1.06701 1.08525 1.10241 1.11855 1.13371 1.14794 1.1613 1.17382 1.18556 1.19656 1.20686 1.2165 1.22552 1.23396 1.24185 1.24922 1.25611 1.26254 1.26855 1.27416 1.2794 1.28429 1.28885 1.2931 1.29707 1.30077 1.30422 1.30743 1.31043 1.31323 1.31583 1.31826 1.32057 1.32273 1.32474 1.32661 1.32836 1.32998 1.3315 1.3329 1.33422 1.33544 1.33658 1.33764 1.33862 1.33954 1.3404 1.34119 1.34194 1.34263 1.34327 1.34387 1.34442 1.34494 1.34542 1.34587 1.34629 1.34668 1.34704 1.34738 1.34769 1.34816 #female fecundity; weighted by N in year Y_init across morphs and areas
# Age specific selectivity and weight adjusted for discard and discard mortality
 #wt and selex for gender,fleet: 1 1 1_CA_TWL
 0.00896707 0.0131073 0.0442852 0.0961862 0.168751 0.25951 0.364875 0.481267 0.605544 0.735135 0.868081 1.00307 1.13941 1.2769 1.41556 1.55541 1.69627 1.83774 1.97918 2.11979 2.25873 2.3952 2.52848 2.65795 2.78316 2.90376 3.01951 3.13028 3.236 3.33667 3.43234 3.5231 3.60907 3.69038 3.76718 3.83965 3.90795 3.97226 4.03276 4.08964 4.14306 4.1932 4.24024 4.28434 4.32566 4.36436 4.40059 4.43449 4.46619 4.49584 4.52355 4.54944 4.57363 4.59622 4.6173 4.63699 4.65536 4.6725 4.68849 4.7034 4.71731 4.73027 4.74236 4.75363 4.76413 4.77392 4.78304 4.79154 4.79946 4.80684 4.81377 4.82029 4.82636 4.83201 4.83728 4.84218 4.84675 4.851 4.85496 4.85864 4.86208 4.86527 4.86825 4.87101 4.87359 4.87599 4.87823 4.88031 4.88224 4.88404 4.88572 4.88728 4.88874 4.89009 4.89135 4.89252 4.89361 4.89462 4.89557 4.89645 4.89776
 0 0.000858425 0.00284903 0.00989841 0.027202 0.0610872 0.116315 0.193757 0.289697 0.396906 0.50668 0.610905 0.703529 0.781197 0.843092 0.890286 0.924931 0.949559 0.966602 0.978138 0.985808 0.990838 0.994103 0.996206 0.997554 0.998418 0.998971 0.999326 0.999554 0.999702 0.999799 0.999863 0.999905 0.999933 0.999952 0.999965 0.999974 0.99998 0.999985 0.999988 0.99999 0.999992 0.999993 0.999994 0.999995 0.999995 0.999996 0.999996 0.999996 0.999996 0.999996 0.999997 0.999997 0.999997 0.999997 0.999997 0.999997 0.999997 0.999997 0.999997 0.999997 0.999997 0.999997 0.999997 0.999997 0.999997 0.999997 0.999997 0.999997 0.999997 0.999997 0.999997 0.999997 0.999997 0.999997 0.999997 0.999997 0.999997 0.999997 0.999997 0.999997 0.999997 0.999997 0.999997 0.999997 0.999997 0.999997 0.999997 0.999997 0.999997 0.999997 0.999997 0.999997 0.999997 0.999997 0.999997 0.999997 0.999997 0.999997 0.999997 0.999997
 #wt and selex for gender,fleet: 1 3 3_CA_REC
 0.00896707 0.0129342 0.0417923 0.0904051 0.158437 0.243739 0.34314 0.453435 0.571779 0.695905 0.8243 0.956245 1.09159 1.23037 1.37241 1.51719 1.66384 1.81126 1.95828 2.10377 2.24676 2.38643 2.52215 2.65345 2.77998 2.90153 3.01795 3.12919 3.23523 3.33613 3.43196 3.52283 3.60888 3.69024 3.76708 3.83957 3.90789 3.97222 4.03273 4.08961 4.14304 4.19319 4.24023 4.28433 4.32565 4.36435 4.40058 4.43448 4.46619 4.49584 4.52355 4.54944 4.57363 4.59621 4.6173 4.63699 4.65536 4.6725 4.68849 4.7034 4.71731 4.73027 4.74236 4.75363 4.76413 4.77392 4.78304 4.79154 4.79946 4.80684 4.81377 4.82029 4.82636 4.83201 4.83728 4.84218 4.84675 4.851 4.85496 4.85864 4.86208 4.86527 4.86825 4.87102 4.87359 4.87599 4.87823 4.88031 4.88224 4.88404 4.88572 4.88728 4.88874 4.89009 4.89135 4.89252 4.89361 4.89462 4.89557 4.89645 4.89776
 0 0.00428052 0.0117157 0.0324787 0.0736442 0.140522 0.232982 0.344819 0.465721 0.584367 0.691261 0.780487 0.85007 0.901195 0.936878 0.960721 0.976083 0.985688 0.991549 0.995058 0.997128 0.998337 0.999037 0.999441 0.999674 0.999809 0.999887 0.999932 0.999959 0.999975 0.999984 0.99999 0.999993 0.999996 0.999997 0.999998 0.999998 0.999999 0.999999 0.999999 0.999999 0.999999 0.999999 0.999999 0.999999 0.999999 0.999999 0.999999 0.999999 0.999999 0.999999 0.999999 0.999999 0.999999 0.999999 0.999999 0.999999 0.999999 0.999999 0.999999 0.999999 0.999999 0.999999 0.999999 0.999999 0.999999 0.999999 0.999999 0.999999 0.999999 0.999999 0.999999 0.999999 0.999999 0.999999 0.999999 0.999999 0.999999 0.999999 0.999999 0.999999 0.999999 0.999999 0.999999 0.999999 0.999999 0.999999 0.999999 0.999999 0.999999 0.999999 0.999999 0.999999 0.999999 0.999999 0.999999 0.999999 0.999999 0.999999 0.999999 0.999999
 #wt and selex for gender,fleet: 1 4 4_ORWA_TWL
 0.00896707 0.0126375 0.0372609 0.0807114 0.143243 0.223837 0.320426 0.430511 0.551541 0.681119 0.817095 0.957623 1.10119 1.24662 1.39304 1.5398 1.68634 1.83212 1.9766 2.11919 2.2593 2.39636 2.52985 2.65932 2.78441 2.90483 3.02041 3.13101 3.23658 3.33713 3.43271 3.52339 3.6093 3.69056 3.76732 3.83976 3.90804 3.97233 4.03282 4.08968 4.1431 4.19323 4.24027 4.28436 4.32568 4.36438 4.4006 4.4345 4.4662 4.49585 4.52356 4.54945 4.57363 4.59622 4.61731 4.63699 4.65536 4.6725 4.68849 4.7034 4.71731 4.73028 4.74236 4.75363 4.76414 4.77392 4.78304 4.79154 4.79946 4.80684 4.81377 4.82029 4.82636 4.83201 4.83728 4.84218 4.84675 4.851 4.85496 4.85865 4.86208 4.86527 4.86825 4.87102 4.87359 4.87599 4.87823 4.88031 4.88224 4.88405 4.88572 4.88728 4.88874 4.89009 4.89135 4.89252 4.89361 4.89462 4.89557 4.89645 4.89776
 0 0.0217535 0.0420479 0.0776085 0.128837 0.19529 0.274334 0.361733 0.452571 0.542096 0.626315 0.702305 0.768299 0.823611 0.868463 0.903739 0.930722 0.950857 0.965558 0.976095 0.983529 0.988709 0.992282 0.99473 0.996397 0.997531 0.9983 0.998823 0.999179 0.999423 0.999591 0.999707 0.999788 0.999844 0.999885 0.999913 0.999934 0.999949 0.99996 0.999968 0.999974 0.999979 0.999983 0.999985 0.999987 0.999989 0.99999 0.999991 0.999992 0.999993 0.999993 0.999994 0.999994 0.999995 0.999995 0.999995 0.999995 0.999995 0.999995 0.999996 0.999996 0.999996 0.999996 0.999996 0.999996 0.999996 0.999996 0.999996 0.999996 0.999996 0.999996 0.999996 0.999996 0.999996 0.999996 0.999996 0.999996 0.999996 0.999996 0.999996 0.999996 0.999996 0.999996 0.999996 0.999996 0.999996 0.999996 0.999996 0.999996 0.999996 0.999996 0.999996 0.999996 0.999996 0.999996 0.999996 0.999996 0.999996 0.999996 0.999996 0.999996
 #wt and selex for gender,fleet: 1 5 5_ORWA_NONTWL
 0.00896707 0.0129613 0.0424064 0.092655 0.163993 0.254623 0.361441 0.481086 0.610403 0.746641 0.887497 1.0311 1.17595 1.32096 1.46531 1.60852 1.75025 1.89028 2.02844 2.1645 2.2982 2.42923 2.55724 2.68187 2.8028 2.91973 3.0324 3.14063 3.24428 3.3433 3.43765 3.52736 3.61249 3.69314 3.76943 3.84148 3.90945 3.9735 4.0338 4.0905 4.14379 4.19382 4.24077 4.2848 4.32606 4.36471 4.4009 4.43476 4.46644 4.49606 4.52375 4.54962 4.57379 4.59637 4.61744 4.63712 4.65548 4.67261 4.68859 4.7035 4.7174 4.73036 4.74245 4.75371 4.76421 4.774 4.78312 4.79161 4.79953 4.8069 4.81384 4.82035 4.82642 4.83207 4.83734 4.84224 4.84681 4.85106 4.85502 4.8587 4.86213 4.86533 4.8683 4.87107 4.87365 4.87605 4.87828 4.88036 4.8823 4.8841 4.88578 4.88734 4.88879 4.89014 4.8914 4.89257 4.89366 4.89468 4.89562 4.8965 4.89781
 0 0.000977542 0.00277931 0.00826704 0.0204687 0.0431111 0.0793573 0.130703 0.196441 0.273819 0.358712 0.446464 0.53265 0.613613 0.686748 0.750558 0.804548 0.849008 0.884761 0.912931 0.934742 0.951385 0.963934 0.973308 0.980259 0.985389 0.989161 0.991932 0.993966 0.995463 0.996566 0.997382 0.997989 0.998442 0.998783 0.999041 0.999237 0.999387 0.999503 0.999594 0.999665 0.999721 0.999765 0.999801 0.99983 0.999853 0.999872 0.999888 0.999901 0.999912 0.999922 0.999929 0.999936 0.999942 0.999946 0.999951 0.999954 0.999957 0.99996 0.999963 0.999965 0.999967 0.999968 0.99997 0.999971 0.999972 0.999973 0.999974 0.999975 0.999976 0.999977 0.999977 0.999977 0.999978 0.999978 0.999978 0.999979 0.999979 0.999979 0.999979 0.999979 0.99998 0.99998 0.99998 0.99998 0.99998 0.99998 0.99998 0.999981 0.999981 0.999981 0.999981 0.999981 0.999981 0.999981 0.999981 0.999981 0.999981 0.999981 0.999981 0.999981
 #wt and selex for gender,fleet: 1 6 6_OR_REC
 0.00896707 0.0148696 0.059518 0.123278 0.204949 0.298116 0.397341 0.499183 0.602711 0.709332 0.821558 0.941557 1.07026 1.2072 1.35081 1.49898 1.64958 1.80067 1.95071 2.0985 2.24311 2.38389 2.52033 2.65208 2.77889 2.9006 3.0171 3.12838 3.23444 3.33534 3.43116 3.52201 3.60804 3.68938 3.7662 3.83867 3.90697 3.97128 4.03178 4.08864 4.14205 4.19219 4.23922 4.28331 4.32462 4.36331 4.39953 4.43342 4.46512 4.49476 4.52246 4.54835 4.57253 4.59511 4.6162 4.63588 4.65424 4.67138 4.68736 4.70227 4.71618 4.72914 4.74123 4.75249 4.76299 4.77278 4.7819 4.7904 4.79831 4.80569 4.81262 4.81913 4.8252 4.83085 4.83611 4.84101 4.84558 4.84983 4.85378 4.85747 4.8609 4.86409 4.86707 4.86983 4.87241 4.87481 4.87704 4.87912 4.88105 4.88286 4.88453 4.88609 4.88754 4.8889 4.89015 4.89133 4.89242 4.89343 4.89437 4.89525 4.89657
 0 1.98793e-05 0.000273136 0.00306125 0.0181275 0.0656644 0.16442 0.312463 0.483905 0.645602 0.775269 0.866834 0.925381 0.960017 0.979289 0.989494 0.994675 0.997203 0.998379 0.998883 0.99906 0.999081 0.999028 0.99894 0.998838 0.99873 0.998621 0.998513 0.998408 0.998307 0.998209 0.998115 0.998026 0.99794 0.997859 0.997782 0.997709 0.99764 0.997575 0.997513 0.997456 0.997401 0.99735 0.997301 0.997256 0.997214 0.997174 0.997136 0.997101 0.997069 0.997038 0.997009 0.996983 0.996957 0.996934 0.996912 0.996892 0.996873 0.996855 0.996838 0.996823 0.996808 0.996795 0.996782 0.99677 0.99676 0.996749 0.99674 0.996731 0.996723 0.996715 0.996708 0.996701 0.996694 0.996689 0.996683 0.996678 0.996673 0.996669 0.996665 0.996661 0.996657 0.996654 0.996651 0.996648 0.996645 0.996643 0.99664 0.996638 0.996636 0.996634 0.996632 0.996631 0.996629 0.996628 0.996626 0.996625 0.996624 0.996623 0.996622 0.996621
 #wt and selex for gender,fleet: 1 7 7_WA_REC
 0.00896707 0.0158937 0.0667229 0.139602 0.233893 0.341975 0.457258 0.57509 0.692677 0.808971 0.9245 1.04086 1.15996 1.28337 1.41192 1.54558 1.68354 1.82452 1.96696 2.10932 2.25024 2.38859 2.52347 2.65425 2.78047 2.90182 3.01813 3.12929 3.2353 3.33617 3.43199 3.52285 3.60889 3.69025 3.76709 3.83958 3.9079 3.97222 4.03273 4.08961 4.14304 4.19319 4.24023 4.28433 4.32565 4.36435 4.40058 4.43448 4.46619 4.49584 4.52355 4.54944 4.57363 4.59621 4.6173 4.63699 4.65536 4.6725 4.68849 4.7034 4.71731 4.73027 4.74236 4.75363 4.76413 4.77392 4.78304 4.79154 4.79946 4.80684 4.81377 4.82029 4.82636 4.83201 4.83728 4.84218 4.84675 4.851 4.85496 4.85864 4.86208 4.86527 4.86825 4.87102 4.87359 4.87599 4.87823 4.88031 4.88224 4.88404 4.88572 4.88728 4.88874 4.89009 4.89135 4.89252 4.89361 4.89462 4.89557 4.89645 4.89776
 0 3.57369e-07 9.52017e-06 0.000191919 0.00186989 0.0103237 0.0369824 0.0954828 0.192298 0.320584 0.462961 0.600026 0.717721 0.809912 0.876986 0.922979 0.953053 0.971987 0.983556 0.990461 0.99451 0.996854 0.9982 0.998968 0.999406 0.999656 0.999799 0.999881 0.999929 0.999957 0.999973 0.999983 0.999989 0.999993 0.999995 0.999997 0.999998 0.999998 0.999999 0.999999 0.999999 0.999999 0.999999 0.999999 0.999999 0.999999 0.999999 0.999999 0.999999 0.999999 0.999999 0.999999 0.999999 0.999999 0.999999 0.999999 0.999999 0.999999 0.999999 0.999999 0.999999 0.999999 0.999999 0.999999 0.999999 0.999999 0.999999 0.999999 0.999999 0.999999 0.999999 0.999999 0.999999 0.999999 0.999999 0.999999 0.999999 0.999999 0.999999 0.999999 0.999999 0.999999 0.999999 0.999999 0.999999 0.999999 0.999999 0.999999 0.999999 0.999999 0.999999 0.999999 0.999999 0.999999 0.999999 0.999999 0.999999 0.999999 0.999999 0.999999 0.999999
# Sex ratio correction
1
# M and current age-structure in year Yinit: 2011
 # gender = 1
 0.0439034 0.0439034 0.0439034 0.0439034 0.0439034 0.0439034 0.0439034 0.0439034 0.0439034 0.0439034 0.0439034 0.0439034 0.0439034 0.0439034 0.0439034 0.0439034 0.0439034 0.0439034 0.0439034 0.0439034 0.0439034 0.0439034 0.0439034 0.0439034 0.0439034 0.0439034 0.0439034 0.0439034 0.0439034 0.0439034 0.0439034 0.0439034 0.0439034 0.0439034 0.0439034 0.0439034 0.0439034 0.0439034 0.0439034 0.0439034 0.0439034 0.0439034 0.0439034 0.0439034 0.0439034 0.0439034 0.0439034 0.0439034 0.0439034 0.0439034 0.0439034 0.0439034 0.0439034 0.0439034 0.0439034 0.0439034 0.0439034 0.0439034 0.0439034 0.0439034 0.0439034 0.0439034 0.0439034 0.0439034 0.0439034 0.0439034 0.0439034 0.0439034 0.0439034 0.0439034 0.0439034 0.0439034 0.0439034 0.0439034 0.0439034 0.0439034 0.0439034 0.0439034 0.0439034 0.0439034 0.0439034 0.0439034 0.0439034 0.0439034 0.0439034 0.0439034 0.0439034 0.0439034 0.0439034 0.0439034 0.0439034 0.0439034 0.0439034 0.0439034 0.0439034 0.0439034 0.0439034 0.0439034 0.0439034 0.0439034 0.0439034
 321.911 361.394 277.761 355.259 181.317 131.414 92.7665 67.3752 125.907 243.44 62.0541 47.3556 81.8893 54.0331 29.8201 24.6581 26.2607 58.2569 59.2502 25.5911 20.0132 20.3722 21.0406 21.5236 23.4157 25.4003 31.8605 31.8777 20.324 24.4771 17.7858 13.5667 9.32099 6.98424 8.1359 8.07097 7.51453 4.28848 3.91037 4.90405 7.09277 4.22096 3.2754 2.64948 2.0588 1.69737 1.33106 1.09887 1.04317 1.10893 1.21798 1.24212 1.13136 0.987035 0.872688 0.796613 0.757206 0.752714 0.78302 0.850222 0.952711 1.06929 1.13615 1.08389 0.948473 0.811452 0.703663 0.625074 0.568631 0.526996 0.495336 0.470445 0.45035 0.433611 0.418831 0.404826 0.390697 0.376119 0.361204 0.346413 0.332257 0.319144 0.307203 0.296418 0.286585 0.277376 0.268337 0.259456 0.250557 0.241559 0.232439 0.223216 0.213956 0.204771 0.195679 0.186805 0.17822 0.169968 0.162073 0.154549 3.32574
# Age-structure at Ydeclare= 2013
 271.049 203.624 294.848 331.006 254.394 325.333 166 120.254 84.8258 61.5482 114.893 221.906 56.5108 43.0915 74.4708 49.1167 27.0986 22.4032 23.856 52.9179 53.8172 23.2437 18.1771 18.5028 19.1097 19.5481 21.2662 23.0682 28.9347 28.9496 18.4566 22.2275 16.1508 12.3192 8.46366 6.34168 7.38723 7.32813 6.82276 3.89363 3.55026 4.45236 6.43938 3.83207 2.97358 2.40531 1.86904 1.54091 1.20836 0.99756 0.946995 1.00669 1.10567 1.12758 1.02704 0.896015 0.792211 0.72315 0.687377 0.683299 0.710809 0.771813 0.86485 0.970677 1.03137 0.983928 0.861 0.736616 0.638767 0.567426 0.516188 0.478393 0.449653 0.427057 0.408816 0.39362 0.380203 0.367489 0.354664 0.34143 0.327891 0.314464 0.301614 0.28971 0.27887 0.269081 0.260154 0.251795 0.243589 0.235527 0.227449 0.219281 0.211002 0.20263 0.194224 0.185885 0.177633 0.169576 0.161783 0.154293 3.30645
# Year for Tmin Age-structure (set to Ydecl by SS)
2013
#  recruitment and biomass
# Number of historical assessment years
137
# Historical data
# year recruitment spawner in B0 in R project in R/S project
1888  1889 1890 1891 1892 1893 1894 1895 1896 1897 1898 1899 1900 1901 1902 1903 1904 1905 1906 1907 1908 1909 1910 1911 1912 1913 1914 1915 1916 1917 1918 1919 1920 1921 1922 1923 1924 1925 1926 1927 1928 1929 1930 1931 1932 1933 1934 1935 1936 1937 1938 1939 1940 1941 1942 1943 1944 1945 1946 1947 1948 1949 1950 1951 1952 1953 1954 1955 1956 1957 1958 1959 1960 1961 1962 1963 1964 1965 1966 1967 1968 1969 1970 1971 1972 1973 1974 1975 1976 1977 1978 1979 1980 1981 1982 1983 1984 1985 1986 1987 1988 1989 1990 1991 1992 1993 1994 1995 1996 1997 1998 1999 2000 2001 2002 2003 2004 2005 2006 2007 2008 2009 2010 2011 2012 2013 2014 2015 2016 2017 2018 2019 2020 2021 2022 2023 2024 #years (with first value representing R0)
216.45 219.983 220.107 220.237 220.37 220.501 220.636 220.776 220.928 221.088 221.254 221.427 221.608 221.797 221.995 222.199 222.415 222.645 222.888 223.156 223.445 223.756 224.087 224.433 224.794 225.151 225.482 225.744 225.893 225.87 225.596 224.96 223.974 222.564 220.713 218.444 215.813 212.914 209.896 206.762 203.824 201.25 199.101 197.307 195.727 194.094 192.141 189.687 186.756 183.576 180.576 178.22 176.959 177.158 179.275 184.049 192.549 206.327 226.52 252.075 274.234 273.623 245.088 207.793 176.43 154.566 141.315 135.175 135.186 140.729 151.182 164.489 171.279 159.117 137.055 121.748 120.813 137.41 163.938 185.18 220.753 251.242 296.091 451.659 281.325 200.528 195.098 300.995 282.479 246.863 182.203 207.276 254.973 280.312 321.341 221.258 287.277 238.009 158.152 122.531 95.7018 80.5263 68.117 59.3603 68.3989 144.849 131.995 55.7032 49.3382 56.548 97.4083 140.585 77.5109 96.9043 362.948 179.333 91.7339 120.796 163.712 216.144 405.283 303.255 377.614 321.911 212.763 271.049 141.852 152.686 108.341 136.453 141.355 146.989 165.51 170.153 174.876 177.777 180.233  #recruits; first value is R0 (virgin)
1096.91  1096.91 1096.9 1096.88 1096.86 1096.39 1095.94 1095.47 1095.32 1095.25 1095.17 1095.11 1095.04 1094.99 1094.96 1094.95 1094.97 1095 1095.07 1095.17 1095.29 1095.32 1095.48 1095.66 1095.85 1096.06 1096.27 1096.5 1096.67 1096.92 1097.02 1095.08 1094.73 1094.52 1094.38 1094.55 1094.65 1094.23 1093.47 1091.92 1089.67 1087.52 1085.85 1083.84 1082.86 1082.04 1081.21 1079.83 1078.4 1075.96 1073.74 1071.15 1069.12 1065.86 1061 1055.7 1045.78 1035.08 1019.03 1004.14 996.929 988.86 982.384 975.029 966.003 958.123 951.967 944.739 937.896 931.089 923.255 916.254 910.44 905.857 903.14 899.722 897.898 897.241 886.75 883.362 878.109 872.355 857.843 848.069 834.931 818.426 800.852 781.238 761.763 739.433 717.369 682.64 646.279 618.644 583.505 528.179 499.229 477.333 450.291 428.029 400.62 376.616 347.01 326.117 290.03 257.665 226.684 209.634 192.815 174.431 153.079 145.32 133.636 134.729 134.828 140.29 145.861 151.81 157.771 164.145 169.992 176.303 182.541 189.439 196.893 204.875 213.953 223.943 234.609 246.398 258.35 271.888 286.676 303.768 322.348 341.033 359.954 #spbio; first value is SSB_virgin (virgin)
1 0 0 0 0 0 0 0 0 0 0 0 0 0 0 0 0 0 0 0 0 0 0 0 0 0 0 0 0 0 0 0 0 0 0 0 0 0 0 0 0 0 0 0 0 0 0 0 0 0 0 0 0 0 0 0 0 0 0 0 0 0 0 0 0 0 0 0 0 0 0 0 0 0 0 0 0 0 0 0 0 0 0 0 0 0 0 0 0 0 0 0 0 0 0 0 0 0 0 0 0 0 0 0 0 0 0 0 0 0 0 0 0 0 0 0 0 0 0 0 0 0 0 0 0 0 0 0 0 0 0 0 0 0 0 0 0  # in Bzero
0 1 1 1 1 1 1 1 1 1 1 1 1 1 1 1 1 1 1 1 1 1 1 1 1 1 1 1 1 1 1 1 1 1 1 1 1 1 1 1 1 1 1 1 1 1 1 1 1 1 1 1 1 1 1 1 1 1 1 1 1 1 1 1 1 1 1 1 1 1 1 1 1 1 1 1 1 1 1 1 1 1 1 1 1 1 1 1 1 1 1 1 1 1 1 1 1 1 1 1 1 1 1 1 1 1 1 1 1 1 1 1 1 1 1 1 1 1 1 1 1 1 1 1 1 1 1 1 1 1 1 1 1 1  0 0 0 # in R project
0 1 1 1 1 1 1 1 1 1 1 1 1 1 1 1 1 1 1 1 1 1 1 1 1 1 1 1 1 1 1 1 1 1 1 1 1 1 1 1 1 1 1 1 1 1 1 1 1 1 1 1 1 1 1 1 1 1 1 1 1 1 1 1 1 1 1 1 1 1 1 1 1 1 1 1 1 1 1 1 1 1 1 1 1 1 1 1 1 1 1 1 1 1 1 1 1 1 1 1 1 1 1 1 1 1 1 1 1 1 1 1 1 1 1 1 1 1 1 1 1 1 1 1 1 1 1 1 1 1 1 1 1 1  0 0 0 # in R/S project
# Number of years with pre-specified catches
0
# catches for years with pre-specified catches go next
# Number of future recruitments to override
-2
# Process for overiding (-1 for average otherwise index in data list)
# Which probability to product detailed results for (1=0.5; 2=0.6; etc.)
3
# Steepness sigma-R Auto-correlation
0.718 0.5 0
# Target SPR rate (FMSY Proxy); manually change to SPR_MSY if not using SPR_target
0.5
# Discount rate (for cumulative catch)
0.1
# Truncate the series when 0.4B0 is reached (1=Yes)
0
# Set F to FMSY once 0.4B0 is reached (1=Yes)
0
# Maximum possible F for projection (-1 to set to FMSY)
-1
# Defintion of recovery (1=now only;2=now or before)
2
# Projection type
4
# Definition of the 40-10 rule
10 40
# Sigma Assessment Error (Base, Year1, Slope, MaxSigma)
1.0 2025 0.075 2.0
# Pstar
0.45
# Constrain catches by the ABC (1=yes, 2=no)
2
# Implementation Error (0=no; 1=lognormal; 2=uniform)
0
#Parameters of Implementaion Error
1 0.3
# Calculate coefficients of variation (1=Yes)
0
# Number of replicates to use
10
# Random number seed
-99004
# File with multiple parameter vectors 
rebuild.SSO
# User-specific projection (1=Yes); Output replaced (1->9)
0  5
# Catches and Fs (Year; 1/2/3 (F or C or SPR); value); Final row is -1
2024 1 1
-1 -1 -1
# Fixed catch project (1=Yes); Output replaced (1->9); Approach (-1=Read in else 1-9)
0 2 -1
# (48a) Special catch options (1-Yes) [CUT_OFF, Emsy, distribution, MAXCAT, Add, replace_code]
0 0.18 1.00 1.00 0 6
# (48b) B1Target
150000
# Split of Fs
2011  0.0170065
 0
 0.397422
 0.0246218
 0.187293
 0.197896
 0.17576
-1  1 1 1 1 1 1 1 1 1 1 1 1
# Yrs to define T_target for projection type 4 (a.k.a. 5 pre-specified inputs)
2030 2031 2032 2033 2034 
# Year for probability of recovery
2034 2035 2036 2037 2038 2039 2040 2041
# Time varying weight-at-age (1=Yes;0=No)
0
# File with time series of weight-at-age data
none
# Use bisection (0) or linear interpolation (1)
1
# Target Depletion
0.4
# CV of implementation error
0
