#Title, #runnumber: 1 yelloweye_data.ss yelloweye_control.ss 7239.42 1284.23 691.264 StartTime: Thu May  1 12:02:04 2025
SSv3_default_rebuild.dat
# Number of sexes
1
# Age range to consider (minimum age; maximum age)
0 100
# Number of fleets
7
# First year of projection (Yinit)
2011
# First Year of rebuilding period (Ydecl)
2013
# Number of simulations
1000
# Maximum number of years
500
# Conduct projections with multiple starting values (0=No;else yes)
0
# Number of parameter vectors
1000
# Is the maximum age a plus-group (1=Yes;2=No)
1
# Generate future recruitments using historical recruitments (1)  historical recruits/spawner (2)  or a stock-recruitment (3)
3
# Constant fishing mortality (1) or constant Catch (2) projections
1
# Fishing mortality based on SPR (1) or actual rate (2)
1
# Pre-specify the year of recovery (or -1) to ignore
-1
# Fecundity-at-age
# 0 1 2 3 4 5 6 7 8 9 10 11 12 13 14 15 16 17 18 19 20 21 22 23 24 25 26 27 28 29 30 31 32 33 34 35 36 37 38 39 40 41 42 43 44 45 46 47 48 49 50 51 52 53 54 55 56 57 58 59 60 61 62 63 64 65 66 67 68 69 70 71 72 73 74 75 76 77 78 79 80 81 82 83 84 85 86 87 88 89 90 91 92 93 94 95 96 97 98 99 100 #runnumber: 1 yelloweye_data.ss yelloweye_control.ss 7239.42 1284.23 691.264
 0 0 2.60936e-09 5.48476e-08 7.04042e-07 6.35538e-06 4.39024e-05 0.000242097 0.0010789 0.0038638 0.0111034 0.026005 0.0510734 0.0868839 0.131956 0.183572 0.238793 0.295157 0.35093 0.405064 0.457023 0.506597 0.553763 0.598587 0.641166 0.681605 0.719998 0.756433 0.790986 0.823728 0.854724 0.884037 0.911727 0.937856 0.962485 0.985675 1.00749 1.02798 1.04723 1.06527 1.08219 1.09802 1.11284 1.1267 1.13965 1.15175 1.16303 1.17357 1.18339 1.19254 1.20107 1.20901 1.2164 1.22328 1.22969 1.23564 1.24118 1.24633 1.25111 1.25556 1.25969 1.26352 1.26709 1.2704 1.27347 1.27632 1.27897 1.28143 1.28371 1.28582 1.28779 1.28964 1.29135 1.29295 1.29443 1.2958 1.29707 1.29825 1.29934 1.30036 1.3013 1.30217 1.30298 1.30373 1.30442 1.30507 1.30566 1.30622 1.30673 1.30721 1.30765 1.30806 1.30844 1.30879 1.30911 1.30942 1.3097 1.30995 1.3102 1.31042 1.31074 #female fecundity; weighted by N in year Y_init across morphs and areas
# Age specific selectivity and weight adjusted for discard and discard mortality
 #wt and selex for gender,fleet: 1 1 1_CA_TWL
 0.00896707 0.00907716 0.0275228 0.0691774 0.131785 0.2144 0.314091 0.427444 0.551147 0.68227 0.818404 0.957829 1.09965 1.24369 1.39 1.53845 1.68846 1.83905 1.98901 2.13711 2.28226 2.42357 2.56036 2.69213 2.81857 2.93948 3.05475 3.16437 3.26838 3.36687 3.45996 3.54782 3.63061 3.70851 3.78174 3.85049 3.91497 3.97539 4.03196 4.08488 4.13435 4.18057 4.22371 4.26398 4.30153 4.33653 4.36915 4.39953 4.42782 4.45414 4.47864 4.50142 4.52261 4.5423 4.56061 4.57763 4.59343 4.60811 4.62175 4.63441 4.64617 4.65709 4.66722 4.67662 4.68535 4.69345 4.70096 4.70793 4.7144 4.72039 4.72599 4.73122 4.73607 4.74056 4.74473 4.74859 4.75218 4.7555 4.75858 4.76144 4.76409 4.76655 4.76882 4.77093 4.77289 4.77471 4.77639 4.77795 4.77939 4.78073 4.78197 4.78313 4.78419 4.78518 4.7861 4.78695 4.78774 4.78847 4.78914 4.78977 4.79068
 0 0.000826633 0.00187817 0.00762931 0.023987 0.0595131 0.121622 0.212375 0.326625 0.45348 0.579839 0.694085 0.788659 0.860913 0.912311 0.946687 0.968525 0.981831 0.98968 0.994198 0.996755 0.998185 0.998982 0.999425 0.999671 0.99981 0.999888 0.999933 0.999959 0.999974 0.999983 0.999989 0.999992 0.999994 0.999995 0.999996 0.999997 0.999997 0.999997 0.999997 0.999997 0.999997 0.999997 0.999997 0.999997 0.999997 0.999997 0.999997 0.999997 0.999997 0.999997 0.999997 0.999997 0.999997 0.999997 0.999997 0.999997 0.999997 0.999997 0.999997 0.999997 0.999997 0.999997 0.999997 0.999997 0.999997 0.999997 0.999997 0.999997 0.999997 0.999997 0.999997 0.999997 0.999997 0.999997 0.999997 0.999997 0.999997 0.999997 0.999997 0.999997 0.999997 0.999997 0.999997 0.999997 0.999997 0.999997 0.999997 0.999997 0.999997 0.999997 0.999997 0.999997 0.999997 0.999997 0.999997 0.999997 0.999997 0.999997 0.999997 0.999997
 #wt and selex for gender,fleet: 1 3 3_CA_REC
 0.00896707 0.00907709 0.0265798 0.0664227 0.12643 0.205754 0.301744 0.411256 0.5312 0.658844 0.792097 0.929804 1.07167 1.2177 1.36757 1.52039 1.67479 1.82923 1.98226 2.13262 2.27936 2.42172 2.5592 2.69141 2.81812 2.93919 3.05457 3.16425 3.2683 3.36682 3.45993 3.5478 3.63059 3.7085 3.78173 3.85048 3.91497 3.97539 4.03196 4.08488 4.13435 4.18057 4.22371 4.26398 4.30153 4.33653 4.36915 4.39953 4.42782 4.45414 4.47864 4.50142 4.52261 4.54231 4.56061 4.57763 4.59343 4.60812 4.62175 4.63442 4.64617 4.65709 4.66722 4.67662 4.68535 4.69345 4.70096 4.70793 4.7144 4.7204 4.72599 4.73122 4.73607 4.74056 4.74473 4.7486 4.75218 4.7555 4.75859 4.76144 4.76409 4.76655 4.76882 4.77094 4.77289 4.77471 4.77639 4.77795 4.77939 4.78073 4.78198 4.78313 4.78419 4.78518 4.7861 4.78695 4.78774 4.78847 4.78914 4.78977 4.79068
 0 0.0032343 0.00672446 0.0219562 0.0572295 0.121319 0.217245 0.339385 0.475001 0.608635 0.726789 0.82119 0.889824 0.935654 0.964083 0.98067 0.989883 0.99481 0.997371 0.998677 0.999335 0.999665 0.999829 0.999912 0.999954 0.999976 0.999987 0.999993 0.999996 0.999997 0.999998 0.999999 0.999999 0.999999 0.999999 0.999999 0.999999 0.999999 0.999999 0.999999 0.999999 0.999999 0.999999 0.999999 0.999999 0.999999 0.999999 0.999999 0.999999 0.999999 0.999999 0.999999 0.999999 0.999999 0.999999 0.999999 0.999999 0.999999 0.999999 0.999999 0.999999 0.999999 0.999999 0.999999 0.999999 0.999999 0.999999 0.999999 0.999999 0.999999 0.999999 0.999999 0.999999 0.999999 0.999999 0.999999 0.999999 0.999999 0.999999 0.999999 0.999999 0.999999 0.999999 0.999999 0.999999 0.999999 0.999999 0.999999 0.999999 0.999999 0.999999 0.999999 0.999999 0.999999 0.999999 0.999999 0.999999 0.999999 0.999999 0.999999 0.999999
 #wt and selex for gender,fleet: 1 4 4_ORWA_TWL
 0.00896707 0.009077 0.025492 0.0633357 0.120891 0.197593 0.291255 0.399094 0.518245 0.646058 0.78038 0.919825 1.06376 1.21184 1.3635 1.51771 1.67311 1.82822 1.98166 2.13228 2.27917 2.42162 2.55914 2.69138 2.8181 2.93918 3.05456 3.16425 3.2683 3.36682 3.45993 3.5478 3.63059 3.7085 3.78173 3.85048 3.91496 3.97539 4.03195 4.08487 4.13435 4.18056 4.22371 4.26398 4.30153 4.33653 4.36915 4.39953 4.42781 4.45414 4.47863 4.50142 4.5226 4.5423 4.56061 4.57762 4.59343 4.60811 4.62175 4.63441 4.64617 4.65708 4.66722 4.67662 4.68535 4.69344 4.70096 4.70793 4.71439 4.72039 4.72599 4.73122 4.73606 4.74056 4.74473 4.74859 4.75218 4.7555 4.75858 4.76144 4.76409 4.76654 4.76882 4.77093 4.77289 4.7747 4.77639 4.77794 4.77939 4.78073 4.78197 4.78312 4.78419 4.78518 4.7861 4.78695 4.78773 4.78846 4.78914 4.78977 4.79068
 0 0.010146 0.0190789 0.0483443 0.102668 0.185822 0.29496 0.420757 0.55042 0.671378 0.774173 0.854017 0.910916 0.948367 0.971356 0.984661 0.992006 0.995913 0.997936 0.998964 0.99948 0.999737 0.999865 0.99993 0.999962 0.999978 0.999986 0.99999 0.999992 0.999993 0.999994 0.999994 0.999994 0.999994 0.999993 0.999993 0.999993 0.999993 0.999992 0.999992 0.999992 0.999992 0.999992 0.999992 0.999991 0.999991 0.999991 0.999991 0.999991 0.999991 0.999991 0.99999 0.99999 0.99999 0.99999 0.99999 0.99999 0.99999 0.99999 0.99999 0.99999 0.99999 0.99999 0.99999 0.99999 0.99999 0.99999 0.99999 0.99999 0.99999 0.999989 0.999989 0.999989 0.999989 0.999989 0.999989 0.999989 0.999989 0.999989 0.999989 0.999989 0.999989 0.999989 0.999989 0.999989 0.999989 0.999989 0.999989 0.999989 0.999989 0.999989 0.999989 0.999989 0.999989 0.999989 0.999989 0.999989 0.999989 0.999989 0.999989 0.999989
 #wt and selex for gender,fleet: 1 5 5_ORWA_NONTWL
 0.00896707 0.00907709 0.026699 0.0673193 0.129392 0.212611 0.314627 0.432346 0.562525 0.702104 0.84835 0.998911 1.1518 1.3054 1.4584 1.60986 1.75912 1.90576 2.04951 2.19017 2.32751 2.46131 2.59127 2.71711 2.83856 2.95535 3.06731 3.17429 3.27622 3.37308 3.46491 3.55177 3.63378 3.71108 3.78383 3.85221 3.91639 3.97658 4.03296 4.08573 4.13507 4.18119 4.22426 4.26445 4.30195 4.33691 4.36949 4.39983 4.42809 4.45439 4.47887 4.50163 4.5228 4.54249 4.56078 4.57779 4.59358 4.60826 4.62189 4.63455 4.6463 4.65721 4.66733 4.67673 4.68546 4.69355 4.70106 4.70803 4.71449 4.72049 4.72609 4.73131 4.73616 4.74065 4.74482 4.74868 4.75227 4.75559 4.75867 4.76153 4.76418 4.76663 4.76891 4.77102 4.77298 4.77479 4.77647 4.77803 4.77947 4.78081 4.78206 4.78321 4.78427 4.78526 4.78618 4.78703 4.78782 4.78855 4.78922 4.78985 4.79076
 0 0.000571917 0.00119952 0.00410583 0.0116013 0.0272926 0.0550712 0.0978294 0.156413 0.229258 0.312776 0.402193 0.492497 0.579201 0.658831 0.729119 0.788991 0.838388 0.878003 0.909 0.932749 0.950631 0.963908 0.973663 0.980774 0.985932 0.989666 0.992366 0.994322 0.995744 0.996782 0.997544 0.998107 0.998525 0.998839 0.999077 0.999258 0.999397 0.999505 0.999589 0.999656 0.999709 0.999751 0.999785 0.999813 0.999836 0.999855 0.999871 0.999884 0.999895 0.999905 0.999913 0.99992 0.999926 0.999931 0.999936 0.999939 0.999943 0.999946 0.999949 0.999951 0.999953 0.999955 0.999957 0.999958 0.99996 0.999961 0.999962 0.999963 0.999964 0.999964 0.999965 0.999965 0.999966 0.999966 0.999967 0.999967 0.999967 0.999968 0.999968 0.999968 0.999968 0.999969 0.999969 0.999969 0.999969 0.999969 0.999969 0.99997 0.99997 0.99997 0.99997 0.99997 0.99997 0.99997 0.99997 0.99997 0.99997 0.99997 0.99997 0.999971
 #wt and selex for gender,fleet: 1 6 6_OR_REC
 0.00896707 0.00907797 0.0344385 0.0846587 0.15582 0.243764 0.343146 0.449455 0.559743 0.67353 0.792796 0.920209 1.05711 1.20278 1.35499 1.51103 1.6684 1.8251 1.97965 2.13097 2.27827 2.42094 2.55857 2.69085 2.81759 2.93866 3.05402 3.16368 3.26771 3.3662 3.45928 3.54712 3.62989 3.70778 3.78099 3.84972 3.91418 3.97459 4.03114 4.08405 4.1335 4.17971 4.22284 4.2631 4.30064 4.33563 4.36824 4.39861 4.42689 4.45321 4.4777 4.50047 4.52165 4.54135 4.55965 4.57666 4.59246 4.60714 4.62077 4.63343 4.64519 4.6561 4.66623 4.67563 4.68435 4.69245 4.69996 4.70693 4.71339 4.71939 4.72499 4.73021 4.73505 4.73955 4.74371 4.74758 4.75116 4.75448 4.75756 4.76042 4.76307 4.76552 4.7678 4.76991 4.77186 4.77368 4.77536 4.77692 4.77836 4.7797 4.78094 4.78209 4.78316 4.78415 4.78506 4.78591 4.7867 4.78743 4.78811 4.78873 4.78965
 0 1.56384e-05 7.54263e-05 0.00117899 0.00938816 0.0429477 0.12814 0.275954 0.464077 0.648905 0.795065 0.891797 0.947356 0.975942 0.989459 0.995442 0.997942 0.998917 0.999247 0.99931 0.999263 0.999172 0.999063 0.998948 0.998832 0.998717 0.998605 0.998497 0.998393 0.998292 0.998197 0.998106 0.998019 0.997937 0.99786 0.997787 0.997718 0.997653 0.997592 0.997534 0.997481 0.99743 0.997383 0.997339 0.997298 0.99726 0.997224 0.997191 0.997159 0.99713 0.997103 0.997078 0.997055 0.997033 0.997013 0.996994 0.996976 0.99696 0.996945 0.996931 0.996918 0.996906 0.996894 0.996884 0.996874 0.996865 0.996857 0.996849 0.996842 0.996835 0.996829 0.996823 0.996818 0.996812 0.996808 0.996803 0.996799 0.996796 0.996792 0.996789 0.996786 0.996783 0.996781 0.996778 0.996776 0.996774 0.996772 0.996771 0.996769 0.996767 0.996766 0.996765 0.996764 0.996763 0.996761 0.996761 0.99676 0.996759 0.996758 0.996757 0.996756
 #wt and selex for gender,fleet: 1 7 7_WA_REC
 0.00896707 0.00907788 0.0340969 0.0854863 0.160588 0.256204 0.367192 0.488644 0.616499 0.747672 0.880083 1.0128 1.14606 1.28089 1.4184 1.55916 1.70294 1.8488 1.99537 2.14116 2.28479 2.42513 2.56131 2.69271 2.81892 2.93969 3.05488 3.16445 3.26843 3.3669 3.45999 3.54783 3.63062 3.70852 3.78174 3.85049 3.91497 3.97539 4.03196 4.08488 4.13435 4.18057 4.22372 4.26398 4.30153 4.33654 4.36915 4.39953 4.42782 4.45414 4.47864 4.50142 4.52261 4.54231 4.56061 4.57763 4.59343 4.60812 4.62175 4.63442 4.64617 4.65709 4.66722 4.67662 4.68535 4.69345 4.70096 4.70793 4.7144 4.7204 4.72599 4.73122 4.73607 4.74056 4.74473 4.7486 4.75218 4.7555 4.75859 4.76144 4.76409 4.76655 4.76883 4.77094 4.77289 4.77471 4.77639 4.77795 4.77939 4.78073 4.78198 4.78313 4.78419 4.78518 4.7861 4.78695 4.78774 4.78847 4.78914 4.78977 4.79068
 0 2.06475e-06 9.4177e-06 0.0001463 0.00129111 0.00701005 0.0258228 0.0700449 0.149398 0.263819 0.401615 0.544255 0.674062 0.779931 0.858681 0.912974 0.948178 0.969923 0.982863 0.990352 0.994603 0.996985 0.998312 0.999048 0.999458 0.999688 0.999818 0.999892 0.999935 0.99996 0.999975 0.999984 0.999989 0.999993 0.999995 0.999996 0.999997 0.999998 0.999998 0.999999 0.999999 0.999999 0.999999 0.999999 0.999999 0.999999 0.999999 0.999999 0.999999 0.999999 0.999999 0.999999 0.999999 0.999999 0.999999 0.999999 0.999999 0.999999 0.999999 0.999999 0.999999 0.999999 0.999999 0.999999 0.999999 0.999999 0.999999 0.999999 0.999999 0.999999 0.999999 0.999999 0.999999 0.999999 0.999999 0.999999 0.999999 0.999999 0.999999 0.999999 0.999999 0.999999 0.999999 0.999999 0.999999 0.999999 0.999999 0.999999 0.999999 0.999999 0.999999 0.999999 0.999999 0.999999 0.999999 0.999999 0.999999 0.999999 0.999999 0.999999 0.999999
# Sex ratio correction
1
# M and current age-structure in year Yinit: 2011
 # gender = 1
 0.0551578 0.0551578 0.0551578 0.0551578 0.0551578 0.0551578 0.0551578 0.0551578 0.0551578 0.0551578 0.0551578 0.0551578 0.0551578 0.0551578 0.0551578 0.0551578 0.0551578 0.0551578 0.0551578 0.0551578 0.0551578 0.0551578 0.0551578 0.0551578 0.0551578 0.0551578 0.0551578 0.0551578 0.0551578 0.0551578 0.0551578 0.0551578 0.0551578 0.0551578 0.0551578 0.0551578 0.0551578 0.0551578 0.0551578 0.0551578 0.0551578 0.0551578 0.0551578 0.0551578 0.0551578 0.0551578 0.0551578 0.0551578 0.0551578 0.0551578 0.0551578 0.0551578 0.0551578 0.0551578 0.0551578 0.0551578 0.0551578 0.0551578 0.0551578 0.0551578 0.0551578 0.0551578 0.0551578 0.0551578 0.0551578 0.0551578 0.0551578 0.0551578 0.0551578 0.0551578 0.0551578 0.0551578 0.0551578 0.0551578 0.0551578 0.0551578 0.0551578 0.0551578 0.0551578 0.0551578 0.0551578 0.0551578 0.0551578 0.0551578 0.0551578 0.0551578 0.0551578 0.0551578 0.0551578 0.0551578 0.0551578 0.0551578 0.0551578 0.0551578 0.0551578 0.0551578 0.0551578 0.0551578 0.0551578 0.0551578 0.0551578
 480.209 588.726 608.291 692.251 411.123 372.748 213.018 133.263 188.805 424.896 127.506 100.648 173.575 111.375 68.0067 53.5866 52.7941 105.176 113.077 53.3012 43.0171 43.3683 42.1943 43.1245 49.6358 55.3804 68.356 65.6878 43.0027 45.5684 38.5611 31.178 22.4553 15.6291 17.453 16.0806 15.8198 10.3434 8.54653 10.1084 14.2512 9.72182 7.15149 5.96826 4.69369 3.96155 3.17464 2.61195 2.44163 2.54594 2.74409 2.76642 2.51005 2.18659 1.93535 1.77224 1.68924 1.67949 1.74112 1.87723 2.08253 2.31177 2.44201 2.3431 2.07129 1.78317 1.55053 1.37874 1.25426 1.16193 1.09127 1.0354 0.989986 0.951712 0.917368 0.884185 0.850196 0.814819 0.778598 0.742835 0.708871 0.677693 0.649614 0.624541 0.601755 0.580244 0.559672 0.539358 0.518753 0.497535 0.475593 0.452974 0.429902 0.406738 0.383695 0.361171 0.339443 0.31869 0.29902 0.28049 4.49659
# Age-structure at Ydeclare= 2013
 960.656 417.431 430.051 527.23 544.743 619.903 368.115 333.68 190.62 119.19 168.765 379.564 113.839 89.8181 154.841 99.3272 60.6382 47.7739 47.0629 93.7523 100.79 47.5081 38.3409 38.6533 37.6066 38.4353 44.2382 49.3576 60.9215 58.5429 38.3248 40.6108 34.3654 27.7853 20.0115 13.928 15.5532 14.33 14.0975 9.21719 7.61591 9.00758 12.6992 8.66298 6.37254 5.31815 4.1824 3.52998 2.82879 2.32738 2.17561 2.26856 2.44511 2.46501 2.23657 1.94835 1.72447 1.57913 1.50518 1.49649 1.55141 1.67269 1.85561 2.05988 2.17593 2.08779 1.8456 1.58887 1.38158 1.22851 1.11759 1.03532 0.972357 0.922578 0.882113 0.848009 0.817407 0.78784 0.757554 0.726032 0.693758 0.661892 0.631629 0.603848 0.578828 0.556488 0.536185 0.517017 0.498687 0.480587 0.462227 0.443321 0.42377 0.403616 0.383058 0.362417 0.341886 0.321816 0.302456 0.283964 4.52299
# Year for Tmin Age-structure (set to Ydecl by SS)
2013
#  recruitment and biomass
# Number of historical assessment years
137
# Historical data
# year recruitment spawner in B0 in R project in R/S project
1888  1889 1890 1891 1892 1893 1894 1895 1896 1897 1898 1899 1900 1901 1902 1903 1904 1905 1906 1907 1908 1909 1910 1911 1912 1913 1914 1915 1916 1917 1918 1919 1920 1921 1922 1923 1924 1925 1926 1927 1928 1929 1930 1931 1932 1933 1934 1935 1936 1937 1938 1939 1940 1941 1942 1943 1944 1945 1946 1947 1948 1949 1950 1951 1952 1953 1954 1955 1956 1957 1958 1959 1960 1961 1962 1963 1964 1965 1966 1967 1968 1969 1970 1971 1972 1973 1974 1975 1976 1977 1978 1979 1980 1981 1982 1983 1984 1985 1986 1987 1988 1989 1990 1991 1992 1993 1994 1995 1996 1997 1998 1999 2000 2001 2002 2003 2004 2005 2006 2007 2008 2009 2010 2011 2012 2013 2014 2015 2016 2017 2018 2019 2020 2021 2022 2023 2024 #years (with first value representing R0)
406.91 430.559 431.64 432.777 433.974 435.223 436.541 437.933 439.418 440.992 442.66 444.431 446.315 448.32 450.455 452.723 455.14 457.717 460.451 463.366 466.448 469.689 473.068 476.549 480.088 483.593 486.945 489.965 492.445 494.132 494.72 493.844 491.432 487.298 481.448 474.069 465.467 456.076 446.431 437.058 428.134 420.232 413.606 408.068 403.218 398.378 392.839 386.081 378.063 369.254 360.591 353.109 347.754 345.254 346.424 352.526 365.402 387.526 420.307 460.409 491.103 482.546 430.591 365.566 310.51 271.334 246.549 233.555 230.722 237.169 252.133 272.198 281.959 262.658 228.628 205.448 205.604 233.273 271.038 298.033 350.31 386.102 479.992 639.172 408.878 309.491 332.938 449.65 401.208 380.243 295.964 368.155 441.184 469.943 477.664 387.666 510.303 459.35 323.896 254.57 195.616 170.82 158.238 142.834 162.577 319.507 277.228 130.457 124.554 148.971 230.193 338.694 185.497 222.037 699.359 293.836 196.161 296.645 491.16 512.626 816.829 679.237 622.111 480.209 441.102 960.656 478.606 624.337 448.204 228.894 222.431 234.878 233.907 309.486 344.415 352.548 371.958  #recruits; first value is R0 (virgin)
1284.23  1284.23 1284.23 1284.21 1284.19 1283.74 1283.3 1282.85 1282.71 1282.65 1282.6 1282.61 1282.7 1282.92 1283.34 1283.98 1284.87 1286.01 1287.4 1289.02 1290.85 1292.76 1294.97 1297.34 1299.87 1302.56 1305.39 1308.36 1311.4 1314.66 1317.91 1319.34 1322.44 1325.83 1329.46 1333.54 1337.73 1341.59 1345.29 1348.41 1351.01 1353.86 1357.29 1360.48 1364.69 1369.05 1373.31 1376.89 1380.19 1382.21 1384.06 1385.14 1386.27 1385.71 1383.09 1379.51 1370.98 1361.23 1345.88 1331.15 1323.37 1314.1 1306.04 1296.81 1285.59 1275.03 1265.91 1255.43 1245.23 1235.03 1223.93 1213.79 1205.06 1197.75 1192.36 1186.17 1181.1 1176.66 1161.99 1153.4 1142.3 1130.19 1108.61 1091.26 1070.54 1046.55 1021.13 993.935 967.185 937.84 909.105 868.367 826.503 794.013 754.859 695.002 644.45 614.454 576.011 545.421 517.269 493.688 464.716 444.516 411.468 382.535 355.83 343.637 332.119 319.645 304.786 304.052 298.907 305.453 310.974 321.276 331.401 341.464 351.265 361.103 370.145 379.338 388.358 398.17 408.522 419.616 432.129 446.115 461.095 477.917 495.729 516.204 539.153 565.621 594.628 624.72 656.123 #spbio; first value is SSB_virgin (virgin)
1 0 0 0 0 0 0 0 0 0 0 0 0 0 0 0 0 0 0 0 0 0 0 0 0 0 0 0 0 0 0 0 0 0 0 0 0 0 0 0 0 0 0 0 0 0 0 0 0 0 0 0 0 0 0 0 0 0 0 0 0 0 0 0 0 0 0 0 0 0 0 0 0 0 0 0 0 0 0 0 0 0 0 0 0 0 0 0 0 0 0 0 0 0 0 0 0 0 0 0 0 0 0 0 0 0 0 0 0 0 0 0 0 0 0 0 0 0 0 0 0 0 0 0 0 0 0 0 0 0 0 0 0 0 0 0 0  # in Bzero
0 1 1 1 1 1 1 1 1 1 1 1 1 1 1 1 1 1 1 1 1 1 1 1 1 1 1 1 1 1 1 1 1 1 1 1 1 1 1 1 1 1 1 1 1 1 1 1 1 1 1 1 1 1 1 1 1 1 1 1 1 1 1 1 1 1 1 1 1 1 1 1 1 1 1 1 1 1 1 1 1 1 1 1 1 1 1 1 1 1 1 1 1 1 1 1 1 1 1 1 1 1 1 1 1 1 1 1 1 1 1 1 1 1 1 1 1 1 1 1 1 1 1 1 1 1 1 1 1 1 1 1 1 1  0 0 0 # in R project
0 1 1 1 1 1 1 1 1 1 1 1 1 1 1 1 1 1 1 1 1 1 1 1 1 1 1 1 1 1 1 1 1 1 1 1 1 1 1 1 1 1 1 1 1 1 1 1 1 1 1 1 1 1 1 1 1 1 1 1 1 1 1 1 1 1 1 1 1 1 1 1 1 1 1 1 1 1 1 1 1 1 1 1 1 1 1 1 1 1 1 1 1 1 1 1 1 1 1 1 1 1 1 1 1 1 1 1 1 1 1 1 1 1 1 1 1 1 1 1 1 1 1 1 1 1 1 1 1 1 1 1 1 1  0 0 0 # in R/S project
# Number of years with pre-specified catches
0
# catches for years with pre-specified catches go next
# Number of future recruitments to override
-2
# Process for overiding (-1 for average otherwise index in data list)
# Which probability to product detailed results for (1=0.5; 2=0.6; etc.)
3
# Steepness sigma-R Auto-correlation
0.718 0.5 0
# Target SPR rate (FMSY Proxy); manually change to SPR_MSY if not using SPR_target
0.5
# Discount rate (for cumulative catch)
0.1
# Truncate the series when 0.4B0 is reached (1=Yes)
0
# Set F to FMSY once 0.4B0 is reached (1=Yes)
0
# Maximum possible F for projection (-1 to set to FMSY)
-1
# Defintion of recovery (1=now only;2=now or before)
2
# Projection type
4
# Definition of the 40-10 rule
10 40
# Sigma Assessment Error (Base, Year1, Slope, MaxSigma)
1.0 2025 0.075 2.0
# Pstar
0.45
# Constrain catches by the ABC (1=yes, 2=no)
2
# Implementation Error (0=no; 1=lognormal; 2=uniform)
0
#Parameters of Implementaion Error
1 0.3
# Calculate coefficients of variation (1=Yes)
0
# Number of replicates to use
10
# Random number seed
-99004
# File with multiple parameter vectors 
rebuild.SSO
# User-specific projection (1=Yes); Output replaced (1->9)
0  5
# Catches and Fs (Year; 1/2/3 (F or C or SPR); value); Final row is -1
2024 1 1
-1 -1 -1
# Fixed catch project (1=Yes); Output replaced (1->9); Approach (-1=Read in else 1-9)
0 2 -1
# (48a) Special catch options (1-Yes) [CUT_OFF, Emsy, distribution, MAXCAT, Add, replace_code]
0 0.18 1.00 1.00 0 6
# (48b) B1Target
150000
# Split of Fs
2011  0.0190012
 0
 0.448039
 0.0213338
 0.174328
 0.177163
 0.160134
-1  1 1 1 1 1 1 1 1 1 1 1 1
# Yrs to define T_target for projection type 4 (a.k.a. 5 pre-specified inputs)
2030 2031 2032 2033 2034 
# Year for probability of recovery
2034 2035 2036 2037 2038 2039 2040 2041
# Time varying weight-at-age (1=Yes;0=No)
0
# File with time series of weight-at-age data
none
# Use bisection (0) or linear interpolation (1)
1
# Target Depletion
0.4
# CV of implementation error
0
