#Title, #runnumber: 8 yelloweye_data.ss yelloweye_control.ss 6411.59 1070.92 316.163 StartTime: Fri Apr 18 10:59:43 2025
SSv3_default_rebuild.dat
# Number of sexes
1
# Age range to consider (minimum age; maximum age)
0 100
# Number of fleets
7
# First year of projection (Yinit)
2011
# First Year of rebuilding period (Ydecl)
2013
# Number of simulations
1000
# Maximum number of years
500
# Conduct projections with multiple starting values (0=No;else yes)
0
# Number of parameter vectors
1000
# Is the maximum age a plus-group (1=Yes;2=No)
1
# Generate future recruitments using historical recruitments (1)  historical recruits/spawner (2)  or a stock-recruitment (3)
3
# Constant fishing mortality (1) or constant Catch (2) projections
1
# Fishing mortality based on SPR (1) or actual rate (2)
1
# Pre-specify the year of recovery (or -1) to ignore
-1
# Fecundity-at-age
# 0 1 2 3 4 5 6 7 8 9 10 11 12 13 14 15 16 17 18 19 20 21 22 23 24 25 26 27 28 29 30 31 32 33 34 35 36 37 38 39 40 41 42 43 44 45 46 47 48 49 50 51 52 53 54 55 56 57 58 59 60 61 62 63 64 65 66 67 68 69 70 71 72 73 74 75 76 77 78 79 80 81 82 83 84 85 86 87 88 89 90 91 92 93 94 95 96 97 98 99 100 #runnumber: 8 yelloweye_data.ss yelloweye_control.ss 6411.59 1070.92 316.163
 0 0 1.93469e-09 4.1835e-08 5.55654e-07 5.14235e-06 3.6286e-05 0.000204447 0.000934674 0.0034507 0.0102356 0.0246628 0.0495454 0.0856925 0.131637 0.184493 0.241107 0.298851 0.355907 0.411207 0.464234 0.514811 0.562941 0.60871 0.65223 0.693608 0.732942 0.770315 0.805801 0.839464 0.871366 0.901566 0.930121 0.957089 0.98253 1.0065 1.02907 1.05028 1.07021 1.08892 1.10646 1.12289 1.13827 1.15267 1.16612 1.1787 1.19044 1.2014 1.21162 1.22115 1.23003 1.23831 1.24602 1.2532 1.25988 1.26609 1.27187 1.27725 1.28225 1.28689 1.29121 1.29522 1.29895 1.30242 1.30563 1.30862 1.31139 1.31396 1.31635 1.31857 1.32063 1.32257 1.32437 1.32604 1.32759 1.32903 1.33036 1.3316 1.33275 1.33382 1.3348 1.33572 1.33657 1.33736 1.33809 1.33877 1.33939 1.33998 1.34052 1.34102 1.34148 1.34191 1.34231 1.34268 1.34303 1.34335 1.34364 1.34392 1.34417 1.34441 1.34475 #female fecundity; weighted by N in year Y_init across morphs and areas
# Age specific selectivity and weight adjusted for discard and discard mortality
 #wt and selex for gender,fleet: 1 1 1_CA_TWL
 0.00908298 0.00910218 0.0245511 0.064 0.124379 0.205294 0.304151 0.417703 0.542674 0.676072 0.815342 0.958532 1.10449 1.25283 1.40355 1.5565 1.71112 1.86641 2.02112 2.17398 2.32386 2.46983 2.61119 2.74743 2.87822 3.00334 3.1227 3.23626 3.34407 3.44621 3.54281 3.63401 3.71999 3.80094 3.87706 3.94855 4.01564 4.07853 4.13743 4.19256 4.24411 4.29229 4.33729 4.3793 4.41849 4.45504 4.4891 4.52084 4.5504 4.57792 4.60354 4.62737 4.64954 4.67016 4.68933 4.70715 4.72371 4.7391 4.7534 4.76668 4.77901 4.79047 4.8011 4.81097 4.82014 4.82865 4.83654 4.84387 4.85067 4.85698 4.86286 4.86836 4.87345 4.87818 4.88257 4.88664 4.89041 4.89391 4.89716 4.90017 4.90296 4.90555 4.90795 4.91018 4.91224 4.91416 4.91593 4.91758 4.9191 4.92052 4.92183 4.92305 4.92418 4.92522 4.92619 4.92709 4.92793 4.9287 4.92942 4.93008 4.93105
 0 0.00104324 0.00204784 0.00798582 0.0246057 0.060283 0.122289 0.212706 0.326585 0.453292 0.579889 0.694726 0.790006 0.862792 0.914386 0.948639 0.970158 0.983084 0.990579 0.994813 0.997161 0.998447 0.999147 0.999529 0.999736 0.999851 0.999914 0.999949 0.999969 0.999981 0.999988 0.999992 0.999994 0.999995 0.999996 0.999997 0.999997 0.999997 0.999997 0.999998 0.999998 0.999998 0.999998 0.999997 0.999997 0.999997 0.999997 0.999997 0.999997 0.999997 0.999997 0.999997 0.999997 0.999997 0.999997 0.999997 0.999997 0.999997 0.999997 0.999997 0.999997 0.999997 0.999997 0.999997 0.999997 0.999997 0.999997 0.999997 0.999997 0.999997 0.999997 0.999997 0.999997 0.999997 0.999997 0.999997 0.999997 0.999997 0.999997 0.999997 0.999997 0.999997 0.999997 0.999997 0.999997 0.999997 0.999997 0.999997 0.999997 0.999997 0.999997 0.999997 0.999997 0.999997 0.999997 0.999997 0.999997 0.999997 0.999997 0.999997 0.999997
 #wt and selex for gender,fleet: 1 3 3_CA_REC
 0.00908298 0.00910218 0.0238504 0.0617089 0.119795 0.197728 0.293149 0.403056 0.524384 0.654321 0.790593 0.931796 1.07746 1.22751 1.38164 1.53891 1.69792 1.85705 2.01478 2.16985 2.32123 2.4682 2.61018 2.74682 2.87784 3.00311 3.12256 3.23618 3.34402 3.44618 3.54279 3.63399 3.71998 3.80093 3.87705 3.94855 4.01564 4.07853 4.13743 4.19256 4.24411 4.29229 4.33729 4.3793 4.41849 4.45504 4.4891 4.52084 4.5504 4.57792 4.60354 4.62737 4.64954 4.67016 4.68933 4.70715 4.72372 4.7391 4.7534 4.76668 4.77901 4.79047 4.8011 4.81097 4.82014 4.82865 4.83654 4.84387 4.85067 4.85698 4.86287 4.86836 4.87346 4.87818 4.88257 4.88664 4.89041 4.89391 4.89716 4.90017 4.90296 4.90555 4.90795 4.91018 4.91224 4.91416 4.91593 4.91758 4.91911 4.92052 4.92183 4.92305 4.92418 4.92522 4.92619 4.92709 4.92793 4.9287 4.92942 4.93008 4.93105
 0 0.003901 0.00718878 0.0227907 0.0585588 0.12304 0.219191 0.341475 0.477314 0.611346 0.730001 0.824765 0.893387 0.938797 0.96656 0.982445 0.991061 0.995547 0.997813 0.998933 0.99948 0.999746 0.999874 0.999937 0.999968 0.999983 0.999991 0.999995 0.999997 0.999998 0.999999 0.999999 0.999999 0.999999 0.999999 0.999999 0.999999 0.999999 0.999999 0.999999 0.999999 0.999999 0.999999 0.999999 0.999999 0.999999 0.999999 0.999999 0.999999 0.999999 0.999999 0.999999 0.999999 0.999999 0.999999 0.999999 0.999999 0.999999 0.999999 0.999999 0.999999 0.999999 0.999999 0.999999 0.999999 0.999999 0.999999 0.999999 0.999999 0.999999 0.999999 0.999999 0.999999 0.999999 0.999999 0.999999 0.999999 0.999999 0.999999 0.999999 0.999999 0.999999 0.999999 0.999999 0.999999 0.999999 0.999999 0.999999 0.999999 0.999999 0.999999 0.999999 0.999999 0.999999 0.999999 0.999999 0.999999 0.999999 0.999999 0.999999 0.999999
 #wt and selex for gender,fleet: 1 4 4_ORWA_TWL
 0.00908298 0.00910218 0.0226528 0.0579338 0.113121 0.188242 0.281682 0.391021 0.51354 0.64653 0.78747 0.934147 1.0848 1.23821 1.39356 1.55023 1.70752 1.86452 2.02024 2.17364 2.32378 2.46986 2.61125 2.74749 2.87827 3.00338 3.12273 3.23628 3.34409 3.44622 3.54282 3.63401 3.71999 3.80094 3.87706 3.94856 4.01564 4.07853 4.13743 4.19256 4.24411 4.29229 4.33729 4.3793 4.41849 4.45504 4.4891 4.52084 4.5504 4.57792 4.60354 4.62737 4.64954 4.67016 4.68933 4.70715 4.72371 4.7391 4.7534 4.76668 4.77901 4.79047 4.8011 4.81097 4.82014 4.82865 4.83654 4.84387 4.85067 4.85698 4.86286 4.86836 4.87345 4.87818 4.88257 4.88664 4.89041 4.89391 4.89716 4.90017 4.90296 4.90555 4.90795 4.91018 4.91224 4.91416 4.91593 4.91758 4.9191 4.92052 4.92183 4.92305 4.92418 4.92522 4.92619 4.92709 4.92793 4.9287 4.92942 4.93008 4.93105
 0 0.013988 0.0231942 0.0514389 0.0992327 0.168667 0.258001 0.361722 0.472038 0.580765 0.680863 0.76734 0.837586 0.891301 0.930046 0.956521 0.973761 0.984535 0.991047 0.994881 0.997094 0.998354 0.999067 0.999468 0.999694 0.999822 0.999895 0.999937 0.999961 0.999976 0.999984 0.999989 0.999993 0.999994 0.999996 0.999996 0.999997 0.999997 0.999997 0.999997 0.999998 0.999998 0.999998 0.999998 0.999998 0.999998 0.999998 0.999997 0.999997 0.999997 0.999997 0.999997 0.999997 0.999997 0.999997 0.999997 0.999997 0.999997 0.999997 0.999997 0.999997 0.999997 0.999997 0.999997 0.999997 0.999997 0.999997 0.999997 0.999997 0.999997 0.999997 0.999997 0.999997 0.999997 0.999997 0.999997 0.999997 0.999997 0.999997 0.999997 0.999997 0.999997 0.999997 0.999997 0.999997 0.999997 0.999997 0.999997 0.999997 0.999997 0.999997 0.999997 0.999997 0.999997 0.999997 0.999997 0.999997 0.999997 0.999997 0.999997 0.999997
 #wt and selex for gender,fleet: 1 5 5_ORWA_NONTWL
 0.00908298 0.00910218 0.0239594 0.0625226 0.122493 0.204033 0.305113 0.422823 0.553991 0.695534 0.844643 0.998851 1.15605 1.31446 1.47263 1.62944 1.78408 1.93598 2.08481 2.2303 2.37227 2.51049 2.64471 2.77468 2.90014 3.02085 3.13662 3.24731 3.35284 3.45318 3.54837 3.63847 3.72358 3.80385 3.87944 3.95051 4.01727 4.07989 4.13858 4.19353 4.24495 4.29302 4.33792 4.37985 4.41898 4.45547 4.48949 4.52119 4.55072 4.57821 4.6038 4.62762 4.64977 4.67038 4.68953 4.70734 4.72389 4.73927 4.75356 4.76683 4.77916 4.79061 4.80124 4.81111 4.82027 4.82877 4.83666 4.84399 4.85078 4.85709 4.86297 4.86847 4.87356 4.87829 4.88267 4.88674 4.89051 4.89401 4.89726 4.90027 4.90306 4.90565 4.90805 4.91027 4.91234 4.91425 4.91603 4.91767 4.9192 4.92062 4.92193 4.92314 4.92427 4.92532 4.92629 4.92719 4.92802 4.92879 4.92951 4.93017 4.93114
 0 0.000635561 0.00118126 0.00394004 0.0110123 0.0257658 0.0519071 0.0923039 0.147986 0.217742 0.298394 0.385539 0.474415 0.560647 0.640727 0.712243 0.773895 0.825373 0.867139 0.900177 0.925744 0.945168 0.959706 0.970461 0.978348 0.984101 0.988282 0.991319 0.993527 0.995136 0.996314 0.997181 0.997823 0.998301 0.998661 0.998933 0.999141 0.999301 0.999425 0.999523 0.999599 0.999661 0.99971 0.99975 0.999782 0.999809 0.999831 0.999849 0.999865 0.999878 0.999889 0.999898 0.999906 0.999913 0.999919 0.999924 0.999929 0.999933 0.999937 0.99994 0.999942 0.999945 0.999947 0.999949 0.999951 0.999952 0.999954 0.999955 0.999956 0.999957 0.999958 0.999959 0.999959 0.99996 0.999961 0.999961 0.999961 0.999962 0.999962 0.999962 0.999963 0.999963 0.999963 0.999964 0.999964 0.999964 0.999964 0.999964 0.999964 0.999965 0.999965 0.999965 0.999965 0.999965 0.999965 0.999965 0.999965 0.999965 0.999965 0.999966 0.999966
 #wt and selex for gender,fleet: 1 6 6_OR_REC
 0.00908298 0.0091022 0.0302288 0.077866 0.146681 0.233416 0.332957 0.440721 0.553424 0.670063 0.792318 0.922939 1.06345 1.21314 1.36969 1.5302 1.69211 1.85339 2.01253 2.16844 2.32031 2.46752 2.60962 2.7463 2.87734 3.00259 3.12202 3.23561 3.34342 3.44556 3.54214 3.63332 3.71928 3.80021 3.87631 3.94778 4.01485 4.07772 4.13661 4.19172 4.24326 4.29143 4.33641 4.37841 4.41759 4.45412 4.48818 4.51991 4.54946 4.57697 4.60258 4.62641 4.64858 4.66919 4.68836 4.70617 4.72273 4.73811 4.75241 4.76568 4.77801 4.78946 4.80009 4.80996 4.81913 4.82763 4.83552 4.84285 4.84965 4.85595 4.86184 4.86733 4.87243 4.87715 4.88154 4.8856 4.88937 4.89287 4.89612 4.89913 4.90192 4.90451 4.90691 4.90913 4.9112 4.91311 4.91488 4.91653 4.91806 4.91947 4.92078 4.922 4.92313 4.92417 4.92514 4.92604 4.92687 4.92765 4.92836 4.92903 4.92999
 0 1.91155e-05 6.72082e-05 0.00104655 0.00853323 0.0400545 0.122369 0.268759 0.458756 0.647723 0.797461 0.895601 0.9508 0.978352 0.990898 0.996214 0.998326 0.999096 0.999325 0.999338 0.999267 0.999163 0.999047 0.998926 0.998805 0.998687 0.998571 0.998459 0.998351 0.998247 0.998149 0.998054 0.997965 0.99788 0.9978 0.997724 0.997652 0.997585 0.997522 0.997463 0.997407 0.997355 0.997306 0.99726 0.997217 0.997178 0.99714 0.997106 0.997073 0.997043 0.997015 0.996989 0.996964 0.996941 0.99692 0.996901 0.996882 0.996865 0.99685 0.996835 0.996821 0.996809 0.996797 0.996786 0.996776 0.996766 0.996758 0.996749 0.996742 0.996735 0.996728 0.996722 0.996717 0.996711 0.996706 0.996702 0.996698 0.996694 0.99669 0.996687 0.996684 0.996681 0.996678 0.996676 0.996673 0.996671 0.996669 0.996667 0.996666 0.996664 0.996663 0.996661 0.99666 0.996659 0.996658 0.996657 0.996656 0.996655 0.996654 0.996653 0.996652
 #wt and selex for gender,fleet: 1 7 7_WA_REC
 0.00908298 0.0091022 0.0290784 0.0764447 0.147238 0.239624 0.349157 0.471201 0.601663 0.737222 0.875373 1.01453 1.15418 1.29482 1.43735 1.58247 1.7302 1.87987 2.03029 2.18004 2.32778 2.47232 2.61275 2.7484 2.87882 3.00372 3.12294 3.23641 3.34417 3.44628 3.54285 3.63404 3.72001 3.80095 3.87707 3.94856 4.01565 4.07853 4.13744 4.19256 4.24412 4.2923 4.3373 4.3793 4.41849 4.45504 4.4891 4.52084 4.5504 4.57792 4.60354 4.62737 4.64954 4.67016 4.68933 4.70715 4.72372 4.7391 4.7534 4.76668 4.77901 4.79047 4.8011 4.81098 4.82014 4.82865 4.83654 4.84387 4.85067 4.85698 4.86287 4.86836 4.87346 4.87818 4.88257 4.88664 4.89041 4.89391 4.89716 4.90017 4.90296 4.90555 4.90795 4.91018 4.91224 4.91416 4.91593 4.91758 4.91911 4.92052 4.92183 4.92305 4.92418 4.92522 4.92619 4.92709 4.92793 4.9287 4.92942 4.93008 4.93105
 0 4.76265e-06 1.4636e-05 0.000184465 0.00143486 0.00719194 0.0252605 0.0667838 0.140889 0.248482 0.380153 0.519584 0.649898 0.759172 0.842649 0.901604 0.940635 0.965171 0.979983 0.988655 0.993622 0.996425 0.997993 0.998868 0.999356 0.999629 0.999784 0.999872 0.999923 0.999953 0.99997 0.999981 0.999988 0.999992 0.999994 0.999996 0.999997 0.999998 0.999998 0.999999 0.999999 0.999999 0.999999 0.999999 0.999999 0.999999 0.999999 0.999999 0.999999 0.999999 0.999999 0.999999 0.999999 0.999999 0.999999 0.999999 0.999999 0.999999 0.999999 0.999999 0.999999 0.999999 0.999999 0.999999 0.999999 0.999999 0.999999 0.999999 0.999999 0.999999 0.999999 0.999999 0.999999 0.999999 0.999999 0.999999 0.999999 0.999999 0.999999 0.999999 0.999999 0.999999 0.999999 0.999999 0.999999 0.999999 0.999999 0.999999 0.999999 0.999999 0.999999 0.999999 0.999999 0.999999 0.999999 0.999999 0.999999 0.999999 0.999999 0.999999 0.999999
# Sex ratio correction
1
# M and current age-structure in year Yinit: 2011
 # gender = 1
 0.0439034 0.0439034 0.0439034 0.0439034 0.0439034 0.0439034 0.0439034 0.0439034 0.0439034 0.0439034 0.0439034 0.0439034 0.0439034 0.0439034 0.0439034 0.0439034 0.0439034 0.0439034 0.0439034 0.0439034 0.0439034 0.0439034 0.0439034 0.0439034 0.0439034 0.0439034 0.0439034 0.0439034 0.0439034 0.0439034 0.0439034 0.0439034 0.0439034 0.0439034 0.0439034 0.0439034 0.0439034 0.0439034 0.0439034 0.0439034 0.0439034 0.0439034 0.0439034 0.0439034 0.0439034 0.0439034 0.0439034 0.0439034 0.0439034 0.0439034 0.0439034 0.0439034 0.0439034 0.0439034 0.0439034 0.0439034 0.0439034 0.0439034 0.0439034 0.0439034 0.0439034 0.0439034 0.0439034 0.0439034 0.0439034 0.0439034 0.0439034 0.0439034 0.0439034 0.0439034 0.0439034 0.0439034 0.0439034 0.0439034 0.0439034 0.0439034 0.0439034 0.0439034 0.0439034 0.0439034 0.0439034 0.0439034 0.0439034 0.0439034 0.0439034 0.0439034 0.0439034 0.0439034 0.0439034 0.0439034 0.0439034 0.0439034 0.0439034 0.0439034 0.0439034 0.0439034 0.0439034 0.0439034 0.0439034 0.0439034 0.0439034
 194.573 223.94 256.888 270.959 166.87 149.492 89.9301 54.4089 68.7708 165.165 56.0756 42.4174 76.012 43.7048 29.1407 23.222 22.8881 44.3872 47.258 23.9245 19.5727 19.6789 18.9341 18.7013 20.1878 22.6224 29.2755 27.7156 16.6902 14.9781 13.3898 12.1914 8.6427 6.26162 6.38334 5.58924 5.08009 3.67516 3.10875 3.49904 4.0858 3.26213 2.81405 2.1081 1.70705 1.53971 1.1766 0.924732 0.841756 0.85329 0.888474 0.881249 0.81805 0.737118 0.666488 0.616188 0.588582 0.582203 0.595486 0.626762 0.668369 0.701434 0.702946 0.667015 0.609556 0.550182 0.498558 0.457134 0.425278 0.400716 0.381422 0.365481 0.351453 0.338323 0.325352 0.312204 0.298825 0.285457 0.272411 0.26001 0.248468 0.237782 0.227907 0.21886 0.210471 0.202557 0.194968 0.187597 0.18036 0.173224 0.16618 0.159232 0.152405 0.14575 0.139249 0.13296 0.126909 0.12111 0.115566 0.11028 2.39008
# Age-structure at Ydeclare= 2013
 392.69 171.823 178.215 205.111 235.281 248.142 152.78 136.801 82.2267 49.6904 62.7214 150.43 51.0104 38.5472 69.0233 39.6644 26.4365 21.0617 20.7554 40.2471 42.8474 21.6908 17.7449 17.8409 17.1654 16.9541 18.3015 20.508 26.5384 25.1234 15.1285 13.5759 12.1355 11.0488 7.83225 5.67417 5.78421 5.06443 4.60291 3.32981 2.81652 3.17 3.70145 2.95515 2.54916 1.9096 1.54628 1.39467 1.06574 0.837591 0.762424 0.772861 0.804721 0.798171 0.740925 0.667621 0.603647 0.558088 0.533084 0.527305 0.539335 0.567661 0.605344 0.63529 0.636658 0.604114 0.552073 0.498297 0.451541 0.414023 0.385171 0.362925 0.34545 0.331012 0.318307 0.306416 0.294668 0.28276 0.270642 0.258535 0.24672 0.235489 0.225035 0.215357 0.206414 0.198219 0.190622 0.183454 0.176581 0.169905 0.163351 0.156887 0.150508 0.144215 0.138032 0.132005 0.126117 0.120421 0.114941 0.109689 2.36924
# Year for Tmin Age-structure (set to Ydecl by SS)
2013
#  recruitment and biomass
# Number of historical assessment years
137
# Historical data
# year recruitment spawner in B0 in R project in R/S project
1888  1889 1890 1891 1892 1893 1894 1895 1896 1897 1898 1899 1900 1901 1902 1903 1904 1905 1906 1907 1908 1909 1910 1911 1912 1913 1914 1915 1916 1917 1918 1919 1920 1921 1922 1923 1924 1925 1926 1927 1928 1929 1930 1931 1932 1933 1934 1935 1936 1937 1938 1939 1940 1941 1942 1943 1944 1945 1946 1947 1948 1949 1950 1951 1952 1953 1954 1955 1956 1957 1958 1959 1960 1961 1962 1963 1964 1965 1966 1967 1968 1969 1970 1971 1972 1973 1974 1975 1976 1977 1978 1979 1980 1981 1982 1983 1984 1985 1986 1987 1988 1989 1990 1991 1992 1993 1994 1995 1996 1997 1998 1999 2000 2001 2002 2003 2004 2005 2006 2007 2008 2009 2010 2011 2012 2013 2014 2015 2016 2017 2018 2019 2020 2021 2022 2023 2024 #years (with first value representing R0)
207.675 209.81 209.887 209.966 210.048 210.125 210.205 210.289 210.382 210.48 210.583 210.689 210.8 210.917 211.038 211.161 211.289 211.423 211.56 211.71 211.866 212.026 212.193 212.36 212.525 212.676 212.801 212.878 212.883 212.789 212.55 212.092 211.453 210.577 209.447 208.071 206.467 204.679 202.789 200.891 199.098 197.532 196.272 195.235 194.388 193.675 192.905 191.86 190.384 188.407 186.054 183.582 181.405 179.978 179.846 181.622 185.825 192.928 202.689 213.772 222.648 223.288 211.98 192.132 171.347 154.798 143.883 138.259 137.541 141.313 148.388 156.261 159.598 152.4 138.434 128.93 133.408 159.35 195.015 201.221 229.944 282.078 298.214 337.795 259.383 204.882 213.565 258.177 246.343 241.804 201.85 234.623 275.81 250.016 228.882 207.513 279.731 240.218 151.842 111.906 86.7087 74.5437 66.9569 58.6224 64.2669 115.845 100.772 48.6507 46.5702 55.3833 78.9433 130.682 69.4902 87.606 246.274 97.9461 74.0716 117.092 186.224 198.917 309.111 280.466 233.99 194.573 179.534 392.69 191.027 253.658 197.09 99.737 97.4758 105.142 104.468 141.238 155.585 160.669 165.375  #recruits; first value is R0 (virgin)
1070.92  1070.92 1070.92 1070.9 1070.87 1070.41 1069.95 1069.49 1069.34 1069.26 1069.18 1069.11 1069.03 1068.95 1068.87 1068.81 1068.76 1068.71 1068.68 1068.67 1068.66 1068.54 1068.55 1068.56 1068.58 1068.6 1068.62 1068.64 1068.59 1068.61 1068.48 1066.29 1065.69 1065.22 1064.82 1064.71 1064.52 1063.8 1062.72 1060.85 1058.25 1055.76 1053.75 1051.39 1050.08 1048.95 1047.83 1046.2 1044.57 1041.98 1039.67 1037.08 1035.12 1032.03 1027.44 1022.5 1013.06 1002.98 987.697 973.667 967.374 960.341 954.997 948.866 941.13 934.55 929.652 923.581 917.715 911.626 904.168 897.162 890.968 885.699 882.087 877.669 874.838 873.234 861.91 857.796 851.935 845.686 830.813 820.777 807.516 791.047 773.67 754.435 735.517 713.967 692.851 659.401 624.32 597.879 563.827 509.637 481.245 459.549 432.463 409.973 382.214 357.982 328.16 306.897 270.199 237.158 205.406 187.655 170.323 151.407 129.618 121.472 109.377 110.028 109.655 114.618 119.659 125.058 130.473 136.303 141.571 147.252 152.767 158.797 165.159 171.764 179.189 187.248 195.729 205.102 214.406 225.102 236.833 250.676 265.834 281.104 296.966 #spbio; first value is SSB_virgin (virgin)
1 0 0 0 0 0 0 0 0 0 0 0 0 0 0 0 0 0 0 0 0 0 0 0 0 0 0 0 0 0 0 0 0 0 0 0 0 0 0 0 0 0 0 0 0 0 0 0 0 0 0 0 0 0 0 0 0 0 0 0 0 0 0 0 0 0 0 0 0 0 0 0 0 0 0 0 0 0 0 0 0 0 0 0 0 0 0 0 0 0 0 0 0 0 0 0 0 0 0 0 0 0 0 0 0 0 0 0 0 0 0 0 0 0 0 0 0 0 0 0 0 0 0 0 0 0 0 0 0 0 0 0 0 0 0 0 0  # in Bzero
0 1 1 1 1 1 1 1 1 1 1 1 1 1 1 1 1 1 1 1 1 1 1 1 1 1 1 1 1 1 1 1 1 1 1 1 1 1 1 1 1 1 1 1 1 1 1 1 1 1 1 1 1 1 1 1 1 1 1 1 1 1 1 1 1 1 1 1 1 1 1 1 1 1 1 1 1 1 1 1 1 1 1 1 1 1 1 1 1 1 1 1 1 1 1 1 1 1 1 1 1 1 1 1 1 1 1 1 1 1 1 1 1 1 1 1 1 1 1 1 1 1 1 1 1 1 1 1 1 1 1 1 1 1  0 0 0 # in R project
0 1 1 1 1 1 1 1 1 1 1 1 1 1 1 1 1 1 1 1 1 1 1 1 1 1 1 1 1 1 1 1 1 1 1 1 1 1 1 1 1 1 1 1 1 1 1 1 1 1 1 1 1 1 1 1 1 1 1 1 1 1 1 1 1 1 1 1 1 1 1 1 1 1 1 1 1 1 1 1 1 1 1 1 1 1 1 1 1 1 1 1 1 1 1 1 1 1 1 1 1 1 1 1 1 1 1 1 1 1 1 1 1 1 1 1 1 1 1 1 1 1 1 1 1 1 1 1 1 1 1 1 1 1  0 0 0 # in R/S project
# Number of years with pre-specified catches
0
# catches for years with pre-specified catches go next
# Number of future recruitments to override
-2
# Process for overiding (-1 for average otherwise index in data list)
# Which probability to product detailed results for (1=0.5; 2=0.6; etc.)
3
# Steepness sigma-R Auto-correlation
0.718 0.5 0
# Target SPR rate (FMSY Proxy); manually change to SPR_MSY if not using SPR_target
0.5
# Discount rate (for cumulative catch)
0.1
# Truncate the series when 0.4B0 is reached (1=Yes)
0
# Set F to FMSY once 0.4B0 is reached (1=Yes)
0
# Maximum possible F for projection (-1 to set to FMSY)
-1
# Defintion of recovery (1=now only;2=now or before)
2
# Projection type
4
# Definition of the 40-10 rule
10 40
# Sigma Assessment Error (Base, Year1, Slope, MaxSigma)
1.0 2025 0.075 2.0
# Pstar
0.45
# Constrain catches by the ABC (1=yes, 2=no)
2
# Implementation Error (0=no; 1=lognormal; 2=uniform)
0
#Parameters of Implementaion Error
1 0.3
# Calculate coefficients of variation (1=Yes)
0
# Number of replicates to use
10
# Random number seed
-99004
# File with multiple parameter vectors 
rebuild.SSO
# User-specific projection (1=Yes); Output replaced (1->9)
0  5
# Catches and Fs (Year; 1/2/3 (F or C or SPR); value); Final row is -1
2024 1 1
-1 -1 -1
# Fixed catch project (1=Yes); Output replaced (1->9); Approach (-1=Read in else 1-9)
0 2 -1
# (48a) Special catch options (1-Yes) [CUT_OFF, Emsy, distribution, MAXCAT, Add, replace_code]
0 0.18 1.00 1.00 0 6
# (48b) B1Target
150000
# Split of Fs
2011  0.0158735
 0
 0.374239
 0.024616
 0.199446
 0.200178
 0.185647
-1  1 1 1 1 1 1 1 1 1 1 1 1
# Yrs to define T_target for projection type 4 (a.k.a. 5 pre-specified inputs)
2030 2031 2032 2033 2034 
# Year for probability of recovery
2034 2035 2036 2037 2038 2039 2040 2041
# Time varying weight-at-age (1=Yes;0=No)
0
# File with time series of weight-at-age data
none
# Use bisection (0) or linear interpolation (1)
1
# Target Depletion
0.4
# CV of implementation error
0
