#Title, #runnumber: 1 yelloweye_data.ss yelloweye_control.ss 4208.59 1090.77 279.783 StartTime: Wed Apr 16 00:24:42 2025
SSv3_default_rebuild.dat
# Number of sexes
1
# Age range to consider (minimum age; maximum age)
0 100
# Number of fleets
7
# First year of projection (Yinit)
2011
# First Year of rebuilding period (Ydecl)
2013
# Number of simulations
1000
# Maximum number of years
500
# Conduct projections with multiple starting values (0=No;else yes)
0
# Number of parameter vectors
1000
# Is the maximum age a plus-group (1=Yes;2=No)
1
# Generate future recruitments using historical recruitments (1)  historical recruits/spawner (2)  or a stock-recruitment (3)
3
# Constant fishing mortality (1) or constant Catch (2) projections
1
# Fishing mortality based on SPR (1) or actual rate (2)
1
# Pre-specify the year of recovery (or -1) to ignore
-1
# Fecundity-at-age
# 0 1 2 3 4 5 6 7 8 9 10 11 12 13 14 15 16 17 18 19 20 21 22 23 24 25 26 27 28 29 30 31 32 33 34 35 36 37 38 39 40 41 42 43 44 45 46 47 48 49 50 51 52 53 54 55 56 57 58 59 60 61 62 63 64 65 66 67 68 69 70 71 72 73 74 75 76 77 78 79 80 81 82 83 84 85 86 87 88 89 90 91 92 93 94 95 96 97 98 99 100 #runnumber: 1 yelloweye_data.ss yelloweye_control.ss 4208.59 1090.77 279.783
 0 0 2.39711e-08 3.22992e-07 3.05382e-06 2.20441e-05 0.000126228 0.000577016 0.00209651 0.00610378 0.0145888 0.029542 0.0522788 0.0830592 0.12113 0.165053 0.213113 0.263646 0.315243 0.366821 0.417625 0.467167 0.515163 0.561471 0.60604 0.64887 0.689989 0.729438 0.767263 0.803506 0.838212 0.87142 0.903168 0.933495 0.962438 0.990034 1.01632 1.04134 1.06513 1.08773 1.10918 1.12953 1.14882 1.16708 1.18436 1.20071 1.21616 1.23075 1.24453 1.25753 1.2698 1.28136 1.29225 1.30251 1.31217 1.32127 1.32982 1.33787 1.34544 1.35256 1.35925 1.36553 1.37143 1.37698 1.38219 1.38708 1.39167 1.39597 1.40002 1.40381 1.40737 1.4108 1.41402 1.41704 1.41987 1.42252 1.42501 1.42735 1.42953 1.43158 1.43351 1.43531 1.437 1.43858 1.44006 1.44145 1.44275 1.44397 1.44512 1.44619 1.44719 1.44813 1.44901 1.44984 1.45061 1.45134 1.45201 1.45265 1.45324 1.4538 1.45467 #female fecundity; weighted by N in year Y_init across morphs and areas
# Age specific selectivity and weight adjusted for discard and discard mortality
 #wt and selex for gender,fleet: 1 1 1_CA_TWL
 0.0106559 0.0202896 0.0586102 0.116365 0.193205 0.28608 0.391328 0.505575 0.626028 0.750524 0.877514 1.00604 1.13566 1.26635 1.39827 1.53162 1.66647 1.8027 1.93995 2.07768 2.21523 2.35184 2.48677 2.61934 2.74895 2.87511 2.99743 3.11561 3.22946 3.33885 3.44373 3.54407 3.6399 3.7313 3.81833 3.90112 3.97976 4.0544 4.12517 4.19221 4.25567 4.31569 4.37243 4.42603 4.47662 4.52436 4.56939 4.61183 4.65181 4.68947 4.72493 4.7583 4.78969 4.81922 4.84698 4.87308 4.89761 4.92065 4.94229 4.96262 4.98171 4.99963 5.01645 5.03224 5.04705 5.06095 5.07399 5.08622 5.09769 5.10844 5.11863 5.12829 5.13734 5.14582 5.15378 5.16124 5.16822 5.17477 5.18091 5.18667 5.19206 5.19711 5.20184 5.20628 5.21043 5.21432 5.21797 5.22139 5.22459 5.22759 5.2304 5.23303 5.23549 5.2378 5.23996 5.24199 5.24388 5.24566 5.24732 5.24888 5.25131
 0 0.000584937 0.00224882 0.00776953 0.0213469 0.0482596 0.0929912 0.157355 0.239616 0.334895 0.43647 0.537334 0.631508 0.714822 0.785119 0.842011 0.886397 0.919926 0.944548 0.962187 0.974556 0.983069 0.988836 0.992692 0.995241 0.996912 0.998 0.998705 0.99916 0.999454 0.999643 0.999765 0.999845 0.999896 0.99993 0.999952 0.999967 0.999977 0.999983 0.999988 0.999991 0.999993 0.999994 0.999995 0.999996 0.999996 0.999997 0.999997 0.999997 0.999997 0.999997 0.999997 0.999998 0.999998 0.999998 0.999998 0.999998 0.999998 0.999998 0.999998 0.999998 0.999998 0.999998 0.999998 0.999998 0.999997 0.999997 0.999997 0.999997 0.999997 0.999997 0.999997 0.999997 0.999997 0.999997 0.999997 0.999997 0.999997 0.999997 0.999997 0.999997 0.999997 0.999997 0.999997 0.999997 0.999997 0.999997 0.999997 0.999997 0.999997 0.999997 0.999997 0.999997 0.999997 0.999997 0.999997 0.999997 0.999997 0.999997 0.999997 0.999997
 #wt and selex for gender,fleet: 1 3 3_CA_REC
 0.0105861 0.0189941 0.052662 0.10447 0.17395 0.258806 0.356092 0.462966 0.576976 0.696206 0.819351 0.945731 1.07515 1.20764 1.34323 1.48177 1.62282 1.7657 1.90954 2.0534 2.19634 2.33748 2.47609 2.61154 2.74334 2.87112 2.99462 3.11365 3.2281 3.33791 3.44308 3.54362 3.63959 3.73108 3.81818 3.90101 3.97969 4.05435 4.12513 4.19218 4.25565 4.31568 4.37242 4.42602 4.47662 4.52436 4.56938 4.61182 4.65181 4.68947 4.72493 4.7583 4.78969 4.81922 4.84698 4.87308 4.89761 4.92065 4.94229 4.96262 4.98171 4.99963 5.01645 5.03224 5.04705 5.06095 5.07399 5.08622 5.09769 5.10844 5.11863 5.12829 5.13734 5.14583 5.15378 5.16124 5.16823 5.17478 5.18091 5.18667 5.19206 5.19711 5.20184 5.20628 5.21043 5.21433 5.21797 5.22139 5.22459 5.22759 5.2304 5.23303 5.23549 5.2378 5.23996 5.24199 5.24388 5.24566 5.24733 5.24888 5.25131
 0 0.00517373 0.0140487 0.0350507 0.0736722 0.133673 0.214905 0.313008 0.420631 0.52936 0.631566 0.721684 0.796734 0.856131 0.901061 0.933714 0.95662 0.972197 0.982504 0.989164 0.993379 0.996 0.997606 0.998577 0.999158 0.999503 0.999707 0.999827 0.999898 0.999939 0.999964 0.999978 0.999987 0.999992 0.999995 0.999997 0.999998 0.999998 0.999999 0.999999 0.999999 0.999999 0.999999 0.999999 0.999999 0.999999 0.999999 0.999999 0.999999 0.999999 0.999999 0.999999 0.999999 0.999999 0.999999 0.999999 0.999999 0.999999 0.999999 0.999999 0.999999 0.999999 0.999999 0.999999 0.999999 0.999999 0.999999 0.999999 0.999999 0.999999 0.999999 0.999999 0.999999 0.999999 0.999999 0.999999 0.999999 0.999999 0.999999 0.999999 0.999999 0.999999 0.999999 0.999999 0.999999 0.999999 0.999999 0.999999 0.999999 0.999999 0.999999 0.999999 0.999999 0.999999 0.999999 0.999999 0.999999 0.999999 0.999999 0.999999 0.999999
 #wt and selex for gender,fleet: 1 4 4_ORWA_TWL
 0.0105202 0.0177618 0.0466118 0.093242 0.157889 0.239475 0.33607 0.445412 0.565211 0.693323 0.82782 0.967011 1.10944 1.25387 1.39925 1.54474 1.68964 1.83339 1.97553 2.1157 2.25358 2.38889 2.52137 2.65077 2.77687 2.89946 3.01834 3.13336 3.24438 3.3513 3.45405 3.5526 3.64693 3.73709 3.8231 3.90504 3.983 4.05708 4.12739 4.19407 4.25722 4.317 4.37353 4.42696 4.47742 4.52505 4.56998 4.61234 4.65226 4.68987 4.72528 4.75861 4.78997 4.81947 4.84721 4.87328 4.89779 4.92082 4.94245 4.96277 4.98184 4.99975 5.01657 5.03234 5.04715 5.06104 5.07408 5.0863 5.09777 5.10852 5.11871 5.12836 5.13741 5.1459 5.15385 5.1613 5.16829 5.17484 5.18098 5.18673 5.19212 5.19717 5.2019 5.20634 5.21049 5.21438 5.21803 5.22145 5.22465 5.22764 5.23045 5.23308 5.23555 5.23786 5.24002 5.24204 5.24394 5.24572 5.24738 5.24894 5.25137
 0 0.0140674 0.0268064 0.0480146 0.0787897 0.119733 0.170413 0.229435 0.294718 0.363825 0.434284 0.50383 0.570556 0.63299 0.69011 0.741315 0.786369 0.825337 0.858514 0.886352 0.909401 0.928256 0.943512 0.955737 0.965449 0.973108 0.97911 0.983788 0.987421 0.990233 0.992405 0.99408 0.995372 0.996369 0.997139 0.997735 0.998198 0.998557 0.998839 0.999059 0.999233 0.99937 0.999479 0.999566 0.999636 0.999693 0.999739 0.999776 0.999807 0.999832 0.999853 0.999871 0.999886 0.999898 0.999909 0.999917 0.999925 0.999932 0.999937 0.999942 0.999946 0.99995 0.999953 0.999956 0.999959 0.999961 0.999963 0.999965 0.999966 0.999968 0.999969 0.999969 0.99997 0.999971 0.999971 0.999972 0.999972 0.999973 0.999973 0.999973 0.999974 0.999974 0.999974 0.999975 0.999975 0.999975 0.999975 0.999975 0.999976 0.999976 0.999976 0.999976 0.999976 0.999976 0.999976 0.999976 0.999977 0.999977 0.999977 0.999977 0.999977
 #wt and selex for gender,fleet: 1 5 5_ORWA_NONTWL
 0.0105858 0.0190047 0.0531335 0.106637 0.17967 0.270316 0.375714 0.492859 0.618974 0.751657 0.888904 1.02908 1.17088 1.31327 1.45546 1.59687 1.73709 1.87581 2.01285 2.14801 2.28115 2.4121 2.54066 2.66662 2.78976 2.90984 3.02664 3.13995 3.24958 3.35539 3.45726 3.55511 3.6489 3.73862 3.8243 3.90598 3.98374 4.05766 4.12785 4.19443 4.25751 4.31723 4.37372 4.42712 4.47755 4.52515 4.57006 4.61241 4.65232 4.68992 4.72532 4.75864 4.79 4.8195 4.84723 4.8733 4.89781 4.92084 4.94247 4.96278 4.98186 4.99977 5.01658 5.03236 5.04716 5.06105 5.07409 5.08631 5.09778 5.10853 5.11872 5.12837 5.13742 5.1459 5.15386 5.16131 5.1683 5.17485 5.18099 5.18674 5.19213 5.19718 5.20191 5.20634 5.2105 5.21439 5.21804 5.22145 5.22465 5.22765 5.23046 5.23309 5.23555 5.23786 5.24002 5.24205 5.24395 5.24572 5.24739 5.24894 5.25137
 0 0.00123803 0.00340708 0.00885387 0.01981 0.0388339 0.0680911 0.108755 0.160701 0.222534 0.291897 0.365882 0.441465 0.515844 0.586675 0.652194 0.711248 0.763248 0.808088 0.846033 0.877606 0.903484 0.924413 0.941143 0.95438 0.964763 0.972848 0.979107 0.983929 0.98763 0.990466 0.992634 0.994292 0.99556 0.996531 0.997277 0.99785 0.998293 0.998636 0.998903 0.999112 0.999276 0.999406 0.999508 0.999591 0.999656 0.99971 0.999753 0.999788 0.999817 0.999841 0.999861 0.999878 0.999892 0.999904 0.999914 0.999922 0.999929 0.999936 0.999941 0.999946 0.99995 0.999954 0.999957 0.999959 0.999962 0.999964 0.999966 0.999968 0.999969 0.99997 0.999971 0.999972 0.999973 0.999973 0.999974 0.999974 0.999975 0.999975 0.999976 0.999976 0.999976 0.999977 0.999977 0.999977 0.999977 0.999978 0.999978 0.999978 0.999978 0.999978 0.999978 0.999979 0.999979 0.999979 0.999979 0.999979 0.999979 0.999979 0.999979 0.99998
 #wt and selex for gender,fleet: 1 6 6_OR_REC
 0.0109859 0.0257174 0.0751482 0.142471 0.225217 0.317554 0.414819 0.514142 0.614657 0.717276 0.82388 0.936384 1.05608 1.18335 1.31766 1.45777 1.60207 1.74886 1.89654 2.04374 2.18936 2.33253 2.4726 2.60905 2.74151 2.86972 2.99349 3.11267 3.22721 3.33707 3.44225 3.54279 3.63876 3.73023 3.81732 3.90013 3.97879 4.05343 4.1242 4.19124 4.2547 4.31471 4.37144 4.42503 4.47562 4.52335 4.56837 4.6108 4.65078 4.68843 4.72388 4.75725 4.78864 4.81816 4.84592 4.87201 4.89653 4.91957 4.94122 4.96154 4.98063 4.99854 5.01536 5.03115 5.04596 5.05985 5.07289 5.08512 5.09659 5.10734 5.11753 5.12718 5.13623 5.14471 5.15266 5.16011 5.1671 5.17364 5.17978 5.18553 5.19092 5.19597 5.2007 5.20513 5.20928 5.21318 5.21682 5.22024 5.22344 5.22643 5.22924 5.23187 5.23433 5.23664 5.2388 5.24083 5.24272 5.2445 5.24616 5.24772 5.25015
 0 5.44051e-05 0.000637653 0.00481544 0.0219155 0.0673429 0.153473 0.278838 0.42681 0.574551 0.703575 0.804797 0.877636 0.926492 0.957415 0.976056 0.986831 0.99283 0.996052 0.997715 0.998529 0.998892 0.99902 0.999027 0.998975 0.998893 0.998797 0.998696 0.998593 0.998491 0.998391 0.998294 0.998201 0.99811 0.998023 0.99794 0.99786 0.997784 0.997712 0.997643 0.997577 0.997515 0.997456 0.9974 0.997347 0.997297 0.997249 0.997204 0.997162 0.997122 0.997084 0.997049 0.997015 0.996984 0.996954 0.996926 0.9969 0.996876 0.996852 0.996831 0.99681 0.996791 0.996773 0.996756 0.99674 0.996725 0.996711 0.996698 0.996685 0.996674 0.996663 0.996652 0.996642 0.996633 0.996624 0.996616 0.996609 0.996602 0.996595 0.996589 0.996583 0.996577 0.996572 0.996567 0.996563 0.996559 0.996555 0.996551 0.996548 0.996544 0.996541 0.996538 0.996536 0.996533 0.996531 0.996529 0.996527 0.996525 0.996523 0.996521 0.996519
 #wt and selex for gender,fleet: 1 7 7_WA_REC
 0.0109564 0.0253958 0.0760389 0.148059 0.24002 0.346135 0.461042 0.580617 0.702008 0.823474 0.944251 1.0644 1.18455 1.30561 1.4285 1.5539 1.68212 1.81312 1.94645 2.0814 2.21708 2.35251 2.48678 2.61901 2.74849 2.87463 2.99699 3.11524 3.22916 3.33862 3.44354 3.54393 3.6398 3.73122 3.81828 3.90107 3.97973 4.05438 4.12515 4.1922 4.25566 4.31569 4.37243 4.42602 4.47662 4.52436 4.56938 4.61182 4.65181 4.68947 4.72493 4.7583 4.78969 4.81922 4.84698 4.87308 4.89761 4.92065 4.9423 4.96262 4.98171 4.99963 5.01645 5.03224 5.04705 5.06095 5.07399 5.08622 5.09769 5.10844 5.11863 5.12829 5.13734 5.14583 5.15378 5.16124 5.16823 5.17478 5.18091 5.18667 5.19206 5.19711 5.20184 5.20628 5.21043 5.21433 5.21797 5.22139 5.22459 5.22759 5.2304 5.23303 5.23549 5.2378 5.23996 5.24199 5.24388 5.24566 5.24733 5.24888 5.25131
 0 6.73968e-06 7.81147e-05 0.000645038 0.0034119 0.0125882 0.0349444 0.0775895 0.144549 0.234472 0.340805 0.454022 0.564486 0.664643 0.750002 0.819021 0.87238 0.912076 0.940649 0.960639 0.974289 0.983418 0.989416 0.9933 0.995785 0.99736 0.99835 0.998969 0.999355 0.999596 0.999746 0.999839 0.999897 0.999934 0.999957 0.999972 0.999981 0.999987 0.999991 0.999994 0.999996 0.999997 0.999998 0.999998 0.999999 0.999999 0.999999 0.999999 0.999999 0.999999 0.999999 0.999999 0.999999 0.999999 0.999999 0.999999 0.999999 0.999999 0.999999 0.999999 0.999999 0.999999 0.999999 0.999999 0.999999 0.999999 0.999999 0.999999 0.999999 0.999999 0.999999 0.999999 0.999999 0.999999 0.999999 0.999999 0.999999 0.999999 0.999999 0.999999 0.999999 0.999999 0.999999 0.999999 0.999999 0.999999 0.999999 0.999999 0.999999 0.999999 0.999999 0.999999 0.999999 0.999999 0.999999 0.999999 0.999999 0.999999 0.999999 0.999999 0.999999
# Sex ratio correction
1
# M and current age-structure in year Yinit: 2011
 # gender = 1
 0.0439034 0.0439034 0.0439034 0.0439034 0.0439034 0.0439034 0.0439034 0.0439034 0.0439034 0.0439034 0.0439034 0.0439034 0.0439034 0.0439034 0.0439034 0.0439034 0.0439034 0.0439034 0.0439034 0.0439034 0.0439034 0.0439034 0.0439034 0.0439034 0.0439034 0.0439034 0.0439034 0.0439034 0.0439034 0.0439034 0.0439034 0.0439034 0.0439034 0.0439034 0.0439034 0.0439034 0.0439034 0.0439034 0.0439034 0.0439034 0.0439034 0.0439034 0.0439034 0.0439034 0.0439034 0.0439034 0.0439034 0.0439034 0.0439034 0.0439034 0.0439034 0.0439034 0.0439034 0.0439034 0.0439034 0.0439034 0.0439034 0.0439034 0.0439034 0.0439034 0.0439034 0.0439034 0.0439034 0.0439034 0.0439034 0.0439034 0.0439034 0.0439034 0.0439034 0.0439034 0.0439034 0.0439034 0.0439034 0.0439034 0.0439034 0.0439034 0.0439034 0.0439034 0.0439034 0.0439034 0.0439034 0.0439034 0.0439034 0.0439034 0.0439034 0.0439034 0.0439034 0.0439034 0.0439034 0.0439034 0.0439034 0.0439034 0.0439034 0.0439034 0.0439034 0.0439034 0.0439034 0.0439034 0.0439034 0.0439034 0.0439034
 219.455 238.931 215.842 268.519 168.639 126.288 93.0212 70.014 119.147 273.753 86.6761 60.6921 117.175 62.4929 36.3633 31.5472 32.5056 62.7356 79.8516 34.5624 25.7634 25.5265 26.9347 26.916 26.558 27.8279 35.5484 41.8081 25.6544 24.1875 21.4858 15.3349 11.6627 8.79589 8.66004 8.17349 6.95958 4.78035 4.30839 4.7542 5.99269 4.69666 3.50064 2.70461 2.08267 1.70809 1.41363 1.2143 1.14022 1.15128 1.18406 1.1707 1.08934 0.981813 0.885566 0.813514 0.769023 0.75144 0.757962 0.783867 0.818493 0.842711 0.836526 0.794967 0.731129 0.663525 0.602631 0.551806 0.510885 0.477677 0.450383 0.427399 0.407597 0.390091 0.373982 0.358562 0.343322 0.328141 0.313136 0.2986 0.284815 0.271986 0.260138 0.249245 0.239176 0.229762 0.220856 0.212337 0.204102 0.196093 0.188274 0.180624 0.173142 0.165866 0.158762 0.151767 0.145033 0.13857 0.13238 0.126466 2.78745
# Age-structure at Ydeclare= 2013
 120.981 111.66 201.006 218.841 197.684 245.904 154.403 115.584 85.0901 63.999 108.823 249.824 79.0373 55.3046 106.711 56.8851 33.088 28.6977 29.5636 57.0493 72.6065 31.4243 23.4231 23.2068 24.4864 24.4689 24.1429 25.2967 32.3141 38.0032 23.3189 21.9847 19.5283 13.9373 10.5995 7.99376 7.87007 7.42771 6.32439 4.34395 3.91497 4.31996 5.44518 4.26745 3.18065 2.45734 1.89222 1.55186 1.28431 1.1032 1.03588 1.04592 1.0757 1.06355 0.989624 0.891938 0.804498 0.739039 0.698619 0.682644 0.688568 0.7121 0.743554 0.765553 0.759934 0.722179 0.664185 0.60277 0.547451 0.50128 0.464105 0.433938 0.409142 0.388263 0.370274 0.35437 0.339736 0.325728 0.311884 0.298093 0.284462 0.271257 0.258734 0.24708 0.236317 0.226422 0.217275 0.208723 0.200633 0.192894 0.185413 0.178138 0.171035 0.164085 0.157289 0.150679 0.144225 0.137871 0.131754 0.125882 2.76738
# Year for Tmin Age-structure (set to Ydecl by SS)
2013
#  recruitment and biomass
# Number of historical assessment years
129
# Historical data
# year recruitment spawner in B0 in R project in R/S project
1888  1889 1890 1891 1892 1893 1894 1895 1896 1897 1898 1899 1900 1901 1902 1903 1904 1905 1906 1907 1908 1909 1910 1911 1912 1913 1914 1915 1916 1917 1918 1919 1920 1921 1922 1923 1924 1925 1926 1927 1928 1929 1930 1931 1932 1933 1934 1935 1936 1937 1938 1939 1940 1941 1942 1943 1944 1945 1946 1947 1948 1949 1950 1951 1952 1953 1954 1955 1956 1957 1958 1959 1960 1961 1962 1963 1964 1965 1966 1967 1968 1969 1970 1971 1972 1973 1974 1975 1976 1977 1978 1979 1980 1981 1982 1983 1984 1985 1986 1987 1988 1989 1990 1991 1992 1993 1994 1995 1996 1997 1998 1999 2000 2001 2002 2003 2004 2005 2006 2007 2008 2009 2010 2011 2012 2013 2014 2015 2016 #years (with first value representing R0)
212.357 211.391 211.36 211.328 211.295 211.254 211.211 211.167 211.128 211.088 211.048 211.007 210.962 210.916 210.864 210.809 210.751 210.692 210.629 210.57 210.511 210.447 210.383 210.312 210.232 210.133 210.001 209.817 209.559 209.203 208.552 207.7 206.695 205.5 204.119 202.578 200.909 199.157 197.398 195.707 194.167 192.859 191.821 191.012 190.362 189.708 188.871 187.71 186.208 184.476 182.794 181.475 180.846 181.159 182.694 185.823 190.902 198.31 207.703 217.696 225.128 225.279 215.775 199.218 181.317 166.571 156.832 152.353 152.886 157.74 165.578 173.697 176.192 167.844 153.31 142.194 141.283 152.758 170.577 191.093 226.546 265.81 320.926 365.677 257.084 204.905 198.499 250.528 253.296 229.458 197.917 221.429 244.28 285.928 268.199 236.974 322.473 230.102 152.397 124.312 108.983 95.5782 80.4956 73.1769 89.5888 191.16 140.131 68.2767 62.6777 68.593 112.205 200.544 99.1153 135.146 407.755 169.618 95.305 121.118 157.323 201.03 306.329 235.652 249.655 219.455 116.671 120.981 124.374 140.456 162.927  #recruits; first value is R0 (virgin)
1090.77  1090.77 1090.76 1090.75 1090.72 1090.26 1089.8 1089.34 1089.18 1089.11 1089.02 1088.94 1088.83 1088.7 1088.55 1088.37 1088.16 1087.91 1087.65 1087.36 1087.05 1086.59 1086.23 1085.84 1085.43 1084.99 1084.54 1084.07 1083.5 1082.99 1082.3 1079.54 1078.36 1077.28 1076.25 1075.5 1074.65 1073.25 1071.47 1068.88 1065.55 1062.31 1059.51 1056.37 1054.24 1052.27 1050.3 1047.8 1045.28 1041.81 1038.63 1035.17 1032.38 1028.47 1023.08 1017.39 1007.21 996.4 980.395 965.748 958.934 951.433 945.677 939.188 931.167 924.392 919.404 913.35 907.601 901.703 894.484 887.736 881.779 876.707 873.28 869.077 866.586 865.498 854.883 851.811 847.265 842.572 829.44 821.288 809.981 795.51 780.136 762.877 745.827 725.979 706.318 673.925 639.57 613.441 579.351 524.484 495.737 473.812 446.455 423.928 396.048 371.526 341.39 320.289 283.88 251.415 220.635 204.033 187.858 170.455 150.493 144.18 134.264 136.915 138.737 145.828 153.124 160.874 168.709 177.011 184.875 193.283 201.713 210.883 220.646 230.907 242.165 254.169 266.603 #spbio; first value is SSB_virgin (virgin)
1 0 0 0 0 0 0 0 0 0 0 0 0 0 0 0 0 0 0 0 0 0 0 0 0 0 0 0 0 0 0 0 0 0 0 0 0 0 0 0 0 0 0 0 0 0 0 0 0 0 0 0 0 0 0 0 0 0 0 0 0 0 0 0 0 0 0 0 0 0 0 0 0 0 0 0 0 0 0 0 0 0 0 0 0 0 0 0 0 0 0 0 0 0 0 0 0 0 0 0 0 0 0 0 0 0 0 0 0 0 0 0 0 0 0 0 0 0 0 0 0 0 0 0 0 0 0 0 0  # in Bzero
0 1 1 1 1 1 1 1 1 1 1 1 1 1 1 1 1 1 1 1 1 1 1 1 1 1 1 1 1 1 1 1 1 1 1 1 1 1 1 1 1 1 1 1 1 1 1 1 1 1 1 1 1 1 1 1 1 1 1 1 1 1 1 1 1 1 1 1 1 1 1 1 1 1 1 1 1 1 1 1 1 1 1 1 1 1 1 1 1 1 1 1 1 1 1 1 1 1 1 1 1 1 1 1 1 1 1 1 1 1 1 1 1 1 1 1 1 1 1 1 1 1 1 1 1 1  0 0 0 # in R project
0 1 1 1 1 1 1 1 1 1 1 1 1 1 1 1 1 1 1 1 1 1 1 1 1 1 1 1 1 1 1 1 1 1 1 1 1 1 1 1 1 1 1 1 1 1 1 1 1 1 1 1 1 1 1 1 1 1 1 1 1 1 1 1 1 1 1 1 1 1 1 1 1 1 1 1 1 1 1 1 1 1 1 1 1 1 1 1 1 1 1 1 1 1 1 1 1 1 1 1 1 1 1 1 1 1 1 1 1 1 1 1 1 1 1 1 1 1 1 1 1 1 1 1 1 1  0 0 0 # in R/S project
# Number of years with pre-specified catches
0
# catches for years with pre-specified catches go next
# Number of future recruitments to override
-2
# Process for overiding (-1 for average otherwise index in data list)
# Which probability to product detailed results for (1=0.5; 2=0.6; etc.)
3
# Steepness sigma-R Auto-correlation
0.718 0.5 0
# Target SPR rate (FMSY Proxy); manually change to SPR_MSY if not using SPR_target
0.5
# Discount rate (for cumulative catch)
0.1
# Truncate the series when 0.4B0 is reached (1=Yes)
0
# Set F to FMSY once 0.4B0 is reached (1=Yes)
0
# Maximum possible F for projection (-1 to set to FMSY)
-1
# Defintion of recovery (1=now only;2=now or before)
2
# Projection type
4
# Definition of the 40-10 rule
10 40
# Sigma Assessment Error (Base, Year1, Slope, MaxSigma)
1.0 2017 0.075 2.0
# Pstar
0.45
# Constrain catches by the ABC (1=yes, 2=no)
2
# Implementation Error (0=no; 1=lognormal; 2=uniform)
0
#Parameters of Implementaion Error
1 0.3
# Calculate coefficients of variation (1=Yes)
0
# Number of replicates to use
10
# Random number seed
-99004
# File with multiple parameter vectors 
rebuild.SSO
# User-specific projection (1=Yes); Output replaced (1->9)
0  5
# Catches and Fs (Year; 1/2/3 (F or C or SPR); value); Final row is -1
2016 1 1
-1 -1 -1
# Fixed catch project (1=Yes); Output replaced (1->9); Approach (-1=Read in else 1-9)
0 2 -1
# (48a) Special catch options (1-Yes) [CUT_OFF, Emsy, distribution, MAXCAT, Add, replace_code]
0 0.18 1.00 1.00 0 6
# (48b) B1Target
150000
# Split of Fs
2011  0.000491005
 0
 0.192226
 0.009986
 0.228621
 0.268239
 0.300437
-1  1 1 1 1 1 1 1 1 1 1 1 1
# Yrs to define T_target for projection type 4 (a.k.a. 5 pre-specified inputs)
2022 2023 2024 2025 2026 
# Year for probability of recovery
2026 2027 2028 2029 2030 2031 2032 2033
# Time varying weight-at-age (1=Yes;0=No)
0
# File with time series of weight-at-age data
none
# Use bisection (0) or linear interpolation (1)
1
# Target Depletion
0.4
# CV of implementation error
0
