#Title, #runnumber: 1 yelloweye_data.ss yelloweye_control.ss 5956.01 1108.68 350.285 StartTime: Sun Apr 27 23:43:02 2025
SSv3_default_rebuild.dat
# Number of sexes
1
# Age range to consider (minimum age; maximum age)
0 100
# Number of fleets
7
# First year of projection (Yinit)
2011
# First Year of rebuilding period (Ydecl)
2013
# Number of simulations
1000
# Maximum number of years
500
# Conduct projections with multiple starting values (0=No;else yes)
0
# Number of parameter vectors
1000
# Is the maximum age a plus-group (1=Yes;2=No)
1
# Generate future recruitments using historical recruitments (1)  historical recruits/spawner (2)  or a stock-recruitment (3)
3
# Constant fishing mortality (1) or constant Catch (2) projections
1
# Fishing mortality based on SPR (1) or actual rate (2)
1
# Pre-specify the year of recovery (or -1) to ignore
-1
# Fecundity-at-age
# 0 1 2 3 4 5 6 7 8 9 10 11 12 13 14 15 16 17 18 19 20 21 22 23 24 25 26 27 28 29 30 31 32 33 34 35 36 37 38 39 40 41 42 43 44 45 46 47 48 49 50 51 52 53 54 55 56 57 58 59 60 61 62 63 64 65 66 67 68 69 70 71 72 73 74 75 76 77 78 79 80 81 82 83 84 85 86 87 88 89 90 91 92 93 94 95 96 97 98 99 100 #runnumber: 1 yelloweye_data.ss yelloweye_control.ss 5956.01 1108.68 350.285
 0 0 9.50865e-09 1.37758e-07 1.34859e-06 9.9643e-06 5.8923e-05 0.000287242 0.00116241 0.00387968 0.0106486 0.0243039 0.0471839 0.0800671 0.121931 0.170525 0.223223 0.27768 0.332144 0.385484 0.437064 0.486597 0.533997 0.579292 0.622553 0.663869 0.703322 0.740987 0.776928 0.811203 0.843863 0.874955 0.904525 0.932619 0.959282 0.98456 1.0085 1.03115 1.05257 1.07279 1.09187 1.10986 1.12681 1.14276 1.15777 1.17188 1.18514 1.19759 1.20928 1.22024 1.23052 1.24015 1.24918 1.25764 1.26555 1.27296 1.2799 1.28638 1.29245 1.29812 1.30342 1.30837 1.313 1.31732 1.32136 1.32513 1.32866 1.33194 1.33501 1.33788 1.34055 1.34309 1.34545 1.34766 1.34972 1.35164 1.35343 1.3551 1.35666 1.35812 1.35947 1.36074 1.36192 1.36302 1.36404 1.365 1.36589 1.36672 1.3675 1.36822 1.36889 1.36952 1.3701 1.37065 1.37116 1.37163 1.37207 1.37249 1.37287 1.37323 1.37377 #female fecundity; weighted by N in year Y_init across morphs and areas
# Age specific selectivity and weight adjusted for discard and discard mortality
 #wt and selex for gender,fleet: 1 1 1_CA_TWL
 0.00926628 0.0129067 0.0409752 0.0868579 0.151659 0.233961 0.331269 0.440779 0.559767 0.685783 0.816759 0.951157 1.08811 1.22736 1.36897 1.51292 1.65884 1.80597 1.95329 2.09971 2.24416 2.38576 2.52378 2.65766 2.78701 2.91155 3.0311 3.14556 3.25491 3.35917 3.45838 3.55264 3.64207 3.72679 3.80695 3.88272 3.95426 4.02174 4.08533 4.14521 4.20156 4.25454 4.30432 4.35108 4.39496 4.43613 4.47474 4.51092 4.54482 4.57657 4.60629 4.63411 4.66014 4.68448 4.70725 4.72853 4.74843 4.76702 4.78439 4.80062 4.81577 4.82992 4.84314 4.85548 4.86699 4.87774 4.88777 4.89714 4.90587 4.91402 4.92167 4.92885 4.93554 4.94179 4.94761 4.95304 4.95811 4.96283 4.96724 4.97135 4.97518 4.97875 4.98208 4.98518 4.98807 4.99077 4.99329 4.99563 4.99782 4.99985 5.00175 5.00352 5.00517 5.00671 5.00815 5.00948 5.01073 5.01189 5.01297 5.01398 5.0155
 0 0.00106451 0.00353286 0.0119996 0.0324351 0.0721457 0.136528 0.226187 0.335999 0.456488 0.576528 0.686127 0.778447 0.850631 0.903385 0.939712 0.963488 0.978407 0.987458 0.992806 0.995906 0.997678 0.998682 0.999249 0.999569 0.999751 0.999854 0.999913 0.999947 0.999968 0.999979 0.999987 0.999991 0.999994 0.999995 0.999996 0.999997 0.999997 0.999998 0.999998 0.999998 0.999998 0.999998 0.999998 0.999998 0.999998 0.999998 0.999998 0.999998 0.999998 0.999998 0.999998 0.999998 0.999998 0.999998 0.999998 0.999998 0.999998 0.999998 0.999998 0.999998 0.999998 0.999998 0.999998 0.999998 0.999998 0.999998 0.999998 0.999998 0.999998 0.999998 0.999998 0.999998 0.999998 0.999998 0.999998 0.999998 0.999998 0.999998 0.999998 0.999998 0.999998 0.999997 0.999997 0.999997 0.999997 0.999997 0.999997 0.999997 0.999997 0.999997 0.999997 0.999997 0.999997 0.999997 0.999997 0.999997 0.999997 0.999997 0.999997 0.999997
 #wt and selex for gender,fleet: 1 3 3_CA_REC
 0.00926607 0.0128072 0.0392147 0.0829785 0.144913 0.223829 0.317519 0.423435 0.53905 0.662076 0.79067 0.923683 1.0607 1.20167 1.34644 1.49438 1.64445 1.79536 1.94581 2.09461 2.24079 2.38357 2.52238 2.65678 2.78645 2.9112 3.03087 3.14542 3.25482 3.35911 3.45834 3.55262 3.64205 3.72678 3.80695 3.88272 3.95426 4.02174 4.08533 4.14521 4.20156 4.25454 4.30432 4.35108 4.39496 4.43613 4.47474 4.51092 4.54482 4.57657 4.60629 4.63411 4.66014 4.68448 4.70725 4.72853 4.74843 4.76702 4.78439 4.80062 4.81577 4.82993 4.84314 4.85548 4.86699 4.87774 4.88777 4.89714 4.90587 4.91402 4.92167 4.92885 4.93554 4.94179 4.94761 4.95304 4.95811 4.96283 4.96724 4.97135 4.97518 4.97875 4.98208 4.98518 4.98808 4.99077 4.99329 4.99563 4.99782 4.99986 5.00175 5.00352 5.00517 5.00671 5.00815 5.00948 5.01073 5.01189 5.01297 5.01398 5.0155
 0 0.00467373 0.0127881 0.0346328 0.077385 0.146796 0.243165 0.360309 0.48729 0.611628 0.722486 0.812902 0.880659 0.927613 0.957967 0.97646 0.987189 0.993177 0.996421 0.99814 0.999037 0.999501 0.999741 0.999864 0.999928 0.999961 0.999979 0.999988 0.999993 0.999996 0.999998 0.999998 0.999999 0.999999 0.999999 0.999999 0.999999 0.999999 0.999999 0.999999 0.999999 0.999999 0.999999 0.999999 0.999999 0.999999 0.999999 0.999999 0.999999 0.999999 0.999999 0.999999 0.999999 0.999999 0.999999 0.999999 0.999999 0.999999 0.999999 0.999999 0.999999 0.999999 0.999999 0.999999 0.999999 0.999999 0.999999 0.999999 0.999999 0.999999 0.999999 0.999999 0.999999 0.999999 0.999999 0.999999 0.999999 0.999999 0.999999 0.999999 0.999999 0.999999 0.999999 0.999999 0.999999 0.999999 0.999999 0.999999 0.999999 0.999999 0.999999 0.999999 0.999999 0.999999 0.999999 0.999999 0.999999 0.999999 0.999999 0.999999 0.999999
 #wt and selex for gender,fleet: 1 4 4_ORWA_TWL
 0.00926576 0.0126589 0.0363438 0.0771315 0.135865 0.212092 0.30435 0.41064 0.528747 0.656452 0.791648 0.932408 1.07703 1.22408 1.37244 1.52126 1.66992 1.8179 1.9647 2.10978 2.25256 2.39247 2.52897 2.66159 2.78993 2.91369 3.03266 3.1467 3.25574 3.35977 3.45882 3.55297 3.64231 3.72697 3.80709 3.88283 3.95434 4.0218 4.08538 4.14525 4.20159 4.25456 4.30435 4.3511 4.39498 4.43614 4.47475 4.51093 4.54483 4.57657 4.6063 4.63411 4.66014 4.68449 4.70725 4.72854 4.74843 4.76702 4.78439 4.80062 4.81577 4.82993 4.84314 4.85548 4.86699 4.87774 4.88778 4.89714 4.90587 4.91402 4.92167 4.92885 4.93554 4.94179 4.94761 4.95304 4.95811 4.96283 4.96724 4.97135 4.97518 4.97875 4.98208 4.98518 4.98808 4.99077 4.99329 4.99563 4.99782 4.99986 5.00175 5.00352 5.00517 5.00671 5.00815 5.00948 5.01073 5.01189 5.01297 5.01398 5.0155
 0 0.0173097 0.0347427 0.0654487 0.110916 0.171675 0.246096 0.330711 0.420957 0.512016 0.599516 0.679979 0.751013 0.811333 0.860659 0.89955 0.929167 0.951011 0.966666 0.977613 0.985111 0.990162 0.993523 0.99574 0.997193 0.998143 0.998765 0.999172 0.99944 0.999617 0.999736 0.999815 0.999869 0.999906 0.999931 0.999949 0.999962 0.999971 0.999977 0.999982 0.999986 0.999988 0.99999 0.999992 0.999993 0.999994 0.999994 0.999995 0.999995 0.999996 0.999996 0.999996 0.999996 0.999996 0.999997 0.999997 0.999997 0.999997 0.999997 0.999997 0.999997 0.999997 0.999997 0.999997 0.999997 0.999997 0.999997 0.999997 0.999997 0.999997 0.999997 0.999997 0.999997 0.999997 0.999997 0.999997 0.999997 0.999997 0.999997 0.999997 0.999997 0.999997 0.999997 0.999997 0.999997 0.999997 0.999997 0.999997 0.999997 0.999997 0.999997 0.999997 0.999997 0.999997 0.999997 0.999997 0.999997 0.999997 0.999997 0.999997 0.999997
 #wt and selex for gender,fleet: 1 5 5_ORWA_NONTWL
 0.00926609 0.0128161 0.0395432 0.0843916 0.1487 0.231688 0.331366 0.445222 0.570612 0.704997 0.846061 0.991757 1.14032 1.29023 1.44026 1.58939 1.73686 1.88215 2.02489 2.16483 2.30181 2.43563 2.56613 2.69309 2.81631 2.93556 3.05066 3.16143 3.26776 3.36956 3.4668 3.55948 3.64764 3.73135 3.8107 3.88582 3.95684 4.0239 4.08715 4.14676 4.20288 4.25568 4.30531 4.35194 4.39572 4.4368 4.47533 4.51145 4.5453 4.577 4.60668 4.63447 4.66047 4.68479 4.70753 4.7288 4.74868 4.76725 4.78461 4.80083 4.81597 4.83012 4.84332 4.85565 4.86716 4.8779 4.88793 4.89729 4.90602 4.91416 4.92181 4.92898 4.93568 4.94192 4.94774 4.95317 4.95824 4.96296 4.96736 4.97147 4.9753 4.97887 4.9822 4.9853 4.98819 4.99089 4.99341 4.99575 4.99793 4.99997 5.00187 5.00364 5.00529 5.00683 5.00826 5.0096 5.01084 5.012 5.01308 5.01409 5.01561
 0 0.000764541 0.00214552 0.0061741 0.015042 0.0316829 0.0589817 0.0989472 0.152093 0.217247 0.291796 0.37222 0.454694 0.535622 0.612004 0.68163 0.74313 0.795918 0.840068 0.876144 0.905023 0.927734 0.945329 0.958796 0.969003 0.976685 0.982437 0.986732 0.989935 0.992325 0.994111 0.99545 0.996458 0.997221 0.997801 0.998244 0.998586 0.998851 0.999058 0.999221 0.999349 0.999452 0.999535 0.999602 0.999656 0.999701 0.999738 0.999768 0.999794 0.999816 0.999834 0.999849 0.999863 0.999874 0.999884 0.999893 0.9999 0.999907 0.999912 0.999917 0.999922 0.999926 0.999929 0.999933 0.999935 0.999938 0.99994 0.999942 0.999944 0.999946 0.999947 0.999948 0.999949 0.99995 0.999951 0.999951 0.999952 0.999953 0.999953 0.999954 0.999954 0.999955 0.999955 0.999956 0.999956 0.999956 0.999957 0.999957 0.999957 0.999957 0.999958 0.999958 0.999958 0.999958 0.999958 0.999958 0.999959 0.999959 0.999959 0.999959 0.999959
 #wt and selex for gender,fleet: 1 6 6_OR_REC
 0.00926809 0.0137345 0.0503382 0.104125 0.176215 0.262627 0.359102 0.462013 0.568897 0.679185 0.794367 0.916745 1.04777 1.18721 1.33344 1.48416 1.63712 1.79042 1.94259 2.09254 2.23943 2.38263 2.52166 2.65618 2.7859 2.91066 3.03033 3.14486 3.25423 3.35849 3.4577 3.55195 3.64135 3.72605 3.8062 3.88195 3.95347 4.02092 4.0845 4.14436 4.20069 4.25366 4.30343 4.35017 4.39404 4.4352 4.47379 4.50996 4.54385 4.57559 4.60531 4.63312 4.65914 4.68348 4.70624 4.72752 4.74741 4.76599 4.78336 4.79958 4.81473 4.82888 4.84209 4.85442 4.86594 4.87668 4.88671 4.89607 4.9048 4.91295 4.9206 4.92777 4.93446 4.94071 4.94653 4.95196 4.95702 4.96174 4.96615 4.97025 4.97408 4.97765 4.98098 4.98408 4.98697 4.98967 4.99218 4.99453 4.99671 4.99875 5.00065 5.00241 5.00406 5.0056 5.00703 5.00837 5.00961 5.01077 5.01186 5.01286 5.01438
 0 2.39454e-05 0.000261539 0.00261284 0.0150511 0.0556905 0.145496 0.289771 0.467543 0.642212 0.783543 0.880682 0.939136 0.970794 0.986587 0.993975 0.997249 0.998621 0.999147 0.999304 0.999303 0.999235 0.999138 0.99903 0.998917 0.998803 0.998691 0.998581 0.998474 0.998371 0.998272 0.998176 0.998085 0.997997 0.997914 0.997835 0.99776 0.997689 0.997622 0.997558 0.997498 0.997441 0.997388 0.997337 0.99729 0.997246 0.997204 0.997164 0.997128 0.997093 0.997061 0.99703 0.997002 0.996975 0.996951 0.996927 0.996905 0.996885 0.996866 0.996848 0.996832 0.996816 0.996802 0.996788 0.996775 0.996763 0.996752 0.996742 0.996732 0.996724 0.996715 0.996707 0.9967 0.996693 0.996686 0.99668 0.996675 0.99667 0.996665 0.99666 0.996656 0.996652 0.996648 0.996645 0.996642 0.996639 0.996636 0.996633 0.996631 0.996629 0.996626 0.996625 0.996623 0.996621 0.996619 0.996618 0.996617 0.996615 0.996614 0.996613 0.996611
 #wt and selex for gender,fleet: 1 7 7_WA_REC
 0.00926744 0.0134449 0.0481311 0.101732 0.176201 0.268738 0.375571 0.492956 0.617605 0.746821 0.878517 1.01127 1.14443 1.2781 1.41286 1.54932 1.6878 1.82812 1.96964 2.11139 2.2523 2.39131 2.5275 2.66013 2.78864 2.91261 3.0318 3.14602 3.25522 3.35937 3.45851 3.55273 3.64213 3.72683 3.80698 3.88274 3.95428 4.02175 4.08534 4.14522 4.20156 4.25454 4.30433 4.35108 4.39497 4.43614 4.47474 4.51092 4.54482 4.57657 4.60629 4.63411 4.66014 4.68448 4.70725 4.72853 4.74843 4.76702 4.78439 4.80062 4.81577 4.82993 4.84314 4.85548 4.86699 4.87774 4.88777 4.89714 4.90587 4.91402 4.92167 4.92885 4.93554 4.94179 4.94761 4.95304 4.95811 4.96283 4.96724 4.97135 4.97518 4.97875 4.98208 4.98518 4.98808 4.99077 4.99329 4.99563 4.99782 4.99986 5.00175 5.00352 5.00517 5.00671 5.00815 5.00948 5.01073 5.01189 5.01297 5.01398 5.0155
 0 8.26481e-06 6.45088e-05 0.000524612 0.00284397 0.0109707 0.0320321 0.0746137 0.144798 0.242484 0.36048 0.486762 0.608418 0.7153 0.801941 0.867468 0.914199 0.945939 0.966657 0.979762 0.987852 0.992756 0.995692 0.997437 0.998469 0.99908 0.999442 0.999659 0.999788 0.999867 0.999915 0.999945 0.999964 0.999976 0.999984 0.999989 0.999992 0.999994 0.999996 0.999997 0.999997 0.999998 0.999998 0.999999 0.999999 0.999999 0.999999 0.999999 0.999999 0.999999 0.999999 0.999999 0.999999 0.999999 0.999999 0.999999 0.999999 0.999999 0.999999 0.999999 0.999999 0.999999 0.999999 0.999999 0.999999 0.999999 0.999999 0.999999 0.999999 0.999999 0.999999 0.999999 0.999999 0.999999 0.999999 0.999999 0.999999 0.999999 0.999999 0.999999 0.999999 0.999999 0.999999 0.999999 0.999999 0.999999 0.999999 0.999999 0.999999 0.999999 0.999999 0.999999 0.999999 0.999999 0.999999 0.999999 0.999999 0.999999 0.999999 0.999999 0.999999
# Sex ratio correction
1
# M and current age-structure in year Yinit: 2011
 # gender = 1
 0.0439034 0.0439034 0.0439034 0.0439034 0.0439034 0.0439034 0.0439034 0.0439034 0.0439034 0.0439034 0.0439034 0.0439034 0.0439034 0.0439034 0.0439034 0.0439034 0.0439034 0.0439034 0.0439034 0.0439034 0.0439034 0.0439034 0.0439034 0.0439034 0.0439034 0.0439034 0.0439034 0.0439034 0.0439034 0.0439034 0.0439034 0.0439034 0.0439034 0.0439034 0.0439034 0.0439034 0.0439034 0.0439034 0.0439034 0.0439034 0.0439034 0.0439034 0.0439034 0.0439034 0.0439034 0.0439034 0.0439034 0.0439034 0.0439034 0.0439034 0.0439034 0.0439034 0.0439034 0.0439034 0.0439034 0.0439034 0.0439034 0.0439034 0.0439034 0.0439034 0.0439034 0.0439034 0.0439034 0.0439034 0.0439034 0.0439034 0.0439034 0.0439034 0.0439034 0.0439034 0.0439034 0.0439034 0.0439034 0.0439034 0.0439034 0.0439034 0.0439034 0.0439034 0.0439034 0.0439034 0.0439034 0.0439034 0.0439034 0.0439034 0.0439034 0.0439034 0.0439034 0.0439034 0.0439034 0.0439034 0.0439034 0.0439034 0.0439034 0.0439034 0.0439034 0.0439034 0.0439034 0.0439034 0.0439034 0.0439034 0.0439034
 216.346 252.537 262.734 272.902 188.942 172.604 101.651 66.4863 92.2726 167.862 65.3769 54.3327 97.3108 49.8199 32.6615 26.9232 26.6828 42.4526 53.0551 32.676 24.2725 22.5737 22.4305 22.8956 24.7137 25.9501 31.7294 32.797 21.4739 19.4238 18.22 15.6204 10.9922 7.47904 7.43925 6.9375 6.20582 4.41237 3.68447 3.98094 5.13998 4.30336 3.27059 2.68133 2.07135 1.72454 1.43711 1.22246 1.13482 1.13779 1.16608 1.14687 1.05595 0.941835 0.844978 0.77559 0.734063 0.718209 0.724845 0.749788 0.783746 0.809384 0.807423 0.771459 0.712678 0.648858 0.590631 0.541674 0.502061 0.469813 0.443257 0.420884 0.401605 0.384552 0.368846 0.35381 0.338972 0.324236 0.309722 0.2957 0.282421 0.270062 0.258629 0.248083 0.238295 0.2291 0.220358 0.211959 0.203807 0.195851 0.188059 0.180413 0.172921 0.165623 0.15849 0.15146 0.144688 0.138187 0.131963 0.126019 2.75691
# Age-structure at Ydeclare= 2013
 413.021 153.062 198.158 231.302 240.63 249.91 172.977 157.943 92.9451 60.731 84.1879 152.974 59.5146 49.4149 88.4359 45.2495 29.6518 24.4342 24.2102 38.512 48.1245 29.6367 22.0135 20.4718 20.3412 20.7622 22.4101 23.5303 28.7694 29.7357 19.4684 17.6087 16.5163 14.1589 9.96318 6.77852 6.74213 6.28712 5.62379 3.99838 3.33863 3.60712 4.65713 3.89894 2.96311 2.42916 1.87648 1.56225 1.30183 1.10736 1.02796 1.03063 1.05624 1.03883 0.956464 0.853095 0.76536 0.702507 0.66489 0.650528 0.656537 0.679128 0.709884 0.733104 0.731326 0.69875 0.645506 0.587701 0.534961 0.490617 0.454737 0.425528 0.401475 0.38121 0.363749 0.348302 0.334076 0.320458 0.307018 0.293672 0.280526 0.267825 0.255798 0.244605 0.234249 0.224698 0.215833 0.207504 0.199587 0.19198 0.184596 0.17739 0.170332 0.163407 0.156622 0.150012 0.143551 0.137184 0.13105 0.125162 2.73074
# Year for Tmin Age-structure (set to Ydecl by SS)
2013
#  recruitment and biomass
# Number of historical assessment years
137
# Historical data
# year recruitment spawner in B0 in R project in R/S project
1888  1889 1890 1891 1892 1893 1894 1895 1896 1897 1898 1899 1900 1901 1902 1903 1904 1905 1906 1907 1908 1909 1910 1911 1912 1913 1914 1915 1916 1917 1918 1919 1920 1921 1922 1923 1924 1925 1926 1927 1928 1929 1930 1931 1932 1933 1934 1935 1936 1937 1938 1939 1940 1941 1942 1943 1944 1945 1946 1947 1948 1949 1950 1951 1952 1953 1954 1955 1956 1957 1958 1959 1960 1961 1962 1963 1964 1965 1966 1967 1968 1969 1970 1971 1972 1973 1974 1975 1976 1977 1978 1979 1980 1981 1982 1983 1984 1985 1986 1987 1988 1989 1990 1991 1992 1993 1994 1995 1996 1997 1998 1999 2000 2001 2002 2003 2004 2005 2006 2007 2008 2009 2010 2011 2012 2013 2014 2015 2016 2017 2018 2019 2020 2021 2022 2023 2024 #years (with first value representing R0)
218.74 219.522 219.548 219.575 219.603 219.624 219.645 219.666 219.695 219.725 219.756 219.788 219.82 219.853 219.885 219.915 219.944 219.976 220.007 220.045 220.085 220.125 220.168 220.209 220.244 220.262 220.251 220.186 220.043 219.795 219.231 218.456 217.518 216.375 215.028 213.501 211.828 210.053 208.251 206.496 204.872 203.464 202.313 201.383 200.613 199.842 198.894 197.626 196.012 194.159 192.348 190.907 190.191 190.469 192.035 195.262 200.494 208.078 217.591 227.481 234.354 233.397 222.589 205.021 186.533 171.466 161.511 156.886 157.482 162.921 172.333 183.202 188.459 181.233 166.947 156.834 158.654 174.479 195.006 216.958 258.505 288.11 343.63 368.832 254.431 207.881 217.871 265.911 255.821 234.145 199.297 246.103 291.852 282.55 249.016 227.133 286.51 229.745 156.865 125.934 99.5252 84.3058 74.4689 71.3494 86.8854 129.413 96.1517 56.6358 53.9252 61.9999 89.891 167.165 88.964 102.115 250.295 131.434 90.5269 132.367 215.028 225.234 311.329 286.849 263.872 216.346 159.931 413.021 226.737 183.056 217.526 153.245 146.003 145.542 154.362 160.7 165.92 172.503 177.747  #recruits; first value is R0 (virgin)
1108.68  1108.68 1108.67 1108.66 1108.63 1108.16 1107.71 1107.24 1107.09 1107.02 1106.94 1106.86 1106.77 1106.67 1106.56 1106.44 1106.31 1106.17 1106.04 1105.89 1105.74 1105.47 1105.3 1105.12 1104.94 1104.75 1104.55 1104.34 1104.04 1103.82 1103.42 1100.97 1100.09 1099.33 1098.63 1098.21 1097.71 1096.65 1095.24 1093.02 1090.08 1087.22 1084.82 1082.08 1080.36 1078.81 1077.25 1075.17 1073.08 1070.02 1067.24 1064.18 1061.77 1058.23 1053.2 1047.85 1038.02 1027.56 1011.94 997.594 990.995 983.455 977.717 971.333 963.414 956.62 951.656 945.546 939.789 933.89 926.712 919.983 914.085 909.11 905.819 901.753 899.248 898.115 887.459 884.027 879.034 873.917 859.952 850.815 838.731 823.72 807.563 789.869 772.742 753.044 733.77 702.116 668.537 643.277 610.218 554.794 507.235 479.651 442.589 412.972 385.215 361.476 331.688 310.502 275.543 243.98 213.846 197.653 181.314 163.546 143.108 136.651 126.043 127.279 127.979 133.761 139.743 145.921 152.042 158.414 164.246 170.429 176.553 183.401 190.501 197.818 205.886 214.756 223.979 234.305 244.637 256.306 268.889 283.437 299.15 314.834 330.969 #spbio; first value is SSB_virgin (virgin)
1 0 0 0 0 0 0 0 0 0 0 0 0 0 0 0 0 0 0 0 0 0 0 0 0 0 0 0 0 0 0 0 0 0 0 0 0 0 0 0 0 0 0 0 0 0 0 0 0 0 0 0 0 0 0 0 0 0 0 0 0 0 0 0 0 0 0 0 0 0 0 0 0 0 0 0 0 0 0 0 0 0 0 0 0 0 0 0 0 0 0 0 0 0 0 0 0 0 0 0 0 0 0 0 0 0 0 0 0 0 0 0 0 0 0 0 0 0 0 0 0 0 0 0 0 0 0 0 0 0 0 0 0 0 0 0 0  # in Bzero
0 1 1 1 1 1 1 1 1 1 1 1 1 1 1 1 1 1 1 1 1 1 1 1 1 1 1 1 1 1 1 1 1 1 1 1 1 1 1 1 1 1 1 1 1 1 1 1 1 1 1 1 1 1 1 1 1 1 1 1 1 1 1 1 1 1 1 1 1 1 1 1 1 1 1 1 1 1 1 1 1 1 1 1 1 1 1 1 1 1 1 1 1 1 1 1 1 1 1 1 1 1 1 1 1 1 1 1 1 1 1 1 1 1 1 1 1 1 1 1 1 1 1 1 1 1 1 1 1 1 1 1 1 1  0 0 0 # in R project
0 1 1 1 1 1 1 1 1 1 1 1 1 1 1 1 1 1 1 1 1 1 1 1 1 1 1 1 1 1 1 1 1 1 1 1 1 1 1 1 1 1 1 1 1 1 1 1 1 1 1 1 1 1 1 1 1 1 1 1 1 1 1 1 1 1 1 1 1 1 1 1 1 1 1 1 1 1 1 1 1 1 1 1 1 1 1 1 1 1 1 1 1 1 1 1 1 1 1 1 1 1 1 1 1 1 1 1 1 1 1 1 1 1 1 1 1 1 1 1 1 1 1 1 1 1 1 1 1 1 1 1 1 1  0 0 0 # in R/S project
# Number of years with pre-specified catches
0
# catches for years with pre-specified catches go next
# Number of future recruitments to override
-2
# Process for overiding (-1 for average otherwise index in data list)
# Which probability to product detailed results for (1=0.5; 2=0.6; etc.)
3
# Steepness sigma-R Auto-correlation
0.718 0.5 0
# Target SPR rate (FMSY Proxy); manually change to SPR_MSY if not using SPR_target
0.5
# Discount rate (for cumulative catch)
0.1
# Truncate the series when 0.4B0 is reached (1=Yes)
0
# Set F to FMSY once 0.4B0 is reached (1=Yes)
0
# Maximum possible F for projection (-1 to set to FMSY)
-1
# Defintion of recovery (1=now only;2=now or before)
2
# Projection type
4
# Definition of the 40-10 rule
10 40
# Sigma Assessment Error (Base, Year1, Slope, MaxSigma)
1.0 2025 0.075 2.0
# Pstar
0.45
# Constrain catches by the ABC (1=yes, 2=no)
2
# Implementation Error (0=no; 1=lognormal; 2=uniform)
0
#Parameters of Implementaion Error
1 0.3
# Calculate coefficients of variation (1=Yes)
0
# Number of replicates to use
10
# Random number seed
-99004
# File with multiple parameter vectors 
rebuild.SSO
# User-specific projection (1=Yes); Output replaced (1->9)
0  5
# Catches and Fs (Year; 1/2/3 (F or C or SPR); value); Final row is -1
2024 1 1
-1 -1 -1
# Fixed catch project (1=Yes); Output replaced (1->9); Approach (-1=Read in else 1-9)
0 2 -1
# (48a) Special catch options (1-Yes) [CUT_OFF, Emsy, distribution, MAXCAT, Add, replace_code]
0 0.18 1.00 1.00 0 6
# (48b) B1Target
150000
# Split of Fs
2011  0.0164605
 0
 0.388525
 0.024374
 0.19338
 0.19391
 0.18335
-1  1 1 1 1 1 1 1 1 1 1 1 1
# Yrs to define T_target for projection type 4 (a.k.a. 5 pre-specified inputs)
2030 2031 2032 2033 2034 
# Year for probability of recovery
2034 2035 2036 2037 2038 2039 2040 2041
# Time varying weight-at-age (1=Yes;0=No)
0
# File with time series of weight-at-age data
none
# Use bisection (0) or linear interpolation (1)
1
# Target Depletion
0.4
# CV of implementation error
0
