#Title, #runnumber: 1 yelloweye_data.ss yelloweye_control.ss 4559.03 1153.31 499.468 StartTime: Thu Apr 24 07:38:34 2025
SSv3_default_rebuild.dat
# Number of sexes
1
# Age range to consider (minimum age; maximum age)
0 100
# Number of fleets
7
# First year of projection (Yinit)
2011
# First Year of rebuilding period (Ydecl)
2013
# Number of simulations
1000
# Maximum number of years
500
# Conduct projections with multiple starting values (0=No;else yes)
0
# Number of parameter vectors
1000
# Is the maximum age a plus-group (1=Yes;2=No)
1
# Generate future recruitments using historical recruitments (1)  historical recruits/spawner (2)  or a stock-recruitment (3)
3
# Constant fishing mortality (1) or constant Catch (2) projections
1
# Fishing mortality based on SPR (1) or actual rate (2)
1
# Pre-specify the year of recovery (or -1) to ignore
-1
# Fecundity-at-age
# 0 1 2 3 4 5 6 7 8 9 10 11 12 13 14 15 16 17 18 19 20 21 22 23 24 25 26 27 28 29 30 31 32 33 34 35 36 37 38 39 40 41 42 43 44 45 46 47 48 49 50 51 52 53 54 55 56 57 58 59 60 61 62 63 64 65 66 67 68 69 70 71 72 73 74 75 76 77 78 79 80 81 82 83 84 85 86 87 88 89 90 91 92 93 94 95 96 97 98 99 100 #runnumber: 1 yelloweye_data.ss yelloweye_control.ss 4559.03 1153.31 499.468
 0 0 7.59663e-08 8.24709e-07 6.63311e-06 4.19864e-05 0.000214241 0.000881171 0.00291408 0.00784096 0.0176001 0.0339499 0.0578943 0.089433 0.12768 0.171198 0.21836 0.267636 0.317746 0.367719 0.416877 0.464784 0.511186 0.555953 0.599039 0.640444 0.680195 0.718331 0.754894 0.789927 0.823473 0.855572 0.886263 0.915583 0.94357 0.97026 0.995693 1.01991 1.04294 1.06483 1.08562 1.10534 1.12405 1.14177 1.15856 1.17444 1.18947 1.20367 1.21708 1.22975 1.24171 1.25299 1.26362 1.27365 1.2831 1.292 1.30038 1.30827 1.31569 1.32268 1.32925 1.33543 1.34124 1.3467 1.35183 1.35665 1.36118 1.36544 1.36944 1.37319 1.37671 1.38011 1.38331 1.3863 1.38911 1.39175 1.39423 1.39655 1.39873 1.40078 1.4027 1.4045 1.40618 1.40777 1.40925 1.41064 1.41195 1.41318 1.41432 1.4154 1.41641 1.41736 1.41825 1.41908 1.41986 1.42059 1.42128 1.42192 1.42252 1.42309 1.42397 #female fecundity; weighted by N in year Y_init across morphs and areas
# Age specific selectivity and weight adjusted for discard and discard mortality
 #wt and selex for gender,fleet: 1 1 1_CA_TWL
 0.0102843 0.0335285 0.0775477 0.140193 0.220164 0.314446 0.419794 0.533274 0.65244 0.775361 0.900605 1.02722 1.15468 1.2828 1.41161 1.54119 1.67159 1.80269 1.93425 2.06585 2.19697 2.32703 2.45542 2.58156 2.70494 2.82511 2.94172 3.05449 3.16323 3.2678 3.36814 3.46423 3.55607 3.64372 3.72726 3.80676 3.88235 3.95414 4.02226 4.08683 4.148 4.2059 4.26066 4.31244 4.36135 4.40753 4.45112 4.49224 4.53101 4.56755 4.60198 4.63441 4.66495 4.69369 4.72074 4.74618 4.77011 4.79261 4.81376 4.83365 4.85233 4.86988 4.88638 4.90186 4.91641 4.93007 4.94289 4.95493 4.96623 4.97684 4.98689 4.99643 5.00537 5.01377 5.02164 5.02903 5.03596 5.04246 5.04855 5.05427 5.05963 5.06466 5.06938 5.0738 5.07795 5.08183 5.08548 5.0889 5.0921 5.0951 5.09792 5.10056 5.10304 5.10536 5.10753 5.10957 5.11148 5.11327 5.11495 5.11653 5.119
 0 0.0012092 0.00428351 0.0125123 0.0300791 0.0614181 0.109631 0.175271 0.256022 0.347276 0.443224 0.538028 0.626753 0.70592 0.773643 0.829459 0.873975 0.908467 0.934523 0.953777 0.967734 0.977686 0.984684 0.989548 0.992897 0.995184 0.996739 0.99779 0.9985 0.998979 0.999302 0.99952 0.999668 0.999768 0.999837 0.999884 0.999917 0.99994 0.999956 0.999967 0.999975 0.999981 0.999985 0.999988 0.99999 0.999992 0.999993 0.999994 0.999994 0.999995 0.999995 0.999996 0.999996 0.999996 0.999996 0.999996 0.999996 0.999996 0.999997 0.999997 0.999997 0.999997 0.999997 0.999997 0.999997 0.999997 0.999997 0.999997 0.999997 0.999997 0.999997 0.999997 0.999997 0.999997 0.999997 0.999997 0.999997 0.999997 0.999997 0.999997 0.999997 0.999997 0.999997 0.999997 0.999997 0.999997 0.999996 0.999996 0.999996 0.999996 0.999996 0.999996 0.999996 0.999996 0.999996 0.999996 0.999996 0.999996 0.999996 0.999996 0.999996
 #wt and selex for gender,fleet: 1 3 3_CA_REC
 0.0102481 0.0312785 0.0716673 0.129353 0.2032 0.290666 0.388949 0.49547 0.608059 0.725052 0.84536 0.968443 1.09417 1.22259 1.35371 1.48738 1.62319 1.76049 1.89851 2.03639 2.17327 2.30838 2.44101 2.57062 2.69674 2.81904 2.93726 3.05124 3.16087 3.2661 3.36691 3.46334 3.55543 3.64326 3.72692 3.80652 3.88217 3.95401 4.02216 4.08676 4.14794 4.20585 4.26063 4.31241 4.36133 4.40752 4.45111 4.49223 4.531 4.56755 4.60198 4.63441 4.66495 4.69369 4.72073 4.74618 4.77011 4.79261 4.81376 4.83365 4.85233 4.86988 4.88638 4.90187 4.91641 4.93007 4.94289 4.95493 4.96623 4.97684 4.98689 4.99643 5.00537 5.01377 5.02164 5.02903 5.03596 5.04246 5.04855 5.05427 5.05963 5.06466 5.06938 5.0738 5.07795 5.08183 5.08548 5.0889 5.0921 5.09511 5.09792 5.10056 5.10304 5.10536 5.10753 5.10957 5.11148 5.11327 5.11495 5.11653 5.119
 0 0.00672084 0.0184772 0.0432793 0.0862347 0.150077 0.233681 0.33218 0.438291 0.54411 0.642715 0.729219 0.801137 0.858135 0.901437 0.93313 0.95558 0.971034 0.981412 0.988233 0.992636 0.995433 0.997187 0.998277 0.998947 0.999358 0.999608 0.99976 0.999853 0.999909 0.999943 0.999965 0.999978 0.999986 0.999991 0.999994 0.999996 0.999997 0.999998 0.999998 0.999999 0.999999 0.999999 0.999999 0.999999 0.999999 0.999999 0.999999 0.999999 0.999999 0.999999 0.999999 0.999999 0.999999 0.999999 0.999999 0.999999 0.999999 0.999999 0.999999 0.999999 0.999999 0.999999 0.999999 0.999999 0.999999 0.999999 0.999999 0.999999 0.999999 0.999999 0.999999 0.999999 0.999999 0.999999 0.999999 0.999999 0.999999 0.999999 0.999999 0.999999 0.999999 0.999999 0.999999 0.999999 0.999999 0.999999 0.999999 0.999999 0.999999 0.999999 0.999999 0.999999 0.999999 0.999999 0.999999 0.999999 0.999999 0.999999 0.999999 0.999999
 #wt and selex for gender,fleet: 1 4 4_ORWA_TWL
 0.0102166 0.029304 0.0669043 0.121908 0.193772 0.280643 0.380176 0.489976 0.607824 0.73177 0.860156 0.991621 1.12509 1.25976 1.39506 1.53059 1.66604 1.80115 1.93564 2.06918 2.20141 2.33192 2.4603 2.58614 2.70904 2.82866 2.94472 3.05697 3.16525 3.26943 3.36945 3.46526 3.55689 3.64437 3.72777 3.80717 3.88267 3.9544 4.02246 4.08699 4.14813 4.206 4.26075 4.3125 4.3614 4.40758 4.45116 4.49227 4.53104 4.56758 4.602 4.63443 4.66496 4.6937 4.72075 4.74619 4.77012 4.79262 4.81377 4.83365 4.85234 4.86989 4.88638 4.90187 4.91641 4.93007 4.9429 4.95494 4.96624 4.97684 4.9869 4.99643 5.00538 5.01377 5.02164 5.02903 5.03596 5.04246 5.04855 5.05427 5.05963 5.06466 5.06938 5.0738 5.07795 5.08183 5.08548 5.0889 5.0921 5.09511 5.09792 5.10056 5.10304 5.10536 5.10753 5.10957 5.11148 5.11327 5.11495 5.11653 5.119
 0 0.0102308 0.0225571 0.0445676 0.0787032 0.126245 0.186767 0.258206 0.337309 0.420249 0.503208 0.582823 0.656462 0.722342 0.779519 0.82779 0.867527 0.899499 0.924698 0.944196 0.959036 0.97017 0.978421 0.984469 0.988865 0.992035 0.99431 0.995934 0.997091 0.997914 0.9985 0.998916 0.999213 0.999425 0.999577 0.999686 0.999766 0.999823 0.999866 0.999897 0.99992 0.999937 0.99995 0.99996 0.999967 0.999973 0.999977 0.999981 0.999983 0.999986 0.999987 0.999989 0.99999 0.999991 0.999991 0.999992 0.999992 0.999993 0.999993 0.999993 0.999994 0.999994 0.999994 0.999994 0.999994 0.999994 0.999994 0.999994 0.999995 0.999995 0.999995 0.999995 0.999995 0.999995 0.999995 0.999995 0.999995 0.999995 0.999995 0.999995 0.999995 0.999995 0.999995 0.999995 0.999995 0.999995 0.999995 0.999995 0.999995 0.999995 0.999995 0.999995 0.999995 0.999995 0.999995 0.999995 0.999995 0.999995 0.999995 0.999995 0.999995
 #wt and selex for gender,fleet: 1 5 5_ORWA_NONTWL
 0.0102656 0.0324677 0.0752918 0.137042 0.216836 0.312043 0.41961 0.536627 0.66055 0.789264 0.921067 1.05462 1.18891 1.32321 1.45702 1.59006 1.72215 1.85319 1.98311 2.11178 2.23903 2.36467 2.4884 2.60995 2.72899 2.84521 2.95832 3.06808 3.17427 3.27672 3.37532 3.46998 3.56068 3.64742 3.73022 3.80915 3.88427 3.9557 4.02352 4.08786 4.14885 4.20659 4.26124 4.31292 4.36175 4.40787 4.45141 4.49249 4.53122 4.56774 4.60215 4.63456 4.66508 4.6938 4.72084 4.74627 4.77019 4.79269 4.81383 4.83371 4.85239 4.86994 4.88643 4.90191 4.91645 4.93011 4.94293 4.95497 4.96627 4.97687 4.98693 4.99646 5.0054 5.0138 5.02167 5.02906 5.03599 5.04248 5.04858 5.0543 5.05966 5.06469 5.0694 5.07383 5.07797 5.08186 5.0855 5.08892 5.09213 5.09513 5.09795 5.10059 5.10306 5.10538 5.10756 5.10959 5.11151 5.1133 5.11498 5.11655 5.11902
 0 0.00109742 0.00348615 0.00944569 0.0216735 0.0431705 0.0764044 0.122574 0.181252 0.250474 0.327165 0.4077 0.488453 0.566225 0.63851 0.703606 0.760604 0.809272 0.84991 0.883174 0.90993 0.93112 0.947681 0.960475 0.970263 0.977692 0.983292 0.987494 0.990634 0.992975 0.994718 0.996016 0.996982 0.997704 0.998243 0.998648 0.998953 0.999183 0.999359 0.999493 0.999595 0.999675 0.999737 0.999785 0.999823 0.999854 0.999878 0.999897 0.999913 0.999925 0.999936 0.999944 0.999951 0.999957 0.999962 0.999966 0.99997 0.999973 0.999975 0.999978 0.999979 0.999981 0.999982 0.999984 0.999985 0.999986 0.999987 0.999987 0.999988 0.999989 0.999989 0.999989 0.99999 0.99999 0.99999 0.99999 0.999991 0.999991 0.999991 0.999991 0.999991 0.999991 0.999991 0.999991 0.999992 0.999992 0.999992 0.999992 0.999992 0.999992 0.999992 0.999992 0.999992 0.999992 0.999992 0.999992 0.999992 0.999992 0.999992 0.999992 0.999993
 #wt and selex for gender,fleet: 1 6 6_OR_REC
 0.0105401 0.0446611 0.0990069 0.170397 0.254137 0.345121 0.439617 0.535631 0.633027 0.733105 0.837742 0.948587 1.06656 1.19168 1.32317 1.45971 1.59973 1.74162 1.88395 2.02552 2.16536 2.3027 2.43696 2.5677 2.6946 2.81741 2.93596 3.05014 3.1599 3.26519 3.36604 3.46248 3.55457 3.64239 3.72604 3.80563 3.88127 3.95309 4.02122 4.08581 4.14698 4.20488 4.25964 4.31141 4.36032 4.4065 4.45008 4.49119 4.52996 4.5665 4.60092 4.63335 4.66388 4.69261 4.71965 4.74509 4.76902 4.79152 4.81267 4.83255 4.85123 4.86878 4.88527 4.90075 4.9153 4.92895 4.94178 4.95381 4.96511 4.97572 4.98577 4.9953 5.00424 5.01263 5.0205 5.02788 5.03481 5.0413 5.0474 5.05311 5.05847 5.0635 5.06821 5.07263 5.07678 5.08066 5.08431 5.08772 5.09092 5.09393 5.09674 5.09938 5.10185 5.10417 5.10635 5.10839 5.1103 5.11209 5.11376 5.11534 5.11781
 0 0.000170759 0.00169953 0.00990757 0.0370519 0.098425 0.20139 0.337808 0.487465 0.628583 0.746444 0.835752 0.898318 0.939438 0.965077 0.980371 0.989153 0.994025 0.996638 0.997986 0.998642 0.99893 0.999023 0.999017 0.998959 0.998876 0.998782 0.998682 0.998582 0.998482 0.998385 0.99829 0.998198 0.99811 0.998025 0.997943 0.997865 0.997791 0.99772 0.997652 0.997588 0.997526 0.997468 0.997413 0.997361 0.997312 0.997265 0.997221 0.997179 0.99714 0.997103 0.997067 0.997034 0.997003 0.996974 0.996946 0.99692 0.996896 0.996873 0.996851 0.996831 0.996811 0.996793 0.996776 0.996761 0.996746 0.996732 0.996718 0.996706 0.996694 0.996683 0.996673 0.996663 0.996654 0.996645 0.996637 0.996629 0.996622 0.996615 0.996609 0.996603 0.996598 0.996592 0.996587 0.996583 0.996579 0.996575 0.996571 0.996567 0.996564 0.996561 0.996558 0.996555 0.996553 0.99655 0.996548 0.996546 0.996544 0.996542 0.99654 0.996537
 #wt and selex for gender,fleet: 1 7 7_WA_REC
 0.0105331 0.0450828 0.102467 0.180769 0.275777 0.382031 0.494922 0.61104 0.728099 0.8448 0.96073 1.07619 1.19193 1.30888 1.42785 1.5494 1.67373 1.80064 1.92964 2.05998 2.19077 2.32111 2.45013 2.57705 2.70122 2.82213 2.93939 3.05269 3.16186 3.26677 3.36737 3.46365 3.55564 3.6434 3.72702 3.80659 3.88222 3.95404 4.02218 4.08678 4.14796 4.20586 4.26064 4.31241 4.36133 4.40752 4.45111 4.49223 4.531 4.56755 4.60198 4.63441 4.66495 4.69369 4.72074 4.74618 4.77011 4.79261 4.81376 4.83365 4.85233 4.86989 4.88638 4.90187 4.91641 4.93007 4.94289 4.95493 4.96623 4.97684 4.98689 4.99643 5.00537 5.01377 5.02164 5.02903 5.03596 5.04246 5.04855 5.05427 5.05963 5.06466 5.06938 5.0738 5.07795 5.08183 5.08548 5.0889 5.0921 5.09511 5.09792 5.10056 5.10304 5.10536 5.10753 5.10957 5.11148 5.11327 5.11495 5.11653 5.119
 0 1.70849e-05 0.00018568 0.00126441 0.00573238 0.0187699 0.0475357 0.0983432 0.173442 0.269548 0.378835 0.491527 0.598608 0.693608 0.773148 0.836559 0.885048 0.920836 0.946465 0.964352 0.976568 0.98476 0.99017 0.993699 0.995978 0.997439 0.99837 0.998962 0.999337 0.999575 0.999726 0.999822 0.999884 0.999923 0.999949 0.999966 0.999977 0.999984 0.999989 0.999992 0.999994 0.999996 0.999997 0.999997 0.999998 0.999998 0.999999 0.999999 0.999999 0.999999 0.999999 0.999999 0.999999 0.999999 0.999999 0.999999 0.999999 0.999999 0.999999 0.999999 0.999999 0.999999 0.999999 0.999999 0.999999 0.999999 0.999999 0.999999 0.999999 0.999999 0.999999 0.999999 0.999999 0.999999 0.999999 0.999999 0.999999 0.999999 0.999999 0.999999 0.999999 0.999999 0.999999 0.999999 0.999999 0.999999 0.999999 0.999999 0.999999 0.999999 0.999999 0.999999 0.999999 0.999999 0.999999 0.999999 0.999999 0.999999 0.999999 0.999999 0.999999
# Sex ratio correction
1
# M and current age-structure in year Yinit: 2011
 # gender = 1
 0.0439034 0.0439034 0.0439034 0.0439034 0.0439034 0.0439034 0.0439034 0.0439034 0.0439034 0.0439034 0.0439034 0.0439034 0.0439034 0.0439034 0.0439034 0.0439034 0.0439034 0.0439034 0.0439034 0.0439034 0.0439034 0.0439034 0.0439034 0.0439034 0.0439034 0.0439034 0.0439034 0.0439034 0.0439034 0.0439034 0.0439034 0.0439034 0.0439034 0.0439034 0.0439034 0.0439034 0.0439034 0.0439034 0.0439034 0.0439034 0.0439034 0.0439034 0.0439034 0.0439034 0.0439034 0.0439034 0.0439034 0.0439034 0.0439034 0.0439034 0.0439034 0.0439034 0.0439034 0.0439034 0.0439034 0.0439034 0.0439034 0.0439034 0.0439034 0.0439034 0.0439034 0.0439034 0.0439034 0.0439034 0.0439034 0.0439034 0.0439034 0.0439034 0.0439034 0.0439034 0.0439034 0.0439034 0.0439034 0.0439034 0.0439034 0.0439034 0.0439034 0.0439034 0.0439034 0.0439034 0.0439034 0.0439034 0.0439034 0.0439034 0.0439034 0.0439034 0.0439034 0.0439034 0.0439034 0.0439034 0.0439034 0.0439034 0.0439034 0.0439034 0.0439034 0.0439034 0.0439034 0.0439034 0.0439034 0.0439034 0.0439034
 130.784 90.591 115.392 207.316 153.544 138.9 127.768 100.814 221.093 408.047 100.49 70.9815 128.557 75.7704 43.5386 38.5043 40.8342 102.019 107.357 38.4663 30.3885 32.4253 35.3741 36.5749 37.9548 39.4598 51.4191 52.373 34.8886 44.4368 28.4138 19.3732 14.2239 11.5095 13.4389 14.099 12.321 6.99846 6.62024 8.42969 11.8632 6.84168 5.4263 4.30015 3.32026 2.70634 2.11776 1.74841 1.65414 1.74975 1.91639 1.96179 1.79963 1.57499 1.39125 1.26642 1.1998 1.18894 1.23316 1.33483 1.49037 1.66614 1.76551 1.68582 1.47913 1.26744 1.09955 0.976688 0.888364 0.82331 0.773962 0.735313 0.704287 0.67862 0.656062 0.634624 0.61276 0.589883 0.566214 0.542581 0.519909 0.498919 0.479858 0.462714 0.447156 0.432666 0.418527 0.404703 0.390914 0.377019 0.362974 0.348796 0.334572 0.32046 0.306486 0.292829 0.279599 0.266862 0.254653 0.242996 5.26426
# Age-structure at Ydeclare= 2013
 148.633 138.734 119.789 82.9737 105.685 189.858 140.587 127.139 116.898 92.1887 202.058 372.699 91.7354 64.7668 117.255 69.0873 39.6888 35.0933 37.2118 92.9597 97.8176 35.0465 27.686 29.541 32.2269 33.3205 34.5772 35.9478 46.8422 47.7105 31.7822 40.4797 25.8832 17.6475 12.9567 10.484 12.2413 12.8424 11.2228 6.37456 6.02999 7.67802 10.8053 6.23148 4.94229 3.91655 3.02405 2.46488 1.9288 1.5924 1.50653 1.5936 1.74536 1.78671 1.63901 1.43442 1.26708 1.15338 1.09271 1.08282 1.12309 1.21569 1.35734 1.51742 1.60793 1.53535 1.3471 1.15431 1.0014 0.889509 0.809068 0.749821 0.704878 0.669678 0.641421 0.618045 0.597501 0.577976 0.558064 0.537229 0.515673 0.49415 0.473501 0.454384 0.437025 0.421412 0.407242 0.394046 0.381169 0.368579 0.356021 0.343366 0.330575 0.317663 0.304708 0.291856 0.279129 0.266691 0.254642 0.243042 5.24761
# Year for Tmin Age-structure (set to Ydecl by SS)
2013
#  recruitment and biomass
# Number of historical assessment years
137
# Historical data
# year recruitment spawner in B0 in R project in R/S project
1888  1889 1890 1891 1892 1893 1894 1895 1896 1897 1898 1899 1900 1901 1902 1903 1904 1905 1906 1907 1908 1909 1910 1911 1912 1913 1914 1915 1916 1917 1918 1919 1920 1921 1922 1923 1924 1925 1926 1927 1928 1929 1930 1931 1932 1933 1934 1935 1936 1937 1938 1939 1940 1941 1942 1943 1944 1945 1946 1947 1948 1949 1950 1951 1952 1953 1954 1955 1956 1957 1958 1959 1960 1961 1962 1963 1964 1965 1966 1967 1968 1969 1970 1971 1972 1973 1974 1975 1976 1977 1978 1979 1980 1981 1982 1983 1984 1985 1986 1987 1988 1989 1990 1991 1992 1993 1994 1995 1996 1997 1998 1999 2000 2001 2002 2003 2004 2005 2006 2007 2008 2009 2010 2011 2012 2013 2014 2015 2016 2017 2018 2019 2020 2021 2022 2023 2024 #years (with first value representing R0)
227.947 230.503 230.595 230.69 230.789 230.883 230.982 231.084 231.196 231.313 231.435 231.562 231.694 231.831 231.973 232.116 232.266 232.425 232.591 232.781 232.985 233.201 233.428 233.66 233.898 234.122 234.309 234.418 234.404 234.211 233.76 232.941 231.768 230.17 228.134 225.69 222.897 219.855 216.719 213.499 210.516 207.945 205.849 204.149 202.682 201.143 199.223 196.708 193.624 190.24 187.047 184.556 183.242 183.474 185.715 190.724 199.607 213.932 234.773 260.836 282.992 282.085 253.34 215.627 183.728 161.446 148.02 142.002 142.435 148.619 159.69 173.033 178.667 165.075 142.289 126.694 125.766 142.555 169.787 193.201 230.819 267.068 306.781 481.371 307.421 215.534 202.089 313.607 314.431 261.084 193.692 206.256 240.932 301.972 402.707 269.581 345.734 291.245 193.106 161.891 137.384 118.325 97.7154 83.435 97.2658 252.46 224.974 84.9896 75.9988 81.7451 135.594 219.517 115.736 156.529 607.434 314.655 137.213 166.351 173.032 183.035 236.508 125.983 94.6569 130.784 144.961 148.633 151.255 172.925 176.837 180.764 184.532 188.254 191.841 195.397 198.836 200.165 201.018  #recruits; first value is R0 (virgin)
1153.31  1153.31 1153.3 1153.29 1153.26 1152.8 1152.34 1151.88 1151.72 1151.65 1151.57 1151.51 1151.44 1151.37 1151.31 1151.25 1151.21 1151.17 1151.16 1151.16 1151.16 1151.07 1151.1 1151.13 1151.18 1151.22 1151.28 1151.33 1151.32 1151.39 1151.3 1149.16 1148.61 1148.19 1147.84 1147.79 1147.66 1147 1145.99 1144.18 1141.65 1139.22 1137.25 1134.93 1133.63 1132.48 1131.31 1129.58 1127.79 1124.99 1122.4 1119.46 1117.07 1113.46 1108.26 1102.63 1092.39 1081.36 1064.99 1049.82 1042.36 1034.07 1027.38 1019.83 1010.61 1002.56 996.251 988.875 981.889 974.92 966.874 959.597 953.418 948.382 945.156 941.208 938.903 937.843 927.019 923.465 918.154 912.433 897.981 888.312 875.265 858.841 841.35 821.837 802.476 780.292 758.385 723.794 687.554 659.975 624.819 569.3 540.379 518.664 491.896 470.137 443.257 419.819 390.845 370.872 335.816 304.779 275.522 260.55 246.146 230.572 212.447 208.128 200.162 204.988 208.96 218.347 227.944 238 248.131 258.713 268.803 279.404 290.034 301.52 313.842 327.013 341.58 357.235 373.502 390.441 406.485 422.491 437.501 452.415 466.234 477.741 487.698 #spbio; first value is SSB_virgin (virgin)
1 0 0 0 0 0 0 0 0 0 0 0 0 0 0 0 0 0 0 0 0 0 0 0 0 0 0 0 0 0 0 0 0 0 0 0 0 0 0 0 0 0 0 0 0 0 0 0 0 0 0 0 0 0 0 0 0 0 0 0 0 0 0 0 0 0 0 0 0 0 0 0 0 0 0 0 0 0 0 0 0 0 0 0 0 0 0 0 0 0 0 0 0 0 0 0 0 0 0 0 0 0 0 0 0 0 0 0 0 0 0 0 0 0 0 0 0 0 0 0 0 0 0 0 0 0 0 0 0 0 0 0 0 0 0 0 0  # in Bzero
0 1 1 1 1 1 1 1 1 1 1 1 1 1 1 1 1 1 1 1 1 1 1 1 1 1 1 1 1 1 1 1 1 1 1 1 1 1 1 1 1 1 1 1 1 1 1 1 1 1 1 1 1 1 1 1 1 1 1 1 1 1 1 1 1 1 1 1 1 1 1 1 1 1 1 1 1 1 1 1 1 1 1 1 1 1 1 1 1 1 1 1 1 1 1 1 1 1 1 1 1 1 1 1 1 1 1 1 1 1 1 1 1 1 1 1 1 1 1 1 1 1 1 1 1 1 1 1 1 1 1 1 1 1  0 0 0 # in R project
0 1 1 1 1 1 1 1 1 1 1 1 1 1 1 1 1 1 1 1 1 1 1 1 1 1 1 1 1 1 1 1 1 1 1 1 1 1 1 1 1 1 1 1 1 1 1 1 1 1 1 1 1 1 1 1 1 1 1 1 1 1 1 1 1 1 1 1 1 1 1 1 1 1 1 1 1 1 1 1 1 1 1 1 1 1 1 1 1 1 1 1 1 1 1 1 1 1 1 1 1 1 1 1 1 1 1 1 1 1 1 1 1 1 1 1 1 1 1 1 1 1 1 1 1 1 1 1 1 1 1 1 1 1  0 0 0 # in R/S project
# Number of years with pre-specified catches
0
# catches for years with pre-specified catches go next
# Number of future recruitments to override
-2
# Process for overiding (-1 for average otherwise index in data list)
# Which probability to product detailed results for (1=0.5; 2=0.6; etc.)
3
# Steepness sigma-R Auto-correlation
0.718 0.5 0
# Target SPR rate (FMSY Proxy); manually change to SPR_MSY if not using SPR_target
0.5
# Discount rate (for cumulative catch)
0.1
# Truncate the series when 0.4B0 is reached (1=Yes)
0
# Set F to FMSY once 0.4B0 is reached (1=Yes)
0
# Maximum possible F for projection (-1 to set to FMSY)
-1
# Defintion of recovery (1=now only;2=now or before)
2
# Projection type
4
# Definition of the 40-10 rule
10 40
# Sigma Assessment Error (Base, Year1, Slope, MaxSigma)
1.0 2025 0.075 2.0
# Pstar
0.45
# Constrain catches by the ABC (1=yes, 2=no)
2
# Implementation Error (0=no; 1=lognormal; 2=uniform)
0
#Parameters of Implementaion Error
1 0.3
# Calculate coefficients of variation (1=Yes)
0
# Number of replicates to use
10
# Random number seed
-99004
# File with multiple parameter vectors 
rebuild.SSO
# User-specific projection (1=Yes); Output replaced (1->9)
0  5
# Catches and Fs (Year; 1/2/3 (F or C or SPR); value); Final row is -1
2024 1 1
-1 -1 -1
# Fixed catch project (1=Yes); Output replaced (1->9); Approach (-1=Read in else 1-9)
0 2 -1
# (48a) Special catch options (1-Yes) [CUT_OFF, Emsy, distribution, MAXCAT, Add, replace_code]
0 0.18 1.00 1.00 0 6
# (48b) B1Target
150000
# Split of Fs
2011  0.0170184
 0
 0.40046
 0.0233682
 0.170399
 0.187372
 0.201382
-1  1 1 1 1 1 1 1 1 1 1 1 1
# Yrs to define T_target for projection type 4 (a.k.a. 5 pre-specified inputs)
2030 2031 2032 2033 2034 
# Year for probability of recovery
2034 2035 2036 2037 2038 2039 2040 2041
# Time varying weight-at-age (1=Yes;0=No)
0
# File with time series of weight-at-age data
none
# Use bisection (0) or linear interpolation (1)
1
# Target Depletion
0.4
# CV of implementation error
0
