#Title, #runnumber: 1 yelloweye_data.ss yelloweye_control.ss 6241.68 1090.36 363.557 StartTime: Thu Apr 24 07:31:31 2025
SSv3_default_rebuild.dat
# Number of sexes
1
# Age range to consider (minimum age; maximum age)
0 100
# Number of fleets
7
# First year of projection (Yinit)
2011
# First Year of rebuilding period (Ydecl)
2013
# Number of simulations
1000
# Maximum number of years
500
# Conduct projections with multiple starting values (0=No;else yes)
0
# Number of parameter vectors
1000
# Is the maximum age a plus-group (1=Yes;2=No)
1
# Generate future recruitments using historical recruitments (1)  historical recruits/spawner (2)  or a stock-recruitment (3)
3
# Constant fishing mortality (1) or constant Catch (2) projections
1
# Fishing mortality based on SPR (1) or actual rate (2)
1
# Pre-specify the year of recovery (or -1) to ignore
-1
# Fecundity-at-age
# 0 1 2 3 4 5 6 7 8 9 10 11 12 13 14 15 16 17 18 19 20 21 22 23 24 25 26 27 28 29 30 31 32 33 34 35 36 37 38 39 40 41 42 43 44 45 46 47 48 49 50 51 52 53 54 55 56 57 58 59 60 61 62 63 64 65 66 67 68 69 70 71 72 73 74 75 76 77 78 79 80 81 82 83 84 85 86 87 88 89 90 91 92 93 94 95 96 97 98 99 100 #runnumber: 1 yelloweye_data.ss yelloweye_control.ss 6241.68 1090.36 363.557
 0 0 5.55501e-09 1.03931e-07 1.23123e-06 1.05284e-05 6.96077e-05 0.000366058 0.001532 0.00508006 0.0134988 0.0295385 0.0550437 0.0902077 0.133665 0.18315 0.236226 0.290784 0.345251 0.398591 0.450197 0.499764 0.547179 0.592435 0.635579 0.67668 0.715813 0.753049 0.788456 0.822096 0.85403 0.884313 0.913003 0.940155 0.965824 0.990066 1.01294 1.0345 1.0548 1.0739 1.09186 1.10873 1.12456 1.13941 1.15333 1.16637 1.17858 1.19001 1.2007 1.21069 1.22003 1.22875 1.2369 1.2445 1.2516 1.25822 1.26439 1.27014 1.27551 1.28051 1.28517 1.28951 1.29355 1.29731 1.30082 1.30408 1.30712 1.30995 1.31258 1.31503 1.31731 1.31947 1.32148 1.32336 1.3251 1.32672 1.32823 1.32963 1.33093 1.33215 1.33327 1.33432 1.33529 1.3362 1.33704 1.33783 1.33855 1.33923 1.33986 1.34044 1.34099 1.34149 1.34196 1.3424 1.3428 1.34318 1.34353 1.34386 1.34416 1.34444 1.34486 #female fecundity; weighted by N in year Y_init across morphs and areas
# Age specific selectivity and weight adjusted for discard and discard mortality
 #wt and selex for gender,fleet: 1 1 1_CA_TWL
 0.00896707 0.0102944 0.0349018 0.0809759 0.147932 0.234218 0.336734 0.452081 0.577067 0.708925 0.845386 0.984735 1.12585 1.26817 1.41148 1.55567 1.70054 1.84567 1.99041 2.13398 2.27553 2.41425 2.54944 2.6805 2.807 2.92861 3.04511 3.15639 3.26242 3.36321 3.45883 3.54939 3.63501 3.71587 3.79212 3.86394 3.93151 3.99504 4.05471 4.1107 4.16321 4.21241 4.2585 4.30163 4.34198 4.37971 4.41497 4.44791 4.47867 4.50739 4.53419 4.55919 4.5825 4.60424 4.62451 4.6434 4.66099 4.67739 4.69266 4.70688 4.72012 4.73244 4.74392 4.75459 4.76453 4.77378 4.78238 4.79039 4.79784 4.80476 4.81126 4.81735 4.82301 4.82828 4.83318 4.83773 4.84197 4.8459 4.84956 4.85297 4.85613 4.85907 4.86181 4.86435 4.86671 4.86891 4.87095 4.87285 4.87461 4.87625 4.87777 4.87919 4.88051 4.88173 4.88287 4.88392 4.88491 4.88582 4.88667 4.88745 4.88862
 0 0.00125785 0.00332339 0.0109621 0.0291736 0.0640939 0.120245 0.198326 0.294591 0.401906 0.511707 0.615969 0.708621 0.786216 0.847855 0.894591 0.92863 0.952587 0.968975 0.979929 0.987118 0.991771 0.994753 0.996652 0.997856 0.99862 0.999106 0.999415 0.999613 0.999741 0.999825 0.99988 0.999916 0.999941 0.999957 0.999968 0.999976 0.999982 0.999986 0.999989 0.999991 0.999992 0.999993 0.999994 0.999995 0.999995 0.999996 0.999996 0.999996 0.999996 0.999996 0.999997 0.999997 0.999997 0.999997 0.999997 0.999997 0.999997 0.999997 0.999997 0.999997 0.999997 0.999997 0.999997 0.999997 0.999997 0.999997 0.999997 0.999997 0.999997 0.999997 0.999997 0.999997 0.999997 0.999997 0.999997 0.999997 0.999997 0.999997 0.999997 0.999997 0.999997 0.999997 0.999997 0.999997 0.999997 0.999997 0.999997 0.999997 0.999997 0.999997 0.999997 0.999997 0.999997 0.999997 0.999997 0.999997 0.999997 0.999997 0.999997 0.999997
 #wt and selex for gender,fleet: 1 3 3_CA_REC
 0.00896707 0.0102854 0.0340708 0.0786195 0.143094 0.225889 0.324016 0.434249 0.553604 0.679582 0.810395 0.945105 1.08347 1.22548 1.37096 1.5193 1.6695 1.82033 1.97051 2.11884 2.26431 2.40611 2.54363 2.6764 2.80413 2.9266 3.04371 3.15542 3.26174 3.36273 3.45849 3.54914 3.63484 3.71574 3.79202 3.86387 3.93146 3.995 4.05468 4.11068 4.16319 4.2124 4.25848 4.30162 4.34197 4.3797 4.41496 4.44791 4.47867 4.50739 4.53418 4.55919 4.5825 4.60424 4.62451 4.64339 4.66099 4.67739 4.69266 4.70688 4.72012 4.73244 4.74392 4.75459 4.76453 4.77378 4.78238 4.79039 4.79784 4.80476 4.81126 4.81735 4.82301 4.82828 4.83318 4.83773 4.84197 4.8459 4.84956 4.85297 4.85613 4.85907 4.86181 4.86435 4.86671 4.86891 4.87095 4.87285 4.87461 4.87625 4.87777 4.87919 4.88051 4.88173 4.88287 4.88392 4.88491 4.88582 4.88667 4.88746 4.88862
 0 0.00379817 0.00936794 0.0275274 0.0656658 0.130324 0.222585 0.336684 0.461773 0.585358 0.696653 0.788807 0.859543 0.910315 0.944707 0.966893 0.980638 0.988882 0.993701 0.996463 0.998023 0.998897 0.999383 0.999654 0.999804 0.999888 0.999935 0.999962 0.999977 0.999986 0.999991 0.999995 0.999996 0.999998 0.999998 0.999999 0.999999 0.999999 0.999999 0.999999 0.999999 0.999999 0.999999 0.999999 0.999999 0.999999 0.999999 0.999999 0.999999 0.999999 0.999999 0.999999 0.999999 0.999999 0.999999 0.999999 0.999999 0.999999 0.999999 0.999999 0.999999 0.999999 0.999999 0.999999 0.999999 0.999999 0.999999 0.999999 0.999999 0.999999 0.999999 0.999999 0.999999 0.999999 0.999999 0.999999 0.999999 0.999999 0.999999 0.999999 0.999999 0.999999 0.999999 0.999999 0.999999 0.999999 0.999999 0.999999 0.999999 0.999999 0.999999 0.999999 0.999999 0.999999 0.999999 0.999999 0.999999 0.999999 0.999999 0.999999 0.999999
 #wt and selex for gender,fleet: 1 4 4_ORWA_TWL
 0.00896707 0.0102494 0.0307521 0.07064 0.129939 0.208007 0.302966 0.412367 0.533615 0.664207 0.801857 0.944571 1.0907 1.23895 1.38839 1.5383 1.68809 1.83714 1.98484 2.13051 2.27348 2.41312 2.54887 2.68027 2.80695 2.92864 3.04518 3.15648 3.2625 3.36328 3.45889 3.54944 3.63506 3.7159 3.79214 3.86396 3.93153 3.99506 4.05472 4.11071 4.16322 4.21242 4.2585 4.30163 4.34198 4.37971 4.41497 4.44791 4.47867 4.50739 4.53419 4.55919 4.5825 4.60424 4.62451 4.6434 4.66099 4.67739 4.69266 4.70688 4.72012 4.73244 4.74392 4.75459 4.76453 4.77378 4.78239 4.79039 4.79784 4.80476 4.81126 4.81735 4.82301 4.82828 4.83318 4.83773 4.84197 4.8459 4.84956 4.85297 4.85613 4.85907 4.86181 4.86435 4.86671 4.86891 4.87095 4.87285 4.87461 4.87625 4.87777 4.87919 4.88051 4.88173 4.88287 4.88392 4.88491 4.88582 4.88667 4.88745 4.88862
 0 0.0210827 0.0393527 0.0745949 0.126456 0.194721 0.276678 0.367724 0.462411 0.555447 0.642409 0.720106 0.78668 0.841516 0.885032 0.91839 0.943167 0.961063 0.973677 0.982389 0.988306 0.992272 0.994905 0.99664 0.997779 0.998526 0.999015 0.999337 0.99955 0.999691 0.999786 0.999849 0.999893 0.999923 0.999943 0.999958 0.999968 0.999975 0.999981 0.999984 0.999987 0.999989 0.999991 0.999992 0.999993 0.999994 0.999994 0.999995 0.999995 0.999995 0.999996 0.999996 0.999996 0.999996 0.999996 0.999996 0.999996 0.999996 0.999996 0.999996 0.999996 0.999996 0.999996 0.999996 0.999997 0.999997 0.999997 0.999997 0.999997 0.999997 0.999997 0.999997 0.999997 0.999997 0.999997 0.999997 0.999997 0.999997 0.999997 0.999997 0.999997 0.999997 0.999997 0.999997 0.999997 0.999997 0.999997 0.999997 0.999997 0.999997 0.999997 0.999997 0.999997 0.999997 0.999997 0.999997 0.999997 0.999997 0.999997 0.999997 0.999997
 #wt and selex for gender,fleet: 1 5 5_ORWA_NONTWL
 0.00896707 0.0102863 0.0342692 0.0798209 0.146734 0.233876 0.338464 0.457232 0.586969 0.724774 0.86815 1.01501 1.16365 1.31272 1.46124 1.6085 1.75407 1.89765 2.03902 2.17795 2.3142 2.44745 2.57737 2.70364 2.82592 2.94393 3.05743 3.16626 3.2703 3.36951 3.46387 3.55343 3.63827 3.7185 3.79426 3.86569 3.93296 3.99624 4.05571 4.11154 4.16392 4.21303 4.25902 4.30209 4.34238 4.38006 4.41528 4.44819 4.47892 4.50762 4.53439 4.55938 4.58268 4.6044 4.62466 4.64353 4.66112 4.67751 4.69277 4.70699 4.72022 4.73254 4.74401 4.75469 4.76462 4.77387 4.78247 4.79047 4.79791 4.80484 4.81133 4.81742 4.82308 4.82835 4.83325 4.8378 4.84204 4.84597 4.84963 4.85303 4.8562 4.85914 4.86187 4.86441 4.86678 4.86897 4.87101 4.87291 4.87468 4.87631 4.87784 4.87925 4.88057 4.88179 4.88293 4.88399 4.88497 4.88588 4.88673 4.88752 4.88868
 0 0.000912296 0.00227565 0.00697711 0.0178226 0.0385571 0.072596 0.121836 0.185967 0.262507 0.347412 0.435946 0.523493 0.606158 0.681098 0.746618 0.802082 0.847708 0.884309 0.913039 0.935177 0.951977 0.964567 0.973912 0.980798 0.985847 0.989538 0.992235 0.994205 0.995648 0.996708 0.99749 0.99807 0.998502 0.998827 0.999073 0.99926 0.999403 0.999514 0.999601 0.999669 0.999722 0.999765 0.9998 0.999828 0.999851 0.999869 0.999885 0.999898 0.999909 0.999918 0.999926 0.999932 0.999938 0.999943 0.999947 0.999951 0.999954 0.999957 0.999959 0.999961 0.999963 0.999965 0.999966 0.999968 0.999969 0.99997 0.999971 0.999972 0.999973 0.999973 0.999974 0.999974 0.999975 0.999975 0.999975 0.999976 0.999976 0.999976 0.999976 0.999976 0.999977 0.999977 0.999977 0.999977 0.999977 0.999977 0.999978 0.999978 0.999978 0.999978 0.999978 0.999978 0.999978 0.999978 0.999978 0.999978 0.999978 0.999978 0.999978 0.999979
 #wt and selex for gender,fleet: 1 6 6_OR_REC
 0.00896707 0.0105071 0.0468813 0.104634 0.182014 0.273308 0.372902 0.476741 0.583012 0.692496 0.807627 0.930788 1.06306 1.20387 1.35145 1.50345 1.65757 1.81183 1.96466 2.11489 2.26165 2.40428 2.5423 2.67538 2.80327 2.92584 3.04299 3.1547 3.26101 3.36199 3.45773 3.54836 3.63404 3.71492 3.79117 3.863 3.93057 3.9941 4.05375 4.10974 4.16223 4.21143 4.2575 4.30063 4.34097 4.37869 4.41394 4.44687 4.47763 4.50634 4.53313 4.55812 4.58143 4.60317 4.62343 4.64231 4.6599 4.67629 4.69156 4.70577 4.71901 4.73133 4.7428 4.75348 4.76342 4.77266 4.78127 4.78927 4.79671 4.80364 4.81013 4.81622 4.82188 4.82714 4.83204 4.83659 4.84082 4.84476 4.84842 4.85182 4.85498 4.85792 4.86066 4.8632 4.86556 4.86775 4.86979 4.87169 4.87345 4.87509 4.87661 4.87803 4.87934 4.88057 4.8817 4.88276 4.88374 4.88465 4.8855 4.88629 4.88746
 0 1.92564e-05 0.000170888 0.0021704 0.014334 0.0565369 0.1508 0.299621 0.477578 0.647497 0.782852 0.876239 0.933813 0.966332 0.983485 0.992054 0.996142 0.998003 0.998797 0.999092 0.999159 0.999122 0.999038 0.998935 0.998823 0.99871 0.998598 0.998488 0.998382 0.998279 0.998181 0.998087 0.997997 0.997912 0.997831 0.997755 0.997682 0.997614 0.997549 0.997489 0.997432 0.997378 0.997328 0.99728 0.997236 0.997194 0.997156 0.997119 0.997085 0.997053 0.997024 0.996996 0.99697 0.996946 0.996923 0.996902 0.996883 0.996864 0.996847 0.996832 0.996817 0.996803 0.99679 0.996778 0.996767 0.996757 0.996747 0.996738 0.99673 0.996722 0.996715 0.996708 0.996702 0.996696 0.99669 0.996685 0.99668 0.996676 0.996672 0.996668 0.996664 0.996661 0.996658 0.996655 0.996653 0.99665 0.996648 0.996646 0.996644 0.996642 0.99664 0.996638 0.996637 0.996636 0.996634 0.996633 0.996632 0.996631 0.99663 0.996629 0.996628
 #wt and selex for gender,fleet: 1 7 7_WA_REC
 0.00896707 0.0105958 0.0509239 0.11505 0.202417 0.306646 0.421234 0.54109 0.66272 0.78418 0.905114 1.02654 1.15021 1.27777 1.41021 1.5476 1.68917 1.83356 1.97915 2.12435 2.26776 2.40824 2.54493 2.6772 2.80461 2.9269 3.0439 3.15553 3.26181 3.36277 3.45852 3.54916 3.63485 3.71575 3.79203 3.86387 3.93147 3.995 4.05468 4.11068 4.16319 4.2124 4.25848 4.30162 4.34197 4.3797 4.41496 4.44791 4.47867 4.50739 4.53418 4.55919 4.5825 4.60424 4.62451 4.64339 4.66099 4.67739 4.69266 4.70688 4.72012 4.73244 4.74392 4.75459 4.76453 4.77378 4.78238 4.79039 4.79784 4.80476 4.81126 4.81735 4.82301 4.82828 4.83318 4.83773 4.84197 4.8459 4.84956 4.85297 4.85613 4.85907 4.86181 4.86435 4.86671 4.86891 4.87095 4.87285 4.87461 4.87625 4.87777 4.87919 4.88051 4.88173 4.88287 4.88392 4.88491 4.88582 4.88667 4.88746 4.88862
 0 5.05321e-07 6.8249e-06 0.000141335 0.0014482 0.00843863 0.0317783 0.085649 0.178677 0.306212 0.451315 0.593129 0.715571 0.811167 0.879988 0.926415 0.956157 0.974451 0.985355 0.991699 0.995327 0.997377 0.998527 0.999169 0.999529 0.99973 0.999844 0.999908 0.999945 0.999967 0.99998 0.999987 0.999992 0.999994 0.999996 0.999997 0.999998 0.999998 0.999999 0.999999 0.999999 0.999999 0.999999 0.999999 0.999999 0.999999 0.999999 0.999999 0.999999 0.999999 0.999999 0.999999 0.999999 0.999999 0.999999 0.999999 0.999999 0.999999 0.999999 0.999999 0.999999 0.999999 0.999999 0.999999 0.999999 0.999999 0.999999 0.999999 0.999999 0.999999 0.999999 0.999999 0.999999 0.999999 0.999999 0.999999 0.999999 0.999999 0.999999 0.999999 0.999999 0.999999 0.999999 0.999999 0.999999 0.999999 0.999999 0.999999 0.999999 0.999999 0.999999 0.999999 0.999999 0.999999 0.999999 0.999999 0.999999 0.999999 0.999999 0.999999 0.999999
# Sex ratio correction
1
# M and current age-structure in year Yinit: 2011
 # gender = 1
 0.0439034 0.0439034 0.0439034 0.0439034 0.0439034 0.0439034 0.0439034 0.0439034 0.0439034 0.0439034 0.0439034 0.0439034 0.0439034 0.0439034 0.0439034 0.0439034 0.0439034 0.0439034 0.0439034 0.0439034 0.0439034 0.0439034 0.0439034 0.0439034 0.0439034 0.0439034 0.0439034 0.0439034 0.0439034 0.0439034 0.0439034 0.0439034 0.0439034 0.0439034 0.0439034 0.0439034 0.0439034 0.0439034 0.0439034 0.0439034 0.0439034 0.0439034 0.0439034 0.0439034 0.0439034 0.0439034 0.0439034 0.0439034 0.0439034 0.0439034 0.0439034 0.0439034 0.0439034 0.0439034 0.0439034 0.0439034 0.0439034 0.0439034 0.0439034 0.0439034 0.0439034 0.0439034 0.0439034 0.0439034 0.0439034 0.0439034 0.0439034 0.0439034 0.0439034 0.0439034 0.0439034 0.0439034 0.0439034 0.0439034 0.0439034 0.0439034 0.0439034 0.0439034 0.0439034 0.0439034 0.0439034 0.0439034 0.0439034 0.0439034 0.0439034 0.0439034 0.0439034 0.0439034 0.0439034 0.0439034 0.0439034 0.0439034 0.0439034 0.0439034 0.0439034 0.0439034 0.0439034 0.0439034 0.0439034 0.0439034 0.0439034
 277.522 345.728 313.226 303.392 177.754 155.578 99.2033 65.167 105.307 217.799 58.0022 45.0348 75.7955 51.2661 29.328 23.8919 24.8325 52.4525 53.9898 24.4804 19.2662 19.4601 19.6309 19.8786 21.8916 24.0523 30.0707 29.606 18.4226 21.2779 16.386 12.8706 8.9956 6.47363 7.49048 7.17738 6.97567 4.05944 3.56706 4.3803 6.48365 3.96017 3.01636 2.47041 1.91732 1.59246 1.25214 1.02886 0.971836 1.02925 1.12759 1.1472 1.04151 0.90643 0.800991 0.731781 0.696444 0.692891 0.720823 0.782108 0.875166 0.980396 1.03998 0.992313 0.869902 0.745715 0.647716 0.57608 0.524519 0.486409 0.457382 0.434532 0.416063 0.400643 0.386978 0.373978 0.360831 0.34726 0.333393 0.319668 0.306557 0.294427 0.283387 0.273417 0.264322 0.255801 0.247434 0.239213 0.230979 0.222655 0.214222 0.205693 0.19713 0.188637 0.180231 0.172027 0.164092 0.156466 0.149172 0.142223 3.0555
# Age-structure at Ydeclare= 2013
 390.804 220.575 254.191 316.659 286.877 277.838 162.74 142.366 90.7072 59.523 96.0715 198.459 52.7955 40.9565 68.8863 46.571 26.6335 21.6923 22.5432 47.613 49.006 22.2199 17.4868 17.6625 17.8173 18.0418 19.8685 21.829 27.2905 26.868 16.7184 19.3089 14.8692 11.6788 8.16243 5.8739 6.79638 6.51216 6.32902 3.68305 3.23626 3.97401 5.88216 3.59272 2.73645 2.24113 1.73935 1.44462 1.13589 0.933336 0.881597 0.933676 1.02288 1.04066 0.944788 0.822248 0.7266 0.663817 0.631761 0.628537 0.653874 0.709467 0.793881 0.889336 0.943385 0.900145 0.789103 0.676451 0.587554 0.522571 0.475799 0.441229 0.414898 0.394171 0.377417 0.363429 0.351033 0.339241 0.327315 0.315004 0.302426 0.289975 0.278082 0.267079 0.257065 0.248021 0.23977 0.232041 0.224451 0.216994 0.209524 0.201974 0.194324 0.186587 0.17882 0.171116 0.163491 0.156049 0.148851 0.141933 3.03603
# Year for Tmin Age-structure (set to Ydecl by SS)
2013
#  recruitment and biomass
# Number of historical assessment years
137
# Historical data
# year recruitment spawner in B0 in R project in R/S project
1888  1889 1890 1891 1892 1893 1894 1895 1896 1897 1898 1899 1900 1901 1902 1903 1904 1905 1906 1907 1908 1909 1910 1911 1912 1913 1914 1915 1916 1917 1918 1919 1920 1921 1922 1923 1924 1925 1926 1927 1928 1929 1930 1931 1932 1933 1934 1935 1936 1937 1938 1939 1940 1941 1942 1943 1944 1945 1946 1947 1948 1949 1950 1951 1952 1953 1954 1955 1956 1957 1958 1959 1960 1961 1962 1963 1964 1965 1966 1967 1968 1969 1970 1971 1972 1973 1974 1975 1976 1977 1978 1979 1980 1981 1982 1983 1984 1985 1986 1987 1988 1989 1990 1991 1992 1993 1994 1995 1996 1997 1998 1999 2000 2001 2002 2003 2004 2005 2006 2007 2008 2009 2010 2011 2012 2013 2014 2015 2016 2017 2018 2019 2020 2021 2022 2023 2024 #years (with first value representing R0)
214.059 217.733 217.863 217.998 218.138 218.275 218.416 218.564 218.723 218.89 219.064 219.246 219.437 219.636 219.846 220.062 220.291 220.535 220.794 221.079 221.386 221.716 222.069 222.439 222.825 223.208 223.565 223.857 224.035 224.042 223.801 223.199 222.25 220.881 219.07 216.846 214.264 211.415 208.445 205.357 202.46 199.922 197.806 196.047 194.508 192.926 191.034 188.643 185.764 182.613 179.615 177.237 175.931 176.066 178.091 182.723 191 204.422 224.064 248.846 270.232 269.576 241.855 205.433 174.661 153.122 139.981 133.782 133.624 138.985 149.391 162.947 170.243 158.561 136.955 122.151 121.867 139.319 165.84 186.029 222.127 249.77 299.95 445.825 271.318 197.48 199.33 301.492 270.942 244.975 181.834 215.025 259.404 276.078 297.396 212.435 280.941 235.01 155.611 118.216 90.6004 76.5311 65.9216 57.6474 65.805 132.486 119.161 52.7829 47.8864 55.6923 92.5219 130.226 73.7506 90.6027 324.757 149.995 88.7254 129.174 193.812 211.894 346.111 341.974 361.245 277.522 230.475 390.804 156.205 167.727 123.3 102.855 126.881 150.015 146.683 152.678 170.281 173.392 176.095  #recruits; first value is R0 (virgin)
1090.36  1090.36 1090.36 1090.34 1090.32 1089.85 1089.39 1088.93 1088.77 1088.7 1088.62 1088.56 1088.49 1088.44 1088.41 1088.4 1088.43 1088.47 1088.56 1088.67 1088.81 1088.86 1089.04 1089.24 1089.46 1089.69 1089.94 1090.2 1090.39 1090.67 1090.8 1088.89 1088.58 1088.4 1088.3 1088.51 1088.66 1088.27 1087.56 1086.05 1083.84 1081.75 1080.13 1078.18 1077.26 1076.51 1075.76 1074.46 1073.12 1070.76 1068.63 1066.13 1064.18 1061.01 1056.23 1051.01 1041.17 1030.54 1014.55 999.737 992.599 984.605 978.206 970.924 961.96 954.134 948.023 940.816 933.971 927.14 919.26 912.213 906.366 901.782 899.1 895.741 893.992 893.408 882.951 879.576 874.297 868.487 853.885 844.031 830.823 814.269 796.668 777.042 757.558 735.213 713.122 678.342 641.917 614.251 579.114 523.755 494.817 472.921 445.849 423.543 396.053 371.976 342.254 321.203 284.843 252.14 220.753 203.334 186.161 167.393 145.639 137.512 125.423 126.149 125.855 130.936 136.113 141.661 147.225 153.208 158.657 164.558 170.352 176.748 183.621 190.939 199.295 208.534 218.452 229.513 240.768 253.658 267.883 284.538 302.892 321.676 341.109 #spbio; first value is SSB_virgin (virgin)
1 0 0 0 0 0 0 0 0 0 0 0 0 0 0 0 0 0 0 0 0 0 0 0 0 0 0 0 0 0 0 0 0 0 0 0 0 0 0 0 0 0 0 0 0 0 0 0 0 0 0 0 0 0 0 0 0 0 0 0 0 0 0 0 0 0 0 0 0 0 0 0 0 0 0 0 0 0 0 0 0 0 0 0 0 0 0 0 0 0 0 0 0 0 0 0 0 0 0 0 0 0 0 0 0 0 0 0 0 0 0 0 0 0 0 0 0 0 0 0 0 0 0 0 0 0 0 0 0 0 0 0 0 0 0 0 0  # in Bzero
0 1 1 1 1 1 1 1 1 1 1 1 1 1 1 1 1 1 1 1 1 1 1 1 1 1 1 1 1 1 1 1 1 1 1 1 1 1 1 1 1 1 1 1 1 1 1 1 1 1 1 1 1 1 1 1 1 1 1 1 1 1 1 1 1 1 1 1 1 1 1 1 1 1 1 1 1 1 1 1 1 1 1 1 1 1 1 1 1 1 1 1 1 1 1 1 1 1 1 1 1 1 1 1 1 1 1 1 1 1 1 1 1 1 1 1 1 1 1 1 1 1 1 1 1 1 1 1 1 1 1 1 1 1  0 0 0 # in R project
0 1 1 1 1 1 1 1 1 1 1 1 1 1 1 1 1 1 1 1 1 1 1 1 1 1 1 1 1 1 1 1 1 1 1 1 1 1 1 1 1 1 1 1 1 1 1 1 1 1 1 1 1 1 1 1 1 1 1 1 1 1 1 1 1 1 1 1 1 1 1 1 1 1 1 1 1 1 1 1 1 1 1 1 1 1 1 1 1 1 1 1 1 1 1 1 1 1 1 1 1 1 1 1 1 1 1 1 1 1 1 1 1 1 1 1 1 1 1 1 1 1 1 1 1 1 1 1 1 1 1 1 1 1  0 0 0 # in R/S project
# Number of years with pre-specified catches
0
# catches for years with pre-specified catches go next
# Number of future recruitments to override
-2
# Process for overiding (-1 for average otherwise index in data list)
# Which probability to product detailed results for (1=0.5; 2=0.6; etc.)
3
# Steepness sigma-R Auto-correlation
0.718 0.5 0
# Target SPR rate (FMSY Proxy); manually change to SPR_MSY if not using SPR_target
0.5
# Discount rate (for cumulative catch)
0.1
# Truncate the series when 0.4B0 is reached (1=Yes)
0
# Set F to FMSY once 0.4B0 is reached (1=Yes)
0
# Maximum possible F for projection (-1 to set to FMSY)
-1
# Defintion of recovery (1=now only;2=now or before)
2
# Projection type
4
# Definition of the 40-10 rule
10 40
# Sigma Assessment Error (Base, Year1, Slope, MaxSigma)
1.0 2025 0.075 2.0
# Pstar
0.45
# Constrain catches by the ABC (1=yes, 2=no)
2
# Implementation Error (0=no; 1=lognormal; 2=uniform)
0
#Parameters of Implementaion Error
1 0.3
# Calculate coefficients of variation (1=Yes)
0
# Number of replicates to use
10
# Random number seed
-99004
# File with multiple parameter vectors 
rebuild.SSO
# User-specific projection (1=Yes); Output replaced (1->9)
0  5
# Catches and Fs (Year; 1/2/3 (F or C or SPR); value); Final row is -1
2024 1 1
-1 -1 -1
# Fixed catch project (1=Yes); Output replaced (1->9); Approach (-1=Read in else 1-9)
0 2 -1
# (48a) Special catch options (1-Yes) [CUT_OFF, Emsy, distribution, MAXCAT, Add, replace_code]
0 0.18 1.00 1.00 0 6
# (48b) B1Target
150000
# Split of Fs
2011  0.0170042
 0
 0.395498
 0.024658
 0.190692
 0.198377
 0.173771
-1  1 1 1 1 1 1 1 1 1 1 1 1
# Yrs to define T_target for projection type 4 (a.k.a. 5 pre-specified inputs)
2030 2031 2032 2033 2034 
# Year for probability of recovery
2034 2035 2036 2037 2038 2039 2040 2041
# Time varying weight-at-age (1=Yes;0=No)
0
# File with time series of weight-at-age data
none
# Use bisection (0) or linear interpolation (1)
1
# Target Depletion
0.4
# CV of implementation error
0
