#Title, #runnumber: 1 yelloweye_data.ss yelloweye_control.ss 6141.36 1067.94 316.431 StartTime: Tue May 13 16:40:18 2025
SSv3_default_rebuild.dat
# Number of sexes
1
# Age range to consider (minimum age; maximum age)
0 100
# Number of fleets
7
# First year of projection (Yinit)
2011
# First Year of rebuilding period (Ydecl)
2013
# Number of simulations
1000
# Maximum number of years
500
# Conduct projections with multiple starting values (0=No;else yes)
0
# Number of parameter vectors
1000
# Is the maximum age a plus-group (1=Yes;2=No)
1
# Generate future recruitments using historical recruitments (1)  historical recruits/spawner (2)  or a stock-recruitment (3)
3
# Constant fishing mortality (1) or constant Catch (2) projections
1
# Fishing mortality based on SPR (1) or actual rate (2)
1
# Pre-specify the year of recovery (or -1) to ignore
-1
# Fecundity-at-age
# 0 1 2 3 4 5 6 7 8 9 10 11 12 13 14 15 16 17 18 19 20 21 22 23 24 25 26 27 28 29 30 31 32 33 34 35 36 37 38 39 40 41 42 43 44 45 46 47 48 49 50 51 52 53 54 55 56 57 58 59 60 61 62 63 64 65 66 67 68 69 70 71 72 73 74 75 76 77 78 79 80 81 82 83 84 85 86 87 88 89 90 91 92 93 94 95 96 97 98 99 100 #runnumber: 1 yelloweye_data.ss yelloweye_control.ss 6141.36 1067.94 316.431
 0 0 2.64599e-08 3.43741e-07 3.15296e-06 2.21708e-05 0.000124219 0.00055934 0.00201815 0.00587451 0.014097 0.0287148 0.0511345 0.0817135 0.119756 0.163823 0.212152 0.263012 0.314928 0.366772 0.417762 0.467406 0.515429 0.561704 0.606199 0.64893 0.689941 0.729283 0.767009 0.803167 0.837803 0.870959 0.902672 0.93298 0.961919 0.989526 1.01584 1.04089 1.06472 1.08737 1.10888 1.12929 1.14864 1.16698 1.18434 1.20076 1.21628 1.23096 1.24481 1.2579 1.27024 1.28187 1.29284 1.30318 1.31292 1.32208 1.33071 1.33883 1.34647 1.35365 1.3604 1.36675 1.37271 1.37831 1.38358 1.38852 1.39316 1.39752 1.40161 1.40545 1.40905 1.41252 1.41577 1.41882 1.42169 1.42437 1.42689 1.42926 1.43147 1.43355 1.4355 1.43732 1.43903 1.44064 1.44214 1.44355 1.44487 1.44611 1.44727 1.44836 1.44938 1.45033 1.45123 1.45207 1.45285 1.45359 1.45428 1.45492 1.45553 1.4561 1.45698 #female fecundity; weighted by N in year Y_init across morphs and areas
# Age specific selectivity and weight adjusted for discard and discard mortality
 #wt and selex for gender,fleet: 1 1 1_CA_TWL
 0.0107807 0.0210414 0.0584444 0.114254 0.187966 0.276717 0.377164 0.486262 0.60151 0.721014 0.843528 0.968444 1.09568 1.22545 1.35801 1.49346 1.63159 1.77189 1.91358 2.05575 2.19742 2.33767 2.47567 2.61073 2.7423 2.86998 2.99345 3.11252 3.22706 3.337 3.44232 3.54304 3.63922 3.73093 3.81828 3.90136 3.9803 4.05523 4.1263 4.19363 4.25739 4.31771 4.37475 4.42864 4.47953 4.52756 4.57287 4.61559 4.65585 4.69379 4.72951 4.76314 4.79478 4.82456 4.85256 4.87889 4.90364 4.9269 4.94875 4.96928 4.98857 5.00667 5.02368 5.03964 5.05462 5.06867 5.08187 5.09424 5.10586 5.11675 5.12706 5.13683 5.14599 5.15458 5.16263 5.17018 5.17726 5.1839 5.19012 5.19595 5.20142 5.20654 5.21134 5.21584 5.22006 5.22401 5.22771 5.23118 5.23444 5.23748 5.24034 5.24301 5.24552 5.24787 5.25006 5.25213 5.25406 5.25587 5.25756 5.25915 5.26163
 0 0.00134243 0.00477607 0.0150001 0.0378488 0.0793893 0.143208 0.228581 0.33041 0.44067 0.550536 0.652327 0.740752 0.813286 0.86982 0.911919 0.942018 0.962773 0.976629 0.985619 0.991305 0.994822 0.996956 0.998229 0.998979 0.999414 0.999665 0.999809 0.999891 0.999937 0.999964 0.999979 0.999987 0.999992 0.999995 0.999996 0.999997 0.999998 0.999998 0.999998 0.999998 0.999998 0.999998 0.999998 0.999998 0.999998 0.999998 0.999998 0.999998 0.999998 0.999998 0.999998 0.999998 0.999998 0.999998 0.999998 0.999998 0.999998 0.999998 0.999997 0.999997 0.999997 0.999997 0.999997 0.999997 0.999997 0.999997 0.999997 0.999997 0.999997 0.999997 0.999997 0.999997 0.999997 0.999997 0.999997 0.999997 0.999997 0.999997 0.999997 0.999997 0.999997 0.999997 0.999997 0.999997 0.999997 0.999997 0.999997 0.999997 0.999997 0.999997 0.999997 0.999997 0.999997 0.999997 0.999997 0.999997 0.999997 0.999997 0.999997 0.999997
 #wt and selex for gender,fleet: 1 3 3_CA_REC
 0.0107271 0.0200579 0.0543367 0.106234 0.175212 0.258916 0.354466 0.459144 0.570665 0.687321 0.808078 0.93255 1.06078 1.19294 1.32902 1.46871 1.61135 1.756 1.90159 2.04702 2.19127 2.33346 2.47286 2.6089 2.74113 2.86924 2.99299 3.11224 3.22689 3.33689 3.44225 3.543 3.6392 3.73092 3.81827 3.90135 3.98029 4.05523 4.12629 4.19363 4.25739 4.31771 4.37475 4.42864 4.47953 4.52756 4.57287 4.61559 4.65585 4.69379 4.72951 4.76314 4.79478 4.82456 4.85256 4.87889 4.90364 4.9269 4.94875 4.96928 4.98857 5.00667 5.02368 5.03964 5.05462 5.06867 5.08187 5.09424 5.10586 5.11675 5.12706 5.13683 5.14599 5.15458 5.16263 5.17018 5.17726 5.1839 5.19012 5.19595 5.20142 5.20654 5.21134 5.21584 5.22006 5.22401 5.22771 5.23118 5.23444 5.23748 5.24034 5.24301 5.24552 5.24787 5.25007 5.25213 5.25406 5.25587 5.25756 5.25915 5.26163
 0 0.0056396 0.0157597 0.0396575 0.0834708 0.150979 0.24121 0.348344 0.463409 0.576704 0.679982 0.767831 0.838037 0.891085 0.929204 0.955393 0.97268 0.98369 0.990484 0.994559 0.996944 0.99831 0.999077 0.999501 0.999732 0.999857 0.999924 0.99996 0.999978 0.999988 0.999994 0.999996 0.999998 0.999999 0.999999 0.999999 0.999999 0.999999 0.999999 0.999999 0.999999 0.999999 0.999999 0.999999 0.999999 0.999999 0.999999 0.999999 0.999999 0.999999 0.999999 0.999999 0.999999 0.999999 0.999999 0.999999 0.999999 0.999999 0.999999 0.999999 0.999999 0.999999 0.999999 0.999999 0.999999 0.999999 0.999999 0.999999 0.999999 0.999999 0.999999 0.999999 0.999999 0.999999 0.999999 0.999999 0.999999 0.999999 0.999999 0.999999 0.999999 0.999999 0.999999 0.999999 0.999999 0.999999 0.999999 0.999999 0.999999 0.999999 0.999999 0.999999 0.999999 0.999999 0.999999 0.999999 0.999999 0.999999 0.999999 0.999999 0.999999
 #wt and selex for gender,fleet: 1 4 4_ORWA_TWL
 0.0106733 0.0190617 0.0500179 0.0983166 0.16374 0.244664 0.338793 0.443732 0.557264 0.677469 0.802798 0.932126 1.06473 1.2002 1.33827 1.47864 1.6209 1.76447 1.90863 2.05257 2.19545 2.33649 2.47498 2.61034 2.74209 2.86987 2.9934 3.1125 3.22705 3.33699 3.44232 3.54304 3.63922 3.73094 3.81828 3.90136 3.9803 4.05523 4.1263 4.19363 4.25739 4.31771 4.37475 4.42864 4.47953 4.52756 4.57287 4.61559 4.65585 4.69379 4.72951 4.76314 4.79478 4.82456 4.85256 4.87889 4.90364 4.9269 4.94875 4.96928 4.98857 5.00667 5.02368 5.03964 5.05462 5.06867 5.08187 5.09424 5.10586 5.11675 5.12706 5.13683 5.14599 5.15458 5.16263 5.17018 5.17726 5.1839 5.19012 5.19595 5.20142 5.20654 5.21134 5.21584 5.22006 5.22401 5.22771 5.23118 5.23444 5.23748 5.24034 5.24301 5.24552 5.24787 5.25006 5.25213 5.25406 5.25587 5.25756 5.25915 5.26163
 0 0.0153766 0.0332721 0.0663976 0.117221 0.186198 0.270824 0.366187 0.466121 0.564426 0.655811 0.736488 0.80438 0.859027 0.901231 0.932607 0.955131 0.970794 0.981375 0.98834 0.992818 0.995639 0.997384 0.998446 0.999085 0.999464 0.999687 0.999818 0.999894 0.999938 0.999963 0.999978 0.999986 0.999991 0.999994 0.999996 0.999997 0.999997 0.999998 0.999998 0.999998 0.999998 0.999998 0.999998 0.999998 0.999998 0.999998 0.999998 0.999998 0.999998 0.999998 0.999998 0.999998 0.999998 0.999998 0.999998 0.999997 0.999997 0.999997 0.999997 0.999997 0.999997 0.999997 0.999997 0.999997 0.999997 0.999997 0.999997 0.999997 0.999997 0.999997 0.999997 0.999997 0.999997 0.999997 0.999997 0.999997 0.999997 0.999997 0.999997 0.999997 0.999997 0.999997 0.999997 0.999997 0.999997 0.999997 0.999997 0.999997 0.999997 0.999997 0.999997 0.999997 0.999997 0.999997 0.999997 0.999997 0.999997 0.999997 0.999997 0.999997
 #wt and selex for gender,fleet: 1 5 5_ORWA_NONTWL
 0.010733 0.0201923 0.0554461 0.109862 0.183582 0.274571 0.379939 0.496712 0.622173 0.753997 0.890255 1.02939 1.17013 1.31152 1.45277 1.59333 1.73278 1.87085 2.00733 2.14205 2.27486 2.4056 2.53408 2.66009 2.78339 2.90374 3.02089 3.13462 3.24473 3.35104 3.45343 3.55181 3.64613 3.73637 3.82256 3.90474 3.98297 4.05735 4.12799 4.19499 4.25848 4.31859 4.37546 4.42922 4.48001 4.52796 4.5732 4.61587 4.65609 4.69399 4.72968 4.76329 4.79491 4.82467 4.85266 4.87898 4.90372 4.92697 4.94882 4.96934 4.98862 5.00672 5.02372 5.03968 5.05465 5.06871 5.0819 5.09428 5.10589 5.11678 5.12709 5.13686 5.14601 5.1546 5.16266 5.17021 5.17729 5.18392 5.19014 5.19597 5.20144 5.20656 5.21136 5.21586 5.22008 5.22403 5.22773 5.2312 5.23446 5.2375 5.24036 5.24303 5.24554 5.24788 5.25008 5.25214 5.25408 5.25588 5.25758 5.25917 5.26165
 0 0.000903756 0.00264734 0.00720039 0.0167172 0.0337874 0.0607638 0.0991252 0.149083 0.209528 0.278274 0.352462 0.428997 0.504928 0.577713 0.645384 0.706596 0.760609 0.807206 0.846589 0.879259 0.905906 0.927311 0.944273 0.957551 0.967835 0.975729 0.98174 0.986289 0.989713 0.99228 0.9942 0.995634 0.996703 0.997502 0.998098 0.998545 0.998881 0.999134 0.999325 0.99947 0.999582 0.999667 0.999733 0.999784 0.999824 0.999855 0.99988 0.9999 0.999916 0.999929 0.999939 0.999948 0.999955 0.999961 0.999965 0.999969 0.999973 0.999976 0.999978 0.99998 0.999982 0.999984 0.999985 0.999986 0.999987 0.999988 0.999989 0.999989 0.99999 0.99999 0.999991 0.999991 0.999991 0.999991 0.999992 0.999992 0.999992 0.999992 0.999992 0.999992 0.999993 0.999993 0.999993 0.999993 0.999993 0.999993 0.999993 0.999993 0.999993 0.999993 0.999993 0.999993 0.999993 0.999994 0.999994 0.999994 0.999994 0.999994 0.999994 0.999994
 #wt and selex for gender,fleet: 1 6 6_OR_REC
 0.0112247 0.0280302 0.0783077 0.146244 0.229004 0.320818 0.417206 0.515476 0.614881 0.716422 0.82207 0.933842 1.05311 1.18026 1.31472 1.45516 1.59984 1.74698 1.89493 2.04231 2.18802 2.33124 2.47131 2.60776 2.74024 2.86849 2.99231 3.11158 3.22623 3.33623 3.44157 3.5423 3.63848 3.73018 3.81751 3.90058 3.97951 4.05443 4.12548 4.19281 4.25656 4.31687 4.3739 4.42778 4.47866 4.52668 4.57199 4.6147 4.65496 4.69289 4.72861 4.76223 4.79387 4.82364 4.85164 4.87797 4.90272 4.92598 4.94783 4.96836 4.98764 5.00574 5.02274 5.0387 5.05368 5.06774 5.08093 5.09331 5.10492 5.11581 5.12612 5.13588 5.14504 5.15363 5.16168 5.16922 5.1763 5.18294 5.18915 5.19498 5.20045 5.20557 5.21037 5.21487 5.21908 5.22303 5.22673 5.2302 5.23345 5.2365 5.23935 5.24202 5.24453 5.24688 5.24908 5.25114 5.25307 5.25487 5.25657 5.25815 5.26063
 0 3.94021e-05 0.000524197 0.00421774 0.0200723 0.0636922 0.148547 0.27435 0.424659 0.575688 0.707654 0.810625 0.883879 0.932157 0.961997 0.979452 0.98918 0.994365 0.997008 0.998287 0.998859 0.999076 0.999118 0.999077 0.998997 0.9989 0.998795 0.998689 0.998583 0.998479 0.998378 0.99828 0.998185 0.998094 0.998006 0.997922 0.997841 0.997764 0.997691 0.997621 0.997555 0.997492 0.997432 0.997375 0.997321 0.997271 0.997223 0.997177 0.997134 0.997094 0.997056 0.99702 0.996986 0.996954 0.996924 0.996895 0.996869 0.996844 0.99682 0.996798 0.996777 0.996757 0.996739 0.996722 0.996706 0.99669 0.996676 0.996663 0.99665 0.996638 0.996627 0.996616 0.996606 0.996597 0.996588 0.99658 0.996572 0.996565 0.996558 0.996552 0.996546 0.99654 0.996535 0.99653 0.996526 0.996521 0.996517 0.996513 0.99651 0.996507 0.996503 0.9965 0.996498 0.996495 0.996493 0.996491 0.996488 0.996486 0.996485 0.996483 0.99648
 #wt and selex for gender,fleet: 1 7 7_WA_REC
 0.0110886 0.0262067 0.075434 0.145446 0.234877 0.338456 0.451223 0.569295 0.689917 0.81132 0.932598 1.05359 1.17472 1.29674 1.42046 1.54654 1.67535 1.80687 1.94071 2.07617 2.21236 2.34831 2.48307 2.61577 2.74567 2.87219 2.99489 3.11344 3.22765 3.33737 3.44255 3.54319 3.63932 3.73099 3.81831 3.90138 3.98031 4.05524 4.1263 4.19364 4.2574 4.31772 4.37475 4.42864 4.47953 4.52756 4.57287 4.61559 4.65585 4.69379 4.72951 4.76314 4.79478 4.82456 4.85256 4.87889 4.90364 4.9269 4.94875 4.96928 4.98857 5.00667 5.02368 5.03964 5.05462 5.06867 5.08187 5.09424 5.10586 5.11675 5.12706 5.13683 5.14599 5.15458 5.16263 5.17018 5.17726 5.1839 5.19012 5.19595 5.20142 5.20654 5.21134 5.21584 5.22006 5.22401 5.22771 5.23118 5.23444 5.23748 5.24034 5.24301 5.24552 5.24787 5.25007 5.25213 5.25406 5.25587 5.25756 5.25915 5.26163
 0 1.08188e-05 0.000110839 0.000817348 0.00398814 0.0139149 0.0371965 0.0805643 0.147747 0.23741 0.343302 0.45625 0.566801 0.667362 0.75325 0.822716 0.876296 0.915945 0.944235 0.963786 0.976923 0.985535 0.991061 0.994542 0.996699 0.998019 0.998818 0.999297 0.999583 0.999752 0.999853 0.999912 0.999947 0.999968 0.99998 0.999988 0.999992 0.999995 0.999997 0.999998 0.999998 0.999999 0.999999 0.999999 0.999999 0.999999 0.999999 0.999999 0.999999 0.999999 0.999999 0.999999 0.999999 0.999999 0.999999 0.999999 0.999999 0.999999 0.999999 0.999999 0.999999 0.999999 0.999999 0.999999 0.999999 0.999999 0.999999 0.999999 0.999999 0.999999 0.999999 0.999999 0.999999 0.999999 0.999999 0.999999 0.999999 0.999999 0.999999 0.999999 0.999999 0.999999 0.999999 0.999999 0.999999 0.999999 0.999999 0.999999 0.999999 0.999999 0.999999 0.999999 0.999999 0.999999 0.999999 0.999999 0.999999 0.999999 0.999999 0.999999 0.999999
# Sex ratio correction
1
# M and current age-structure in year Yinit: 2011
 # gender = 1
 0.0439034 0.0439034 0.0439034 0.0439034 0.0439034 0.0439034 0.0439034 0.0439034 0.0439034 0.0439034 0.0439034 0.0439034 0.0439034 0.0439034 0.0439034 0.0439034 0.0439034 0.0439034 0.0439034 0.0439034 0.0439034 0.0439034 0.0439034 0.0439034 0.0439034 0.0439034 0.0439034 0.0439034 0.0439034 0.0439034 0.0439034 0.0439034 0.0439034 0.0439034 0.0439034 0.0439034 0.0439034 0.0439034 0.0439034 0.0439034 0.0439034 0.0439034 0.0439034 0.0439034 0.0439034 0.0439034 0.0439034 0.0439034 0.0439034 0.0439034 0.0439034 0.0439034 0.0439034 0.0439034 0.0439034 0.0439034 0.0439034 0.0439034 0.0439034 0.0439034 0.0439034 0.0439034 0.0439034 0.0439034 0.0439034 0.0439034 0.0439034 0.0439034 0.0439034 0.0439034 0.0439034 0.0439034 0.0439034 0.0439034 0.0439034 0.0439034 0.0439034 0.0439034 0.0439034 0.0439034 0.0439034 0.0439034 0.0439034 0.0439034 0.0439034 0.0439034 0.0439034 0.0439034 0.0439034 0.0439034 0.0439034 0.0439034 0.0439034 0.0439034 0.0439034 0.0439034 0.0439034 0.0439034 0.0439034 0.0439034 0.0439034
 295.477 288.792 234.357 283.941 149.824 103.379 72.8049 53.7308 109.138 186.724 76.0272 54.4449 90.9936 51.4876 30.2645 24.493 24.6336 47.295 58.2325 24.7012 18.2663 18.7044 20.0417 20.3659 20.4592 19.9765 22.7053 27.0488 21.9162 23.2317 16.2141 10.9945 7.57501 5.77731 6.07 5.60137 5.28654 3.32537 3.04858 3.62255 5.72119 3.85415 2.87954 2.11368 1.59785 1.29104 0.981296 0.793298 0.746112 0.795099 0.891028 0.947292 0.89016 0.771619 0.661157 0.582541 0.53859 0.525476 0.539694 0.579881 0.642066 0.709437 0.742959 0.708314 0.627065 0.54304 0.474577 0.42308 0.385122 0.356434 0.334093 0.316101 0.301224 0.288519 0.276986 0.265744 0.254177 0.242185 0.230048 0.218261 0.207269 0.197345 0.188534 0.180774 0.173883 0.16764 0.161846 0.156336 0.150974 0.145677 0.140394 0.135101 0.129803 0.124544 0.119319 0.114106 0.109046 0.104164 0.0994727 0.0949858 2.08458
# Age-structure at Ydeclare= 2013
 159.545 131.505 270.636 264.506 214.634 260.005 137.151 94.5842 66.5585 49.0714 99.5602 170.138 69.1974 49.505 82.6683 46.7448 27.4618 22.2154 22.3358 42.8732 52.7788 22.385 16.5519 16.9477 18.1583 18.4512 18.5348 18.0966 20.5674 24.5005 19.8501 21.0401 14.6834 9.95585 6.85894 5.23085 5.49554 5.07098 4.78571 3.01018 2.75948 3.27886 5.17814 3.48814 2.60596 1.91278 1.44592 1.16824 0.887932 0.7178 0.67509 0.719398 0.806181 0.857076 0.805375 0.698119 0.598175 0.527045 0.487279 0.475413 0.488275 0.524631 0.580889 0.641839 0.672164 0.640819 0.567311 0.491291 0.429352 0.382761 0.34842 0.322465 0.302253 0.285975 0.272515 0.261022 0.250588 0.240417 0.229952 0.219103 0.208123 0.197459 0.187515 0.178537 0.170565 0.163546 0.157311 0.151663 0.146422 0.141436 0.136586 0.131793 0.127014 0.122226 0.117433 0.112675 0.107948 0.103232 0.0986544 0.0942371 2.06186
# Year for Tmin Age-structure (set to Ydecl by SS)
2013
#  recruitment and biomass
# Number of historical assessment years
137
# Historical data
# year recruitment spawner in B0 in R project in R/S project
1888  1889 1890 1891 1892 1893 1894 1895 1896 1897 1898 1899 1900 1901 1902 1903 1904 1905 1906 1907 1908 1909 1910 1911 1912 1913 1914 1915 1916 1917 1918 1919 1920 1921 1922 1923 1924 1925 1926 1927 1928 1929 1930 1931 1932 1933 1934 1935 1936 1937 1938 1939 1940 1941 1942 1943 1944 1945 1946 1947 1948 1949 1950 1951 1952 1953 1954 1955 1956 1957 1958 1959 1960 1961 1962 1963 1964 1965 1966 1967 1968 1969 1970 1971 1972 1973 1974 1975 1976 1977 1978 1979 1980 1981 1982 1983 1984 1985 1986 1987 1988 1989 1990 1991 1992 1993 1994 1995 1996 1997 1998 1999 2000 2001 2002 2003 2004 2005 2006 2007 2008 2009 2010 2011 2012 2013 2014 2015 2016 2017 2018 2019 2020 2021 2022 2023 2024 #years (with first value representing R0)
207.951 207.507 207.494 207.481 207.467 207.445 207.423 207.399 207.381 207.364 207.346 207.329 207.308 207.289 207.273 207.247 207.223 207.202 207.187 207.186 207.191 207.2 207.215 207.233 207.249 207.243 207.193 207.06 206.808 206.392 205.583 204.454 203.041 201.307 199.273 197.001 194.569 192.085 189.692 187.54 185.783 184.562 183.948 183.881 184.213 184.632 184.754 184.236 182.963 181.113 179.163 177.666 177.133 177.935 180.495 185.495 193.875 206.935 225.329 247.589 266.078 265.474 241.067 207.424 178.055 157.462 145.629 141.727 145.481 156.6 173.204 189.17 190.347 169.022 142.102 125.326 124.849 144.129 176.162 201.407 244.495 303.321 366.583 486.791 273.051 201.556 190.967 261.207 235.969 216.157 172.519 188.306 226.093 274.444 322.51 249.127 252.074 174.11 126.968 108.858 91.8359 77.6742 63.2794 54.7914 66.7217 143.718 108.016 52.5852 49.2437 57.5946 93.0602 156.504 89.2291 118.834 278.571 155.519 73.1785 94.8195 128.799 178.608 323.927 255.867 301.754 295.477 137.407 159.545 193.269 215.983 188.192 158.27 153.244 142.155 141.013 149.789 154.847 160.915 166.087  #recruits; first value is R0 (virgin)
1067.94  1067.94 1067.93 1067.92 1067.89 1067.43 1066.97 1066.5 1066.35 1066.28 1066.19 1066.11 1066.01 1065.89 1065.75 1065.59 1065.4 1065.19 1064.96 1064.72 1064.45 1064.05 1063.74 1063.41 1063.07 1062.71 1062.33 1061.94 1061.45 1061.03 1060.43 1057.76 1056.67 1055.69 1054.77 1054.13 1053.4 1052.12 1050.47 1048.01 1044.82 1041.71 1039.05 1036.04 1034.04 1032.18 1030.3 1027.86 1025.38 1021.88 1018.64 1015.07 1012.11 1007.99 1002.37 996.399 985.952 974.885 958.655 943.745 936.667 928.684 922.561 915.846 907.647 900.651 895.579 889.472 883.873 878.333 871.759 865.902 861.145 857.551 855.816 853.428 852.635 853.206 844.279 842.452 838.725 835.035 822.364 814.3 803.012 788.477 772.439 754.656 737.736 718.064 698.724 667.008 633.438 608.509 576.032 521.705 475.347 448.734 412.7 383.755 356.418 332.841 302.953 281.954 248.704 218.562 189.836 174.162 158.171 140.537 120.208 114.004 103.555 104.984 106.136 111.037 116.183 121.682 127.174 132.979 138.428 144.371 150.42 157.33 164.615 172.224 180.625 189.801 199.263 209.655 219.793 230.984 242.806 256.319 270.769 284.954 299.285 #spbio; first value is SSB_virgin (virgin)
1 0 0 0 0 0 0 0 0 0 0 0 0 0 0 0 0 0 0 0 0 0 0 0 0 0 0 0 0 0 0 0 0 0 0 0 0 0 0 0 0 0 0 0 0 0 0 0 0 0 0 0 0 0 0 0 0 0 0 0 0 0 0 0 0 0 0 0 0 0 0 0 0 0 0 0 0 0 0 0 0 0 0 0 0 0 0 0 0 0 0 0 0 0 0 0 0 0 0 0 0 0 0 0 0 0 0 0 0 0 0 0 0 0 0 0 0 0 0 0 0 0 0 0 0 0 0 0 0 0 0 0 0 0 0 0 0  # in Bzero
0 1 1 1 1 1 1 1 1 1 1 1 1 1 1 1 1 1 1 1 1 1 1 1 1 1 1 1 1 1 1 1 1 1 1 1 1 1 1 1 1 1 1 1 1 1 1 1 1 1 1 1 1 1 1 1 1 1 1 1 1 1 1 1 1 1 1 1 1 1 1 1 1 1 1 1 1 1 1 1 1 1 1 1 1 1 1 1 1 1 1 1 1 1 1 1 1 1 1 1 1 1 1 1 1 1 1 1 1 1 1 1 1 1 1 1 1 1 1 1 1 1 1 1 1 1 1 1 1 1 1 1 1 1  0 0 0 # in R project
0 1 1 1 1 1 1 1 1 1 1 1 1 1 1 1 1 1 1 1 1 1 1 1 1 1 1 1 1 1 1 1 1 1 1 1 1 1 1 1 1 1 1 1 1 1 1 1 1 1 1 1 1 1 1 1 1 1 1 1 1 1 1 1 1 1 1 1 1 1 1 1 1 1 1 1 1 1 1 1 1 1 1 1 1 1 1 1 1 1 1 1 1 1 1 1 1 1 1 1 1 1 1 1 1 1 1 1 1 1 1 1 1 1 1 1 1 1 1 1 1 1 1 1 1 1 1 1 1 1 1 1 1 1  0 0 0 # in R/S project
# Number of years with pre-specified catches
0
# catches for years with pre-specified catches go next
# Number of future recruitments to override
-2
# Process for overiding (-1 for average otherwise index in data list)
# Which probability to product detailed results for (1=0.5; 2=0.6; etc.)
3
# Steepness sigma-R Auto-correlation
0.718 0.5 0
# Target SPR rate (FMSY Proxy); manually change to SPR_MSY if not using SPR_target
0.5
# Discount rate (for cumulative catch)
0.1
# Truncate the series when 0.4B0 is reached (1=Yes)
0
# Set F to FMSY once 0.4B0 is reached (1=Yes)
0
# Maximum possible F for projection (-1 to set to FMSY)
-1
# Defintion of recovery (1=now only;2=now or before)
2
# Projection type
4
# Definition of the 40-10 rule
10 40
# Sigma Assessment Error (Base, Year1, Slope, MaxSigma)
1.0 2025 0.075 2.0
# Pstar
0.45
# Constrain catches by the ABC (1=yes, 2=no)
2
# Implementation Error (0=no; 1=lognormal; 2=uniform)
0
#Parameters of Implementaion Error
1 0.3
# Calculate coefficients of variation (1=Yes)
0
# Number of replicates to use
10
# Random number seed
-99004
# File with multiple parameter vectors 
rebuild.SSO
# User-specific projection (1=Yes); Output replaced (1->9)
0  5
# Catches and Fs (Year; 1/2/3 (F or C or SPR); value); Final row is -1
2024 1 1
-1 -1 -1
# Fixed catch project (1=Yes); Output replaced (1->9); Approach (-1=Read in else 1-9)
0 2 -1
# (48a) Special catch options (1-Yes) [CUT_OFF, Emsy, distribution, MAXCAT, Add, replace_code]
0 0.18 1.00 1.00 0 6
# (48b) B1Target
150000
# Split of Fs
2011  0.0161111
 0
 0.381362
 0.0243107
 0.198211
 0.199577
 0.180428
-1  1 1 1 1 1 1 1 1 1 1 1 1
# Yrs to define T_target for projection type 4 (a.k.a. 5 pre-specified inputs)
2030 2031 2032 2033 2034 
# Year for probability of recovery
2034 2035 2036 2037 2038 2039 2040 2041
# Time varying weight-at-age (1=Yes;0=No)
0
# File with time series of weight-at-age data
none
# Use bisection (0) or linear interpolation (1)
1
# Target Depletion
0.4
# CV of implementation error
0
