#Title, #runnumber: 1 yelloweye_data.ss yelloweye_control.ss 7239.81 1113.22 381.23 StartTime: Tue May 13 05:23:20 2025
SSv3_default_rebuild.dat
# Number of sexes
1
# Age range to consider (minimum age; maximum age)
0 100
# Number of fleets
7
# First year of projection (Yinit)
2011
# First Year of rebuilding period (Ydecl)
2013
# Number of simulations
1000
# Maximum number of years
500
# Conduct projections with multiple starting values (0=No;else yes)
0
# Number of parameter vectors
1000
# Is the maximum age a plus-group (1=Yes;2=No)
1
# Generate future recruitments using historical recruitments (1)  historical recruits/spawner (2)  or a stock-recruitment (3)
3
# Constant fishing mortality (1) or constant Catch (2) projections
1
# Fishing mortality based on SPR (1) or actual rate (2)
1
# Pre-specify the year of recovery (or -1) to ignore
-1
# Fecundity-at-age
# 0 1 2 3 4 5 6 7 8 9 10 11 12 13 14 15 16 17 18 19 20 21 22 23 24 25 26 27 28 29 30 31 32 33 34 35 36 37 38 39 40 41 42 43 44 45 46 47 48 49 50 51 52 53 54 55 56 57 58 59 60 61 62 63 64 65 66 67 68 69 70 71 72 73 74 75 76 77 78 79 80 81 82 83 84 85 86 87 88 89 90 91 92 93 94 95 96 97 98 99 100 #runnumber: 1 yelloweye_data.ss yelloweye_control.ss 7239.81 1113.22 381.23
 0 0 2.60071e-09 5.48669e-08 7.05981e-07 6.38563e-06 4.41911e-05 0.000244101 0.00108948 0.00390609 0.0112306 0.0262994 0.0516193 0.0877322 0.133108 0.184987 0.240413 0.296923 0.352798 0.407001 0.459009 0.508623 0.555824 0.60068 0.643289 0.683755 0.722173 0.75863 0.793202 0.825959 0.856966 0.886286 0.91398 0.94011 0.964735 0.987919 1.00972 1.03021 1.04944 1.06747 1.08437 1.10019 1.11499 1.12883 1.14176 1.15383 1.1651 1.17561 1.18541 1.19454 1.20305 1.21097 1.21834 1.22521 1.23159 1.23753 1.24305 1.24818 1.25294 1.25737 1.26149 1.26531 1.26886 1.27216 1.27522 1.27806 1.28069 1.28314 1.28541 1.28751 1.28947 1.29131 1.29302 1.2946 1.29607 1.29743 1.2987 1.29987 1.30096 1.30196 1.3029 1.30377 1.30457 1.30531 1.306 1.30664 1.30724 1.30779 1.3083 1.30877 1.30921 1.30961 1.30999 1.31034 1.31066 1.31096 1.31124 1.3115 1.31173 1.31195 1.31228 #female fecundity; weighted by N in year Y_init across morphs and areas
# Age specific selectivity and weight adjusted for discard and discard mortality
 #wt and selex for gender,fleet: 1 1 1_CA_TWL
 0.00896707 0.00907295 0.0272534 0.068509 0.130682 0.212909 0.312362 0.42569 0.549612 0.681194 0.817996 0.958242 1.10096 1.24589 1.39303 1.54221 1.69284 1.84394 1.99431 2.14275 2.28818 2.42972 2.56669 2.69862 2.82518 2.94618 3.06153 3.1712 3.27525 3.37376 3.46686 3.5547 3.63746 3.71534 3.78852 3.85722 3.92164 3.982 4.0385 4.09135 4.14075 4.18689 4.22996 4.27015 4.30763 4.34256 4.3751 4.4054 4.43361 4.45987 4.48429 4.50701 4.52813 4.54776 4.56601 4.58296 4.59871 4.61334 4.62692 4.63954 4.65124 4.66211 4.6722 4.68156 4.69025 4.6983 4.70578 4.71272 4.71915 4.72512 4.73069 4.73588 4.7407 4.74517 4.74931 4.75315 4.75672 4.76002 4.76308 4.76592 4.76855 4.77099 4.77325 4.77535 4.77729 4.77909 4.78076 4.78231 4.78374 4.78507 4.7863 4.78745 4.7885 4.78949 4.79039 4.79124 4.79202 4.79274 4.79341 4.79403 4.79494
 0 0.00105363 0.00233866 0.00900754 0.0271404 0.0651677 0.129896 0.222586 0.337531 0.463763 0.588526 0.700741 0.793331 0.863941 0.914135 0.947712 0.969061 0.98209 0.989792 0.994238 0.996763 0.998181 0.998974 0.999417 0.999665 0.999805 0.999885 0.99993 0.999957 0.999973 0.999982 0.999988 0.999992 0.999994 0.999995 0.999996 0.999997 0.999997 0.999997 0.999997 0.999997 0.999997 0.999997 0.999997 0.999997 0.999997 0.999997 0.999997 0.999997 0.999997 0.999997 0.999997 0.999997 0.999997 0.999997 0.999997 0.999997 0.999997 0.999997 0.999997 0.999997 0.999997 0.999997 0.999997 0.999997 0.999997 0.999997 0.999997 0.999997 0.999997 0.999997 0.999997 0.999997 0.999997 0.999997 0.999997 0.999997 0.999997 0.999997 0.999997 0.999997 0.999997 0.999997 0.999997 0.999997 0.999997 0.999997 0.999997 0.999997 0.999997 0.999997 0.999997 0.999997 0.999997 0.999997 0.999997 0.999997 0.999997 0.999997 0.999997 0.999997
 #wt and selex for gender,fleet: 1 3 3_CA_REC
 0.00896707 0.00907289 0.0263523 0.0658569 0.125525 0.204583 0.300474 0.410112 0.530432 0.658688 0.792734 0.931319 1.07405 1.22085 1.37137 1.52473 1.67957 1.83438 1.98771 2.13835 2.28531 2.42789 2.56553 2.69789 2.82473 2.9459 3.06135 3.17109 3.27517 3.37371 3.46682 3.55468 3.63745 3.71533 3.78851 3.85721 3.92164 3.982 4.0385 4.09135 4.14075 4.18689 4.22996 4.27015 4.30763 4.34256 4.3751 4.4054 4.43362 4.45987 4.48429 4.50701 4.52813 4.54777 4.56601 4.58296 4.59871 4.61334 4.62692 4.63954 4.65125 4.66211 4.6722 4.68156 4.69025 4.69831 4.70578 4.71272 4.71915 4.72512 4.73069 4.73588 4.7407 4.74517 4.74931 4.75316 4.75672 4.76002 4.76308 4.76592 4.76855 4.77099 4.77325 4.77535 4.77729 4.77909 4.78076 4.78231 4.78374 4.78507 4.78631 4.78745 4.78851 4.78949 4.7904 4.79124 4.79202 4.79274 4.79341 4.79403 4.79494
 0 0.00394469 0.00804421 0.0250638 0.0629376 0.129709 0.227443 0.349891 0.484335 0.615865 0.731702 0.824127 0.89136 0.936338 0.964319 0.980703 0.989844 0.994757 0.997326 0.998644 0.999313 0.99965 0.999821 0.999907 0.999951 0.999974 0.999985 0.999992 0.999995 0.999997 0.999998 0.999999 0.999999 0.999999 0.999999 0.999999 0.999999 0.999999 0.999999 0.999999 0.999999 0.999999 0.999999 0.999999 0.999999 0.999999 0.999999 0.999999 0.999999 0.999999 0.999999 0.999999 0.999999 0.999999 0.999999 0.999999 0.999999 0.999999 0.999999 0.999999 0.999999 0.999999 0.999999 0.999999 0.999999 0.999999 0.999999 0.999999 0.999999 0.999999 0.999999 0.999999 0.999999 0.999999 0.999999 0.999999 0.999999 0.999999 0.999999 0.999999 0.999999 0.999999 0.999999 0.999999 0.999999 0.999999 0.999999 0.999999 0.999999 0.999999 0.999999 0.999999 0.999999 0.999999 0.999999 0.999999 0.999999 0.999999 0.999999 0.999999 0.999999
 #wt and selex for gender,fleet: 1 4 4_ORWA_TWL
 0.00896707 0.0090728 0.0251493 0.0624442 0.1195 0.195901 0.289651 0.398095 0.518423 0.647954 0.784347 0.925833 1.07133 1.22024 1.37204 1.52593 1.68082 1.83545 1.98852 2.13892 2.2857 2.42813 2.56569 2.69799 2.82479 2.94593 3.06137 3.1711 3.27518 3.37371 3.46683 3.55468 3.63745 3.71533 3.78851 3.85721 3.92164 3.982 4.0385 4.09135 4.14075 4.18689 4.22996 4.27015 4.30763 4.34255 4.3751 4.4054 4.43361 4.45987 4.48429 4.50701 4.52813 4.54776 4.56601 4.58296 4.59871 4.61334 4.62692 4.63954 4.65124 4.66211 4.6722 4.68156 4.69025 4.6983 4.70578 4.71272 4.71915 4.72512 4.73068 4.73588 4.7407 4.74517 4.74931 4.75315 4.75672 4.76002 4.76308 4.76592 4.76855 4.77099 4.77325 4.77535 4.77729 4.77909 4.78076 4.78231 4.78374 4.78507 4.7863 4.78745 4.7885 4.78948 4.79039 4.79124 4.79202 4.79274 4.79341 4.79403 4.79494
 0 0.0127657 0.0232982 0.0546294 0.109307 0.189709 0.292797 0.410518 0.532229 0.647477 0.748102 0.829364 0.890204 0.932603 0.960295 0.977393 0.98747 0.993192 0.996351 0.998059 0.99897 0.999452 0.999707 0.999841 0.999913 0.999951 0.999972 0.999983 0.999989 0.999993 0.999995 0.999996 0.999996 0.999997 0.999997 0.999997 0.999997 0.999997 0.999997 0.999997 0.999997 0.999997 0.999996 0.999996 0.999996 0.999996 0.999996 0.999996 0.999996 0.999996 0.999996 0.999996 0.999996 0.999996 0.999996 0.999996 0.999996 0.999996 0.999996 0.999996 0.999996 0.999996 0.999996 0.999996 0.999996 0.999996 0.999996 0.999996 0.999996 0.999996 0.999996 0.999996 0.999996 0.999996 0.999995 0.999995 0.999995 0.999995 0.999995 0.999995 0.999995 0.999995 0.999995 0.999995 0.999995 0.999995 0.999995 0.999995 0.999995 0.999995 0.999995 0.999995 0.999995 0.999995 0.999995 0.999995 0.999995 0.999995 0.999995 0.999995 0.999995
 #wt and selex for gender,fleet: 1 5 5_ORWA_NONTWL
 0.00896707 0.0090729 0.0266197 0.0671378 0.129108 0.212234 0.314189 0.43189 0.5621 0.701758 0.848126 0.998841 1.15191 1.3057 1.45891 1.61062 1.76017 1.90716 2.05134 2.19248 2.33035 2.46468 2.59517 2.7215 2.84339 2.96058 3.07287 3.18012 3.28227 3.37929 3.47124 3.55819 3.64026 3.7176 3.79036 3.85872 3.92288 3.98304 4.03937 4.09209 4.14138 4.18743 4.23044 4.27056 4.30799 4.34288 4.37539 4.40566 4.43385 4.46008 4.48449 4.50719 4.5283 4.54792 4.56616 4.5831 4.59884 4.61346 4.62704 4.63965 4.65135 4.66222 4.6723 4.68166 4.69034 4.6984 4.70587 4.7128 4.71923 4.7252 4.73077 4.73596 4.74078 4.74525 4.74939 4.75323 4.75679 4.76009 4.76316 4.76599 4.76862 4.77106 4.77332 4.77542 4.77736 4.77916 4.78083 4.78238 4.78381 4.78514 4.78637 4.78752 4.78857 4.78955 4.79046 4.79131 4.79209 4.79281 4.79348 4.7941 4.79501
 0 0.000643258 0.00134209 0.00453383 0.0126555 0.0294557 0.0588797 0.103731 0.164636 0.239739 0.325171 0.415947 0.506944 0.593666 0.672707 0.741929 0.800411 0.848255 0.886297 0.915805 0.938222 0.95496 0.967289 0.976277 0.982783 0.98747 0.990841 0.993266 0.995013 0.996276 0.997194 0.997865 0.998359 0.998725 0.998999 0.999205 0.999362 0.999483 0.999576 0.999649 0.999706 0.999751 0.999788 0.999817 0.999841 0.999861 0.999877 0.99989 0.999902 0.999911 0.999919 0.999926 0.999932 0.999937 0.999942 0.999945 0.999949 0.999952 0.999954 0.999956 0.999958 0.99996 0.999962 0.999963 0.999965 0.999966 0.999967 0.999968 0.999968 0.999969 0.99997 0.99997 0.999971 0.999971 0.999971 0.999972 0.999972 0.999972 0.999973 0.999973 0.999973 0.999973 0.999973 0.999974 0.999974 0.999974 0.999974 0.999974 0.999974 0.999974 0.999974 0.999974 0.999975 0.999975 0.999975 0.999975 0.999975 0.999975 0.999975 0.999975 0.999975
 #wt and selex for gender,fleet: 1 6 6_OR_REC
 0.00896707 0.00907367 0.0342283 0.0841944 0.15504 0.242638 0.341671 0.447644 0.55768 0.671502 0.791288 0.919694 1.05784 1.20475 1.35802 1.51489 1.67288 1.83006 1.98499 2.13662 2.28417 2.42707 2.56488 2.69732 2.82418 2.94535 3.06078 3.1705 3.27456 3.37307 3.46616 3.55399 3.63673 3.71459 3.78775 3.85643 3.92084 3.98118 4.03767 4.0905 4.13988 4.18601 4.22907 4.26925 4.30671 4.34163 4.37417 4.40446 4.43267 4.45891 4.48333 4.50604 4.52716 4.54678 4.56503 4.58197 4.59772 4.61234 4.62592 4.63853 4.65024 4.6611 4.67118 4.68054 4.68923 4.69728 4.70476 4.71169 4.71812 4.72409 4.72965 4.73485 4.73966 4.74413 4.74827 4.75211 4.75567 4.75897 4.76203 4.76487 4.7675 4.76994 4.7722 4.7743 4.77624 4.77804 4.77971 4.78125 4.78269 4.78402 4.78525 4.78639 4.78745 4.78843 4.78934 4.79018 4.79096 4.79168 4.79235 4.79297 4.79388
 0 1.8595e-05 8.82134e-05 0.00134693 0.0104974 0.0470901 0.138007 0.292372 0.484407 0.668524 0.810447 0.901994 0.953285 0.979059 0.990975 0.996135 0.998239 0.999031 0.999279 0.999305 0.999241 0.99914 0.999026 0.998907 0.998788 0.998671 0.998557 0.998447 0.998341 0.998239 0.998142 0.99805 0.997962 0.997879 0.997801 0.997726 0.997657 0.997591 0.997529 0.997472 0.997417 0.997366 0.997319 0.997275 0.997233 0.997194 0.997158 0.997124 0.997093 0.997064 0.997036 0.997011 0.996987 0.996965 0.996945 0.996926 0.996908 0.996892 0.996877 0.996863 0.996849 0.996837 0.996826 0.996815 0.996806 0.996796 0.996788 0.99678 0.996773 0.996766 0.99676 0.996754 0.996749 0.996744 0.996739 0.996735 0.996731 0.996727 0.996723 0.99672 0.996717 0.996714 0.996712 0.996709 0.996707 0.996705 0.996703 0.996702 0.9967 0.996698 0.996697 0.996696 0.996695 0.996693 0.996692 0.996692 0.996691 0.99669 0.996689 0.996688 0.996687
 #wt and selex for gender,fleet: 1 7 7_WA_REC
 0.00896707 0.0090737 0.0346258 0.0866729 0.162524 0.258702 0.369874 0.491036 0.618115 0.748079 0.879011 1.0103 1.14258 1.27716 1.41518 1.55706 1.70229 1.84968 1.99766 2.14463 2.2892 2.43025 2.56696 2.69875 2.82525 2.94621 3.06154 3.1712 3.27525 3.37375 3.46685 3.5547 3.63746 3.71534 3.78852 3.85722 3.92164 3.982 4.0385 4.09135 4.14075 4.18689 4.22997 4.27015 4.30763 4.34256 4.3751 4.4054 4.43362 4.45987 4.48429 4.50701 4.52813 4.54777 4.56601 4.58296 4.59871 4.61334 4.62692 4.63954 4.65125 4.66211 4.6722 4.68156 4.69025 4.69831 4.70578 4.71272 4.71915 4.72512 4.73069 4.73588 4.7407 4.74517 4.74931 4.75316 4.75672 4.76002 4.76308 4.76592 4.76855 4.77099 4.77325 4.77535 4.77729 4.77909 4.78076 4.78231 4.78374 4.78507 4.78631 4.78745 4.78851 4.78949 4.7904 4.79124 4.79202 4.79274 4.79341 4.79403 4.79494
 0 1.51138e-06 7.40375e-06 0.000129157 0.00123349 0.00705286 0.0268176 0.0740128 0.158978 0.280686 0.425109 0.57142 0.701046 0.803609 0.877475 0.926744 0.957652 0.976134 0.986789 0.992769 0.996064 0.997859 0.998831 0.999357 0.999643 0.999799 0.999885 0.999933 0.99996 0.999976 0.999985 0.999991 0.999994 0.999996 0.999997 0.999998 0.999998 0.999999 0.999999 0.999999 0.999999 0.999999 0.999999 0.999999 0.999999 0.999999 0.999999 0.999999 0.999999 0.999999 0.999999 0.999999 0.999999 0.999999 0.999999 0.999999 0.999999 0.999999 0.999999 0.999999 0.999999 0.999999 0.999999 0.999999 0.999999 0.999999 0.999999 0.999999 0.999999 0.999999 0.999999 0.999999 0.999999 0.999999 0.999999 0.999999 0.999999 0.999999 0.999999 0.999999 0.999999 0.999999 0.999999 0.999999 0.999999 0.999999 0.999999 0.999999 0.999999 0.999999 0.999999 0.999999 0.999999 0.999999 0.999999 0.999999 0.999999 0.999999 0.999999 0.999999 0.999999
# Sex ratio correction
1
# M and current age-structure in year Yinit: 2011
 # gender = 1
 0.0439034 0.0439034 0.0439034 0.0439034 0.0439034 0.0439034 0.0439034 0.0439034 0.0439034 0.0439034 0.0439034 0.0439034 0.0439034 0.0439034 0.0439034 0.0439034 0.0439034 0.0439034 0.0439034 0.0439034 0.0439034 0.0439034 0.0439034 0.0439034 0.0439034 0.0439034 0.0439034 0.0439034 0.0439034 0.0439034 0.0439034 0.0439034 0.0439034 0.0439034 0.0439034 0.0439034 0.0439034 0.0439034 0.0439034 0.0439034 0.0439034 0.0439034 0.0439034 0.0439034 0.0439034 0.0439034 0.0439034 0.0439034 0.0439034 0.0439034 0.0439034 0.0439034 0.0439034 0.0439034 0.0439034 0.0439034 0.0439034 0.0439034 0.0439034 0.0439034 0.0439034 0.0439034 0.0439034 0.0439034 0.0439034 0.0439034 0.0439034 0.0439034 0.0439034 0.0439034 0.0439034 0.0439034 0.0439034 0.0439034 0.0439034 0.0439034 0.0439034 0.0439034 0.0439034 0.0439034 0.0439034 0.0439034 0.0439034 0.0439034 0.0439034 0.0439034 0.0439034 0.0439034 0.0439034 0.0439034 0.0439034 0.0439034 0.0439034 0.0439034 0.0439034 0.0439034 0.0439034 0.0439034 0.0439034 0.0439034 0.0439034
 223.533 276.503 286.33 329.63 194.888 179.445 102.165 63.8624 90.8365 208.553 61.1481 48.6659 85.8813 54.4521 33.9376 26.943 26.7957 52.2469 56.0859 27.3834 22.0117 22.0529 21.442 21.7848 24.7883 27.5068 33.7571 32.62 20.6948 22.1482 18.9852 15.1817 10.8827 7.34079 8.40917 7.57037 7.73572 4.78276 3.88029 4.55204 7.18777 4.43296 3.31574 2.80515 2.1726 1.82969 1.44344 1.17465 1.09922 1.1575 1.26587 1.28515 1.1579 1.00031 0.881593 0.806222 0.768979 0.766272 0.797405 0.864765 0.967538 1.08556 1.15509 1.1039 0.966913 0.82789 0.718573 0.638893 0.581597 0.539222 0.506889 0.481386 0.460735 0.443471 0.428167 0.413623 0.398959 0.383892 0.368577 0.353492 0.339133 0.325876 0.313814 0.302906 0.292792 0.283191 0.273955 0.264861 0.255739 0.246508 0.237149 0.227684 0.218182 0.208758 0.199433 0.190333 0.181533 0.173079 0.164996 0.157298 3.37717
# Age-structure at Ydeclare= 2013
 453.923 196.567 204.741 253.255 262.246 301.874 178.435 164.219 93.4248 58.3382 82.8799 190.058 55.6659 44.2639 78.0601 49.4686 30.8208 24.4627 24.3249 47.4238 50.9044 24.8522 19.9763 20.013 19.458 19.7686 22.4935 24.9595 30.6299 29.5969 18.776 20.0937 17.2233 13.7722 9.87195 6.65874 7.62762 6.86659 7.01639 4.33791 3.51928 4.12843 6.51872 4.02023 3.00696 2.54387 1.9702 1.65921 1.30893 1.06518 0.996773 1.04961 1.14787 1.16535 1.04995 0.907052 0.799403 0.731057 0.697285 0.69483 0.723059 0.784138 0.877327 0.984344 1.04739 1.00097 0.876756 0.750696 0.651571 0.57932 0.527366 0.488942 0.459624 0.436498 0.417773 0.402119 0.388242 0.375054 0.361757 0.348095 0.334208 0.32053 0.30751 0.295489 0.284551 0.274661 0.26549 0.256784 0.24841 0.240164 0.231893 0.223522 0.215036 0.206454 0.197838 0.189292 0.180837 0.172585 0.164606 0.15694 3.35451
# Year for Tmin Age-structure (set to Ydecl by SS)
2013
#  recruitment and biomass
# Number of historical assessment years
137
# Historical data
# year recruitment spawner in B0 in R project in R/S project
1888  1889 1890 1891 1892 1893 1894 1895 1896 1897 1898 1899 1900 1901 1902 1903 1904 1905 1906 1907 1908 1909 1910 1911 1912 1913 1914 1915 1916 1917 1918 1919 1920 1921 1922 1923 1924 1925 1926 1927 1928 1929 1930 1931 1932 1933 1934 1935 1936 1937 1938 1939 1940 1941 1942 1943 1944 1945 1946 1947 1948 1949 1950 1951 1952 1953 1954 1955 1956 1957 1958 1959 1960 1961 1962 1963 1964 1965 1966 1967 1968 1969 1970 1971 1972 1973 1974 1975 1976 1977 1978 1979 1980 1981 1982 1983 1984 1985 1986 1987 1988 1989 1990 1991 1992 1993 1994 1995 1996 1997 1998 1999 2000 2001 2002 2003 2004 2005 2006 2007 2008 2009 2010 2011 2012 2013 2014 2015 2016 2017 2018 2019 2020 2021 2022 2023 2024 #years (with first value representing R0)
219.774 223.711 223.85 223.994 224.143 224.289 224.44 224.597 224.767 224.944 225.129 225.322 225.525 225.738 225.961 226.192 226.436 226.698 226.976 227.281 227.611 227.967 228.349 228.752 229.175 229.598 229.999 230.335 230.56 230.612 230.413 229.847 228.929 227.578 225.775 223.543 220.935 218.047 215.029 212.044 209.174 206.572 204.411 202.631 201.097 199.54 197.678 195.304 192.414 189.225 186.177 183.769 182.483 182.71 184.916 189.842 198.573 212.698 233.401 259.62 282.255 281.195 251.553 213.369 181.451 159.169 145.475 138.817 138.35 143.752 154.915 170.206 179.174 167.232 144.725 129.883 130.915 151.333 179.888 199.478 239.296 261.098 319.783 470.829 268.193 203.623 221.415 313.068 265.555 253.628 188.903 237.21 278.446 291.299 282.826 219.046 285.854 245.278 166.648 126.321 94.4541 80.1695 72.2181 64.1604 72.2055 135.804 117.663 56.6539 53.8363 64.3368 98.1805 147.471 79.6606 95.4827 310.884 129.357 86.9377 133.021 223.536 232.316 376.043 312.61 288.913 223.533 205.39 453.923 224.485 296.426 212.372 108.228 105.295 111.466 111.284 148.287 166.115 170.931 182.186  #recruits; first value is R0 (virgin)
1113.22  1113.22 1113.21 1113.2 1113.17 1112.7 1112.25 1111.78 1111.63 1111.55 1111.47 1111.41 1111.34 1111.29 1111.26 1111.27 1111.31 1111.38 1111.49 1111.63 1111.81 1111.89 1112.11 1112.36 1112.62 1112.9 1113.19 1113.49 1113.74 1114.07 1114.25 1112.39 1112.13 1112.01 1111.97 1112.23 1112.44 1112.13 1111.48 1110.05 1107.91 1105.9 1104.36 1102.51 1101.69 1101.05 1100.41 1099.22 1097.99 1095.74 1093.71 1091.32 1089.47 1086.39 1081.7 1076.55 1066.78 1056.24 1040.36 1025.61 1018.52 1010.33 1003.83 996.536 987.574 979.651 973.509 966.204 959.327 952.487 944.666 937.704 932.05 927.77 925.51 922.631 921.266 921.067 910.973 907.7 902.155 896.313 881.127 870.448 856.435 839.131 820.344 799.837 780.248 757.925 736.008 701.575 665.398 638.161 603.551 547.031 499.097 471.421 434.613 405.31 378.029 354.869 325.688 305.567 273.316 244.077 216.165 201.429 186.475 169.944 150.608 145.541 135.999 138.52 140.59 146.394 152.328 158.539 164.664 171.022 176.872 183.07 189.202 196.067 203.207 210.659 219.01 228.304 238.091 249.124 260.324 273.162 287.282 303.726 321.685 339.913 358.858 #spbio; first value is SSB_virgin (virgin)
1 0 0 0 0 0 0 0 0 0 0 0 0 0 0 0 0 0 0 0 0 0 0 0 0 0 0 0 0 0 0 0 0 0 0 0 0 0 0 0 0 0 0 0 0 0 0 0 0 0 0 0 0 0 0 0 0 0 0 0 0 0 0 0 0 0 0 0 0 0 0 0 0 0 0 0 0 0 0 0 0 0 0 0 0 0 0 0 0 0 0 0 0 0 0 0 0 0 0 0 0 0 0 0 0 0 0 0 0 0 0 0 0 0 0 0 0 0 0 0 0 0 0 0 0 0 0 0 0 0 0 0 0 0 0 0 0  # in Bzero
0 1 1 1 1 1 1 1 1 1 1 1 1 1 1 1 1 1 1 1 1 1 1 1 1 1 1 1 1 1 1 1 1 1 1 1 1 1 1 1 1 1 1 1 1 1 1 1 1 1 1 1 1 1 1 1 1 1 1 1 1 1 1 1 1 1 1 1 1 1 1 1 1 1 1 1 1 1 1 1 1 1 1 1 1 1 1 1 1 1 1 1 1 1 1 1 1 1 1 1 1 1 1 1 1 1 1 1 1 1 1 1 1 1 1 1 1 1 1 1 1 1 1 1 1 1 1 1 1 1 1 1 1 1  0 0 0 # in R project
0 1 1 1 1 1 1 1 1 1 1 1 1 1 1 1 1 1 1 1 1 1 1 1 1 1 1 1 1 1 1 1 1 1 1 1 1 1 1 1 1 1 1 1 1 1 1 1 1 1 1 1 1 1 1 1 1 1 1 1 1 1 1 1 1 1 1 1 1 1 1 1 1 1 1 1 1 1 1 1 1 1 1 1 1 1 1 1 1 1 1 1 1 1 1 1 1 1 1 1 1 1 1 1 1 1 1 1 1 1 1 1 1 1 1 1 1 1 1 1 1 1 1 1 1 1 1 1 1 1 1 1 1 1  0 0 0 # in R/S project
# Number of years with pre-specified catches
0
# catches for years with pre-specified catches go next
# Number of future recruitments to override
-2
# Process for overiding (-1 for average otherwise index in data list)
# Which probability to product detailed results for (1=0.5; 2=0.6; etc.)
3
# Steepness sigma-R Auto-correlation
0.718 0.5 0
# Target SPR rate (FMSY Proxy); manually change to SPR_MSY if not using SPR_target
0.5
# Discount rate (for cumulative catch)
0.1
# Truncate the series when 0.4B0 is reached (1=Yes)
0
# Set F to FMSY once 0.4B0 is reached (1=Yes)
0
# Maximum possible F for projection (-1 to set to FMSY)
-1
# Defintion of recovery (1=now only;2=now or before)
2
# Projection type
4
# Definition of the 40-10 rule
10 40
# Sigma Assessment Error (Base, Year1, Slope, MaxSigma)
1.0 2025 0.075 2.0
# Pstar
0.45
# Constrain catches by the ABC (1=yes, 2=no)
2
# Implementation Error (0=no; 1=lognormal; 2=uniform)
0
#Parameters of Implementaion Error
1 0.3
# Calculate coefficients of variation (1=Yes)
0
# Number of replicates to use
10
# Random number seed
-99004
# File with multiple parameter vectors 
rebuild.SSO
# User-specific projection (1=Yes); Output replaced (1->9)
0  5
# Catches and Fs (Year; 1/2/3 (F or C or SPR); value); Final row is -1
2024 1 1
-1 -1 -1
# Fixed catch project (1=Yes); Output replaced (1->9); Approach (-1=Read in else 1-9)
0 2 -1
# (48a) Special catch options (1-Yes) [CUT_OFF, Emsy, distribution, MAXCAT, Add, replace_code]
0 0.18 1.00 1.00 0 6
# (48b) B1Target
150000
# Split of Fs
2011  0.0173346
 0
 0.409361
 0.0235584
 0.189369
 0.194236
 0.166141
-1  1 1 1 1 1 1 1 1 1 1 1 1
# Yrs to define T_target for projection type 4 (a.k.a. 5 pre-specified inputs)
2030 2031 2032 2033 2034 
# Year for probability of recovery
2034 2035 2036 2037 2038 2039 2040 2041
# Time varying weight-at-age (1=Yes;0=No)
0
# File with time series of weight-at-age data
none
# Use bisection (0) or linear interpolation (1)
1
# Target Depletion
0.4
# CV of implementation error
0
