#Title, #runnumber: 3 yelloweye_data.ss yelloweye_control.ss 7907.94 1129.7 426.872 StartTime: Tue May 13 21:05:08 2025
SSv3_default_rebuild.dat
# Number of sexes
1
# Age range to consider (minimum age; maximum age)
0 100
# Number of fleets
7
# First year of projection (Yinit)
2011
# First Year of rebuilding period (Ydecl)
2013
# Number of simulations
1000
# Maximum number of years
500
# Conduct projections with multiple starting values (0=No;else yes)
0
# Number of parameter vectors
1000
# Is the maximum age a plus-group (1=Yes;2=No)
1
# Generate future recruitments using historical recruitments (1)  historical recruits/spawner (2)  or a stock-recruitment (3)
3
# Constant fishing mortality (1) or constant Catch (2) projections
1
# Fishing mortality based on SPR (1) or actual rate (2)
1
# Pre-specify the year of recovery (or -1) to ignore
-1
# Fecundity-at-age
# 0 1 2 3 4 5 6 7 8 9 10 11 12 13 14 15 16 17 18 19 20 21 22 23 24 25 26 27 28 29 30 31 32 33 34 35 36 37 38 39 40 41 42 43 44 45 46 47 48 49 50 51 52 53 54 55 56 57 58 59 60 61 62 63 64 65 66 67 68 69 70 71 72 73 74 75 76 77 78 79 80 81 82 83 84 85 86 87 88 89 90 91 92 93 94 95 96 97 98 99 100 #runnumber: 3 yelloweye_data.ss yelloweye_control.ss 7907.94 1129.7 426.872
 0 0 3.66437e-09 7.12132e-08 8.57194e-07 7.37878e-06 4.90961e-05 0.000262486 0.00113935 0.00399048 0.0112635 0.0260226 0.0506092 0.08552 0.129326 0.179448 0.233102 0.287941 0.342293 0.395122 0.445882 0.494341 0.540453 0.584263 0.62586 0.665337 0.702791 0.738306 0.771961 0.803828 0.833976 0.862469 0.889371 0.914743 0.938648 0.961148 0.982303 1.00218 1.02083 1.03832 1.05471 1.07005 1.08441 1.09783 1.11037 1.12208 1.13301 1.14321 1.15271 1.16157 1.16983 1.17752 1.18467 1.19133 1.19753 1.20329 1.20865 1.21364 1.21827 1.22257 1.22657 1.23028 1.23373 1.23693 1.23991 1.24267 1.24523 1.24761 1.24982 1.25187 1.25377 1.25556 1.25722 1.25877 1.2602 1.26152 1.26275 1.2639 1.26495 1.26594 1.26685 1.26769 1.26847 1.2692 1.26987 1.2705 1.27108 1.27161 1.27211 1.27257 1.273 1.2734 1.27376 1.2741 1.27442 1.27471 1.27498 1.27523 1.27547 1.27568 1.276 #female fecundity; weighted by N in year Y_init across morphs and areas
# Age specific selectivity and weight adjusted for discard and discard mortality
 #wt and selex for gender,fleet: 1 1 1_CA_TWL
 0.00896707 0.0093703 0.0305435 0.0731657 0.136306 0.21881 0.317845 0.430123 0.552448 0.681968 0.816322 0.953805 1.0935 1.23516 1.37877 1.52417 1.67079 1.81773 1.96386 2.10806 2.24932 2.38679 2.51984 2.64799 2.77094 2.8885 3.00056 3.10712 3.20822 3.30394 3.39441 3.47978 3.56022 3.6359 3.70704 3.77382 3.83646 3.89514 3.95008 4.00148 4.04953 4.09441 4.13632 4.17542 4.21189 4.24588 4.27756 4.30706 4.33453 4.3601 4.38389 4.40602 4.4266 4.44573 4.46351 4.48004 4.49539 4.50965 4.5229 4.5352 4.54662 4.55723 4.56707 4.57621 4.58468 4.59255 4.59985 4.60663 4.61291 4.61874 4.62418 4.62926 4.63397 4.63834 4.64239 4.64615 4.64963 4.65286 4.65586 4.65864 4.66121 4.6636 4.66581 4.66787 4.66977 4.67153 4.67317 4.67469 4.67609 4.6774 4.6786 4.67972 4.68076 4.68172 4.68262 4.68344 4.68421 4.68492 4.68558 4.68619 4.68708
 0 0.00107644 0.00272527 0.0101771 0.0296724 0.0694594 0.135798 0.229334 0.344013 0.468931 0.591727 0.701853 0.792698 0.862173 0.911866 0.945434 0.967065 0.98049 0.988588 0.993371 0.996158 0.997769 0.998697 0.999233 0.999543 0.999724 0.99983 0.999894 0.999933 0.999956 0.999971 0.99998 0.999986 0.99999 0.999992 0.999994 0.999995 0.999996 0.999996 0.999997 0.999997 0.999997 0.999997 0.999997 0.999997 0.999997 0.999997 0.999997 0.999997 0.999997 0.999997 0.999997 0.999997 0.999997 0.999997 0.999997 0.999997 0.999997 0.999997 0.999997 0.999997 0.999997 0.999997 0.999997 0.999997 0.999997 0.999997 0.999997 0.999997 0.999997 0.999997 0.999997 0.999997 0.999997 0.999997 0.999997 0.999997 0.999997 0.999997 0.999997 0.999997 0.999997 0.999997 0.999997 0.999997 0.999997 0.999997 0.999997 0.999997 0.999997 0.999997 0.999997 0.999997 0.999997 0.999997 0.999997 0.999997 0.999997 0.999997 0.999997 0.999997
 #wt and selex for gender,fleet: 1 3 3_CA_REC
 0.00896707 0.00936939 0.0294697 0.070301 0.130893 0.210229 0.305745 0.414414 0.533245 0.659567 0.791302 0.927236 1.06697 1.21041 1.35722 1.50657 1.65722 1.80775 1.95681 2.10322 2.24607 2.38465 2.51844 2.64708 2.77035 2.88811 3.00031 3.10695 3.20811 3.30386 3.39436 3.47974 3.56019 3.63589 3.70703 3.77381 3.83645 3.89514 3.95008 4.00148 4.04953 4.09441 4.13632 4.17542 4.21189 4.24588 4.27756 4.30706 4.33453 4.3601 4.38389 4.40602 4.4266 4.44573 4.46351 4.48004 4.49539 4.50965 4.5229 4.5352 4.54662 4.55723 4.56707 4.57621 4.58469 4.59255 4.59985 4.60663 4.61291 4.61874 4.62418 4.62926 4.63397 4.63834 4.64239 4.64615 4.64963 4.65286 4.65586 4.65864 4.66121 4.6636 4.66582 4.66787 4.66977 4.67154 4.67317 4.67469 4.67609 4.6774 4.6786 4.67972 4.68076 4.68172 4.68262 4.68344 4.68421 4.68492 4.68558 4.68619 4.68708
 0 0.00403007 0.0091586 0.0276865 0.0674581 0.135893 0.234304 0.356072 0.488671 0.617788 0.731346 0.822148 0.888608 0.933538 0.96191 0.97885 0.988527 0.993873 0.996758 0.99829 0.999096 0.999519 0.999742 0.99986 0.999922 0.999956 0.999975 0.999985 0.999991 0.999994 0.999996 0.999998 0.999998 0.999999 0.999999 0.999999 0.999999 0.999999 0.999999 0.999999 0.999999 0.999999 0.999999 0.999999 0.999999 0.999999 0.999999 0.999999 0.999999 0.999999 0.999999 0.999999 0.999999 0.999999 0.999999 0.999999 0.999999 0.999999 0.999999 0.999999 0.999999 0.999999 0.999999 0.999999 0.999999 0.999999 0.999999 0.999999 0.999999 0.999999 0.999999 0.999999 0.999999 0.999999 0.999999 0.999999 0.999999 0.999999 0.999999 0.999999 0.999999 0.999999 0.999999 0.999999 0.999999 0.999999 0.999999 0.999999 0.999999 0.999999 0.999999 0.999999 0.999999 0.999999 0.999999 0.999999 0.999999 0.999999 0.999999 0.999999 0.999999
 #wt and selex for gender,fleet: 1 4 4_ORWA_TWL
 0.00896707 0.00936835 0.0281646 0.0669381 0.124999 0.201661 0.294823 0.40182 0.51989 0.646448 0.779342 0.917108 1.05898 1.2045 1.35311 1.50385 1.6555 1.8067 1.95618 2.10286 2.24586 2.38453 2.51836 2.64704 2.77032 2.88809 3.0003 3.10695 3.2081 3.30386 3.39436 3.47974 3.56019 3.63589 3.70703 3.77381 3.83645 3.89514 3.95008 4.00148 4.04952 4.09441 4.13632 4.17542 4.21189 4.24588 4.27756 4.30706 4.33453 4.3601 4.38389 4.40602 4.4266 4.44573 4.46351 4.48003 4.49539 4.50965 4.5229 4.5352 4.54662 4.55723 4.56707 4.57621 4.58468 4.59255 4.59985 4.60663 4.61291 4.61874 4.62418 4.62926 4.63397 4.63834 4.64239 4.64615 4.64963 4.65286 4.65586 4.65864 4.66121 4.6636 4.66581 4.66787 4.66977 4.67153 4.67317 4.67469 4.67609 4.67739 4.6786 4.67972 4.68076 4.68172 4.68261 4.68344 4.68421 4.68492 4.68558 4.68619 4.68708
 0 0.0131055 0.026187 0.0612081 0.121383 0.208554 0.318438 0.441546 0.566092 0.681089 0.778548 0.854578 0.909361 0.946053 0.969105 0.982836 0.990676 0.995011 0.997354 0.9986 0.999258 0.999604 0.999786 0.999883 0.999935 0.999962 0.999978 0.999986 0.999991 0.999994 0.999995 0.999996 0.999996 0.999997 0.999997 0.999997 0.999997 0.999997 0.999997 0.999997 0.999997 0.999997 0.999997 0.999997 0.999996 0.999996 0.999996 0.999996 0.999996 0.999996 0.999996 0.999996 0.999996 0.999996 0.999996 0.999996 0.999996 0.999996 0.999996 0.999996 0.999996 0.999996 0.999996 0.999996 0.999996 0.999996 0.999996 0.999996 0.999996 0.999996 0.999996 0.999996 0.999996 0.999996 0.999996 0.999996 0.999996 0.999996 0.999996 0.999996 0.999996 0.999996 0.999996 0.999996 0.999996 0.999996 0.999996 0.999996 0.999996 0.999996 0.999996 0.999996 0.999996 0.999996 0.999996 0.999996 0.999996 0.999996 0.999996 0.999996 0.999996
 #wt and selex for gender,fleet: 1 5 5_ORWA_NONTWL
 0.00896707 0.00936968 0.0298812 0.0719085 0.135004 0.218557 0.320174 0.4368 0.565268 0.702598 0.846138 0.993603 1.14308 1.29301 1.44218 1.58976 1.73518 1.87811 2.01833 2.15563 2.28977 2.42047 2.54743 2.67032 2.78886 2.9028 3.01195 3.11618 3.21544 3.30971 3.39905 3.48352 3.56326 3.63839 3.70909 3.77553 3.83788 3.89635 3.95111 4.00236 4.05029 4.09508 4.1369 4.17594 4.21235 4.2463 4.27793 4.3074 4.33484 4.36039 4.38415 4.40626 4.42683 4.44594 4.46371 4.48023 4.49557 4.50982 4.52306 4.53536 4.54677 4.55737 4.56721 4.57634 4.58482 4.59268 4.59998 4.60675 4.61303 4.61886 4.6243 4.62938 4.63409 4.63845 4.6425 4.64626 4.64974 4.65297 4.65597 4.65874 4.66132 4.66371 4.66592 4.66797 4.66987 4.67164 4.67327 4.67479 4.6762 4.6775 4.67871 4.67982 4.68086 4.68182 4.68272 4.68354 4.68431 4.68502 4.68568 4.68629 4.68718
 0 0.000653086 0.00154122 0.00513992 0.0140793 0.032246 0.0635812 0.110716 0.173977 0.251172 0.338147 0.429743 0.520788 0.606843 0.684645 0.752243 0.808922 0.854969 0.891363 0.919461 0.940737 0.9566 0.968287 0.976824 0.983027 0.987519 0.990772 0.99313 0.994844 0.996097 0.997017 0.997697 0.998203 0.998584 0.998871 0.999091 0.99926 0.999391 0.999494 0.999575 0.99964 0.999692 0.999734 0.999768 0.999796 0.99982 0.999839 0.999856 0.999869 0.999881 0.999891 0.9999 0.999907 0.999913 0.999919 0.999924 0.999928 0.999932 0.999935 0.999938 0.999941 0.999943 0.999945 0.999947 0.999949 0.99995 0.999952 0.999953 0.999954 0.999955 0.999956 0.999956 0.999957 0.999958 0.999958 0.999958 0.999959 0.999959 0.99996 0.99996 0.99996 0.99996 0.999961 0.999961 0.999961 0.999961 0.999962 0.999962 0.999962 0.999962 0.999962 0.999962 0.999962 0.999962 0.999963 0.999963 0.999963 0.999963 0.999963 0.999963 0.999963
 #wt and selex for gender,fleet: 1 6 6_OR_REC
 0.00896707 0.00938086 0.0386192 0.0900565 0.161672 0.248943 0.346657 0.450513 0.557958 0.669191 0.786658 0.912864 1.04858 1.1926 1.3425 1.49562 1.64964 1.80274 1.95357 2.10113 2.24468 2.38365 2.51766 2.64642 2.76974 2.88751 2.99971 3.10634 3.20747 3.3032 3.39367 3.47903 3.55945 3.63512 3.70624 3.77301 3.83562 3.89429 3.94922 4.0006 4.04863 4.0935 4.13539 4.17448 4.21094 4.24492 4.27659 4.30608 4.33355 4.3591 4.38289 4.40501 4.42558 4.44471 4.46248 4.479 4.49435 4.50861 4.52185 4.53415 4.54557 4.55617 4.56601 4.57514 4.58362 4.59149 4.59878 4.60556 4.61184 4.61767 4.62311 4.62818 4.63289 4.63725 4.6413 4.64506 4.64854 4.65177 4.65477 4.65754 4.66012 4.6625 4.66472 4.66677 4.66867 4.67043 4.67207 4.67358 4.67499 4.67629 4.6775 4.67862 4.67966 4.68062 4.68151 4.68233 4.6831 4.68381 4.68447 4.68508 4.68597
 0 1.76655e-05 0.0001163 0.00169364 0.0125352 0.0538778 0.152445 0.313747 0.507691 0.68792 0.82323 0.908862 0.956344 0.980174 0.991273 0.996153 0.998188 0.998979 0.999239 0.999276 0.99922 0.999125 0.999014 0.998898 0.998781 0.998666 0.998553 0.998445 0.99834 0.99824 0.998145 0.998054 0.997967 0.997885 0.997808 0.997735 0.997667 0.997602 0.997541 0.997484 0.997431 0.997381 0.997334 0.99729 0.997249 0.997211 0.997176 0.997142 0.997111 0.997083 0.997056 0.997031 0.997007 0.996986 0.996966 0.996947 0.996929 0.996913 0.996898 0.996884 0.996871 0.996859 0.996848 0.996838 0.996828 0.996819 0.996811 0.996803 0.996796 0.996789 0.996783 0.996777 0.996772 0.996767 0.996762 0.996758 0.996754 0.99675 0.996747 0.996744 0.996741 0.996738 0.996735 0.996733 0.996731 0.996729 0.996727 0.996725 0.996724 0.996722 0.996721 0.996719 0.996718 0.996717 0.996716 0.996715 0.996714 0.996713 0.996713 0.996712 0.996711
 #wt and selex for gender,fleet: 1 7 7_WA_REC
 0.00896707 0.00938238 0.0397954 0.0943377 0.172191 0.269171 0.379834 0.499243 0.623472 0.749688 0.876285 1.00309 1.13116 1.26196 1.3966 1.53526 1.67725 1.82123 1.96561 2.10884 2.2496 2.38684 2.51979 2.64791 2.77086 2.88843 3.00051 3.10708 3.20819 3.30392 3.39439 3.47977 3.56021 3.6359 3.70704 3.77382 3.83645 3.89514 3.95008 4.00148 4.04953 4.09441 4.13632 4.17542 4.21189 4.24588 4.27756 4.30706 4.33453 4.3601 4.38389 4.40602 4.4266 4.44573 4.46351 4.48004 4.49539 4.50965 4.5229 4.5352 4.54662 4.55723 4.56707 4.57621 4.58469 4.59255 4.59986 4.60663 4.61291 4.61874 4.62418 4.62926 4.63397 4.63834 4.64239 4.64615 4.64963 4.65286 4.65586 4.65864 4.66121 4.6636 4.66582 4.66787 4.66977 4.67154 4.67317 4.67469 4.67609 4.6774 4.6786 4.67972 4.68076 4.68172 4.68262 4.68344 4.68421 4.68492 4.68558 4.68619 4.68708
 0 9.25079e-07 6.92589e-06 0.000129754 0.00128281 0.00747228 0.0286309 0.0790398 0.168987 0.296028 0.44404 0.590841 0.718047 0.816601 0.886314 0.93218 0.960704 0.977701 0.987516 0.993062 0.996151 0.997859 0.998802 0.999323 0.999612 0.999775 0.999867 0.99992 0.999951 0.999969 0.99998 0.999987 0.999991 0.999994 0.999996 0.999997 0.999998 0.999998 0.999999 0.999999 0.999999 0.999999 0.999999 0.999999 0.999999 0.999999 0.999999 0.999999 0.999999 0.999999 0.999999 0.999999 0.999999 0.999999 0.999999 0.999999 0.999999 0.999999 0.999999 0.999999 0.999999 0.999999 0.999999 0.999999 0.999999 0.999999 0.999999 0.999999 0.999999 0.999999 0.999999 0.999999 0.999999 0.999999 0.999999 0.999999 0.999999 0.999999 0.999999 0.999999 0.999999 0.999999 0.999999 0.999999 0.999999 0.999999 0.999999 0.999999 0.999999 0.999999 0.999999 0.999999 0.999999 0.999999 0.999999 0.999999 0.999999 0.999999 0.999999 0.999999 0.999999
# Sex ratio correction
1
# M and current age-structure in year Yinit: 2011
 # gender = 1
 0.0439034 0.0439034 0.0439034 0.0439034 0.0439034 0.0439034 0.0439034 0.0439034 0.0439034 0.0439034 0.0439034 0.0439034 0.0439034 0.0439034 0.0439034 0.0439034 0.0439034 0.0439034 0.0439034 0.0439034 0.0439034 0.0439034 0.0439034 0.0439034 0.0439034 0.0439034 0.0439034 0.0439034 0.0439034 0.0439034 0.0439034 0.0439034 0.0439034 0.0439034 0.0439034 0.0439034 0.0439034 0.0439034 0.0439034 0.0439034 0.0439034 0.0439034 0.0439034 0.0439034 0.0439034 0.0439034 0.0439034 0.0439034 0.0439034 0.0439034 0.0439034 0.0439034 0.0439034 0.0439034 0.0439034 0.0439034 0.0439034 0.0439034 0.0439034 0.0439034 0.0439034 0.0439034 0.0439034 0.0439034 0.0439034 0.0439034 0.0439034 0.0439034 0.0439034 0.0439034 0.0439034 0.0439034 0.0439034 0.0439034 0.0439034 0.0439034 0.0439034 0.0439034 0.0439034 0.0439034 0.0439034 0.0439034 0.0439034 0.0439034 0.0439034 0.0439034 0.0439034 0.0439034 0.0439034 0.0439034 0.0439034 0.0439034 0.0439034 0.0439034 0.0439034 0.0439034 0.0439034 0.0439034 0.0439034 0.0439034 0.0439034
 250.538 308.013 308.449 371.052 218.272 200.21 114.721 72.7966 103.68 232.563 68.3098 55.4827 95.4406 60.3034 36.6597 29.1209 29.1511 56.684 62.8568 30.1627 23.877 23.7195 23.2075 23.8654 27.8085 30.855 37.1284 37.6671 25.3677 30.2254 23.7913 18.9976 13.1865 8.84985 10.6971 9.86408 10.5386 6.32373 5.08929 6.15831 10.3224 5.84308 4.453 3.77014 2.9304 2.4578 1.91896 1.55686 1.46313 1.55803 1.73381 1.78466 1.60806 1.38208 1.21445 1.11076 1.06214 1.06328 1.11412 1.22074 1.38794 1.59452 1.73354 1.64512 1.4024 1.1735 1.0037 0.884672 0.801252 0.740596 0.694755 0.658793 0.629831 0.60585 0.584938 0.565461 0.54616 0.526533 0.506659 0.487085 0.468437 0.451213 0.435547 0.421385 0.408411 0.395938 0.383705 0.371502 0.35909 0.346374 0.333357 0.320102 0.306741 0.29346 0.28031 0.267478 0.255075 0.243166 0.231787 0.220955 4.73709
# Age-structure at Ydeclare= 2013
 508.507 214.347 229.476 282.115 282.505 339.809 199.849 183.232 104.921 66.5168 94.6377 212.063 62.2318 50.5086 86.8348 54.8432 33.3306 26.4711 26.4949 51.5142 57.1204 27.4088 21.6963 21.5526 21.0869 21.6843 25.2666 28.034 33.733 34.2216 23.0466 27.4591 21.6133 17.258 11.9788 8.03913 9.71694 8.96015 9.57274 5.74406 4.62271 5.59364 9.37578 5.30717 4.04454 3.42428 2.66155 2.23229 1.74288 1.414 1.32886 1.41504 1.57469 1.62087 1.46048 1.25523 1.10299 1.00881 0.964655 0.965686 1.01186 1.1087 1.26055 1.44816 1.57443 1.49412 1.27367 1.06579 0.911575 0.803469 0.727706 0.672617 0.630983 0.598322 0.572019 0.550239 0.531246 0.513557 0.496028 0.478202 0.460152 0.442375 0.425439 0.409795 0.395568 0.382706 0.370923 0.359595 0.348485 0.337401 0.326129 0.31458 0.302758 0.29072 0.278585 0.266523 0.25458 0.242926 0.231662 0.220846 4.71346
# Year for Tmin Age-structure (set to Ydecl by SS)
2013
#  recruitment and biomass
# Number of historical assessment years
137
# Historical data
# year recruitment spawner in B0 in R project in R/S project
1888  1889 1890 1891 1892 1893 1894 1895 1896 1897 1898 1899 1900 1901 1902 1903 1904 1905 1906 1907 1908 1909 1910 1911 1912 1913 1914 1915 1916 1917 1918 1919 1920 1921 1922 1923 1924 1925 1926 1927 1928 1929 1930 1931 1932 1933 1934 1935 1936 1937 1938 1939 1940 1941 1942 1943 1944 1945 1946 1947 1948 1949 1950 1951 1952 1953 1954 1955 1956 1957 1958 1959 1960 1961 1962 1963 1964 1965 1966 1967 1968 1969 1970 1971 1972 1973 1974 1975 1976 1977 1978 1979 1980 1981 1982 1983 1984 1985 1986 1987 1988 1989 1990 1991 1992 1993 1994 1995 1996 1997 1998 1999 2000 2001 2002 2003 2004 2005 2006 2007 2008 2009 2010 2011 2012 2013 2014 2015 2016 2017 2018 2019 2020 2021 2022 2023 2024 #years (with first value representing R0)
229.328 233.898 234.058 234.225 234.397 234.566 234.742 234.924 235.12 235.324 235.536 235.757 235.989 236.232 236.487 236.749 237.027 237.322 237.636 237.98 238.348 238.745 239.172 239.625 240.102 240.585 241.051 241.456 241.749 241.864 241.713 241.169 240.23 238.799 236.838 234.357 231.406 228.086 224.566 220.974 217.442 214.289 211.598 209.311 207.292 205.272 202.982 200.242 197.082 193.742 190.675 188.367 187.289 187.836 190.524 196.233 206.343 223.002 248.389 282.788 315.991 317.12 277.739 230.146 192.66 167.322 151.927 144.359 143.56 149.209 161.346 178.279 187.771 172.978 147.239 130.807 131.453 152.668 183.739 205.109 245.958 269.223 325.162 524.512 283.23 209.928 231.852 340.515 278.672 262.326 187.121 238.915 293.335 311.614 334.444 236.359 295.283 245.245 172.605 132.787 98.2722 83.3981 75.4156 68.1269 78.3415 150.595 126.7 61.301 57.9553 69.291 108.492 163.63 90.7233 106.596 346.548 147.621 99.0931 149.366 249.402 260.191 423.297 336.758 321.837 250.538 223.968 508.507 247.823 326.141 227.543 117.333 113.743 119.089 119.257 156.824 178.872 184.323 194.835  #recruits; first value is R0 (virgin)
1129.7  1129.7 1129.7 1129.68 1129.66 1129.19 1128.74 1128.28 1128.13 1128.05 1127.97 1127.91 1127.85 1127.81 1127.8 1127.82 1127.89 1127.99 1128.14 1128.33 1128.56 1128.7 1128.99 1129.3 1129.63 1129.98 1130.36 1130.74 1131.07 1131.49 1131.77 1130.02 1129.86 1129.84 1129.91 1130.28 1130.59 1130.39 1129.86 1128.55 1126.56 1124.68 1123.29 1121.57 1120.89 1120.38 1119.87 1118.81 1117.71 1115.58 1113.65 1111.33 1109.52 1106.45 1101.75 1096.55 1086.72 1076.07 1060.06 1045.14 1037.76 1029.25 1022.37 1014.69 1005.32 996.975 990.403 982.7 975.472 968.373 960.439 953.539 948.148 944.335 942.704 940.596 940.052 940.668 931.457 928.903 924.005 918.698 904.027 893.708 879.98 862.881 844.205 823.715 804.042 781.573 759.459 724.88 688.59 661.225 626.649 570.517 523.036 495.73 459.456 430.637 403.846 381.128 352.43 332.72 301.04 272.411 245.14 231.013 216.645 200.684 181.86 177.316 168.239 171.243 173.716 179.886 186.11 192.539 198.819 205.282 211.192 217.425 223.587 230.498 237.728 245.335 253.924 263.553 273.784 285.383 297.289 310.978 326.094 343.667 362.885 382.496 402.936 #spbio; first value is SSB_virgin (virgin)
1 0 0 0 0 0 0 0 0 0 0 0 0 0 0 0 0 0 0 0 0 0 0 0 0 0 0 0 0 0 0 0 0 0 0 0 0 0 0 0 0 0 0 0 0 0 0 0 0 0 0 0 0 0 0 0 0 0 0 0 0 0 0 0 0 0 0 0 0 0 0 0 0 0 0 0 0 0 0 0 0 0 0 0 0 0 0 0 0 0 0 0 0 0 0 0 0 0 0 0 0 0 0 0 0 0 0 0 0 0 0 0 0 0 0 0 0 0 0 0 0 0 0 0 0 0 0 0 0 0 0 0 0 0 0 0 0  # in Bzero
0 1 1 1 1 1 1 1 1 1 1 1 1 1 1 1 1 1 1 1 1 1 1 1 1 1 1 1 1 1 1 1 1 1 1 1 1 1 1 1 1 1 1 1 1 1 1 1 1 1 1 1 1 1 1 1 1 1 1 1 1 1 1 1 1 1 1 1 1 1 1 1 1 1 1 1 1 1 1 1 1 1 1 1 1 1 1 1 1 1 1 1 1 1 1 1 1 1 1 1 1 1 1 1 1 1 1 1 1 1 1 1 1 1 1 1 1 1 1 1 1 1 1 1 1 1 1 1 1 1 1 1 1 1  0 0 0 # in R project
0 1 1 1 1 1 1 1 1 1 1 1 1 1 1 1 1 1 1 1 1 1 1 1 1 1 1 1 1 1 1 1 1 1 1 1 1 1 1 1 1 1 1 1 1 1 1 1 1 1 1 1 1 1 1 1 1 1 1 1 1 1 1 1 1 1 1 1 1 1 1 1 1 1 1 1 1 1 1 1 1 1 1 1 1 1 1 1 1 1 1 1 1 1 1 1 1 1 1 1 1 1 1 1 1 1 1 1 1 1 1 1 1 1 1 1 1 1 1 1 1 1 1 1 1 1 1 1 1 1 1 1 1 1  0 0 0 # in R/S project
# Number of years with pre-specified catches
0
# catches for years with pre-specified catches go next
# Number of future recruitments to override
-2
# Process for overiding (-1 for average otherwise index in data list)
# Which probability to product detailed results for (1=0.5; 2=0.6; etc.)
3
# Steepness sigma-R Auto-correlation
0.718 0.5 0
# Target SPR rate (FMSY Proxy); manually change to SPR_MSY if not using SPR_target
0.5
# Discount rate (for cumulative catch)
0.1
# Truncate the series when 0.4B0 is reached (1=Yes)
0
# Set F to FMSY once 0.4B0 is reached (1=Yes)
0
# Maximum possible F for projection (-1 to set to FMSY)
-1
# Defintion of recovery (1=now only;2=now or before)
2
# Projection type
4
# Definition of the 40-10 rule
10 40
# Sigma Assessment Error (Base, Year1, Slope, MaxSigma)
1.0 2025 0.075 2.0
# Pstar
0.45
# Constrain catches by the ABC (1=yes, 2=no)
2
# Implementation Error (0=no; 1=lognormal; 2=uniform)
0
#Parameters of Implementaion Error
1 0.3
# Calculate coefficients of variation (1=Yes)
0
# Number of replicates to use
10
# Random number seed
-99004
# File with multiple parameter vectors 
rebuild.SSO
# User-specific projection (1=Yes); Output replaced (1->9)
0  5
# Catches and Fs (Year; 1/2/3 (F or C or SPR); value); Final row is -1
2024 1 1
-1 -1 -1
# Fixed catch project (1=Yes); Output replaced (1->9); Approach (-1=Read in else 1-9)
0 2 -1
# (48a) Special catch options (1-Yes) [CUT_OFF, Emsy, distribution, MAXCAT, Add, replace_code]
0 0.18 1.00 1.00 0 6
# (48b) B1Target
150000
# Split of Fs
2011  0.0180675
 0
 0.42687
 0.02285
 0.18283
 0.189163
 0.160219
-1  1 1 1 1 1 1 1 1 1 1 1 1
# Yrs to define T_target for projection type 4 (a.k.a. 5 pre-specified inputs)
2030 2031 2032 2033 2034 
# Year for probability of recovery
2034 2035 2036 2037 2038 2039 2040 2041
# Time varying weight-at-age (1=Yes;0=No)
0
# File with time series of weight-at-age data
none
# Use bisection (0) or linear interpolation (1)
1
# Target Depletion
0.4
# CV of implementation error
0
