#Title, #runnumber: 1 yelloweye_data.ss yelloweye_control.ss 5871.44 1095.57 350.362 StartTime: Sun Apr 27 22:45:59 2025
SSv3_default_rebuild.dat
# Number of sexes
1
# Age range to consider (minimum age; maximum age)
0 100
# Number of fleets
7
# First year of projection (Yinit)
2011
# First Year of rebuilding period (Ydecl)
2013
# Number of simulations
1000
# Maximum number of years
500
# Conduct projections with multiple starting values (0=No;else yes)
0
# Number of parameter vectors
1000
# Is the maximum age a plus-group (1=Yes;2=No)
1
# Generate future recruitments using historical recruitments (1)  historical recruits/spawner (2)  or a stock-recruitment (3)
3
# Constant fishing mortality (1) or constant Catch (2) projections
1
# Fishing mortality based on SPR (1) or actual rate (2)
1
# Pre-specify the year of recovery (or -1) to ignore
-1
# Fecundity-at-age
# 0 1 2 3 4 5 6 7 8 9 10 11 12 13 14 15 16 17 18 19 20 21 22 23 24 25 26 27 28 29 30 31 32 33 34 35 36 37 38 39 40 41 42 43 44 45 46 47 48 49 50 51 52 53 54 55 56 57 58 59 60 61 62 63 64 65 66 67 68 69 70 71 72 73 74 75 76 77 78 79 80 81 82 83 84 85 86 87 88 89 90 91 92 93 94 95 96 97 98 99 100 #runnumber: 1 yelloweye_data.ss yelloweye_control.ss 5871.44 1095.57 350.362
 0 0 2.51889e-08 3.31112e-07 3.06567e-06 2.17275e-05 0.000122557 0.00055488 0.00201014 0.00586702 0.0141031 0.0287578 0.0512453 0.0819268 0.120106 0.164342 0.212868 0.263948 0.316101 0.368198 0.419452 0.46937 0.517675 0.564239 0.609029 0.652059 0.693374 0.733022 0.771056 0.807523 0.842469 0.875932 0.90795 0.93856 0.967796 0.995695 1.02229 1.04762 1.07173 1.09465 1.11641 1.13707 1.15667 1.17524 1.19282 1.20946 1.2252 1.24007 1.25412 1.26739 1.2799 1.29171 1.30284 1.31334 1.32322 1.33253 1.34129 1.34954 1.3573 1.36459 1.37146 1.37791 1.38397 1.38967 1.39502 1.40005 1.40477 1.40921 1.41337 1.41728 1.42095 1.42448 1.42779 1.4309 1.43382 1.43656 1.43913 1.44154 1.4438 1.44591 1.4479 1.44976 1.45151 1.45315 1.45468 1.45612 1.45747 1.45873 1.45992 1.46103 1.46207 1.46305 1.46396 1.46482 1.46562 1.46638 1.46708 1.46774 1.46836 1.46894 1.46985 #female fecundity; weighted by N in year Y_init across morphs and areas
# Age specific selectivity and weight adjusted for discard and discard mortality
 #wt and selex for gender,fleet: 1 1 1_CA_TWL
 0.0107194 0.0207331 0.0584348 0.114588 0.188636 0.277575 0.377955 0.486681 0.601256 0.719854 0.841368 0.965377 1.09198 1.22154 1.35435 1.49049 1.62966 1.77125 1.91438 2.05802 2.20114 2.34277 2.48207 2.61836 2.7511 2.87988 3.00441 3.12451 3.24004 3.35095 3.45722 3.55887 3.65596 3.74855 3.83675 3.92067 4.00042 4.07614 4.14797 4.21605 4.28051 4.34152 4.39922 4.45374 4.50524 4.55386 4.59973 4.64299 4.68377 4.72219 4.75839 4.79246 4.82454 4.85472 4.88312 4.90982 4.93492 4.95852 4.98069 5.00153 5.0211 5.03949 5.05675 5.07296 5.08817 5.10245 5.11586 5.12844 5.14024 5.15131 5.1618 5.17173 5.18105 5.18979 5.19798 5.20567 5.21287 5.21963 5.22596 5.2319 5.23747 5.24269 5.24758 5.25216 5.25646 5.26049 5.26427 5.2678 5.27112 5.27423 5.27714 5.27987 5.28243 5.28482 5.28707 5.28917 5.29114 5.29299 5.29472 5.29634 5.29888
 0 0.0011759 0.00436918 0.0143125 0.0372158 0.079673 0.145624 0.234243 0.339854 0.453609 0.565938 0.668749 0.756753 0.827742 0.882069 0.921741 0.949531 0.968287 0.980534 0.9883 0.993097 0.995992 0.997705 0.998701 0.999271 0.999594 0.999775 0.999875 0.999931 0.999961 0.999978 0.999987 0.999992 0.999995 0.999996 0.999997 0.999998 0.999998 0.999998 0.999998 0.999998 0.999998 0.999998 0.999998 0.999998 0.999998 0.999998 0.999998 0.999998 0.999998 0.999998 0.999998 0.999998 0.999998 0.999998 0.999997 0.999997 0.999997 0.999997 0.999997 0.999997 0.999997 0.999997 0.999997 0.999997 0.999997 0.999997 0.999997 0.999997 0.999997 0.999997 0.999997 0.999997 0.999997 0.999997 0.999997 0.999997 0.999997 0.999997 0.999997 0.999997 0.999997 0.999997 0.999997 0.999997 0.999997 0.999997 0.999997 0.999997 0.999997 0.999997 0.999997 0.999997 0.999997 0.999997 0.999997 0.999997 0.999997 0.999997 0.999997 0.999997
 #wt and selex for gender,fleet: 1 3 3_CA_REC
 0.010649 0.0194314 0.0529535 0.104302 0.173069 0.257074 0.35352 0.459694 0.573242 0.692289 0.815514 0.942174 1.072 1.20499 1.34115 1.48035 1.62214 1.76587 1.91065 2.05552 2.19951 2.34173 2.48143 2.61797 2.75086 2.87974 3.00433 3.12446 3.24002 3.35094 3.45721 3.55887 3.65596 3.74855 3.83675 3.92067 4.00042 4.07614 4.14797 4.21605 4.28051 4.34152 4.39922 4.45374 4.50524 4.55386 4.59973 4.64299 4.68377 4.72219 4.75839 4.79247 4.82454 4.85472 4.88312 4.90982 4.93492 4.95852 4.98069 5.00153 5.0211 5.03949 5.05675 5.07296 5.08817 5.10246 5.11586 5.12844 5.14024 5.15131 5.1618 5.17173 5.18105 5.18979 5.19798 5.20567 5.21287 5.21963 5.22596 5.2319 5.23747 5.24269 5.24758 5.25217 5.25646 5.26049 5.26427 5.26781 5.27112 5.27423 5.27714 5.27987 5.28243 5.28482 5.28707 5.28917 5.29114 5.29299 5.29472 5.29634 5.29888
 0 0.00564958 0.0150966 0.0368699 0.0762534 0.136774 0.218166 0.316124 0.423476 0.532007 0.634202 0.724485 0.799767 0.859332 0.904274 0.936756 0.959339 0.974501 0.984366 0.990606 0.994456 0.996779 0.998153 0.998953 0.999412 0.999672 0.999817 0.999899 0.999944 0.999969 0.999982 0.99999 0.999994 0.999997 0.999998 0.999999 0.999999 0.999999 0.999999 0.999999 0.999999 0.999999 0.999999 0.999999 0.999999 0.999999 0.999999 0.999999 0.999999 0.999999 0.999999 0.999999 0.999999 0.999999 0.999999 0.999999 0.999999 0.999999 0.999999 0.999999 0.999999 0.999999 0.999999 0.999999 0.999999 0.999999 0.999999 0.999999 0.999999 0.999999 0.999999 0.999999 0.999999 0.999999 0.999999 0.999999 0.999999 0.999999 0.999999 0.999999 0.999999 0.999999 0.999999 0.999999 0.999999 0.999999 0.999999 0.999999 0.999999 0.999999 0.999999 0.999999 0.999999 0.999999 0.999999 0.999999 0.999999 0.999999 0.999999 0.999999 0.999999
 #wt and selex for gender,fleet: 1 4 4_ORWA_TWL
 0.0106055 0.0186102 0.0491108 0.0969313 0.161844 0.242247 0.335863 0.440312 0.55339 0.673198 0.79823 0.927422 1.06013 1.19598 1.33473 1.47605 1.61949 1.76437 1.90992 2.05524 2.19948 2.34182 2.48155 2.61809 2.75096 2.87982 3.00439 3.1245 3.24005 3.35096 3.45723 3.55888 3.65596 3.74855 3.83675 3.92067 4.00042 4.07614 4.14797 4.21605 4.28051 4.34152 4.39922 4.45374 4.50524 4.55386 4.59973 4.64299 4.68377 4.72219 4.75839 4.79246 4.82454 4.85472 4.88312 4.90982 4.93492 4.95852 4.98069 5.00153 5.0211 5.03949 5.05675 5.07296 5.08817 5.10245 5.11586 5.12844 5.14024 5.15131 5.1618 5.17173 5.18105 5.18979 5.19798 5.20567 5.21287 5.21963 5.22596 5.2319 5.23747 5.24269 5.24758 5.25216 5.25646 5.26049 5.26427 5.2678 5.27112 5.27423 5.27714 5.27987 5.28243 5.28482 5.28707 5.28917 5.29114 5.29299 5.29472 5.29634 5.29888
 0 0.0171789 0.0366701 0.072382 0.126522 0.199147 0.287235 0.385381 0.487057 0.585888 0.676603 0.755602 0.821113 0.873022 0.912453 0.941262 0.961575 0.97544 0.98463 0.990562 0.9943 0.996608 0.998006 0.99884 0.999331 0.999616 0.99978 0.999875 0.999928 0.999959 0.999976 0.999986 0.999991 0.999994 0.999996 0.999997 0.999998 0.999998 0.999998 0.999998 0.999998 0.999998 0.999998 0.999998 0.999998 0.999998 0.999998 0.999998 0.999998 0.999998 0.999998 0.999998 0.999998 0.999998 0.999998 0.999998 0.999998 0.999998 0.999998 0.999998 0.999998 0.999997 0.999997 0.999997 0.999997 0.999997 0.999997 0.999997 0.999997 0.999997 0.999997 0.999997 0.999997 0.999997 0.999997 0.999997 0.999997 0.999997 0.999997 0.999997 0.999997 0.999997 0.999997 0.999997 0.999997 0.999997 0.999997 0.999997 0.999997 0.999997 0.999997 0.999997 0.999997 0.999997 0.999997 0.999997 0.999997 0.999997 0.999997 0.999997 0.999997
 #wt and selex for gender,fleet: 1 5 5_ORWA_NONTWL
 0.0106587 0.019631 0.0542537 0.107966 0.180894 0.271059 0.375608 0.491601 0.616344 0.747528 0.883238 1.02192 1.16233 1.30351 1.4447 1.58538 1.72515 1.86376 2.00102 2.13675 2.2708 2.40297 2.53302 2.66071 2.78575 2.90786 3.02675 3.14217 3.2539 3.36176 3.46562 3.56537 3.66098 3.75244 3.83976 3.92299 4.00223 4.07755 4.14907 4.21691 4.2812 4.34207 4.39965 4.45409 4.50553 4.55409 4.59992 4.64315 4.6839 4.72231 4.75848 4.79255 4.82461 4.85478 4.88317 4.90986 4.93496 4.95856 4.98073 5.00156 5.02113 5.03951 5.05677 5.07298 5.08819 5.10247 5.11588 5.12845 5.14025 5.15133 5.16181 5.17175 5.18106 5.1898 5.198 5.20568 5.21288 5.21964 5.22597 5.23191 5.23748 5.2427 5.24759 5.25218 5.25647 5.2605 5.26428 5.26781 5.27113 5.27424 5.27715 5.27988 5.28244 5.28483 5.28708 5.28918 5.29115 5.293 5.29473 5.29635 5.29889
 0 0.00114042 0.00324537 0.00863018 0.0196467 0.0390237 0.0691055 0.111192 0.165182 0.229595 0.301885 0.378903 0.457369 0.534251 0.607028 0.673829 0.733463 0.785371 0.829526 0.866303 0.896355 0.920487 0.939564 0.954434 0.96588 0.974595 0.981168 0.986086 0.98974 0.992442 0.994432 0.995893 0.996964 0.997749 0.998325 0.998747 0.999058 0.999288 0.999458 0.999584 0.999679 0.99975 0.999804 0.999845 0.999877 0.999901 0.99992 0.999934 0.999946 0.999955 0.999962 0.999968 0.999973 0.999977 0.99998 0.999982 0.999985 0.999986 0.999988 0.999989 0.99999 0.999991 0.999992 0.999993 0.999993 0.999994 0.999994 0.999995 0.999995 0.999995 0.999995 0.999996 0.999996 0.999996 0.999996 0.999996 0.999996 0.999996 0.999996 0.999996 0.999996 0.999996 0.999996 0.999997 0.999997 0.999997 0.999997 0.999997 0.999997 0.999997 0.999997 0.999997 0.999997 0.999997 0.999997 0.999997 0.999997 0.999997 0.999997 0.999997 0.999997
 #wt and selex for gender,fleet: 1 6 6_OR_REC
 0.0110963 0.0268437 0.0763841 0.143493 0.22558 0.316946 0.41311 0.511358 0.61093 0.712813 0.818969 0.93139 1.05142 1.17941 1.31475 1.45607 1.60165 1.74969 1.89853 2.04681 2.19345 2.33759 2.4786 2.61601 2.74945 2.87866 3.00344 3.12368 3.23928 3.35022 3.4565 3.55814 3.65522 3.7478 3.83598 3.91988 3.99962 4.07533 4.14714 4.21521 4.27967 4.34067 4.39835 4.45287 4.50436 4.55297 4.59884 4.64209 4.68286 4.72128 4.75747 4.79155 4.82362 4.8538 4.88219 4.90889 4.93399 4.95758 4.97976 5.00059 5.02016 5.03854 5.0558 5.07201 5.08723 5.10151 5.11491 5.12749 5.13929 5.15036 5.16085 5.17078 5.18009 5.18882 5.19701 5.2047 5.2119 5.21865 5.22498 5.23092 5.23649 5.2417 5.24659 5.25118 5.25547 5.2595 5.26327 5.26681 5.27012 5.27323 5.27614 5.27887 5.28142 5.28382 5.28606 5.28817 5.29014 5.29198 5.29371 5.29533 5.29787
 0 4.90006e-05 0.000606684 0.00468971 0.0216844 0.0673748 0.154719 0.282479 0.433512 0.583975 0.714524 0.815788 0.887462 0.934486 0.963429 0.980292 0.989653 0.99462 0.997139 0.998349 0.998884 0.99908 0.999111 0.999064 0.99898 0.99888 0.998773 0.998665 0.998557 0.998452 0.998349 0.998249 0.998153 0.99806 0.997971 0.997885 0.997803 0.997725 0.997651 0.99758 0.997512 0.997448 0.997387 0.99733 0.997275 0.997223 0.997174 0.997128 0.997085 0.997043 0.997005 0.996968 0.996933 0.996901 0.99687 0.996841 0.996814 0.996789 0.996765 0.996742 0.996721 0.996701 0.996682 0.996665 0.996648 0.996633 0.996618 0.996604 0.996591 0.996579 0.996568 0.996557 0.996547 0.996537 0.996528 0.99652 0.996512 0.996505 0.996498 0.996491 0.996485 0.996479 0.996474 0.996469 0.996464 0.99646 0.996456 0.996452 0.996448 0.996445 0.996441 0.996438 0.996436 0.996433 0.996431 0.996428 0.996426 0.996424 0.996422 0.99642 0.996418
 #wt and selex for gender,fleet: 1 7 7_WA_REC
 0.0110247 0.0259162 0.075763 0.146554 0.236898 0.341317 0.454715 0.573147 0.693851 0.815094 0.93604 1.05662 1.17736 1.29908 1.42267 1.54881 1.67788 1.80984 1.94429 2.0805 2.21754 2.35442 2.49014 2.62383 2.75473 2.88225 3.00594 3.12549 3.24066 3.35134 3.45747 3.55903 3.65605 3.74861 3.83679 3.92069 4.00044 4.07615 4.14798 4.21605 4.28052 4.34152 4.39922 4.45374 4.50524 4.55386 4.59973 4.64299 4.68377 4.72219 4.75839 4.79247 4.82454 4.85472 4.88312 4.90982 4.93492 4.95852 4.98069 5.00153 5.0211 5.03949 5.05675 5.07296 5.08817 5.10246 5.11586 5.12844 5.14024 5.15131 5.1618 5.17173 5.18105 5.18979 5.19798 5.20567 5.21287 5.21963 5.22596 5.2319 5.23747 5.24269 5.24758 5.25217 5.25646 5.26049 5.26427 5.26781 5.27112 5.27423 5.27714 5.27987 5.28243 5.28482 5.28707 5.28917 5.29114 5.29299 5.29472 5.29634 5.29888
 0 7.96983e-06 8.80341e-05 0.000693476 0.00355201 0.012837 0.0351954 0.0776252 0.144204 0.233825 0.340234 0.454064 0.565604 0.667042 0.753575 0.823428 0.877173 0.916827 0.945028 0.964446 0.977443 0.985927 0.991347 0.994744 0.996839 0.998115 0.998882 0.999339 0.999611 0.99977 0.999864 0.99992 0.999952 0.999971 0.999983 0.999989 0.999993 0.999996 0.999997 0.999998 0.999999 0.999999 0.999999 0.999999 0.999999 0.999999 0.999999 0.999999 0.999999 0.999999 0.999999 0.999999 0.999999 0.999999 0.999999 0.999999 0.999999 0.999999 0.999999 0.999999 0.999999 0.999999 0.999999 0.999999 0.999999 0.999999 0.999999 0.999999 0.999999 0.999999 0.999999 0.999999 0.999999 0.999999 0.999999 0.999999 0.999999 0.999999 0.999999 0.999999 0.999999 0.999999 0.999999 0.999999 0.999999 0.999999 0.999999 0.999999 0.999999 0.999999 0.999999 0.999999 0.999999 0.999999 0.999999 0.999999 0.999999 0.999999 0.999999 0.999999 0.999999
# Sex ratio correction
1
# M and current age-structure in year Yinit: 2011
 # gender = 1
 0.0439034 0.0439034 0.0439034 0.0439034 0.0439034 0.0439034 0.0439034 0.0439034 0.0439034 0.0439034 0.0439034 0.0439034 0.0439034 0.0439034 0.0439034 0.0439034 0.0439034 0.0439034 0.0439034 0.0439034 0.0439034 0.0439034 0.0439034 0.0439034 0.0439034 0.0439034 0.0439034 0.0439034 0.0439034 0.0439034 0.0439034 0.0439034 0.0439034 0.0439034 0.0439034 0.0439034 0.0439034 0.0439034 0.0439034 0.0439034 0.0439034 0.0439034 0.0439034 0.0439034 0.0439034 0.0439034 0.0439034 0.0439034 0.0439034 0.0439034 0.0439034 0.0439034 0.0439034 0.0439034 0.0439034 0.0439034 0.0439034 0.0439034 0.0439034 0.0439034 0.0439034 0.0439034 0.0439034 0.0439034 0.0439034 0.0439034 0.0439034 0.0439034 0.0439034 0.0439034 0.0439034 0.0439034 0.0439034 0.0439034 0.0439034 0.0439034 0.0439034 0.0439034 0.0439034 0.0439034 0.0439034 0.0439034 0.0439034 0.0439034 0.0439034 0.0439034 0.0439034 0.0439034 0.0439034 0.0439034 0.0439034 0.0439034 0.0439034 0.0439034 0.0439034 0.0439034 0.0439034 0.0439034 0.0439034 0.0439034 0.0439034
 308.309 292.567 230.916 273.04 154.481 110.188 79.4674 59.0201 120.133 216.342 84.3592 60.7927 104.044 56.8975 33.1565 26.7844 26.8598 52.0771 65.472 27.2791 20.3187 21.0201 22.6733 23.0917 23.2523 22.6478 25.8028 31.186 24.48 26.7073 18.4106 12.481 8.68178 6.61305 6.98235 6.44617 6.09802 3.81801 3.51805 4.19167 6.66062 4.46133 3.34442 2.45894 1.86312 1.50776 1.1485 0.931024 0.877884 0.937363 1.05162 1.11856 1.05212 0.913517 0.784084 0.691947 0.640665 0.625888 0.643587 0.692183 0.766851 0.847255 0.886746 0.845179 0.748599 0.648769 0.567407 0.506187 0.461049 0.426924 0.400341 0.37893 0.361225 0.346098 0.332347 0.318917 0.305079 0.290723 0.276197 0.262099 0.248964 0.237114 0.2266 0.217346 0.209129 0.201683 0.194769 0.188189 0.181779 0.175441 0.169115 0.16277 0.156417 0.150107 0.143837 0.137579 0.131504 0.125641 0.120007 0.114616 2.52199
# Age-structure at Ydeclare= 2013
 146.833 133.553 282.389 267.964 211.485 250.031 141.425 100.828 72.6665 53.9209 109.642 197.24 76.833 55.3186 94.6018 51.7006 30.1126 24.3159 24.3771 47.2532 59.398 24.7456 18.4302 19.0653 20.5638 20.9426 21.0875 20.5385 23.3985 28.2787 22.1966 24.2146 16.6912 11.3147 7.86997 5.99433 6.32872 5.84241 5.52658 3.46004 3.18805 3.79828 6.03523 4.04224 3.03012 2.22776 1.6879 1.36591 1.04042 0.84339 0.795236 0.849099 0.952585 1.01321 0.95302 0.827462 0.710217 0.626757 0.580304 0.566917 0.582946 0.626962 0.694593 0.767418 0.803186 0.765534 0.678054 0.58763 0.513934 0.458482 0.417598 0.386688 0.36261 0.343216 0.32718 0.313478 0.301023 0.288859 0.276325 0.263322 0.250165 0.237396 0.225499 0.214766 0.205243 0.196861 0.189418 0.182674 0.176412 0.170452 0.164647 0.158906 0.153176 0.14743 0.141675 0.13596 0.13028 0.124613 0.119111 0.1138 2.49683
# Year for Tmin Age-structure (set to Ydecl by SS)
2013
#  recruitment and biomass
# Number of historical assessment years
137
# Historical data
# year recruitment spawner in B0 in R project in R/S project
1888  1889 1890 1891 1892 1893 1894 1895 1896 1897 1898 1899 1900 1901 1902 1903 1904 1905 1906 1907 1908 1909 1910 1911 1912 1913 1914 1915 1916 1917 1918 1919 1920 1921 1922 1923 1924 1925 1926 1927 1928 1929 1930 1931 1932 1933 1934 1935 1936 1937 1938 1939 1940 1941 1942 1943 1944 1945 1946 1947 1948 1949 1950 1951 1952 1953 1954 1955 1956 1957 1958 1959 1960 1961 1962 1963 1964 1965 1966 1967 1968 1969 1970 1971 1972 1973 1974 1975 1976 1977 1978 1979 1980 1981 1982 1983 1984 1985 1986 1987 1988 1989 1990 1991 1992 1993 1994 1995 1996 1997 1998 1999 2000 2001 2002 2003 2004 2005 2006 2007 2008 2009 2010 2011 2012 2013 2014 2015 2016 2017 2018 2019 2020 2021 2022 2023 2024 #years (with first value representing R0)
211.938 211.176 211.153 211.129 211.105 211.073 211.039 211.005 210.976 210.947 210.918 210.889 210.855 210.824 210.795 210.756 210.719 210.685 210.656 210.641 210.634 210.628 210.63 210.633 210.635 210.613 210.546 210.395 210.123 209.686 208.85 207.692 206.243 204.47 202.393 200.071 197.588 195.05 192.604 190.403 188.603 187.349 186.716 186.645 186.988 187.429 187.576 187.076 185.805 183.934 181.945 180.402 179.827 180.6 183.149 188.159 196.582 209.727 228.256 250.692 269.367 268.919 244.439 210.429 180.615 159.652 147.564 143.514 147.212 158.35 175.015 191.055 192.313 170.948 143.811 126.835 126.313 145.789 178.324 204.226 248.268 308.774 373.624 501.481 281.07 208.091 197.333 272.884 247.571 228.241 182.546 200.914 240.599 294.092 352.169 265.96 279.423 191.295 139.886 120.786 102.072 86.4396 70.1617 60.2835 73.0373 160.45 118.278 57.0877 53.667 62.9292 102.621 178.657 99.5079 131.738 322.559 171.121 80.365 103.486 137.276 184.157 311.489 252.11 305.698 308.309 139.547 146.833 144.852 153.385 156.115 139.413 135.667 141.577 150.605 159.464 166.314 170.341 173.105  #recruits; first value is R0 (virgin)
1095.57  1095.57 1095.56 1095.55 1095.52 1095.05 1094.59 1094.13 1093.98 1093.9 1093.81 1093.73 1093.62 1093.5 1093.35 1093.18 1092.98 1092.74 1092.49 1092.22 1091.92 1091.49 1091.15 1090.78 1090.4 1089.99 1089.57 1089.12 1088.59 1088.11 1087.46 1084.73 1083.59 1082.55 1081.57 1080.87 1080.08 1078.73 1077.02 1074.49 1071.23 1068.05 1065.32 1062.23 1060.15 1058.21 1056.25 1053.72 1051.14 1047.56 1044.22 1040.54 1037.48 1033.26 1027.52 1021.44 1010.87 999.673 983.298 968.245 961.031 952.908 946.648 939.792 931.45 924.313 919.104 912.86 907.125 901.453 894.753 888.773 883.91 880.224 878.412 875.951 875.092 875.599 866.584 864.674 861.138 857.398 844.732 836.744 825.645 811.385 795.718 778.253 761.122 741.224 721.663 689.753 656.082 631.024 598.528 544.232 497.932 471.452 435.598 406.928 379.978 356.872 327.492 306.471 271.685 240.343 210.382 194.301 177.996 160.142 139.483 132.613 121.626 122.449 122.819 128.36 134.187 140.292 146.438 152.952 159.088 165.744 172.535 180.247 188.427 197.023 206.498 216.823 227.449 239.003 250.272 262.49 275.196 289.475 304.511 319.046 333.438 #spbio; first value is SSB_virgin (virgin)
1 0 0 0 0 0 0 0 0 0 0 0 0 0 0 0 0 0 0 0 0 0 0 0 0 0 0 0 0 0 0 0 0 0 0 0 0 0 0 0 0 0 0 0 0 0 0 0 0 0 0 0 0 0 0 0 0 0 0 0 0 0 0 0 0 0 0 0 0 0 0 0 0 0 0 0 0 0 0 0 0 0 0 0 0 0 0 0 0 0 0 0 0 0 0 0 0 0 0 0 0 0 0 0 0 0 0 0 0 0 0 0 0 0 0 0 0 0 0 0 0 0 0 0 0 0 0 0 0 0 0 0 0 0 0 0 0  # in Bzero
0 1 1 1 1 1 1 1 1 1 1 1 1 1 1 1 1 1 1 1 1 1 1 1 1 1 1 1 1 1 1 1 1 1 1 1 1 1 1 1 1 1 1 1 1 1 1 1 1 1 1 1 1 1 1 1 1 1 1 1 1 1 1 1 1 1 1 1 1 1 1 1 1 1 1 1 1 1 1 1 1 1 1 1 1 1 1 1 1 1 1 1 1 1 1 1 1 1 1 1 1 1 1 1 1 1 1 1 1 1 1 1 1 1 1 1 1 1 1 1 1 1 1 1 1 1 1 1 1 1 1 1 1 1  0 0 0 # in R project
0 1 1 1 1 1 1 1 1 1 1 1 1 1 1 1 1 1 1 1 1 1 1 1 1 1 1 1 1 1 1 1 1 1 1 1 1 1 1 1 1 1 1 1 1 1 1 1 1 1 1 1 1 1 1 1 1 1 1 1 1 1 1 1 1 1 1 1 1 1 1 1 1 1 1 1 1 1 1 1 1 1 1 1 1 1 1 1 1 1 1 1 1 1 1 1 1 1 1 1 1 1 1 1 1 1 1 1 1 1 1 1 1 1 1 1 1 1 1 1 1 1 1 1 1 1 1 1 1 1 1 1 1 1  0 0 0 # in R/S project
# Number of years with pre-specified catches
0
# catches for years with pre-specified catches go next
# Number of future recruitments to override
-2
# Process for overiding (-1 for average otherwise index in data list)
# Which probability to product detailed results for (1=0.5; 2=0.6; etc.)
3
# Steepness sigma-R Auto-correlation
0.718 0.5 0
# Target SPR rate (FMSY Proxy); manually change to SPR_MSY if not using SPR_target
0.5
# Discount rate (for cumulative catch)
0.1
# Truncate the series when 0.4B0 is reached (1=Yes)
0
# Set F to FMSY once 0.4B0 is reached (1=Yes)
0
# Maximum possible F for projection (-1 to set to FMSY)
-1
# Defintion of recovery (1=now only;2=now or before)
2
# Projection type
4
# Definition of the 40-10 rule
10 40
# Sigma Assessment Error (Base, Year1, Slope, MaxSigma)
1.0 2025 0.075 2.0
# Pstar
0.45
# Constrain catches by the ABC (1=yes, 2=no)
2
# Implementation Error (0=no; 1=lognormal; 2=uniform)
0
#Parameters of Implementaion Error
1 0.3
# Calculate coefficients of variation (1=Yes)
0
# Number of replicates to use
10
# Random number seed
-99004
# File with multiple parameter vectors 
rebuild.SSO
# User-specific projection (1=Yes); Output replaced (1->9)
0  5
# Catches and Fs (Year; 1/2/3 (F or C or SPR); value); Final row is -1
2024 1 1
-1 -1 -1
# Fixed catch project (1=Yes); Output replaced (1->9); Approach (-1=Read in else 1-9)
0 2 -1
# (48a) Special catch options (1-Yes) [CUT_OFF, Emsy, distribution, MAXCAT, Add, replace_code]
0 0.18 1.00 1.00 0 6
# (48b) B1Target
150000
# Split of Fs
2011  0.016203
 0
 0.390183
 0.0234892
 0.186343
 0.193802
 0.18998
-1  1 1 1 1 1 1 1 1 1 1 1 1
# Yrs to define T_target for projection type 4 (a.k.a. 5 pre-specified inputs)
2030 2031 2032 2033 2034 
# Year for probability of recovery
2034 2035 2036 2037 2038 2039 2040 2041
# Time varying weight-at-age (1=Yes;0=No)
0
# File with time series of weight-at-age data
none
# Use bisection (0) or linear interpolation (1)
1
# Target Depletion
0.4
# CV of implementation error
0
