#Title, #runnumber: 1 yelloweye_data.ss yelloweye_control.ss 6360.21 1125.53 382.036 StartTime: Thu May  1 10:15:19 2025
SSv3_default_rebuild.dat
# Number of sexes
1
# Age range to consider (minimum age; maximum age)
0 100
# Number of fleets
7
# First year of projection (Yinit)
2011
# First Year of rebuilding period (Ydecl)
2013
# Number of simulations
1000
# Maximum number of years
500
# Conduct projections with multiple starting values (0=No;else yes)
0
# Number of parameter vectors
1000
# Is the maximum age a plus-group (1=Yes;2=No)
1
# Generate future recruitments using historical recruitments (1)  historical recruits/spawner (2)  or a stock-recruitment (3)
3
# Constant fishing mortality (1) or constant Catch (2) projections
1
# Fishing mortality based on SPR (1) or actual rate (2)
1
# Pre-specify the year of recovery (or -1) to ignore
-1
# Fecundity-at-age
# 0 1 2 3 4 5 6 7 8 9 10 11 12 13 14 15 16 17 18 19 20 21 22 23 24 25 26 27 28 29 30 31 32 33 34 35 36 37 38 39 40 41 42 43 44 45 46 47 48 49 50 51 52 53 54 55 56 57 58 59 60 61 62 63 64 65 66 67 68 69 70 71 72 73 74 75 76 77 78 79 80 81 82 83 84 85 86 87 88 89 90 91 92 93 94 95 96 97 98 99 100 #runnumber: 1 yelloweye_data.ss yelloweye_control.ss 6360.21 1125.53 382.036
 0 0 1.95631e-09 4.13559e-08 5.37515e-07 4.89386e-06 3.41176e-05 0.000190735 0.000869745 0.00322066 0.00961845 0.0233608 0.047274 0.0822561 0.126953 0.178573 0.234027 0.290713 0.346816 0.401255 0.453488 0.503315 0.550725 0.595788 0.638607 0.679289 0.717928 0.75461 0.789411 0.822398 0.853636 0.883186 0.911107 0.93746 0.962305 0.985703 1.00771 1.0284 1.04783 1.06605 1.08312 1.09912 1.11408 1.12808 1.14116 1.15338 1.16479 1.17543 1.18535 1.1946 1.20322 1.21124 1.21872 1.22567 1.23214 1.23816 1.24376 1.24897 1.2538 1.2583 1.26248 1.26635 1.26996 1.2733 1.27641 1.2793 1.28197 1.28446 1.28677 1.28891 1.29089 1.29276 1.29449 1.2961 1.29759 1.29898 1.30026 1.30145 1.30256 1.30358 1.30453 1.30541 1.30623 1.30698 1.30769 1.30834 1.30894 1.3095 1.31002 1.3105 1.31094 1.31136 1.31174 1.31209 1.31242 1.31273 1.31301 1.31327 1.31352 1.31374 1.31407 #female fecundity; weighted by N in year Y_init across morphs and areas
# Age specific selectivity and weight adjusted for discard and discard mortality
 #wt and selex for gender,fleet: 1 1 1_CA_TWL
 0.00896707 0.008986 0.024324 0.0628952 0.12191 0.201041 0.29781 0.409062 0.531566 0.662343 0.798827 0.939054 1.08187 1.22692 1.37419 1.52357 1.67449 1.82596 1.97678 2.12571 2.27168 2.41378 2.55135 2.6839 2.8111 2.93276 3.04878 3.15914 3.26387 3.36306 3.45683 3.54535 3.62876 3.70728 3.78108 3.85038 3.91539 3.97631 4.03335 4.08672 4.13661 4.18323 4.22675 4.26737 4.30525 4.34057 4.37348 4.40414 4.43268 4.45925 4.48397 4.50696 4.52835 4.54823 4.56671 4.58388 4.59984 4.61466 4.62843 4.64122 4.65309 4.66411 4.67434 4.68383 4.69265 4.70082 4.70841 4.71545 4.72198 4.72804 4.73369 4.73896 4.74385 4.74838 4.75258 4.75648 4.7601 4.76345 4.76656 4.76944 4.77211 4.77459 4.77689 4.77902 4.78099 4.78282 4.78452 4.78609 4.78755 4.7889 4.79015 4.79131 4.79239 4.79339 4.79431 4.79517 4.79597 4.7967 4.79739 4.79802 4.79894
 0 0.000969048 0.00192799 0.00764952 0.0238564 0.0590243 0.120661 0.211083 0.325402 0.452821 0.580121 0.6954 0.79076 0.863338 0.914605 0.948563 0.969896 0.982747 0.990247 0.994527 0.996935 0.998278 0.999026 0.999443 0.999677 0.99981 0.999886 0.99993 0.999956 0.999972 0.999981 0.999987 0.999991 0.999993 0.999995 0.999996 0.999996 0.999997 0.999997 0.999997 0.999997 0.999997 0.999997 0.999997 0.999997 0.999997 0.999997 0.999997 0.999997 0.999997 0.999997 0.999997 0.999997 0.999997 0.999997 0.999997 0.999997 0.999997 0.999997 0.999997 0.999997 0.999997 0.999997 0.999997 0.999997 0.999997 0.999997 0.999997 0.999997 0.999997 0.999997 0.999997 0.999997 0.999997 0.999997 0.999997 0.999997 0.999997 0.999997 0.999997 0.999997 0.999997 0.999997 0.999997 0.999997 0.999997 0.999997 0.999997 0.999997 0.999997 0.999997 0.999997 0.999997 0.999997 0.999997 0.999997 0.999997 0.999997 0.999997 0.999997 0.999997
 #wt and selex for gender,fleet: 1 3 3_CA_REC
 0.00896707 0.008986 0.0235701 0.0605015 0.117191 0.193352 0.28677 0.394554 0.513692 0.641379 0.775282 0.91389 1.05661 1.20335 1.35381 1.50716 1.66208 1.81706 1.97066 2.12165 2.26903 2.41209 2.55027 2.68322 2.81067 2.93249 3.04861 3.15902 3.26379 3.36301 3.4568 3.54532 3.62875 3.70727 3.78107 3.85038 3.91539 3.97631 4.03335 4.08672 4.13661 4.18323 4.22675 4.26737 4.30525 4.34057 4.37348 4.40414 4.43268 4.45925 4.48397 4.50696 4.52835 4.54823 4.56671 4.58389 4.59984 4.61467 4.62843 4.64122 4.65309 4.66411 4.67434 4.68383 4.69265 4.70082 4.70841 4.71545 4.72198 4.72804 4.73369 4.73896 4.74385 4.74838 4.75258 4.75648 4.7601 4.76345 4.76656 4.76944 4.77211 4.77459 4.77689 4.77902 4.78099 4.78282 4.78452 4.78609 4.78755 4.7889 4.79015 4.79131 4.79239 4.79339 4.79431 4.79517 4.79597 4.7967 4.79739 4.79802 4.79894
 0 0.0038951 0.00721547 0.0227156 0.0580117 0.121504 0.2162 0.336859 0.471314 0.604557 0.723186 0.818605 0.8883 0.934903 0.963761 0.980536 0.989815 0.994761 0.99733 0.998643 0.999308 0.999644 0.999815 0.999902 0.999948 0.999971 0.999984 0.999991 0.999994 0.999996 0.999998 0.999998 0.999999 0.999999 0.999999 0.999999 0.999999 0.999999 0.999999 0.999999 0.999999 0.999999 0.999999 0.999999 0.999999 0.999999 0.999999 0.999999 0.999999 0.999999 0.999999 0.999999 0.999999 0.999999 0.999999 0.999999 0.999999 0.999999 0.999999 0.999999 0.999999 0.999999 0.999999 0.999999 0.999999 0.999999 0.999999 0.999999 0.999999 0.999999 0.999999 0.999999 0.999999 0.999999 0.999999 0.999999 0.999999 0.999999 0.999999 0.999999 0.999999 0.999999 0.999999 0.999999 0.999999 0.999999 0.999999 0.999999 0.999999 0.999999 0.999999 0.999999 0.999999 0.999999 0.999999 0.999999 0.999999 0.999999 0.999999 0.999999 0.999999
 #wt and selex for gender,fleet: 1 4 4_ORWA_TWL
 0.00896707 0.00898599 0.0225783 0.0574114 0.111639 0.185262 0.276639 0.383344 0.50267 0.631931 0.768659 0.91079 1.05686 1.20601 1.35765 1.51113 1.66555 1.81979 1.97265 2.12302 2.26995 2.41268 2.55065 2.68346 2.81082 2.93259 3.04867 3.15906 3.26382 3.36303 3.45681 3.54533 3.62875 3.70727 3.78108 3.85038 3.91539 3.97631 4.03335 4.08672 4.13661 4.18323 4.22675 4.26737 4.30525 4.34057 4.37348 4.40414 4.43268 4.45925 4.48397 4.50696 4.52835 4.54823 4.56671 4.58388 4.59984 4.61466 4.62843 4.64122 4.65309 4.66411 4.67434 4.68383 4.69265 4.70082 4.70841 4.71545 4.72198 4.72804 4.73369 4.73896 4.74385 4.74838 4.75258 4.75648 4.7601 4.76345 4.76656 4.76944 4.77211 4.77459 4.77689 4.77902 4.78099 4.78282 4.78452 4.78609 4.78755 4.7889 4.79015 4.79131 4.79239 4.79339 4.79431 4.79517 4.79597 4.7967 4.79739 4.79802 4.79894
 0 0.0131404 0.0222105 0.0513311 0.102088 0.177065 0.274128 0.386479 0.504617 0.618786 0.720939 0.805855 0.87152 0.918859 0.950828 0.971208 0.983587 0.990824 0.994933 0.997219 0.998475 0.99916 0.999534 0.999738 0.999851 0.999913 0.999949 0.999969 0.99998 0.999987 0.999991 0.999994 0.999995 0.999996 0.999997 0.999997 0.999997 0.999997 0.999997 0.999997 0.999997 0.999997 0.999997 0.999997 0.999997 0.999997 0.999997 0.999997 0.999997 0.999997 0.999997 0.999997 0.999997 0.999997 0.999997 0.999997 0.999997 0.999997 0.999997 0.999997 0.999997 0.999997 0.999997 0.999997 0.999997 0.999997 0.999997 0.999997 0.999997 0.999997 0.999997 0.999997 0.999997 0.999997 0.999997 0.999997 0.999997 0.999997 0.999997 0.999997 0.999997 0.999997 0.999997 0.999997 0.999997 0.999997 0.999997 0.999997 0.999997 0.999997 0.999997 0.999997 0.999997 0.999997 0.999997 0.999997 0.999997 0.999997 0.999997 0.999997 0.999997
 #wt and selex for gender,fleet: 1 5 5_ORWA_NONTWL
 0.00896707 0.008986 0.0237464 0.0614718 0.120063 0.19972 0.29852 0.413652 0.542017 0.680576 0.826544 0.977463 1.13122 1.28606 1.44053 1.59355 1.74436 1.89245 2.03753 2.17937 2.31777 2.45252 2.58335 2.71 2.8322 2.94971 3.06236 3.17 3.27257 3.37005 3.46248 3.54992 3.6325 3.71035 3.78362 3.8525 3.91717 3.97782 4.03464 4.08783 4.13758 4.18407 4.2275 4.26803 4.30584 4.3411 4.37396 4.40457 4.43308 4.45962 4.48431 4.50728 4.52865 4.54851 4.56698 4.58414 4.60008 4.61489 4.62865 4.64143 4.65329 4.6643 4.67453 4.68402 4.69282 4.701 4.70858 4.71561 4.72214 4.7282 4.73384 4.73911 4.744 4.74853 4.75273 4.75663 4.76024 4.76359 4.7667 4.76958 4.77225 4.77473 4.77703 4.77915 4.78113 4.78296 4.78465 4.78623 4.78768 4.78904 4.79029 4.79145 4.79253 4.79352 4.79445 4.7953 4.7961 4.79684 4.79752 4.79815 4.79907
 0 0.000614995 0.00115695 0.00391432 0.011045 0.0260315 0.052725 0.0941052 0.151213 0.222719 0.305226 0.394069 0.484257 0.571252 0.651485 0.722571 0.783321 0.833581 0.873985 0.905663 0.929983 0.948335 0.961997 0.972067 0.979438 0.984811 0.988724 0.991573 0.993654 0.99518 0.996304 0.997138 0.997761 0.99823 0.998585 0.998857 0.999067 0.999231 0.999359 0.99946 0.999541 0.999606 0.999659 0.999703 0.999738 0.999768 0.999792 0.999813 0.99983 0.999845 0.999858 0.999869 0.999878 0.999887 0.999894 0.9999 0.999905 0.99991 0.999915 0.999918 0.999922 0.999925 0.999928 0.99993 0.999932 0.999934 0.999936 0.999938 0.999939 0.99994 0.999941 0.999942 0.999943 0.999944 0.999944 0.999945 0.999945 0.999946 0.999946 0.999947 0.999947 0.999948 0.999948 0.999948 0.999949 0.999949 0.999949 0.999949 0.999949 0.99995 0.99995 0.99995 0.99995 0.99995 0.99995 0.99995 0.999951 0.999951 0.999951 0.999951 0.999951
 #wt and selex for gender,fleet: 1 6 6_OR_REC
 0.00896707 0.00898601 0.0297153 0.0759204 0.142864 0.227488 0.32487 0.430495 0.541037 0.65543 0.775326 0.903423 1.04114 1.18769 1.34075 1.49753 1.65554 1.81285 1.96801 2.11996 2.26791 2.41128 2.54963 2.68264 2.81012 2.93194 3.04804 3.15843 3.26318 3.36236 3.45613 3.54462 3.62802 3.70651 3.7803 3.84958 3.91456 3.97546 4.03249 4.08584 4.13572 4.18232 4.22583 4.26643 4.3043 4.33961 4.37251 4.40315 4.43169 4.45825 4.48296 4.50595 4.52732 4.5472 4.56567 4.58284 4.59879 4.61361 4.62738 4.64016 4.65202 4.66304 4.67327 4.68276 4.69157 4.69974 4.70733 4.71437 4.7209 4.72695 4.7326 4.73787 4.74275 4.74728 4.75148 4.75538 4.75899 4.76234 4.76545 4.76833 4.771 4.77348 4.77577 4.7779 4.77988 4.78171 4.7834 4.78497 4.78643 4.78778 4.78903 4.79019 4.79127 4.79227 4.79319 4.79405 4.79484 4.79558 4.79626 4.7969 4.79782
 0 1.83309e-05 6.53863e-05 0.00103078 0.00848284 0.0401372 0.123295 0.271509 0.463486 0.653219 0.802103 0.898598 0.952327 0.978964 0.991073 0.996227 0.998297 0.999067 0.999305 0.999327 0.999262 0.999162 0.999048 0.998929 0.998811 0.998694 0.998579 0.998469 0.998362 0.998261 0.998163 0.99807 0.997982 0.997899 0.99782 0.997745 0.997675 0.997609 0.997547 0.997489 0.997434 0.997383 0.997335 0.99729 0.997248 0.997209 0.997173 0.997139 0.997107 0.997077 0.99705 0.997024 0.997 0.996978 0.996958 0.996938 0.996921 0.996904 0.996889 0.996874 0.996861 0.996849 0.996837 0.996826 0.996817 0.996807 0.996799 0.996791 0.996784 0.996777 0.99677 0.996764 0.996759 0.996754 0.996749 0.996745 0.996741 0.996737 0.996733 0.99673 0.996727 0.996724 0.996722 0.996719 0.996717 0.996715 0.996713 0.996711 0.99671 0.996708 0.996707 0.996705 0.996704 0.996703 0.996702 0.996701 0.9967 0.996699 0.996699 0.996698 0.996697
 #wt and selex for gender,fleet: 1 7 7_WA_REC
 0.00896707 0.00898601 0.0292876 0.0761671 0.146097 0.237099 0.344694 0.464222 0.591573 0.723428 0.85734 0.991913 1.12698 1.26338 1.40219 1.54408 1.68888 1.8357 1.98317 2.12981 2.27426 2.41539 2.55235 2.68452 2.81149 2.933 3.04893 3.15923 3.26393 3.3631 3.45686 3.54536 3.62878 3.70729 3.78109 3.85039 3.91539 3.97631 4.03335 4.08672 4.13661 4.18323 4.22675 4.26737 4.30526 4.34057 4.37348 4.40414 4.43268 4.45925 4.48397 4.50696 4.52835 4.54823 4.56671 4.58389 4.59984 4.61467 4.62843 4.64122 4.65309 4.66411 4.67434 4.68383 4.69265 4.70082 4.70841 4.71545 4.72198 4.72804 4.73369 4.73896 4.74385 4.74838 4.75258 4.75648 4.7601 4.76345 4.76656 4.76944 4.77211 4.77459 4.77689 4.77902 4.78099 4.78282 4.78452 4.78609 4.78755 4.7889 4.79015 4.79132 4.79239 4.79339 4.79431 4.79517 4.79597 4.7967 4.79739 4.79802 4.79894
 0 2.58312e-06 8.68875e-06 0.000130565 0.00115445 0.00635276 0.0238304 0.0658606 0.142881 0.255953 0.394099 0.538598 0.670865 0.778844 0.858886 0.913698 0.948932 0.970501 0.983232 0.990555 0.994696 0.997016 0.998311 0.999034 0.999441 0.999672 0.999804 0.999881 0.999926 0.999953 0.99997 0.99998 0.999987 0.999991 0.999993 0.999995 0.999996 0.999997 0.999998 0.999998 0.999999 0.999999 0.999999 0.999999 0.999999 0.999999 0.999999 0.999999 0.999999 0.999999 0.999999 0.999999 0.999999 0.999999 0.999999 0.999999 0.999999 0.999999 0.999999 0.999999 0.999999 0.999999 0.999999 0.999999 0.999999 0.999999 0.999999 0.999999 0.999999 0.999999 0.999999 0.999999 0.999999 0.999999 0.999999 0.999999 0.999999 0.999999 0.999999 0.999999 0.999999 0.999999 0.999999 0.999999 0.999999 0.999999 0.999999 0.999999 0.999999 0.999999 0.999999 0.999999 0.999999 0.999999 0.999999 0.999999 0.999999 0.999999 0.999999 0.999999 0.999999
# Sex ratio correction
1
# M and current age-structure in year Yinit: 2011
 # gender = 1
 0.0439034 0.0439034 0.0439034 0.0439034 0.0439034 0.0439034 0.0439034 0.0439034 0.0439034 0.0439034 0.0439034 0.0439034 0.0439034 0.0439034 0.0439034 0.0439034 0.0439034 0.0439034 0.0439034 0.0439034 0.0439034 0.0439034 0.0439034 0.0439034 0.0439034 0.0439034 0.0439034 0.0439034 0.0439034 0.0439034 0.0439034 0.0439034 0.0439034 0.0439034 0.0439034 0.0439034 0.0439034 0.0439034 0.0439034 0.0439034 0.0439034 0.0439034 0.0439034 0.0439034 0.0439034 0.0439034 0.0439034 0.0439034 0.0439034 0.0439034 0.0439034 0.0439034 0.0439034 0.0439034 0.0439034 0.0439034 0.0439034 0.0439034 0.0439034 0.0439034 0.0439034 0.0439034 0.0439034 0.0439034 0.0439034 0.0439034 0.0439034 0.0439034 0.0439034 0.0439034 0.0439034 0.0439034 0.0439034 0.0439034 0.0439034 0.0439034 0.0439034 0.0439034 0.0439034 0.0439034 0.0439034 0.0439034 0.0439034 0.0439034 0.0439034 0.0439034 0.0439034 0.0439034 0.0439034 0.0439034 0.0439034 0.0439034 0.0439034 0.0439034 0.0439034 0.0439034 0.0439034 0.0439034 0.0439034 0.0439034 0.0439034
 225.979 284.624 294.156 345.706 186.896 182.765 111.971 64.6049 87.6808 206.771 63.3415 47.512 86.1265 54.8139 36.1887 28.0147 26.9807 52.6766 56.6411 28.9673 23.4706 22.8991 22.0872 21.6744 22.8124 26.35 34.8888 34.8978 23.5169 18.419 17.0234 15.0736 11.9044 10.2047 8.59339 6.82272 5.67057 5.03235 5.05994 4.42556 4.71617 5.22503 4.53987 3.53034 2.36292 1.93579 1.62871 1.35007 1.20704 1.17528 1.20401 1.25136 1.27305 1.23958 1.15332 1.04494 0.949284 0.880739 0.837934 0.813746 0.797986 0.781571 0.761835 0.74144 0.722186 0.703497 0.682623 0.65857 0.633281 0.608786 0.586776 0.567377 0.549829 0.532895 0.515102 0.495432 0.473516 0.449873 0.425448 0.40132 0.378325 0.357002 0.337514 0.319901 0.303948 0.289345 0.276082 0.263934 0.252663 0.242066 0.23197 0.222235 0.212781 0.203599 0.194624 0.185918 0.177516 0.169443 0.161719 0.154351 3.37694
# Age-structure at Ydeclare= 2013
 478.463 211.642 206.981 260.694 269.415 316.6 171.124 167.269 102.402 59.0235 80.0095 188.45 57.6647 43.2137 78.2778 49.7917 32.8603 25.4311 24.4879 47.8037 51.3968 26.2837 21.2953 20.776 20.0389 19.6638 20.6956 23.9041 31.6491 31.6558 21.3311 16.7061 15.4395 13.6704 10.7958 9.25391 7.79248 6.18663 5.14174 4.5629 4.58778 4.01247 4.27583 4.73705 4.11578 3.20048 2.14209 1.75485 1.47645 1.22384 1.09417 1.06537 1.0914 1.13432 1.15398 1.12364 1.04544 0.947192 0.860484 0.79835 0.759549 0.737622 0.723335 0.708455 0.690564 0.672077 0.654623 0.637682 0.618759 0.596957 0.574033 0.551828 0.531878 0.514293 0.498387 0.483037 0.466909 0.449079 0.429213 0.407782 0.385642 0.363771 0.342928 0.3236 0.305936 0.289971 0.27551 0.262273 0.250251 0.23924 0.229023 0.219418 0.210267 0.201443 0.192873 0.18455 0.176415 0.168523 0.160907 0.15359 3.3475
# Year for Tmin Age-structure (set to Ydecl by SS)
2013
#  recruitment and biomass
# Number of historical assessment years
137
# Historical data
# year recruitment spawner in B0 in R project in R/S project
1888  1889 1890 1891 1892 1893 1894 1895 1896 1897 1898 1899 1900 1901 1902 1903 1904 1905 1906 1907 1908 1909 1910 1911 1912 1913 1914 1915 1916 1917 1918 1919 1920 1921 1922 1923 1924 1925 1926 1927 1928 1929 1930 1931 1932 1933 1934 1935 1936 1937 1938 1939 1940 1941 1942 1943 1944 1945 1946 1947 1948 1949 1950 1951 1952 1953 1954 1955 1956 1957 1958 1959 1960 1961 1962 1963 1964 1965 1966 1967 1968 1969 1970 1971 1972 1973 1974 1975 1976 1977 1978 1979 1980 1981 1982 1983 1984 1985 1986 1987 1988 1989 1990 1991 1992 1993 1994 1995 1996 1997 1998 1999 2000 2001 2002 2003 2004 2005 2006 2007 2008 2009 2010 2011 2012 2013 2014 2015 2016 2017 2018 2019 2020 2021 2022 2023 2024 #years (with first value representing R0)
223.225 223.684 223.696 223.708 223.72 223.724 223.727 223.731 223.741 223.752 223.765 223.778 223.795 223.813 223.834 223.857 223.885 223.923 223.969 224.035 224.117 224.216 224.339 224.481 224.635 224.784 224.907 224.971 224.94 224.777 224.442 223.88 223.172 222.329 221.424 220.566 219.866 219.434 219.382 219.788 220.557 221.801 223.542 225.63 227.863 229.864 231.177 231.325 230.012 227.221 223.346 218.991 214.828 211.311 208.626 206.609 204.62 202.014 198.312 193.909 189.594 185.493 181.158 176.041 170.825 167.354 167.322 171.51 179.496 188.29 192.253 187.463 174.826 159.444 147.351 143.05 150.938 171.287 190.867 217.491 301.744 357.962 377.186 309.001 260.754 265.598 233.182 229.933 240.075 260.277 263.902 260.821 277.778 262.179 235.767 249.161 305.777 253.283 159.434 116.071 93.8098 82.4213 74.837 68.2803 76.2551 136.976 118.532 57.0166 55.9607 68.5879 98.8083 147.851 77.7494 98.8814 308.161 124.844 87.9405 145.782 227.668 222.788 394.382 321.153 297.399 225.979 221.14 478.463 228.182 310.698 232.428 115.071 110.206 117.563 114.794 154.659 169.163 174.191 184.566  #recruits; first value is R0 (virgin)
1125.53  1125.53 1125.52 1125.51 1125.48 1125.02 1124.56 1124.09 1123.94 1123.86 1123.78 1123.7 1123.61 1123.5 1123.38 1123.25 1123.11 1122.95 1122.79 1122.62 1122.44 1122.13 1121.93 1121.71 1121.48 1121.24 1120.99 1120.73 1120.38 1120.1 1119.65 1117.12 1116.19 1115.37 1114.62 1114.15 1113.61 1112.52 1111.07 1108.83 1105.87 1103.01 1100.63 1097.91 1096.25 1094.76 1093.31 1091.36 1089.44 1086.61 1084.14 1081.48 1079.58 1076.71 1072.51 1068.19 1059.62 1050.66 1036.79 1024.4 1019.94 1014.72 1011.43 1007.59 1002.22 997.915 995.301 991.317 987.359 982.82 976.439 969.844 963.382 957.147 951.976 945.495 940.241 936.219 922.59 916.458 909.048 901.861 886.081 875.407 861.881 845.392 827.666 808.28 789.405 767.943 747.074 714.036 679.561 653.997 621.063 566.005 519.016 491.914 455.274 425.886 398.353 374.929 345.495 324.607 289.852 258.359 228.136 211.949 195.657 177.887 157.287 150.738 139.838 140.949 141.422 147.092 152.948 159.021 165.095 171.484 177.36 183.592 189.745 196.6 203.704 211.076 219.313 228.482 238.117 248.985 260.04 272.734 286.757 303.209 321.297 339.783 359.124 #spbio; first value is SSB_virgin (virgin)
1 0 0 0 0 0 0 0 0 0 0 0 0 0 0 0 0 0 0 0 0 0 0 0 0 0 0 0 0 0 0 0 0 0 0 0 0 0 0 0 0 0 0 0 0 0 0 0 0 0 0 0 0 0 0 0 0 0 0 0 0 0 0 0 0 0 0 0 0 0 0 0 0 0 0 0 0 0 0 0 0 0 0 0 0 0 0 0 0 0 0 0 0 0 0 0 0 0 0 0 0 0 0 0 0 0 0 0 0 0 0 0 0 0 0 0 0 0 0 0 0 0 0 0 0 0 0 0 0 0 0 0 0 0 0 0 0  # in Bzero
0 1 1 1 1 1 1 1 1 1 1 1 1 1 1 1 1 1 1 1 1 1 1 1 1 1 1 1 1 1 1 1 1 1 1 1 1 1 1 1 1 1 1 1 1 1 1 1 1 1 1 1 1 1 1 1 1 1 1 1 1 1 1 1 1 1 1 1 1 1 1 1 1 1 1 1 1 1 1 1 1 1 1 1 1 1 1 1 1 1 1 1 1 1 1 1 1 1 1 1 1 1 1 1 1 1 1 1 1 1 1 1 1 1 1 1 1 1 1 1 1 1 1 1 1 1 1 1 1 1 1 1 1 1  0 0 0 # in R project
0 1 1 1 1 1 1 1 1 1 1 1 1 1 1 1 1 1 1 1 1 1 1 1 1 1 1 1 1 1 1 1 1 1 1 1 1 1 1 1 1 1 1 1 1 1 1 1 1 1 1 1 1 1 1 1 1 1 1 1 1 1 1 1 1 1 1 1 1 1 1 1 1 1 1 1 1 1 1 1 1 1 1 1 1 1 1 1 1 1 1 1 1 1 1 1 1 1 1 1 1 1 1 1 1 1 1 1 1 1 1 1 1 1 1 1 1 1 1 1 1 1 1 1 1 1 1 1 1 1 1 1 1 1  0 0 0 # in R/S project
# Number of years with pre-specified catches
0
# catches for years with pre-specified catches go next
# Number of future recruitments to override
-2
# Process for overiding (-1 for average otherwise index in data list)
# Which probability to product detailed results for (1=0.5; 2=0.6; etc.)
3
# Steepness sigma-R Auto-correlation
0.718 0.5 0
# Target SPR rate (FMSY Proxy); manually change to SPR_MSY if not using SPR_target
0.5
# Discount rate (for cumulative catch)
0.1
# Truncate the series when 0.4B0 is reached (1=Yes)
0
# Set F to FMSY once 0.4B0 is reached (1=Yes)
0
# Maximum possible F for projection (-1 to set to FMSY)
-1
# Defintion of recovery (1=now only;2=now or before)
2
# Projection type
4
# Definition of the 40-10 rule
10 40
# Sigma Assessment Error (Base, Year1, Slope, MaxSigma)
1.0 2025 0.075 2.0
# Pstar
0.45
# Constrain catches by the ABC (1=yes, 2=no)
2
# Implementation Error (0=no; 1=lognormal; 2=uniform)
0
#Parameters of Implementaion Error
1 0.3
# Calculate coefficients of variation (1=Yes)
0
# Number of replicates to use
10
# Random number seed
-99004
# File with multiple parameter vectors 
rebuild.SSO
# User-specific projection (1=Yes); Output replaced (1->9)
0  5
# Catches and Fs (Year; 1/2/3 (F or C or SPR); value); Final row is -1
2024 1 1
-1 -1 -1
# Fixed catch project (1=Yes); Output replaced (1->9); Approach (-1=Read in else 1-9)
0 2 -1
# (48a) Special catch options (1-Yes) [CUT_OFF, Emsy, distribution, MAXCAT, Add, replace_code]
0 0.18 1.00 1.00 0 6
# (48b) B1Target
150000
# Split of Fs
2011  0.0172965
 0
 0.408335
 0.0232124
 0.188161
 0.190544
 0.172451
-1  1 1 1 1 1 1 1 1 1 1 1 1
# Yrs to define T_target for projection type 4 (a.k.a. 5 pre-specified inputs)
2030 2031 2032 2033 2034 
# Year for probability of recovery
2034 2035 2036 2037 2038 2039 2040 2041
# Time varying weight-at-age (1=Yes;0=No)
0
# File with time series of weight-at-age data
none
# Use bisection (0) or linear interpolation (1)
1
# Target Depletion
0.4
# CV of implementation error
0
