#Title, #runnumber: 1 yelloweye_data.ss yelloweye_control.ss 6718.79 1066.99 336.036 StartTime: Tue May 13 16:55:23 2025
SSv3_default_rebuild.dat
# Number of sexes
1
# Age range to consider (minimum age; maximum age)
0 100
# Number of fleets
7
# First year of projection (Yinit)
2011
# First Year of rebuilding period (Ydecl)
2013
# Number of simulations
1000
# Maximum number of years
500
# Conduct projections with multiple starting values (0=No;else yes)
0
# Number of parameter vectors
1000
# Is the maximum age a plus-group (1=Yes;2=No)
1
# Generate future recruitments using historical recruitments (1)  historical recruits/spawner (2)  or a stock-recruitment (3)
3
# Constant fishing mortality (1) or constant Catch (2) projections
1
# Fishing mortality based on SPR (1) or actual rate (2)
1
# Pre-specify the year of recovery (or -1) to ignore
-1
# Fecundity-at-age
# 0 1 2 3 4 5 6 7 8 9 10 11 12 13 14 15 16 17 18 19 20 21 22 23 24 25 26 27 28 29 30 31 32 33 34 35 36 37 38 39 40 41 42 43 44 45 46 47 48 49 50 51 52 53 54 55 56 57 58 59 60 61 62 63 64 65 66 67 68 69 70 71 72 73 74 75 76 77 78 79 80 81 82 83 84 85 86 87 88 89 90 91 92 93 94 95 96 97 98 99 100 #runnumber: 1 yelloweye_data.ss yelloweye_control.ss 6718.79 1066.99 336.036
 0 0 1.53549e-08 2.10495e-07 1.99013e-06 1.43144e-05 8.24553e-05 0.000388901 0.00150337 0.00474285 0.0122901 0.0266784 0.0498179 0.0822353 0.122979 0.170097 0.221297 0.274471 0.32797 0.380662 0.431859 0.481202 0.528547 0.573876 0.617232 0.658685 0.69831 0.736179 0.772355 0.806895 0.839849 0.871266 0.901188 0.92966 0.956726 0.982428 1.00681 1.02992 1.0518 1.07251 1.09207 1.11056 1.128 1.14445 1.15995 1.17455 1.18829 1.20121 1.21337 1.22479 1.23552 1.24559 1.25504 1.26391 1.27223 1.28003 1.28733 1.29418 1.3006 1.3066 1.31223 1.31749 1.32242 1.32703 1.33134 1.33538 1.33915 1.34268 1.34598 1.34906 1.35195 1.35469 1.35726 1.35966 1.3619 1.364 1.36596 1.36778 1.36949 1.37109 1.37258 1.37397 1.37527 1.37648 1.37762 1.37868 1.37967 1.38059 1.38145 1.38226 1.38301 1.38371 1.38436 1.38497 1.38554 1.38608 1.38657 1.38704 1.38747 1.38788 1.38849 #female fecundity; weighted by N in year Y_init across morphs and areas
# Age specific selectivity and weight adjusted for discard and discard mortality
 #wt and selex for gender,fleet: 1 1 1_CA_TWL
 0.00970361 0.0161344 0.0482347 0.0983953 0.167188 0.252563 0.351644 0.461501 0.579475 0.70332 0.831283 0.962213 1.09559 1.23139 1.36974 1.51063 1.65371 1.79827 1.94337 2.08793 2.23094 2.37146 2.50876 2.64224 2.77146 2.89611 3.016 3.131 3.24106 3.34618 3.44639 3.54177 3.63241 3.71844 3.79998 3.87718 3.95021 4.01921 4.08434 4.14579 4.20371 4.25826 4.30961 4.35791 4.40333 4.44601 4.4861 4.52374 4.55906 4.59219 4.62326 4.65239 4.67969 4.70527 4.72922 4.75165 4.77266 4.79231 4.81071 4.82792 4.84402 4.85908 4.87317 4.88634 4.89865 4.91016 4.92092 4.93097 4.94037 4.94915 4.95741 4.96519 4.97246 4.97925 4.98559 4.99151 4.99704 5.00221 5.00704 5.01154 5.01575 5.01968 5.02335 5.02677 5.02997 5.03296 5.03574 5.03835 5.04078 5.04305 5.04516 5.04714 5.04899 5.05071 5.05232 5.05382 5.05522 5.05653 5.05775 5.05889 5.06062
 0 0.00120067 0.00422128 0.0138142 0.0361026 0.077988 0.144016 0.233937 0.342252 0.459759 0.576105 0.68225 0.772145 0.843292 0.896271 0.933645 0.958797 0.975053 0.985207 0.991373 0.995033 0.997166 0.998392 0.99909 0.999484 0.999707 0.999833 0.999903 0.999944 0.999967 0.99998 0.999987 0.999992 0.999994 0.999996 0.999997 0.999997 0.999998 0.999998 0.999998 0.999998 0.999998 0.999998 0.999998 0.999998 0.999998 0.999998 0.999998 0.999998 0.999998 0.999998 0.999998 0.999998 0.999998 0.999998 0.999998 0.999998 0.999998 0.999998 0.999998 0.999998 0.999998 0.999998 0.999998 0.999998 0.999998 0.999998 0.999998 0.999998 0.999998 0.999998 0.999998 0.999998 0.999998 0.999997 0.999997 0.999997 0.999997 0.999997 0.999997 0.999997 0.999997 0.999997 0.999997 0.999997 0.999997 0.999997 0.999997 0.999997 0.999997 0.999997 0.999997 0.999997 0.999997 0.999997 0.999997 0.999997 0.999997 0.999997 0.999997 0.999997
 #wt and selex for gender,fleet: 1 3 3_CA_REC
 0.00969897 0.0157659 0.0456805 0.0930863 0.158342 0.239741 0.334767 0.440779 0.555324 0.676324 0.802259 0.932313 1.06627 1.20417 1.34586 1.49082 1.63813 1.7866 1.93499 2.08214 2.22705 2.36892 2.50713 2.64121 2.77082 2.89572 3.01576 3.13085 3.24097 3.34612 3.44635 3.54174 3.63239 3.71843 3.79997 3.87718 3.9502 4.0192 4.08434 4.14579 4.20371 4.25826 4.30961 4.35791 4.40333 4.44601 4.4861 4.52374 4.55906 4.59219 4.62326 4.65239 4.67969 4.70527 4.72922 4.75165 4.77266 4.79231 4.81071 4.82792 4.84402 4.85908 4.87317 4.88634 4.89865 4.91016 4.92092 4.93097 4.94037 4.94915 4.95741 4.96519 4.97246 4.97925 4.98559 4.99151 4.99704 5.00221 5.00704 5.01154 5.01575 5.01968 5.02335 5.02677 5.02997 5.03296 5.03575 5.03835 5.04078 5.04305 5.04516 5.04714 5.04899 5.05071 5.05232 5.05382 5.05522 5.05653 5.05775 5.05889 5.06062
 0 0.00516412 0.0145435 0.0380317 0.0825042 0.152773 0.248307 0.362732 0.485674 0.605702 0.713097 0.801696 0.869476 0.917872 0.950363 0.971033 0.983592 0.990932 0.995086 0.997378 0.998616 0.999275 0.999621 0.999802 0.999896 0.999945 0.999971 0.999984 0.999991 0.999995 0.999997 0.999998 0.999999 0.999999 0.999999 0.999999 0.999999 0.999999 0.999999 0.999999 0.999999 0.999999 0.999999 0.999999 0.999999 0.999999 0.999999 0.999999 0.999999 0.999999 0.999999 0.999999 0.999999 0.999999 0.999999 0.999999 0.999999 0.999999 0.999999 0.999999 0.999999 0.999999 0.999999 0.999999 0.999999 0.999999 0.999999 0.999999 0.999999 0.999999 0.999999 0.999999 0.999999 0.999999 0.999999 0.999999 0.999999 0.999999 0.999999 0.999999 0.999999 0.999999 0.999999 0.999999 0.999999 0.999999 0.999999 0.999999 0.999999 0.999999 0.999999 0.999999 0.999999 0.999999 0.999999 0.999999 0.999999 0.999999 0.999999 0.999999 0.999999
 #wt and selex for gender,fleet: 1 4 4_ORWA_TWL
 0.00969271 0.0152617 0.0419608 0.0859265 0.147686 0.226355 0.320161 0.426943 0.544462 0.670571 0.803308 0.94094 1.08201 1.22535 1.37011 1.51567 1.66151 1.80716 1.95211 2.09576 2.23749 2.37669 2.51277 2.64522 2.77363 2.89767 3.01711 3.13178 3.24161 3.34656 3.44665 3.54195 3.63254 3.71853 3.80004 3.87723 3.95024 4.01923 4.08436 4.1458 4.20372 4.25827 4.30961 4.35792 4.40334 4.44601 4.4861 4.52374 4.55906 4.59219 4.62326 4.65239 4.67969 4.70527 4.72922 4.75165 4.77266 4.79231 4.81071 4.82792 4.84402 4.85908 4.87317 4.88634 4.89865 4.91016 4.92092 4.93097 4.94037 4.94915 4.95741 4.96519 4.97246 4.97925 4.98559 4.99151 4.99704 5.00221 5.00704 5.01154 5.01575 5.01968 5.02335 5.02677 5.02997 5.03296 5.03575 5.03835 5.04078 5.04305 5.04516 5.04714 5.04899 5.05071 5.05232 5.05382 5.05522 5.05653 5.05775 5.05889 5.06062
 0 0.0173019 0.0353192 0.0669248 0.113809 0.176381 0.252786 0.339293 0.431098 0.52321 0.61116 0.691452 0.761751 0.820905 0.868818 0.906242 0.934491 0.955153 0.969842 0.980026 0.986936 0.991539 0.994559 0.996518 0.997777 0.998581 0.999092 0.999417 0.999624 0.999755 0.999839 0.999893 0.999929 0.999951 0.999966 0.999976 0.999983 0.999988 0.999991 0.999993 0.999994 0.999995 0.999996 0.999997 0.999997 0.999997 0.999998 0.999998 0.999998 0.999998 0.999998 0.999998 0.999998 0.999998 0.999998 0.999998 0.999998 0.999998 0.999998 0.999998 0.999998 0.999998 0.999998 0.999998 0.999998 0.999998 0.999998 0.999998 0.999998 0.999998 0.999998 0.999998 0.999998 0.999998 0.999998 0.999998 0.999998 0.999998 0.999998 0.999998 0.999998 0.999998 0.999998 0.999998 0.999998 0.999998 0.999998 0.999998 0.999998 0.999998 0.999998 0.999998 0.999998 0.999998 0.999998 0.999998 0.999998 0.999998 0.999998 0.999998 0.999998
 #wt and selex for gender,fleet: 1 5 5_ORWA_NONTWL
 0.0096996 0.0158188 0.046344 0.0953938 0.163908 0.250533 0.352866 0.468173 0.593766 0.727183 0.866268 1.00918 1.15436 1.30052 1.44664 1.5919 1.73572 1.87768 2.0175 2.15497 2.28993 2.42217 2.5515 2.67767 2.80045 2.91958 3.03484 3.14604 3.25302 3.35566 3.4539 3.54773 3.63715 3.72221 3.803 3.87961 3.95217 4.0208 4.08565 4.14687 4.2046 4.25901 4.31024 4.35845 4.40379 4.4464 4.48644 4.52403 4.55932 4.59242 4.62347 4.65257 4.67985 4.70541 4.72936 4.75178 4.77277 4.79242 4.81081 4.82801 4.84411 4.85916 4.87324 4.88641 4.89872 4.91022 4.92098 4.93103 4.94043 4.9492 4.95747 4.96524 4.97251 4.9793 4.98564 4.99156 4.99709 5.00226 5.00708 5.01159 5.0158 5.01972 5.02339 5.02682 5.03002 5.033 5.03579 5.03839 5.04082 5.04309 5.04521 5.04718 5.04903 5.05075 5.05236 5.05386 5.05526 5.05657 5.05779 5.05893 5.06066
 0 0.000841688 0.00247513 0.00698403 0.0166974 0.0345571 0.0633179 0.104749 0.159101 0.225001 0.299753 0.379866 0.46163 0.541598 0.616922 0.685518 0.746114 0.798179 0.841803 0.877536 0.906217 0.928831 0.946386 0.959837 0.97003 0.977688 0.983401 0.987643 0.990783 0.993103 0.994817 0.996085 0.997025 0.997725 0.998247 0.998638 0.998934 0.999158 0.99933 0.999461 0.999563 0.999643 0.999705 0.999755 0.999794 0.999826 0.999851 0.999872 0.999889 0.999903 0.999915 0.999924 0.999933 0.99994 0.999945 0.99995 0.999955 0.999958 0.999962 0.999964 0.999967 0.999969 0.999971 0.999972 0.999974 0.999975 0.999976 0.999977 0.999978 0.999979 0.99998 0.99998 0.999981 0.999981 0.999981 0.999982 0.999982 0.999982 0.999983 0.999983 0.999983 0.999983 0.999983 0.999984 0.999984 0.999984 0.999984 0.999984 0.999984 0.999984 0.999985 0.999985 0.999985 0.999985 0.999985 0.999985 0.999985 0.999985 0.999985 0.999985 0.999985
 #wt and selex for gender,fleet: 1 6 6_OR_REC
 0.00974271 0.0189898 0.061248 0.120862 0.19748 0.286273 0.382805 0.483776 0.587495 0.69429 0.80607 0.925043 1.0525 1.1883 1.33105 1.47868 1.62905 1.78024 1.93074 2.07936 2.22523 2.36769 2.50624 2.6405 2.7702 2.89514 3.01519 3.13027 3.24037 3.3455 3.44571 3.54108 3.63171 3.71772 3.79924 3.87643 3.94944 4.01842 4.08355 4.14498 4.20288 4.25742 4.30876 4.35705 4.40246 4.44513 4.48521 4.52284 4.55815 4.59128 4.62234 4.65147 4.67876 4.70433 4.72828 4.75071 4.77171 4.79136 4.80975 4.82696 4.84306 4.85812 4.8722 4.88536 4.89767 4.90918 4.91994 4.92999 4.93938 4.94816 4.95643 4.9642 4.97146 4.97825 4.98459 4.99051 4.99604 5.0012 5.00603 5.01053 5.01474 5.01867 5.02233 5.02576 5.02895 5.03194 5.03472 5.03733 5.03976 5.04202 5.04414 5.04612 5.04796 5.04968 5.05129 5.05279 5.05419 5.0555 5.05672 5.05786 5.05959
 0 3.08092e-05 0.000397262 0.00358847 0.0188392 0.0644633 0.158372 0.301486 0.471967 0.637336 0.772463 0.868298 0.928853 0.963703 0.982297 0.991619 0.996048 0.998044 0.998883 0.99919 0.999258 0.999221 0.999138 0.999036 0.998926 0.998814 0.998702 0.998592 0.998485 0.998382 0.998281 0.998185 0.998093 0.998004 0.99792 0.997839 0.997763 0.99769 0.997621 0.997556 0.997494 0.997435 0.99738 0.997328 0.997279 0.997233 0.99719 0.997149 0.997111 0.997074 0.997041 0.997009 0.996979 0.996951 0.996925 0.9969 0.996877 0.996856 0.996835 0.996817 0.996799 0.996782 0.996767 0.996752 0.996739 0.996726 0.996714 0.996703 0.996693 0.996683 0.996674 0.996665 0.996657 0.99665 0.996643 0.996636 0.99663 0.996624 0.996619 0.996614 0.996609 0.996605 0.996601 0.996597 0.996593 0.99659 0.996587 0.996584 0.996581 0.996579 0.996577 0.996574 0.996572 0.99657 0.996569 0.996567 0.996565 0.996564 0.996563 0.996561 0.996559
 #wt and selex for gender,fleet: 1 7 7_WA_REC
 0.00973262 0.0183121 0.0596043 0.12055 0.20193 0.299698 0.409421 0.527199 0.64993 0.775308 0.901792 1.02864 1.15588 1.28413 1.4142 1.54675 1.68199 1.81965 1.959 2.09901 2.23858 2.37662 2.51217 2.64446 2.77289 2.89703 3.01659 3.13137 3.2413 3.34633 3.44649 3.54183 3.63245 3.71846 3.8 3.8772 3.95022 4.01921 4.08435 4.14579 4.20371 4.25826 4.30961 4.35792 4.40333 4.44601 4.4861 4.52374 4.55906 4.59219 4.62326 4.65239 4.67969 4.70527 4.72922 4.75165 4.77266 4.79231 4.81071 4.82792 4.84402 4.85908 4.87317 4.88634 4.89865 4.91016 4.92092 4.93097 4.94037 4.94915 4.95741 4.96519 4.97246 4.97925 4.98559 4.99151 4.99704 5.00221 5.00704 5.01154 5.01575 5.01968 5.02335 5.02677 5.02997 5.03296 5.03575 5.03835 5.04078 5.04305 5.04516 5.04714 5.04899 5.05071 5.05232 5.05382 5.05522 5.05653 5.05775 5.05889 5.06062
 0 6.99047e-06 7.16775e-05 0.00059865 0.00325346 0.0124111 0.035602 0.0813148 0.15483 0.254896 0.373448 0.498317 0.617202 0.720932 0.804873 0.868554 0.914279 0.945624 0.966293 0.979493 0.987704 0.992708 0.995707 0.997483 0.998527 0.999137 0.999492 0.9997 0.999821 0.999892 0.999934 0.99996 0.999975 0.999984 0.99999 0.999993 0.999995 0.999997 0.999998 0.999998 0.999999 0.999999 0.999999 0.999999 0.999999 0.999999 0.999999 0.999999 0.999999 0.999999 0.999999 0.999999 0.999999 0.999999 0.999999 0.999999 0.999999 0.999999 0.999999 0.999999 0.999999 0.999999 0.999999 0.999999 0.999999 0.999999 0.999999 0.999999 0.999999 0.999999 0.999999 0.999999 0.999999 0.999999 0.999999 0.999999 0.999999 0.999999 0.999999 0.999999 0.999999 0.999999 0.999999 0.999999 0.999999 0.999999 0.999999 0.999999 0.999999 0.999999 0.999999 0.999999 0.999999 0.999999 0.999999 0.999999 0.999999 0.999999 0.999999 0.999999 0.999999
# Sex ratio correction
1
# M and current age-structure in year Yinit: 2011
 # gender = 1
 0.0439034 0.0439034 0.0439034 0.0439034 0.0439034 0.0439034 0.0439034 0.0439034 0.0439034 0.0439034 0.0439034 0.0439034 0.0439034 0.0439034 0.0439034 0.0439034 0.0439034 0.0439034 0.0439034 0.0439034 0.0439034 0.0439034 0.0439034 0.0439034 0.0439034 0.0439034 0.0439034 0.0439034 0.0439034 0.0439034 0.0439034 0.0439034 0.0439034 0.0439034 0.0439034 0.0439034 0.0439034 0.0439034 0.0439034 0.0439034 0.0439034 0.0439034 0.0439034 0.0439034 0.0439034 0.0439034 0.0439034 0.0439034 0.0439034 0.0439034 0.0439034 0.0439034 0.0439034 0.0439034 0.0439034 0.0439034 0.0439034 0.0439034 0.0439034 0.0439034 0.0439034 0.0439034 0.0439034 0.0439034 0.0439034 0.0439034 0.0439034 0.0439034 0.0439034 0.0439034 0.0439034 0.0439034 0.0439034 0.0439034 0.0439034 0.0439034 0.0439034 0.0439034 0.0439034 0.0439034 0.0439034 0.0439034 0.0439034 0.0439034 0.0439034 0.0439034 0.0439034 0.0439034 0.0439034 0.0439034 0.0439034 0.0439034 0.0439034 0.0439034 0.0439034 0.0439034 0.0439034 0.0439034 0.0439034 0.0439034 0.0439034
 193.619 254.528 248.501 266.336 164.852 150.132 94.983 61.947 110.825 175.478 59.7105 50.3362 92.7921 49.8945 29.8401 24.7729 24.8311 41.3205 54.9065 28.3271 21.5568 22.1978 22.9034 23.2737 24.2849 23.4561 27.3225 32.2842 22.7641 23.5593 17.1882 13.9475 9.29185 6.24363 6.86384 6.5842 6.62126 4.17103 3.53483 3.97208 6.47795 4.46634 3.06208 2.49732 1.82669 1.43964 1.17392 1.00794 0.970624 1.03752 1.15588 1.21179 1.10968 0.943659 0.806981 0.716285 0.667616 0.655072 0.674294 0.72284 0.794777 0.869148 0.900272 0.851546 0.751541 0.651039 0.570041 0.509108 0.463638 0.428487 0.400477 0.377676 0.358988 0.343481 0.329999 0.317404 0.304775 0.291746 0.278424 0.26526 0.252735 0.241204 0.230774 0.221434 0.213019 0.205308 0.198095 0.191207 0.184497 0.177875 0.171287 0.164706 0.158142 0.151645 0.145211 0.138806 0.132598 0.126615 0.120879 0.1154 2.52911
# Age-structure at Ydeclare= 2013
 388.052 127.562 177.342 233.124 227.591 243.889 150.914 137.366 86.8385 56.5778 101.103 159.901 54.3524 45.7775 84.3257 45.3156 27.0895 22.482 22.5294 37.4837 49.802 25.6913 19.5497 20.1299 20.7689 21.1038 22.0198 21.2674 24.7718 29.2687 20.6366 21.3562 15.58 12.6417 8.42152 5.65855 6.22037 5.96671 6.00007 3.77957 3.20296 3.59902 5.86933 4.04657 2.77419 2.26246 1.65485 1.30418 1.06343 0.913058 0.879238 0.939823 1.04702 1.09766 1.00515 0.854768 0.730961 0.648806 0.60472 0.593357 0.610767 0.654737 0.719894 0.787257 0.815447 0.771309 0.680726 0.589693 0.516326 0.461134 0.419948 0.388109 0.362738 0.342086 0.325158 0.311113 0.298901 0.287493 0.276054 0.264252 0.252186 0.240262 0.228918 0.218474 0.209027 0.200567 0.192945 0.185961 0.179428 0.173189 0.167111 0.161114 0.155147 0.149186 0.14324 0.137356 0.131528 0.125727 0.120103 0.114685 2.50482
# Year for Tmin Age-structure (set to Ydecl by SS)
2013
#  recruitment and biomass
# Number of historical assessment years
137
# Historical data
# year recruitment spawner in B0 in R project in R/S project
1888  1889 1890 1891 1892 1893 1894 1895 1896 1897 1898 1899 1900 1901 1902 1903 1904 1905 1906 1907 1908 1909 1910 1911 1912 1913 1914 1915 1916 1917 1918 1919 1920 1921 1922 1923 1924 1925 1926 1927 1928 1929 1930 1931 1932 1933 1934 1935 1936 1937 1938 1939 1940 1941 1942 1943 1944 1945 1946 1947 1948 1949 1950 1951 1952 1953 1954 1955 1956 1957 1958 1959 1960 1961 1962 1963 1964 1965 1966 1967 1968 1969 1970 1971 1972 1973 1974 1975 1976 1977 1978 1979 1980 1981 1982 1983 1984 1985 1986 1987 1988 1989 1990 1991 1992 1993 1994 1995 1996 1997 1998 1999 2000 2001 2002 2003 2004 2005 2006 2007 2008 2009 2010 2011 2012 2013 2014 2015 2016 2017 2018 2019 2020 2021 2022 2023 2024 #years (with first value representing R0)
210.369 210.397 210.396 210.395 210.393 210.382 210.371 210.359 210.351 210.344 210.337 210.329 210.32 210.313 210.308 210.3 210.295 210.296 210.302 210.322 210.355 210.396 210.451 210.515 210.585 210.643 210.668 210.622 210.463 210.142 209.435 208.42 207.131 205.531 203.636 201.497 199.188 196.801 194.466 192.314 190.475 189.065 188.127 187.579 187.259 186.87 186.091 184.693 182.698 180.402 178.343 177.063 177.002 178.401 181.499 186.797 195.146 207.909 225.961 248.211 267.588 269.122 247.116 214.881 185.802 164.748 152.094 147.254 150.028 160.421 177.923 198.266 204.935 184.765 156.464 137.777 134.271 146.2 166.885 196.016 246.478 275.903 364.407 474.345 258.639 202.793 208.943 287.106 245.063 217.525 167.181 208.722 261.206 267.055 302.595 241.277 282.684 198.327 142.155 124.079 101.454 86.3428 73.4623 63.5683 75.5436 134.262 93.7668 52.7774 49.6646 56.6812 90.0709 159.471 82.4517 93.2964 261.726 157.894 84.3584 123.695 187.039 196.52 303.84 271.309 265.952 193.619 133.287 388.052 240.887 161.572 196.976 145.463 136.248 140.554 145.838 154.992 159.348 165.77 170.884  #recruits; first value is R0 (virgin)
1066.99  1066.99 1066.98 1066.97 1066.94 1066.48 1066.02 1065.56 1065.41 1065.33 1065.25 1065.17 1065.07 1064.96 1064.83 1064.69 1064.52 1064.34 1064.15 1063.94 1063.71 1063.36 1063.1 1062.83 1062.54 1062.24 1061.93 1061.6 1061.18 1060.83 1060.3 1057.71 1056.7 1055.8 1054.96 1054.4 1053.75 1052.56 1051.01 1048.65 1045.57 1042.58 1040.05 1037.17 1035.3 1033.59 1031.85 1029.57 1027.24 1023.92 1020.85 1017.45 1014.66 1010.71 1005.25 999.43 989.127 978.179 962.055 947.217 940.136 932.114 925.9 919.052 910.689 903.49 898.184 891.83 885.975 880.188 873.402 867.399 862.583 859.032 857.442 855.292 854.79 855.661 847.036 845.459 841.955 838.465 826.054 818.31 807.463 793.501 778.12 761.019 744.718 725.567 706.602 675.105 641.595 616.56 583.984 529.535 483.046 456.48 420.532 391.838 364.802 341.495 311.915 291.299 258.482 228.749 200.487 185.359 170.009 153.171 133.699 128.378 118.802 121.094 123.053 128.704 134.515 140.582 146.523 152.648 158.257 164.214 170.119 176.752 183.634 190.757 198.669 207.414 216.547 226.754 236.85 248.143 260.161 273.927 288.669 303.22 318.092 #spbio; first value is SSB_virgin (virgin)
1 0 0 0 0 0 0 0 0 0 0 0 0 0 0 0 0 0 0 0 0 0 0 0 0 0 0 0 0 0 0 0 0 0 0 0 0 0 0 0 0 0 0 0 0 0 0 0 0 0 0 0 0 0 0 0 0 0 0 0 0 0 0 0 0 0 0 0 0 0 0 0 0 0 0 0 0 0 0 0 0 0 0 0 0 0 0 0 0 0 0 0 0 0 0 0 0 0 0 0 0 0 0 0 0 0 0 0 0 0 0 0 0 0 0 0 0 0 0 0 0 0 0 0 0 0 0 0 0 0 0 0 0 0 0 0 0  # in Bzero
0 1 1 1 1 1 1 1 1 1 1 1 1 1 1 1 1 1 1 1 1 1 1 1 1 1 1 1 1 1 1 1 1 1 1 1 1 1 1 1 1 1 1 1 1 1 1 1 1 1 1 1 1 1 1 1 1 1 1 1 1 1 1 1 1 1 1 1 1 1 1 1 1 1 1 1 1 1 1 1 1 1 1 1 1 1 1 1 1 1 1 1 1 1 1 1 1 1 1 1 1 1 1 1 1 1 1 1 1 1 1 1 1 1 1 1 1 1 1 1 1 1 1 1 1 1 1 1 1 1 1 1 1 1  0 0 0 # in R project
0 1 1 1 1 1 1 1 1 1 1 1 1 1 1 1 1 1 1 1 1 1 1 1 1 1 1 1 1 1 1 1 1 1 1 1 1 1 1 1 1 1 1 1 1 1 1 1 1 1 1 1 1 1 1 1 1 1 1 1 1 1 1 1 1 1 1 1 1 1 1 1 1 1 1 1 1 1 1 1 1 1 1 1 1 1 1 1 1 1 1 1 1 1 1 1 1 1 1 1 1 1 1 1 1 1 1 1 1 1 1 1 1 1 1 1 1 1 1 1 1 1 1 1 1 1 1 1 1 1 1 1 1 1  0 0 0 # in R/S project
# Number of years with pre-specified catches
0
# catches for years with pre-specified catches go next
# Number of future recruitments to override
-2
# Process for overiding (-1 for average otherwise index in data list)
# Which probability to product detailed results for (1=0.5; 2=0.6; etc.)
3
# Steepness sigma-R Auto-correlation
0.718 0.5 0
# Target SPR rate (FMSY Proxy); manually change to SPR_MSY if not using SPR_target
0.5
# Discount rate (for cumulative catch)
0.1
# Truncate the series when 0.4B0 is reached (1=Yes)
0
# Set F to FMSY once 0.4B0 is reached (1=Yes)
0
# Maximum possible F for projection (-1 to set to FMSY)
-1
# Defintion of recovery (1=now only;2=now or before)
2
# Projection type
4
# Definition of the 40-10 rule
10 40
# Sigma Assessment Error (Base, Year1, Slope, MaxSigma)
1.0 2025 0.075 2.0
# Pstar
0.45
# Constrain catches by the ABC (1=yes, 2=no)
2
# Implementation Error (0=no; 1=lognormal; 2=uniform)
0
#Parameters of Implementaion Error
1 0.3
# Calculate coefficients of variation (1=Yes)
0
# Number of replicates to use
10
# Random number seed
-99004
# File with multiple parameter vectors 
rebuild.SSO
# User-specific projection (1=Yes); Output replaced (1->9)
0  5
# Catches and Fs (Year; 1/2/3 (F or C or SPR); value); Final row is -1
2024 1 1
-1 -1 -1
# Fixed catch project (1=Yes); Output replaced (1->9); Approach (-1=Read in else 1-9)
0 2 -1
# (48a) Special catch options (1-Yes) [CUT_OFF, Emsy, distribution, MAXCAT, Add, replace_code]
0 0.18 1.00 1.00 0 6
# (48b) B1Target
150000
# Split of Fs
2011  0.0164998
 0
 0.390065
 0.0246345
 0.194844
 0.197273
 0.176684
-1  1 1 1 1 1 1 1 1 1 1 1 1
# Yrs to define T_target for projection type 4 (a.k.a. 5 pre-specified inputs)
2030 2031 2032 2033 2034 
# Year for probability of recovery
2034 2035 2036 2037 2038 2039 2040 2041
# Time varying weight-at-age (1=Yes;0=No)
0
# File with time series of weight-at-age data
none
# Use bisection (0) or linear interpolation (1)
1
# Target Depletion
0.4
# CV of implementation error
0
