#Title, #runnumber: 1 yelloweye_data.ss yelloweye_control.ss 5704.91 1094.77 412.294 StartTime: Mon Apr 14 21:59:31 2025
SSv3_default_rebuild.dat
# Number of sexes
1
# Age range to consider (minimum age; maximum age)
0 100
# Number of fleets
7
# First year of projection (Yinit)
2011
# First Year of rebuilding period (Ydecl)
2013
# Number of simulations
1000
# Maximum number of years
500
# Conduct projections with multiple starting values (0=No;else yes)
0
# Number of parameter vectors
1000
# Is the maximum age a plus-group (1=Yes;2=No)
1
# Generate future recruitments using historical recruitments (1)  historical recruits/spawner (2)  or a stock-recruitment (3)
3
# Constant fishing mortality (1) or constant Catch (2) projections
1
# Fishing mortality based on SPR (1) or actual rate (2)
1
# Pre-specify the year of recovery (or -1) to ignore
-1
# Fecundity-at-age
# 0 1 2 3 4 5 6 7 8 9 10 11 12 13 14 15 16 17 18 19 20 21 22 23 24 25 26 27 28 29 30 31 32 33 34 35 36 37 38 39 40 41 42 43 44 45 46 47 48 49 50 51 52 53 54 55 56 57 58 59 60 61 62 63 64 65 66 67 68 69 70 71 72 73 74 75 76 77 78 79 80 81 82 83 84 85 86 87 88 89 90 91 92 93 94 95 96 97 98 99 100 #runnumber: 1 yelloweye_data.ss yelloweye_control.ss 5704.91 1094.77 412.294
 0 0 3.27178e-08 4.08274e-07 3.63795e-06 2.50082e-05 0.000137426 0.000607824 0.00215717 0.00619003 0.0146823 0.0296369 0.0524135 0.0833248 0.121647 0.165936 0.214437 0.265432 0.317465 0.369422 0.420531 0.470308 0.518483 0.564932 0.609623 0.652573 0.693825 0.733429 0.771435 0.807891 0.84284 0.876322 0.908373 0.939028 0.968322 0.996288 1.02296 1.04838 1.07258 1.09559 1.11747 1.13824 1.15794 1.17663 1.19433 1.21109 1.22695 1.24194 1.25612 1.2695 1.28214 1.29407 1.30532 1.31593 1.32593 1.33535 1.34422 1.35257 1.36044 1.36784 1.3748 1.38135 1.3875 1.39329 1.39873 1.40384 1.40865 1.41316 1.4174 1.42138 1.42512 1.42872 1.4321 1.43527 1.43825 1.44105 1.44367 1.44613 1.44844 1.45061 1.45264 1.45455 1.45634 1.45802 1.45959 1.46106 1.46245 1.46375 1.46496 1.46611 1.46718 1.46818 1.46912 1.47 1.47083 1.47161 1.47233 1.47301 1.47365 1.47425 1.47519 #female fecundity; weighted by N in year Y_init across morphs and areas
# Age specific selectivity and weight adjusted for discard and discard mortality
 #wt and selex for gender,fleet: 1 1 1_CA_TWL
 0.011189 0.0234946 0.0628513 0.121075 0.197692 0.289804 0.394032 0.507268 0.626915 0.750933 0.877812 1.00655 1.13661 1.26784 1.40031 1.53416 1.66947 1.80614 1.94385 2.08211 2.22025 2.35755 2.49328 2.62673 2.75729 2.88447 3.00786 3.12716 3.24217 3.35276 3.45887 3.56047 3.65759 3.75029 3.83864 3.92276 4.00275 4.07873 4.15084 4.21922 4.28401 4.34535 4.40338 4.45825 4.51011 4.55908 4.6053 4.64892 4.69006 4.72883 4.76537 4.7998 4.83221 4.86273 4.89145 4.91847 4.94388 4.96778 4.99025 5.01138 5.03123 5.04988 5.06741 5.08387 5.09933 5.11384 5.12748 5.14027 5.15229 5.16356 5.17425 5.18437 5.19387 5.20278 5.21114 5.21899 5.22634 5.23325 5.23972 5.24579 5.25149 5.25683 5.26184 5.26654 5.27094 5.27507 5.27894 5.28257 5.28598 5.28917 5.29216 5.29497 5.2976 5.30006 5.30237 5.30454 5.30657 5.30847 5.31026 5.31193 5.31455
 0 0.000766492 0.00285405 0.00920395 0.0239746 0.0521211 0.0976598 0.162059 0.243543 0.337501 0.437634 0.537333 0.630849 0.714039 0.784618 0.842005 0.886914 0.920869 0.945761 0.96351 0.975857 0.984259 0.989866 0.993546 0.995926 0.997446 0.998407 0.99901 0.999385 0.999618 0.999763 0.999852 0.999907 0.999941 0.999962 0.999975 0.999984 0.999989 0.999992 0.999994 0.999996 0.999996 0.999997 0.999997 0.999998 0.999998 0.999998 0.999998 0.999998 0.999998 0.999998 0.999998 0.999998 0.999998 0.999998 0.999998 0.999998 0.999998 0.999998 0.999998 0.999998 0.999998 0.999998 0.999998 0.999998 0.999998 0.999998 0.999998 0.999998 0.999998 0.999997 0.999997 0.999997 0.999997 0.999997 0.999997 0.999997 0.999997 0.999997 0.999997 0.999997 0.999997 0.999997 0.999997 0.999997 0.999997 0.999997 0.999997 0.999997 0.999997 0.999997 0.999997 0.999997 0.999997 0.999997 0.999997 0.999997 0.999997 0.999997 0.999997 0.999997
 #wt and selex for gender,fleet: 1 3 3_CA_REC
 0.0110892 0.0218951 0.0569942 0.109717 0.17957 0.264309 0.361171 0.467504 0.581021 0.699903 0.822873 0.949217 1.07868 1.21126 1.34698 1.48569 1.62699 1.7702 1.91448 2.05887 2.20241 2.34423 2.48358 2.61982 2.75247 2.88115 3.00561 3.12565 3.24117 3.3521 3.45843 3.56018 3.6574 3.75016 3.83856 3.92271 4.00271 4.07871 4.15083 4.21921 4.284 4.34534 4.40338 4.45825 4.5101 4.55908 4.6053 4.64892 4.69006 4.72883 4.76537 4.7998 4.83221 4.86273 4.89145 4.91847 4.94388 4.96778 4.99025 5.01138 5.03123 5.04988 5.06741 5.08387 5.09933 5.11385 5.12748 5.14027 5.15229 5.16356 5.17425 5.18437 5.19387 5.20278 5.21114 5.21899 5.22635 5.23325 5.23972 5.2458 5.25149 5.25683 5.26184 5.26654 5.27094 5.27507 5.27894 5.28258 5.28598 5.28917 5.29216 5.29497 5.2976 5.30006 5.30237 5.30454 5.30657 5.30847 5.31026 5.31193 5.31455
 0 0.00594658 0.0160233 0.0385533 0.0787409 0.139897 0.221575 0.31941 0.426296 0.53416 0.635644 0.725299 0.800105 0.859361 0.904137 0.936555 0.959138 0.97433 0.984234 0.990512 0.994392 0.996737 0.998127 0.998937 0.999402 0.999666 0.999814 0.999897 0.999943 0.999968 0.999982 0.99999 0.999994 0.999997 0.999998 0.999999 0.999999 0.999999 0.999999 0.999999 0.999999 0.999999 0.999999 0.999999 0.999999 0.999999 0.999999 0.999999 0.999999 0.999999 0.999999 0.999999 0.999999 0.999999 0.999999 0.999999 0.999999 0.999999 0.999999 0.999999 0.999999 0.999999 0.999999 0.999999 0.999999 0.999999 0.999999 0.999999 0.999999 0.999999 0.999999 0.999999 0.999999 0.999999 0.999999 0.999999 0.999999 0.999999 0.999999 0.999999 0.999999 0.999999 0.999999 0.999999 0.999999 0.999999 0.999999 0.999999 0.999999 0.999999 0.999999 0.999999 0.999999 0.999999 0.999999 0.999999 0.999999 0.999999 0.999999 0.999999 0.999999
 #wt and selex for gender,fleet: 1 4 4_ORWA_TWL
 0.0109877 0.0202372 0.0506875 0.0985741 0.164082 0.246112 0.342809 0.452019 0.571567 0.699408 0.833694 0.972796 1.1153 1.25997 1.40578 1.55184 1.69741 1.84188 1.98475 2.12562 2.26414 2.40003 2.53304 2.66294 2.78954 2.91264 3.03208 3.14772 3.25945 3.36715 3.47077 3.57027 3.66563 3.75687 3.84403 3.92716 4.00635 4.08169 4.15327 4.22123 4.28567 4.34673 4.40454 4.45922 4.51092 4.55977 4.6059 4.64943 4.69049 4.72921 4.76571 4.80009 4.83247 4.86295 4.89165 4.91865 4.94405 4.96793 4.99039 5.0115 5.03134 5.04999 5.0675 5.08396 5.09941 5.11392 5.12755 5.14034 5.15235 5.16363 5.17431 5.18443 5.19392 5.20284 5.2112 5.21904 5.2264 5.2333 5.23977 5.24584 5.25154 5.25688 5.26189 5.26658 5.27099 5.27512 5.27899 5.28262 5.28602 5.28921 5.29221 5.29501 5.29764 5.3001 5.30242 5.30458 5.30661 5.30851 5.3103 5.31197 5.31459
 0 0.0141516 0.0267544 0.0470994 0.0762774 0.114858 0.162513 0.218074 0.279757 0.345437 0.412911 0.480119 0.545278 0.606963 0.664128 0.716093 0.762504 0.803284 0.838576 0.868689 0.894045 0.915135 0.932478 0.946591 0.957967 0.967059 0.974271 0.979953 0.984406 0.987879 0.990578 0.99267 0.994288 0.995538 0.996504 0.997251 0.99783 0.998278 0.998627 0.998899 0.999112 0.999279 0.999411 0.999516 0.999599 0.999666 0.99972 0.999763 0.999798 0.999827 0.999851 0.99987 0.999887 0.9999 0.999912 0.999921 0.99993 0.999936 0.999942 0.999948 0.999952 0.999956 0.999959 0.999962 0.999964 0.999967 0.999969 0.99997 0.999972 0.999973 0.999974 0.999975 0.999976 0.999976 0.999977 0.999977 0.999978 0.999978 0.999979 0.999979 0.999979 0.99998 0.99998 0.99998 0.99998 0.999981 0.999981 0.999981 0.999981 0.999981 0.999981 0.999981 0.999982 0.999982 0.999982 0.999982 0.999982 0.999982 0.999982 0.999982 0.999982
 #wt and selex for gender,fleet: 1 5 5_ORWA_NONTWL
 0.0111049 0.0221778 0.0584869 0.113696 0.187789 0.278678 0.383521 0.499431 0.623791 0.754361 0.889291 1.02708 1.16655 1.30675 1.44699 1.58677 1.72575 1.86368 2.00038 2.1357 2.26947 2.40148 2.5315 2.65923 2.78439 2.90667 3.02577 3.14144 3.25343 3.36156 3.4657 3.56575 3.66166 3.75342 3.84105 3.92461 4.00418 4.07984 4.1517 4.21989 4.28453 4.34576 4.40371 4.45852 4.51032 4.55925 4.60544 4.64904 4.69015 4.72891 4.76544 4.79985 4.83226 4.86277 4.89148 4.9185 4.94391 4.96781 4.99028 5.0114 5.03125 5.0499 5.06742 5.08388 5.09934 5.11386 5.12749 5.14028 5.1523 5.16357 5.17425 5.18438 5.19387 5.20279 5.21115 5.21899 5.22635 5.23325 5.23973 5.2458 5.2515 5.25684 5.26185 5.26654 5.27095 5.27508 5.27895 5.28258 5.28598 5.28918 5.29217 5.29497 5.2976 5.30007 5.30238 5.30454 5.30658 5.30848 5.31026 5.31194 5.31456
 0 0.00124324 0.00358871 0.009425 0.0212028 0.0416897 0.0731965 0.116923 0.172625 0.238668 0.312367 0.390471 0.469633 0.546801 0.61947 0.685814 0.744709 0.795673 0.838757 0.87441 0.903345 0.926416 0.944518 0.958519 0.96921 0.977282 0.983318 0.987793 0.991089 0.993503 0.995264 0.996544 0.997473 0.998147 0.998636 0.998992 0.999251 0.99944 0.999578 0.99968 0.999756 0.999812 0.999854 0.999886 0.99991 0.999928 0.999943 0.999953 0.999962 0.999969 0.999974 0.999978 0.999982 0.999984 0.999987 0.999988 0.99999 0.999991 0.999992 0.999993 0.999994 0.999994 0.999995 0.999995 0.999996 0.999996 0.999996 0.999997 0.999997 0.999997 0.999997 0.999997 0.999997 0.999997 0.999997 0.999997 0.999998 0.999998 0.999998 0.999998 0.999998 0.999998 0.999998 0.999998 0.999998 0.999998 0.999998 0.999998 0.999998 0.999998 0.999998 0.999998 0.999998 0.999998 0.999998 0.999998 0.999998 0.999998 0.999998 0.999998 0.999998
 #wt and selex for gender,fleet: 1 6 6_OR_REC
 0.0117614 0.0310067 0.0815288 0.149485 0.231626 0.322422 0.417642 0.514827 0.613474 0.714759 0.820708 0.93327 1.05367 1.18212 1.31787 1.45948 1.60517 1.75314 1.9018 2.04982 2.19614 2.33996 2.48068 2.61781 2.75103 2.88005 3.0047 3.12485 3.24042 3.35137 3.45771 3.55945 3.65666 3.74941 3.83779 3.92192 4.00191 4.07789 4.15 4.21837 4.28315 4.34448 4.40251 4.45737 4.50922 4.55818 4.60441 4.64802 4.68915 4.72792 4.76446 4.79888 4.83129 4.8618 4.89052 4.91753 4.94295 4.96684 4.98931 5.01043 5.03028 5.04894 5.06646 5.08292 5.09838 5.11289 5.12652 5.13932 5.15133 5.16261 5.17329 5.18341 5.1929 5.20181 5.21017 5.21801 5.22537 5.23227 5.23874 5.24481 5.2505 5.25584 5.26085 5.26554 5.26995 5.27408 5.27795 5.28158 5.28498 5.28817 5.29116 5.29396 5.29659 5.29906 5.30137 5.30353 5.30556 5.30746 5.30925 5.31092 5.31354
 0 6.74803e-05 0.000814271 0.0058728 0.0257194 0.0766494 0.170453 0.303531 0.45684 0.606198 0.733267 0.830107 0.897547 0.941124 0.967553 0.982729 0.991029 0.995364 0.997523 0.998535 0.998963 0.999104 0.999107 0.999044 0.998951 0.998846 0.998736 0.998626 0.998516 0.998409 0.998304 0.998203 0.998105 0.998011 0.99792 0.997833 0.99775 0.997671 0.997595 0.997523 0.997454 0.997389 0.997327 0.997269 0.997213 0.99716 0.997111 0.997063 0.997019 0.996977 0.996937 0.9969 0.996865 0.996831 0.9968 0.996771 0.996743 0.996717 0.996692 0.996669 0.996647 0.996627 0.996607 0.996589 0.996572 0.996556 0.996541 0.996527 0.996514 0.996502 0.99649 0.996479 0.996468 0.996458 0.996449 0.996441 0.996432 0.996425 0.996418 0.996411 0.996405 0.996399 0.996393 0.996388 0.996383 0.996378 0.996374 0.99637 0.996366 0.996363 0.99636 0.996356 0.996353 0.996351 0.996348 0.996346 0.996344 0.996341 0.996339 0.996338 0.996335
 #wt and selex for gender,fleet: 1 7 7_WA_REC
 0.0117165 0.0307196 0.082918 0.156135 0.248004 0.352892 0.465797 0.582953 0.701799 0.820815 0.939402 1.05774 1.17656 1.29684 1.41953 1.54532 1.67448 1.80686 1.94193 2.07882 2.21652 2.35395 2.49012 2.62413 2.75526 2.88293 3.00673 3.12635 3.2416 3.35237 3.4586 3.56028 3.65746 3.7502 3.83859 3.92272 4.00272 4.07871 4.15083 4.21921 4.284 4.34534 4.40338 4.45825 4.5101 4.55908 4.6053 4.64892 4.69006 4.72883 4.76537 4.7998 4.83221 4.86273 4.89145 4.91847 4.94388 4.96778 4.99025 5.01138 5.03123 5.04988 5.06741 5.08387 5.09933 5.11385 5.12748 5.14027 5.15229 5.16356 5.17425 5.18437 5.19387 5.20278 5.21114 5.21899 5.22635 5.23325 5.23972 5.2458 5.25149 5.25683 5.26184 5.26654 5.27094 5.27507 5.27894 5.28258 5.28598 5.28917 5.29216 5.29497 5.2976 5.30006 5.30237 5.30454 5.30657 5.30847 5.31026 5.31193 5.31455
 0 7.67973e-06 9.36868e-05 0.000752321 0.00388291 0.0140481 0.0384037 0.0842468 0.155426 0.250046 0.360805 0.477448 0.589837 0.690251 0.774352 0.840973 0.891258 0.927646 0.953025 0.970161 0.981409 0.98861 0.993122 0.995896 0.997576 0.998579 0.999172 0.999519 0.999721 0.999838 0.999906 0.999945 0.999968 0.999981 0.999988 0.999993 0.999996 0.999997 0.999998 0.999999 0.999999 0.999999 0.999999 0.999999 0.999999 0.999999 0.999999 0.999999 0.999999 0.999999 0.999999 0.999999 0.999999 0.999999 0.999999 0.999999 0.999999 0.999999 0.999999 0.999999 0.999999 0.999999 0.999999 0.999999 0.999999 0.999999 0.999999 0.999999 0.999999 0.999999 0.999999 0.999999 0.999999 0.999999 0.999999 0.999999 0.999999 0.999999 0.999999 0.999999 0.999999 0.999999 0.999999 0.999999 0.999999 0.999999 0.999999 0.999999 0.999999 0.999999 0.999999 0.999999 0.999999 0.999999 0.999999 0.999999 0.999999 0.999999 0.999999 0.999999 0.999999
# Sex ratio correction
1
# M and current age-structure in year Yinit: 2011
 # gender = 1
 0.0439034 0.0439034 0.0439034 0.0439034 0.0439034 0.0439034 0.0439034 0.0439034 0.0439034 0.0439034 0.0439034 0.0439034 0.0439034 0.0439034 0.0439034 0.0439034 0.0439034 0.0439034 0.0439034 0.0439034 0.0439034 0.0439034 0.0439034 0.0439034 0.0439034 0.0439034 0.0439034 0.0439034 0.0439034 0.0439034 0.0439034 0.0439034 0.0439034 0.0439034 0.0439034 0.0439034 0.0439034 0.0439034 0.0439034 0.0439034 0.0439034 0.0439034 0.0439034 0.0439034 0.0439034 0.0439034 0.0439034 0.0439034 0.0439034 0.0439034 0.0439034 0.0439034 0.0439034 0.0439034 0.0439034 0.0439034 0.0439034 0.0439034 0.0439034 0.0439034 0.0439034 0.0439034 0.0439034 0.0439034 0.0439034 0.0439034 0.0439034 0.0439034 0.0439034 0.0439034 0.0439034 0.0439034 0.0439034 0.0439034 0.0439034 0.0439034 0.0439034 0.0439034 0.0439034 0.0439034 0.0439034 0.0439034 0.0439034 0.0439034 0.0439034 0.0439034 0.0439034 0.0439034 0.0439034 0.0439034 0.0439034 0.0439034 0.0439034 0.0439034 0.0439034 0.0439034 0.0439034 0.0439034 0.0439034 0.0439034 0.0439034
 221.507 222.551 199.814 256.269 160.103 120.508 89.836 66.7548 138.909 265.11 97.2874 69.6804 131.355 68.1619 39.5938 32.1998 32.2068 65.1111 86.1794 33.1934 25.0537 26.4136 28.8981 29.6141 29.8123 28.5838 32.5734 39.9495 30.4801 35.6457 23.7604 15.7552 11.384 8.67359 9.16752 8.50859 8.02496 5.1035 4.73969 5.67855 8.68583 5.90018 4.37092 3.20105 2.42358 1.95804 1.49477 1.21178 1.13993 1.21272 1.35443 1.43557 1.34993 1.17351 1.00824 0.890349 0.824704 0.805804 0.828415 0.89021 0.9844 1.08419 1.13113 1.07768 0.956434 0.830532 0.72729 0.649257 0.591562 0.547892 0.513884 0.486527 0.46394 0.444657 0.427113 0.409929 0.392162 0.37366 0.35489 0.336614 0.319542 0.304109 0.290385 0.278291 0.26755 0.257822 0.248808 0.240255 0.231951 0.223772 0.215635 0.207502 0.199377 0.191324 0.183334 0.175372 0.167649 0.160199 0.153044 0.146199 3.23292
# Age-structure at Ydeclare= 2013
 115.834 108.111 202.885 203.837 183.004 234.684 146.587 110.295 82.1781 61.023 126.885 241.975 88.7331 63.513 119.665 62.0695 36.0432 29.3051 29.3064 59.2404 78.4025 30.1963 22.7906 24.027 26.2864 26.9371 27.1169 25.999 29.6272 36.3352 27.7219 32.4191 21.6091 14.3283 10.3527 7.8877 8.33671 7.73735 7.29742 4.64074 4.30984 5.16347 7.89784 5.36482 3.97426 2.91051 2.20358 1.78027 1.35905 1.10174 1.03641 1.10258 1.23141 1.30518 1.22732 1.06691 0.916652 0.80947 0.749787 0.732603 0.753159 0.80934 0.894972 0.985694 1.02837 0.97978 0.869544 0.755079 0.661216 0.590271 0.537818 0.498116 0.467197 0.442325 0.42179 0.404258 0.388308 0.372686 0.356533 0.339712 0.322647 0.306031 0.290511 0.27648 0.264003 0.253008 0.243242 0.234399 0.226203 0.218427 0.210878 0.203443 0.196045 0.18865 0.181263 0.173942 0.166678 0.15944 0.152419 0.145646 3.21127
# Year for Tmin Age-structure (set to Ydecl by SS)
2013
#  recruitment and biomass
# Number of historical assessment years
137
# Historical data
# year recruitment spawner in B0 in R project in R/S project
1888  1889 1890 1891 1892 1893 1894 1895 1896 1897 1898 1899 1900 1901 1902 1903 1904 1905 1906 1907 1908 1909 1910 1911 1912 1913 1914 1915 1916 1917 1918 1919 1920 1921 1922 1923 1924 1925 1926 1927 1928 1929 1930 1931 1932 1933 1934 1935 1936 1937 1938 1939 1940 1941 1942 1943 1944 1945 1946 1947 1948 1949 1950 1951 1952 1953 1954 1955 1956 1957 1958 1959 1960 1961 1962 1963 1964 1965 1966 1967 1968 1969 1970 1971 1972 1973 1974 1975 1976 1977 1978 1979 1980 1981 1982 1983 1984 1985 1986 1987 1988 1989 1990 1991 1992 1993 1994 1995 1996 1997 1998 1999 2000 2001 2002 2003 2004 2005 2006 2007 2008 2009 2010 2011 2012 2013 2014 2015 2016 2017 2018 2019 2020 2021 2022 2023 2024 #years (with first value representing R0)
211.32 209.551 209.498 209.44 209.379 209.311 209.241 209.169 209.102 209.033 208.963 208.891 208.813 208.736 208.662 208.576 208.49 208.407 208.328 208.26 208.198 208.137 208.083 208.031 207.975 207.896 207.771 207.564 207.238 206.75 205.874 204.682 203.208 201.415 199.326 196.997 194.508 191.96 189.498 187.268 185.421 184.1 183.38 183.199 183.421 183.741 183.774 183.193 181.872 179.983 177.994 176.449 175.851 176.562 178.99 183.788 191.858 204.434 222.084 243.293 260.764 260.317 237.281 204.845 176.097 155.74 143.92 139.874 143.313 153.899 169.696 184.696 185.539 165.033 138.97 122.494 121.675 139.648 169.406 193.119 233.499 289.937 353.453 466.508 271.462 200.238 189.236 259.436 238.275 220.971 178.818 199.542 233.55 296.643 373.826 268.394 295.928 203.875 152.291 136.496 117.842 101.188 82.4694 70.6499 85.6026 205.578 145.081 67.5343 63.8984 74.6253 122.314 224.729 113.767 151.672 394.861 197.748 90.8691 116.972 150.125 190.855 292.354 218.153 232.539 221.507 112.963 115.834 119.985 139.712 166.042 168.246 170.223 172.164 173.98 175.809 177.531 179.009 180.323  #recruits; first value is R0 (virgin)
1094.77  1094.77 1094.77 1094.75 1094.72 1094.26 1093.8 1093.34 1093.18 1093.1 1093.02 1092.93 1092.81 1092.67 1092.49 1092.29 1092.04 1091.75 1091.43 1091.07 1090.68 1090.14 1089.69 1089.2 1088.69 1088.15 1087.58 1086.99 1086.3 1085.66 1084.84 1081.94 1080.62 1079.4 1078.24 1077.34 1076.36 1074.81 1072.9 1070.17 1066.69 1063.3 1060.35 1057.04 1054.74 1052.58 1050.39 1047.63 1044.82 1041.01 1037.43 1033.53 1030.25 1025.79 1019.82 1013.51 1002.68 991.197 974.514 959.226 951.829 943.775 937.502 930.528 922.055 914.879 909.557 903.258 897.398 891.573 884.666 878.513 873.441 869.512 867.423 864.672 863.648 863.95 854.587 852.594 848.954 845.018 832.508 824.883 813.997 799.829 784.619 767.373 750.198 730.132 710.244 677.702 643.441 617.674 584.388 530.742 503.208 482.597 456.488 435.058 408.032 384.042 354.212 333.402 297.312 265.215 234.836 218.717 202.988 186.042 166.447 160.501 150.896 153.928 156.071 163.533 171.164 179.214 187.325 195.904 204.054 212.782 221.589 231.199 241.47 252.292 264.148 276.75 289.738 303.379 316.415 330.019 343.543 358.011 372.478 385.617 397.903 #spbio; first value is SSB_virgin (virgin)
1 0 0 0 0 0 0 0 0 0 0 0 0 0 0 0 0 0 0 0 0 0 0 0 0 0 0 0 0 0 0 0 0 0 0 0 0 0 0 0 0 0 0 0 0 0 0 0 0 0 0 0 0 0 0 0 0 0 0 0 0 0 0 0 0 0 0 0 0 0 0 0 0 0 0 0 0 0 0 0 0 0 0 0 0 0 0 0 0 0 0 0 0 0 0 0 0 0 0 0 0 0 0 0 0 0 0 0 0 0 0 0 0 0 0 0 0 0 0 0 0 0 0 0 0 0 0 0 0 0 0 0 0 0 0 0 0  # in Bzero
0 1 1 1 1 1 1 1 1 1 1 1 1 1 1 1 1 1 1 1 1 1 1 1 1 1 1 1 1 1 1 1 1 1 1 1 1 1 1 1 1 1 1 1 1 1 1 1 1 1 1 1 1 1 1 1 1 1 1 1 1 1 1 1 1 1 1 1 1 1 1 1 1 1 1 1 1 1 1 1 1 1 1 1 1 1 1 1 1 1 1 1 1 1 1 1 1 1 1 1 1 1 1 1 1 1 1 1 1 1 1 1 1 1 1 1 1 1 1 1 1 1 1 1 1 1 1 1 1 1 1 1 1 1  0 0 0 # in R project
0 1 1 1 1 1 1 1 1 1 1 1 1 1 1 1 1 1 1 1 1 1 1 1 1 1 1 1 1 1 1 1 1 1 1 1 1 1 1 1 1 1 1 1 1 1 1 1 1 1 1 1 1 1 1 1 1 1 1 1 1 1 1 1 1 1 1 1 1 1 1 1 1 1 1 1 1 1 1 1 1 1 1 1 1 1 1 1 1 1 1 1 1 1 1 1 1 1 1 1 1 1 1 1 1 1 1 1 1 1 1 1 1 1 1 1 1 1 1 1 1 1 1 1 1 1 1 1 1 1 1 1 1 1  0 0 0 # in R/S project
# Number of years with pre-specified catches
0
# catches for years with pre-specified catches go next
# Number of future recruitments to override
-2
# Process for overiding (-1 for average otherwise index in data list)
# Which probability to product detailed results for (1=0.5; 2=0.6; etc.)
3
# Steepness sigma-R Auto-correlation
0.718 0.5 0
# Target SPR rate (FMSY Proxy); manually change to SPR_MSY if not using SPR_target
0.5
# Discount rate (for cumulative catch)
0.1
# Truncate the series when 0.4B0 is reached (1=Yes)
0
# Set F to FMSY once 0.4B0 is reached (1=Yes)
0
# Maximum possible F for projection (-1 to set to FMSY)
-1
# Defintion of recovery (1=now only;2=now or before)
2
# Projection type
4
# Definition of the 40-10 rule
10 40
# Sigma Assessment Error (Base, Year1, Slope, MaxSigma)
1.0 2025 0.075 2.0
# Pstar
0.45
# Constrain catches by the ABC (1=yes, 2=no)
2
# Implementation Error (0=no; 1=lognormal; 2=uniform)
0
#Parameters of Implementaion Error
1 0.3
# Calculate coefficients of variation (1=Yes)
0
# Number of replicates to use
10
# Random number seed
-99004
# File with multiple parameter vectors 
rebuild.SSO
# User-specific projection (1=Yes); Output replaced (1->9)
0  5
# Catches and Fs (Year; 1/2/3 (F or C or SPR); value); Final row is -1
2024 1 1
-1 -1 -1
# Fixed catch project (1=Yes); Output replaced (1->9); Approach (-1=Read in else 1-9)
0 2 -1
# (48a) Special catch options (1-Yes) [CUT_OFF, Emsy, distribution, MAXCAT, Add, replace_code]
0 0.18 1.00 1.00 0 6
# (48b) B1Target
150000
# Split of Fs
2011  0.0164657
 0
 0.386146
 0.0253425
 0.179464
 0.192807
 0.199774
-1  1 1 1 1 1 1 1 1 1 1 1 1
# Yrs to define T_target for projection type 4 (a.k.a. 5 pre-specified inputs)
2030 2031 2032 2033 2034 
# Year for probability of recovery
2034 2035 2036 2037 2038 2039 2040 2041
# Time varying weight-at-age (1=Yes;0=No)
0
# File with time series of weight-at-age data
none
# Use bisection (0) or linear interpolation (1)
1
# Target Depletion
0.4
# CV of implementation error
0
