#Title, #runnumber: 1 yelloweye_data.ss yelloweye_control.ss 7867.42 1187.1 471.978 StartTime: Wed May 28 18:23:48 2025
SSv3_default_rebuild.dat
# Number of sexes
1
# Age range to consider (minimum age; maximum age)
0 100
# Number of fleets
7
# First year of projection (Yinit)
2011
# First Year of rebuilding period (Ydecl)
2013
# Number of simulations
1000
# Maximum number of years
500
# Conduct projections with multiple starting values (0=No;else yes)
0
# Number of parameter vectors
1000
# Is the maximum age a plus-group (1=Yes;2=No)
1
# Generate future recruitments using historical recruitments (1)  historical recruits/spawner (2)  or a stock-recruitment (3)
3
# Constant fishing mortality (1) or constant Catch (2) projections
1
# Fishing mortality based on SPR (1) or actual rate (2)
1
# Pre-specify the year of recovery (or -1) to ignore
-1
# Fecundity-at-age
# 0 1 2 3 4 5 6 7 8 9 10 11 12 13 14 15 16 17 18 19 20 21 22 23 24 25 26 27 28 29 30 31 32 33 34 35 36 37 38 39 40 41 42 43 44 45 46 47 48 49 50 51 52 53 54 55 56 57 58 59 60 61 62 63 64 65 66 67 68 69 70 71 72 73 74 75 76 77 78 79 80 81 82 83 84 85 86 87 88 89 90 91 92 93 94 95 96 97 98 99 100 #runnumber: 1 yelloweye_data.ss yelloweye_control.ss 7867.42 1187.1 471.978
 0 0 3.81232e-09 7.33829e-08 8.76956e-07 7.50887e-06 4.97544e-05 0.000265109 0.00114752 0.00400997 0.0112984 0.0260686 0.0506501 0.0855312 0.129283 0.179331 0.232903 0.287657 0.341927 0.394681 0.445372 0.493768 0.539821 0.583578 0.625125 0.664557 0.701966 0.737441 0.771058 0.80289 0.833005 0.861468 0.888342 0.913688 0.93757 0.960049 0.981185 1.00104 1.01968 1.03716 1.05353 1.06886 1.08321 1.09662 1.10916 1.12086 1.13179 1.14198 1.15148 1.16034 1.16859 1.17628 1.18344 1.1901 1.19629 1.20206 1.20742 1.2124 1.21703 1.22133 1.22533 1.22905 1.2325 1.2357 1.23868 1.24144 1.244 1.24639 1.24859 1.25064 1.25255 1.25434 1.256 1.25755 1.25898 1.26031 1.26154 1.26268 1.26374 1.26473 1.26564 1.26648 1.26727 1.26799 1.26867 1.26929 1.26987 1.27041 1.27091 1.27137 1.2718 1.2722 1.27256 1.2729 1.27322 1.27351 1.27379 1.27404 1.27427 1.27449 1.2748 #female fecundity; weighted by N in year Y_init across morphs and areas
# Age specific selectivity and weight adjusted for discard and discard mortality
 #wt and selex for gender,fleet: 1 1 1_CA_TWL
 0.00896707 0.00942467 0.0309343 0.0737224 0.136996 0.219577 0.318634 0.43089 0.553158 0.682593 0.816839 0.954194 1.09374 1.23523 1.37865 1.52384 1.67023 1.81693 1.96283 2.10679 2.24782 2.38508 2.51793 2.64589 2.76867 2.88606 2.99798 3.10441 3.20538 3.30099 3.39136 3.47663 3.55699 3.6326 3.70367 3.77039 3.83297 3.89161 3.94651 3.99787 4.04589 4.09075 4.13263 4.17171 4.20817 4.24215 4.27381 4.30331 4.33077 4.35633 4.38012 4.40225 4.42283 4.44196 4.45974 4.47627 4.49162 4.50589 4.51914 4.53145 4.54287 4.55348 4.56333 4.57247 4.58095 4.58883 4.59613 4.60291 4.6092 4.61504 4.62048 4.62556 4.63028 4.63465 4.63871 4.64247 4.64596 4.64919 4.65219 4.65497 4.65755 4.65994 4.66216 4.66422 4.66612 4.66789 4.66953 4.67105 4.67245 4.67376 4.67497 4.67609 4.67713 4.6781 4.67899 4.67982 4.68059 4.6813 4.68196 4.68257 4.68346
 0 0.00107328 0.00275835 0.0102703 0.029855 0.0697343 0.136122 0.229631 0.344203 0.468963 0.591595 0.70159 0.792359 0.861815 0.911533 0.945152 0.966841 0.980322 0.988466 0.993286 0.9961 0.99773 0.998671 0.999215 0.999531 0.999716 0.999825 0.99989 0.99993 0.999954 0.999969 0.999979 0.999985 0.999989 0.999992 0.999994 0.999995 0.999996 0.999996 0.999996 0.999997 0.999997 0.999997 0.999997 0.999997 0.999997 0.999997 0.999997 0.999997 0.999997 0.999997 0.999997 0.999997 0.999997 0.999997 0.999997 0.999997 0.999997 0.999997 0.999997 0.999997 0.999997 0.999997 0.999997 0.999997 0.999997 0.999997 0.999997 0.999997 0.999997 0.999997 0.999997 0.999997 0.999997 0.999997 0.999997 0.999997 0.999997 0.999997 0.999997 0.999997 0.999997 0.999997 0.999997 0.999997 0.999997 0.999997 0.999997 0.999997 0.999997 0.999997 0.999997 0.999997 0.999997 0.999997 0.999997 0.999997 0.999997 0.999997 0.999997 0.999997
 #wt and selex for gender,fleet: 1 2 2_CA_NONTWL
 0.00896707 0.00942425 0.030564 0.0728575 0.135592 0.217729 0.316583 0.428972 0.551754 0.682084 0.817541 0.956258 1.09706 1.23945 1.38326 1.52834 1.67427 1.82031 1.96551 2.10883 2.24932 2.38615 2.51868 2.64642 2.76903 2.88631 2.99816 3.10453 3.20546 3.30105 3.3914 3.47666 3.55701 3.63262 3.70368 3.7704 3.83298 3.89162 3.94652 3.99788 4.04589 4.09075 4.13263 4.17171 4.20817 4.24215 4.27381 4.30331 4.33077 4.35633 4.38012 4.40225 4.42282 4.44196 4.45974 4.47627 4.49162 4.50589 4.51914 4.53144 4.54287 4.55348 4.56333 4.57247 4.58095 4.58883 4.59613 4.60291 4.6092 4.61503 4.62048 4.62556 4.63028 4.63465 4.63871 4.64247 4.64595 4.64919 4.65219 4.65497 4.65755 4.65994 4.66216 4.66421 4.66612 4.66789 4.66953 4.67104 4.67245 4.67376 4.67497 4.67609 4.67713 4.67809 4.67899 4.67982 4.68058 4.6813 4.68196 4.68257 4.68346
 0 0.00132843 0.00328459 0.0114309 0.0316022 0.0712284 0.135696 0.225364 0.334793 0.454353 0.573068 0.681317 0.772651 0.844448 0.897424 0.934425 0.959108 0.974973 0.984881 0.990937 0.994584 0.996761 0.998054 0.998822 0.99928 0.999554 0.99972 0.999821 0.999883 0.999922 0.999947 0.999963 0.999973 0.99998 0.999984 0.999987 0.99999 0.999991 0.999992 0.999993 0.999993 0.999993 0.999994 0.999994 0.999994 0.999994 0.999994 0.999994 0.999994 0.999994 0.999994 0.999994 0.999994 0.999994 0.999994 0.999994 0.999994 0.999994 0.999994 0.999994 0.999994 0.999993 0.999993 0.999993 0.999993 0.999993 0.999993 0.999993 0.999993 0.999993 0.999993 0.999993 0.999993 0.999993 0.999993 0.999993 0.999993 0.999993 0.999993 0.999993 0.999993 0.999993 0.999993 0.999993 0.999993 0.999993 0.999993 0.999993 0.999993 0.999993 0.999993 0.999993 0.999993 0.999993 0.999993 0.999993 0.999993 0.999993 0.999993 0.999993 0.999993
 #wt and selex for gender,fleet: 1 3 3_CA_REC
 0.00896707 0.00942353 0.0298687 0.0708944 0.131641 0.211057 0.306568 0.415147 0.533809 0.659897 0.791361 0.927029 1.06654 1.20981 1.35649 1.50573 1.65625 1.80664 1.95555 2.10179 2.24447 2.38286 2.51647 2.64494 2.76805 2.88566 2.99772 3.10423 3.20526 3.30091 3.3913 3.47659 3.55696 3.63258 3.70365 3.77038 3.83296 3.89161 3.94651 3.99787 4.04589 4.09075 4.13263 4.17171 4.20817 4.24215 4.27381 4.30331 4.33077 4.35633 4.38012 4.40225 4.42283 4.44196 4.45974 4.47627 4.49163 4.50589 4.51914 4.53145 4.54287 4.55348 4.56333 4.57247 4.58096 4.58883 4.59613 4.60291 4.6092 4.61504 4.62048 4.62557 4.63028 4.63465 4.63871 4.64247 4.64596 4.64919 4.65219 4.65497 4.65755 4.65994 4.66216 4.66422 4.66612 4.66789 4.66953 4.67105 4.67246 4.67376 4.67497 4.67609 4.67713 4.6781 4.67899 4.67982 4.68059 4.6813 4.68196 4.68257 4.68346
 0 0.00399842 0.00922371 0.0279364 0.0680977 0.137171 0.236395 0.358976 0.492178 0.621528 0.7349 0.825182 0.890958 0.935211 0.963021 0.979548 0.988946 0.994117 0.996897 0.998367 0.999139 0.999543 0.999755 0.999867 0.999927 0.999959 0.999976 0.999986 0.999992 0.999995 0.999997 0.999998 0.999998 0.999999 0.999999 0.999999 0.999999 0.999999 0.999999 0.999999 0.999999 0.999999 0.999999 0.999999 0.999999 0.999999 0.999999 0.999999 0.999999 0.999999 0.999999 0.999999 0.999999 0.999999 0.999999 0.999999 0.999999 0.999999 0.999999 0.999999 0.999999 0.999999 0.999999 0.999999 0.999999 0.999999 0.999999 0.999999 0.999999 0.999999 0.999999 0.999999 0.999999 0.999999 0.999999 0.999999 0.999999 0.999999 0.999999 0.999999 0.999999 0.999999 0.999999 0.999999 0.999999 0.999999 0.999999 0.999999 0.999999 0.999999 0.999999 0.999999 0.999999 0.999999 0.999999 0.999999 0.999999 0.999999 0.999999 0.999999 0.999999
 #wt and selex for gender,fleet: 1 4 4_ORWA_TWL
 0.00896707 0.00942213 0.0284846 0.067376 0.125515 0.202209 0.295368 0.402344 0.520386 0.646919 0.779784 0.9175 1.05928 1.20466 1.35306 1.50357 1.65496 1.8059 1.95513 2.10157 2.24434 2.3828 2.51644 2.64493 2.76804 2.88565 2.99771 3.10423 3.20526 3.30091 3.3913 3.47659 3.55696 3.63258 3.70365 3.77038 3.83296 3.89161 3.94651 3.99787 4.04589 4.09075 4.13263 4.17171 4.20816 4.24215 4.27381 4.30331 4.33077 4.35633 4.38012 4.40225 4.42282 4.44196 4.45974 4.47627 4.49162 4.50589 4.51914 4.53145 4.54287 4.55348 4.56333 4.57247 4.58095 4.58883 4.59613 4.60291 4.6092 4.61504 4.62048 4.62556 4.63028 4.63465 4.63871 4.64247 4.64596 4.64919 4.65219 4.65497 4.65755 4.65994 4.66216 4.66422 4.66612 4.66789 4.66953 4.67105 4.67245 4.67376 4.67497 4.67609 4.67713 4.6781 4.67899 4.67982 4.68059 4.6813 4.68196 4.68257 4.68346
 0 0.0134115 0.0269588 0.0624817 0.123059 0.210361 0.320025 0.442621 0.566521 0.680917 0.777956 0.853793 0.908577 0.945385 0.968594 0.982476 0.990436 0.994858 0.997258 0.998542 0.999223 0.999583 0.999774 0.999875 0.99993 0.99996 0.999976 0.999985 0.99999 0.999993 0.999995 0.999996 0.999997 0.999997 0.999997 0.999997 0.999997 0.999997 0.999997 0.999997 0.999997 0.999997 0.999997 0.999997 0.999997 0.999997 0.999997 0.999997 0.999997 0.999997 0.999997 0.999997 0.999996 0.999996 0.999996 0.999996 0.999996 0.999996 0.999996 0.999996 0.999996 0.999996 0.999996 0.999996 0.999996 0.999996 0.999996 0.999996 0.999996 0.999996 0.999996 0.999996 0.999996 0.999996 0.999996 0.999996 0.999996 0.999996 0.999996 0.999996 0.999996 0.999996 0.999996 0.999996 0.999996 0.999996 0.999996 0.999996 0.999996 0.999996 0.999996 0.999996 0.999996 0.999996 0.999996 0.999996 0.999996 0.999996 0.999996 0.999996 0.999996
 #wt and selex for gender,fleet: 1 5 5_ORWA_NONTWL
 0.00896707 0.0094238 0.030189 0.0722781 0.13538 0.218878 0.320411 0.436951 0.565353 0.702652 0.846201 0.993717 1.14328 1.29332 1.44261 1.59029 1.73576 1.87868 2.01881 2.15594 2.28985 2.42027 2.54692 2.66949 2.78771 2.90134 3.01021 3.11419 3.21322 3.30728 3.39644 3.48075 3.56035 3.63536 3.70595 3.7723 3.83457 3.89297 3.94767 3.99887 4.04675 4.0915 4.1333 4.1723 4.20869 4.24262 4.27424 4.3037 4.33113 4.35666 4.38043 4.40253 4.42309 4.44221 4.45997 4.47649 4.49183 4.50609 4.51933 4.53163 4.54305 4.55365 4.56349 4.57263 4.58111 4.58898 4.59628 4.60306 4.60934 4.61517 4.62062 4.6257 4.63041 4.63478 4.63884 4.6426 4.64608 4.64932 4.65232 4.6551 4.65768 4.66007 4.66228 4.66434 4.66624 4.66801 4.66965 4.67117 4.67257 4.67388 4.67509 4.67621 4.67725 4.67821 4.67911 4.67994 4.6807 4.68142 4.68208 4.68269 4.68358
 0 0.000686689 0.00162993 0.00534728 0.0144501 0.0327555 0.0640903 0.110976 0.173684 0.250059 0.336049 0.42664 0.516801 0.602204 0.679644 0.747176 0.804049 0.850482 0.88738 0.91603 0.937854 0.954224 0.966358 0.975275 0.981791 0.986538 0.989994 0.992513 0.994355 0.995706 0.996704 0.997445 0.997999 0.998417 0.998734 0.998977 0.999164 0.999311 0.999425 0.999516 0.999589 0.999648 0.999695 0.999734 0.999766 0.999792 0.999814 0.999833 0.999849 0.999862 0.999873 0.999883 0.999892 0.999899 0.999905 0.999911 0.999916 0.99992 0.999924 0.999928 0.999931 0.999933 0.999936 0.999938 0.99994 0.999942 0.999943 0.999945 0.999946 0.999947 0.999948 0.999949 0.99995 0.99995 0.999951 0.999951 0.999952 0.999952 0.999953 0.999953 0.999953 0.999954 0.999954 0.999954 0.999954 0.999955 0.999955 0.999955 0.999955 0.999955 0.999955 0.999956 0.999956 0.999956 0.999956 0.999956 0.999956 0.999956 0.999956 0.999956 0.999957
 #wt and selex for gender,fleet: 1 6 6_OR_REC
 0.00896707 0.00943818 0.0390686 0.0905858 0.162156 0.249237 0.346643 0.45011 0.557168 0.668139 0.785557 0.911892 1.0478 1.19196 1.3419 1.49496 1.64885 1.80178 1.95241 2.09977 2.24311 2.38189 2.51571 2.64429 2.76744 2.88506 2.99711 3.10361 3.20462 3.30024 3.39061 3.47587 3.55621 3.63181 3.70286 3.76957 3.83213 3.89075 3.94564 3.99698 4.04498 4.08983 4.1317 4.17077 4.20721 4.24118 4.27284 4.30232 4.32978 4.35533 4.37911 4.40123 4.4218 4.44093 4.4587 4.47523 4.49058 4.50484 4.51809 4.53039 4.54181 4.55242 4.56226 4.5714 4.57988 4.58775 4.59505 4.60183 4.60812 4.61395 4.61939 4.62447 4.62919 4.63356 4.63761 4.64137 4.64486 4.64809 4.65109 4.65387 4.65645 4.65884 4.66105 4.66311 4.66501 4.66678 4.66842 4.66993 4.67134 4.67265 4.67386 4.67498 4.67602 4.67698 4.67787 4.6787 4.67947 4.68018 4.68084 4.68145 4.68234
 0 1.86419e-05 0.000126623 0.00181728 0.0132685 0.0563649 0.157879 0.322092 0.517263 0.696509 0.829523 0.912788 0.958508 0.98126 0.99178 0.996376 0.99828 0.999012 0.999246 0.999272 0.99921 0.999112 0.998999 0.998882 0.998764 0.998648 0.998535 0.998425 0.99832 0.998219 0.998123 0.998032 0.997945 0.997863 0.997785 0.997712 0.997643 0.997578 0.997517 0.99746 0.997406 0.997356 0.997309 0.997265 0.997224 0.997185 0.997149 0.997116 0.997085 0.997056 0.997029 0.997004 0.99698 0.996958 0.996938 0.996919 0.996902 0.996886 0.99687 0.996856 0.996843 0.996831 0.99682 0.99681 0.9968 0.996791 0.996782 0.996775 0.996767 0.996761 0.996755 0.996749 0.996743 0.996738 0.996734 0.996729 0.996725 0.996722 0.996718 0.996715 0.996712 0.996709 0.996707 0.996704 0.996702 0.9967 0.996698 0.996696 0.996695 0.996693 0.996692 0.996691 0.996689 0.996688 0.996687 0.996686 0.996685 0.996685 0.996684 0.996683 0.996682
 #wt and selex for gender,fleet: 1 7 7_WA_REC
 0.00896707 0.00943991 0.0401839 0.0947779 0.17261 0.269515 0.380094 0.499444 0.623652 0.749885 0.876523 1.00336 1.13142 1.26215 1.39664 1.5351 1.67684 1.82056 1.96467 2.10764 2.24815 2.38516 2.5179 2.64583 2.7686 2.886 2.99793 3.10437 3.20535 3.30097 3.39134 3.47662 3.55698 3.63259 3.70366 3.77039 3.83297 3.89161 3.94651 3.99787 4.04589 4.09075 4.13263 4.17171 4.20817 4.24215 4.27381 4.30331 4.33077 4.35634 4.38012 4.40225 4.42283 4.44196 4.45974 4.47627 4.49163 4.50589 4.51914 4.53145 4.54287 4.55348 4.56333 4.57247 4.58096 4.58883 4.59613 4.60291 4.6092 4.61504 4.62048 4.62557 4.63028 4.63465 4.63871 4.64247 4.64596 4.64919 4.65219 4.65497 4.65755 4.65994 4.66216 4.66422 4.66612 4.66789 4.66953 4.67105 4.67246 4.67376 4.67497 4.67609 4.67713 4.6781 4.67899 4.67982 4.68059 4.6813 4.68196 4.68257 4.68346
 0 9.8167e-07 7.51799e-06 0.00013728 0.00133136 0.00765092 0.0290438 0.0796783 0.169654 0.296435 0.443995 0.590351 0.717276 0.81575 0.885534 0.931548 0.960232 0.977369 0.987292 0.992915 0.996057 0.9978 0.998764 0.999299 0.999597 0.999765 0.999861 0.999916 0.999949 0.999968 0.999979 0.999986 0.999991 0.999994 0.999996 0.999997 0.999998 0.999998 0.999998 0.999999 0.999999 0.999999 0.999999 0.999999 0.999999 0.999999 0.999999 0.999999 0.999999 0.999999 0.999999 0.999999 0.999999 0.999999 0.999999 0.999999 0.999999 0.999999 0.999999 0.999999 0.999999 0.999999 0.999999 0.999999 0.999999 0.999999 0.999999 0.999999 0.999999 0.999999 0.999999 0.999999 0.999999 0.999999 0.999999 0.999999 0.999999 0.999999 0.999999 0.999999 0.999999 0.999999 0.999999 0.999999 0.999999 0.999999 0.999999 0.999999 0.999999 0.999999 0.999999 0.999999 0.999999 0.999999 0.999999 0.999999 0.999999 0.999999 0.999999 0.999999 0.999999
# Sex ratio correction
1
# M and current age-structure in year Yinit: 2011
 # gender = 1
 0.0439034 0.0439034 0.0439034 0.0439034 0.0439034 0.0439034 0.0439034 0.0439034 0.0439034 0.0439034 0.0439034 0.0439034 0.0439034 0.0439034 0.0439034 0.0439034 0.0439034 0.0439034 0.0439034 0.0439034 0.0439034 0.0439034 0.0439034 0.0439034 0.0439034 0.0439034 0.0439034 0.0439034 0.0439034 0.0439034 0.0439034 0.0439034 0.0439034 0.0439034 0.0439034 0.0439034 0.0439034 0.0439034 0.0439034 0.0439034 0.0439034 0.0439034 0.0439034 0.0439034 0.0439034 0.0439034 0.0439034 0.0439034 0.0439034 0.0439034 0.0439034 0.0439034 0.0439034 0.0439034 0.0439034 0.0439034 0.0439034 0.0439034 0.0439034 0.0439034 0.0439034 0.0439034 0.0439034 0.0439034 0.0439034 0.0439034 0.0439034 0.0439034 0.0439034 0.0439034 0.0439034 0.0439034 0.0439034 0.0439034 0.0439034 0.0439034 0.0439034 0.0439034 0.0439034 0.0439034 0.0439034 0.0439034 0.0439034 0.0439034 0.0439034 0.0439034 0.0439034 0.0439034 0.0439034 0.0439034 0.0439034 0.0439034 0.0439034 0.0439034 0.0439034 0.0439034 0.0439034 0.0439034 0.0439034 0.0439034 0.0439034
 275.526 342.634 336.441 418.717 236.414 225.733 126.994 79.4021 112.736 267.89 72.3076 59.5488 109.415 65.8337 39.5744 31.2842 31.074 61.7867 69.1551 32.3689 25.8368 25.8581 25.3193 26.0285 30.5008 33.6758 40.8897 41.6901 27.2731 34.1419 26.1258 20.1896 14.8801 9.73565 11.7032 10.8573 11.5061 6.99788 5.65303 6.87394 11.2338 6.50269 4.92312 4.15079 3.23299 2.71079 2.12317 1.72668 1.6226 1.724 1.91105 1.96321 1.77396 1.53 1.34739 1.23386 1.18061 1.18213 1.23837 1.35538 1.53647 1.75419 1.89256 1.79705 1.54254 1.29733 1.11248 0.981669 0.889466 0.822215 0.771306 0.731341 0.699142 0.672473 0.649237 0.627645 0.606325 0.584721 0.562896 0.54142 0.520949 0.502007 0.484735 0.469074 0.454684 0.440832 0.427246 0.413706 0.399966 0.385928 0.371597 0.357041 0.342396 0.327855 0.313471 0.299434 0.285862 0.27282 0.260346 0.248458 5.42082
# Age-structure at Ydeclare= 2013
 564.424 228.603 252.363 313.826 308.143 383.465 216.466 206.605 116.16 72.567 102.934 244.372 65.9058 54.2404 99.6103 59.9118 36.0051 28.4574 28.2626 56.1919 62.8892 29.4349 23.4942 23.513 23.0226 23.6671 27.7331 30.6195 37.1779 37.9048 24.7962 31.0404 23.7519 18.3547 13.5275 8.85048 10.639 9.86989 10.4595 6.36126 5.13869 6.24842 10.2114 5.91081 4.47497 3.7729 2.93863 2.46396 1.92983 1.56943 1.47483 1.56699 1.737 1.78441 1.61239 1.39065 1.22466 1.12147 1.07307 1.07446 1.12557 1.23193 1.39652 1.59441 1.72018 1.63336 1.40203 1.17916 1.01115 0.89225 0.808446 0.74732 0.701048 0.664723 0.635457 0.611218 0.590097 0.570472 0.551095 0.531458 0.511622 0.492102 0.473495 0.456278 0.44058 0.426345 0.413266 0.400676 0.388328 0.376022 0.363533 0.350774 0.337748 0.324518 0.311207 0.297991 0.284916 0.272159 0.259822 0.247969 5.3895
# Year for Tmin Age-structure (set to Ydecl by SS)
2013
#  recruitment and biomass
# Number of historical assessment years
137
# Historical data
# year recruitment spawner in B0 in R project in R/S project
1888  1889 1890 1891 1892 1893 1894 1895 1896 1897 1898 1899 1900 1901 1902 1903 1904 1905 1906 1907 1908 1909 1910 1911 1912 1913 1914 1915 1916 1917 1918 1919 1920 1921 1922 1923 1924 1925 1926 1927 1928 1929 1930 1931 1932 1933 1934 1935 1936 1937 1938 1939 1940 1941 1942 1943 1944 1945 1946 1947 1948 1949 1950 1951 1952 1953 1954 1955 1956 1957 1958 1959 1960 1961 1962 1963 1964 1965 1966 1967 1968 1969 1970 1971 1972 1973 1974 1975 1976 1977 1978 1979 1980 1981 1982 1983 1984 1985 1986 1987 1988 1989 1990 1991 1992 1993 1994 1995 1996 1997 1998 1999 2000 2001 2002 2003 2004 2005 2006 2007 2008 2009 2010 2011 2012 2013 2014 2015 2016 2017 2018 2019 2020 2021 2022 2023 2024 #years (with first value representing R0)
241.233 242.538 242.582 242.628 242.675 242.715 242.756 242.799 242.85 242.904 242.961 243.021 243.085 243.154 243.228 243.302 243.384 243.477 243.581 243.708 243.853 244.02 244.211 244.424 244.656 244.893 245.111 245.27 245.323 245.207 244.839 244.101 242.99 241.417 239.345 236.781 233.771 230.41 226.857 223.233 219.663 216.457 213.697 211.327 209.217 207.11 204.748 201.96 198.781 195.448 192.404 190.13 189.093 189.689 192.436 198.209 208.359 224.948 249.936 283.134 314.228 315.2 278.21 232 194.805 169.388 153.853 146.17 145.281 150.823 162.747 179.212 188.232 173.756 148.487 132.215 132.886 153.972 184.741 206.314 246.936 271.504 330.228 521.227 288.912 213.321 235.022 341.081 281.922 264.34 190.053 249.6 289.541 319.02 353.755 239.173 309.38 257.283 180.637 140.588 104.136 88.9437 80.805 72.7844 83.3051 164.612 137.468 65.1253 62.105 74.6591 118.273 187.391 97.2992 112.778 399.068 160.487 108.075 165.339 281.193 281.815 477.672 367.319 358.012 275.526 238.863 564.424 258.775 354.629 239.202 119.237 113.891 117.23 116.068 151.691 172.698 177.509 207.486  #recruits; first value is R0 (virgin)
1187.1  1187.1 1187.1 1187.08 1187.05 1186.59 1186.14 1185.67 1185.52 1185.45 1185.37 1185.29 1185.2 1185.11 1185.02 1184.92 1184.82 1184.72 1184.63 1184.53 1184.43 1184.22 1184.12 1184.01 1183.9 1183.79 1183.67 1183.54 1183.34 1183.21 1182.91 1180.57 1179.81 1179.16 1178.59 1178.3 1177.94 1177.05 1175.81 1173.79 1171.05 1168.42 1166.26 1163.77 1162.3 1160.99 1159.67 1157.8 1155.87 1152.92 1150.17 1147.03 1144.41 1140.54 1135.03 1129.04 1118.42 1107 1090.23 1074.55 1066.46 1057.25 1049.68 1041.33 1031.3 1022.32 1015.13 1006.82 999.011 991.337 982.831 975.359 969.39 964.993 962.779 960.092 958.986 959.065 949.33 946.294 940.938 935.198 920.105 909.387 895.27 877.793 858.751 837.909 817.9 795.108 772.687 737.802 701.226 673.607 638.772 582.397 534.731 507.296 470.913 442.03 415.199 392.48 363.817 344.191 312.632 284.214 257.256 243.537 229.663 214.26 196.05 192.175 183.771 187.456 190.591 197.408 204.261 211.309 218.196 225.256 231.754 238.58 245.361 252.943 260.928 269.405 278.998 289.765 301.267 314.276 327.756 343.21 360.3 380.052 401.629 423.741 446.778 #spbio; first value is SSB_virgin (virgin)
1 0 0 0 0 0 0 0 0 0 0 0 0 0 0 0 0 0 0 0 0 0 0 0 0 0 0 0 0 0 0 0 0 0 0 0 0 0 0 0 0 0 0 0 0 0 0 0 0 0 0 0 0 0 0 0 0 0 0 0 0 0 0 0 0 0 0 0 0 0 0 0 0 0 0 0 0 0 0 0 0 0 0 0 0 0 0 0 0 0 0 0 0 0 0 0 0 0 0 0 0 0 0 0 0 0 0 0 0 0 0 0 0 0 0 0 0 0 0 0 0 0 0 0 0 0 0 0 0 0 0 0 0 0 0 0 0  # in Bzero
0 1 1 1 1 1 1 1 1 1 1 1 1 1 1 1 1 1 1 1 1 1 1 1 1 1 1 1 1 1 1 1 1 1 1 1 1 1 1 1 1 1 1 1 1 1 1 1 1 1 1 1 1 1 1 1 1 1 1 1 1 1 1 1 1 1 1 1 1 1 1 1 1 1 1 1 1 1 1 1 1 1 1 1 1 1 1 1 1 1 1 1 1 1 1 1 1 1 1 1 1 1 1 1 1 1 1 1 1 1 1 1 1 1 1 1 1 1 1 1 1 1 1 1 1 1 1 1 1 1 1 1 1 1  0 0 0 # in R project
0 1 1 1 1 1 1 1 1 1 1 1 1 1 1 1 1 1 1 1 1 1 1 1 1 1 1 1 1 1 1 1 1 1 1 1 1 1 1 1 1 1 1 1 1 1 1 1 1 1 1 1 1 1 1 1 1 1 1 1 1 1 1 1 1 1 1 1 1 1 1 1 1 1 1 1 1 1 1 1 1 1 1 1 1 1 1 1 1 1 1 1 1 1 1 1 1 1 1 1 1 1 1 1 1 1 1 1 1 1 1 1 1 1 1 1 1 1 1 1 1 1 1 1 1 1 1 1 1 1 1 1 1 1  0 0 0 # in R/S project
# Number of years with pre-specified catches
0
# catches for years with pre-specified catches go next
# Number of future recruitments to override
-2
# Process for overiding (-1 for average otherwise index in data list)
# Which probability to product detailed results for (1=0.5; 2=0.6; etc.)
3
# Steepness sigma-R Auto-correlation
0.718 0.5 0
# Target SPR rate (FMSY Proxy); manually change to SPR_MSY if not using SPR_target
0.5
# Discount rate (for cumulative catch)
0.1
# Truncate the series when 0.4B0 is reached (1=Yes)
0
# Set F to FMSY once 0.4B0 is reached (1=Yes)
0
# Maximum possible F for projection (-1 to set to FMSY)
-1
# Defintion of recovery (1=now only;2=now or before)
2
# Projection type
4
# Definition of the 40-10 rule
10 40
# Sigma Assessment Error (Base, Year1, Slope, MaxSigma)
1.0 2025 0.075 2.0
# Pstar
0.45
# Constrain catches by the ABC (1=yes, 2=no)
2
# Implementation Error (0=no; 1=lognormal; 2=uniform)
0
#Parameters of Implementaion Error
1 0.3
# Calculate coefficients of variation (1=Yes)
0
# Number of replicates to use
10
# Random number seed
-99004
# File with multiple parameter vectors 
rebuild.SSO
# User-specific projection (1=Yes); Output replaced (1->9)
0  5
# Catches and Fs (Year; 1/2/3 (F or C or SPR); value); Final row is -1
2024 1 1
-1 -1 -1
# Fixed catch project (1=Yes); Output replaced (1->9); Approach (-1=Read in else 1-9)
0 2 -1
# (48a) Special catch options (1-Yes) [CUT_OFF, Emsy, distribution, MAXCAT, Add, replace_code]
0 0.18 1.00 1.00 0 6
# (48b) B1Target
150000
# Split of Fs
2011  0.00955461
 0.161882
 0.221848
 0.0132183
 0.413345
 0.0974932
 0.0826587
-1  1 1 1 1 1 1 1 1 1 1 1 1
# Yrs to define T_target for projection type 4 (a.k.a. 5 pre-specified inputs)
2030 2031 2032 2033 2034 
# Year for probability of recovery
2034 2035 2036 2037 2038 2039 2040 2041
# Time varying weight-at-age (1=Yes;0=No)
0
# File with time series of weight-at-age data
none
# Use bisection (0) or linear interpolation (1)
1
# Target Depletion
0.4
# CV of implementation error
0
