#Title, #runnumber: 1 yelloweye_data.ss yelloweye_control.ss 7178.07 1133.43 399.492 StartTime: Thu May  1 10:26:13 2025
SSv3_default_rebuild.dat
# Number of sexes
1
# Age range to consider (minimum age; maximum age)
0 100
# Number of fleets
7
# First year of projection (Yinit)
2011
# First Year of rebuilding period (Ydecl)
2013
# Number of simulations
1000
# Maximum number of years
500
# Conduct projections with multiple starting values (0=No;else yes)
0
# Number of parameter vectors
1000
# Is the maximum age a plus-group (1=Yes;2=No)
1
# Generate future recruitments using historical recruitments (1)  historical recruits/spawner (2)  or a stock-recruitment (3)
3
# Constant fishing mortality (1) or constant Catch (2) projections
1
# Fishing mortality based on SPR (1) or actual rate (2)
1
# Pre-specify the year of recovery (or -1) to ignore
-1
# Fecundity-at-age
# 0 1 2 3 4 5 6 7 8 9 10 11 12 13 14 15 16 17 18 19 20 21 22 23 24 25 26 27 28 29 30 31 32 33 34 35 36 37 38 39 40 41 42 43 44 45 46 47 48 49 50 51 52 53 54 55 56 57 58 59 60 61 62 63 64 65 66 67 68 69 70 71 72 73 74 75 76 77 78 79 80 81 82 83 84 85 86 87 88 89 90 91 92 93 94 95 96 97 98 99 100 #runnumber: 1 yelloweye_data.ss yelloweye_control.ss 7178.07 1133.43 399.492
 0 0 2.59097e-09 5.48543e-08 7.07525e-07 6.41059e-06 4.4419e-05 0.000245572 0.00109659 0.00393198 0.0113022 0.0264538 0.0518895 0.0881328 0.13363 0.185605 0.241093 0.297636 0.353517 0.407709 0.459693 0.509275 0.556437 0.601249 0.643811 0.684226 0.722591 0.758992 0.793505 0.826201 0.857145 0.8864 0.914028 0.940091 0.96465 0.987767 1.0095 1.02992 1.04909 1.06705 1.08389 1.09965 1.11439 1.12817 1.14104 1.15306 1.16428 1.17474 1.18449 1.19357 1.20203 1.20991 1.21725 1.22407 1.23041 1.23631 1.2418 1.2469 1.25163 1.25604 1.26012 1.26392 1.26744 1.27071 1.27375 1.27657 1.27919 1.28161 1.28386 1.28595 1.28789 1.28972 1.29141 1.29298 1.29444 1.29579 1.29704 1.2982 1.29928 1.30028 1.3012 1.30206 1.30286 1.30359 1.30428 1.30491 1.3055 1.30604 1.30655 1.30701 1.30745 1.30785 1.30822 1.30857 1.30889 1.30918 1.30946 1.30971 1.30995 1.31016 1.31048 #female fecundity; weighted by N in year Y_init across morphs and areas
# Age specific selectivity and weight adjusted for discard and discard mortality
 #wt and selex for gender,fleet: 1 1 1_CA_TWL
 0.00896707 0.00907001 0.0272439 0.0685479 0.130802 0.213127 0.312676 0.426084 0.550059 0.681663 0.81846 0.958696 1.10144 1.24646 1.39376 1.54315 1.69401 1.84532 1.99587 2.14442 2.2899 2.43144 2.56836 2.70021 2.82666 2.94753 3.06272 3.17222 3.27608 3.3744 3.4673 3.55495 3.63751 3.71518 3.78816 3.85665 3.92087 3.98103 4.03734 4.09 4.13921 4.18518 4.22807 4.26809 4.3054 4.34017 4.37256 4.40272 4.43079 4.45691 4.48121 4.5038 4.52481 4.54433 4.56247 4.57932 4.59497 4.60951 4.62301 4.63553 4.64717 4.65796 4.66798 4.67727 4.68589 4.69389 4.70131 4.7082 4.71458 4.7205 4.72602 4.73118 4.73596 4.74039 4.74449 4.7483 4.75183 4.75511 4.75814 4.76095 4.76356 4.76598 4.76821 4.77029 4.77221 4.774 4.77565 4.77718 4.7786 4.77992 4.78113 4.78226 4.78331 4.78428 4.78518 4.78601 4.78678 4.7875 4.78816 4.78878 4.78967
 0 0.00106045 0.00235529 0.00910736 0.0275032 0.0661019 0.131759 0.225629 0.341761 0.468901 0.594082 0.706155 0.798131 0.867855 0.917101 0.949825 0.970492 0.983021 0.990379 0.9946 0.996982 0.998312 0.999052 0.999464 0.999693 0.999822 0.999895 0.999937 0.999961 0.999975 0.999984 0.999989 0.999992 0.999994 0.999995 0.999996 0.999997 0.999997 0.999997 0.999997 0.999997 0.999997 0.999997 0.999997 0.999997 0.999997 0.999997 0.999997 0.999997 0.999997 0.999997 0.999997 0.999997 0.999997 0.999997 0.999997 0.999997 0.999997 0.999997 0.999997 0.999997 0.999997 0.999997 0.999997 0.999997 0.999997 0.999997 0.999997 0.999997 0.999997 0.999997 0.999997 0.999997 0.999997 0.999997 0.999997 0.999997 0.999997 0.999997 0.999997 0.999997 0.999997 0.999997 0.999997 0.999997 0.999997 0.999997 0.999997 0.999997 0.999997 0.999997 0.999997 0.999997 0.999997 0.999997 0.999997 0.999997 0.999997 0.999997 0.999997 0.999997
 #wt and selex for gender,fleet: 1 3 3_CA_REC
 0.00896707 0.00906995 0.0263407 0.0658891 0.125633 0.204786 0.300776 0.410503 0.530891 0.659194 0.79328 0.931934 1.07479 1.22179 1.37255 1.52614 1.68119 1.83614 1.98957 2.14024 2.2872 2.42972 2.56729 2.69954 2.82624 2.94726 3.06255 3.17211 3.27602 3.37436 3.46728 3.55493 3.6375 3.71517 3.78815 3.85665 3.92087 3.98103 4.03734 4.09 4.13921 4.18518 4.22807 4.26809 4.3054 4.34017 4.37256 4.40272 4.43079 4.45691 4.48121 4.5038 4.52481 4.54433 4.56247 4.57932 4.59497 4.60951 4.62301 4.63554 4.64717 4.65796 4.66798 4.67727 4.68589 4.69389 4.70131 4.7082 4.71458 4.7205 4.72602 4.73118 4.73596 4.74039 4.7445 4.7483 4.75183 4.75511 4.75814 4.76095 4.76356 4.76598 4.76822 4.77029 4.77222 4.774 4.77565 4.77718 4.7786 4.77992 4.78114 4.78227 4.78331 4.78428 4.78518 4.78601 4.78679 4.7875 4.78816 4.78878 4.78967
 0 0.00397028 0.008099 0.0253049 0.0636359 0.131205 0.229996 0.353528 0.488794 0.620664 0.736291 0.828059 0.894411 0.938508 0.965753 0.981596 0.990375 0.995061 0.997496 0.998737 0.999364 0.999678 0.999835 0.999915 0.999955 0.999976 0.999987 0.999993 0.999996 0.999997 0.999998 0.999999 0.999999 0.999999 0.999999 0.999999 0.999999 0.999999 0.999999 0.999999 0.999999 0.999999 0.999999 0.999999 0.999999 0.999999 0.999999 0.999999 0.999999 0.999999 0.999999 0.999999 0.999999 0.999999 0.999999 0.999999 0.999999 0.999999 0.999999 0.999999 0.999999 0.999999 0.999999 0.999999 0.999999 0.999999 0.999999 0.999999 0.999999 0.999999 0.999999 0.999999 0.999999 0.999999 0.999999 0.999999 0.999999 0.999999 0.999999 0.999999 0.999999 0.999999 0.999999 0.999999 0.999999 0.999999 0.999999 0.999999 0.999999 0.999999 0.999999 0.999999 0.999999 0.999999 0.999999 0.999999 0.999999 0.999999 0.999999 0.999999 0.999999
 #wt and selex for gender,fleet: 1 4 4_ORWA_TWL
 0.00896707 0.00906987 0.0251116 0.0623969 0.119464 0.195895 0.289689 0.39819 0.518582 0.648182 0.784654 0.926242 1.07189 1.22101 1.37306 1.5272 1.68233 1.83712 1.99032 2.14077 2.28755 2.42995 2.56743 2.69963 2.8263 2.9473 3.06257 3.17213 3.27602 3.37436 3.46728 3.55493 3.6375 3.71517 3.78815 3.85665 3.92087 3.98103 4.03734 4.09 4.13921 4.18517 4.22807 4.26809 4.3054 4.34017 4.37256 4.40272 4.43079 4.45691 4.48121 4.5038 4.52481 4.54433 4.56247 4.57932 4.59497 4.60951 4.623 4.63553 4.64716 4.65796 4.66798 4.67727 4.68589 4.69389 4.70131 4.7082 4.71458 4.7205 4.72602 4.73118 4.73596 4.74039 4.74449 4.7483 4.75183 4.75511 4.75814 4.76095 4.76356 4.76597 4.76821 4.77029 4.77221 4.774 4.77565 4.77718 4.7786 4.77992 4.78113 4.78226 4.78331 4.78428 4.78518 4.78601 4.78678 4.7875 4.78816 4.78878 4.78967
 0 0.0132525 0.024134 0.0563328 0.112223 0.194003 0.298362 0.41699 0.539081 0.654144 0.754093 0.834349 0.89405 0.935369 0.962162 0.978587 0.9882 0.993624 0.996599 0.998199 0.999048 0.999496 0.999731 0.999855 0.99992 0.999955 0.999974 0.999985 0.99999 0.999993 0.999995 0.999996 0.999997 0.999997 0.999997 0.999997 0.999997 0.999997 0.999997 0.999997 0.999997 0.999997 0.999997 0.999997 0.999997 0.999997 0.999997 0.999997 0.999997 0.999997 0.999997 0.999997 0.999996 0.999996 0.999996 0.999996 0.999996 0.999996 0.999996 0.999996 0.999996 0.999996 0.999996 0.999996 0.999996 0.999996 0.999996 0.999996 0.999996 0.999996 0.999996 0.999996 0.999996 0.999996 0.999996 0.999996 0.999996 0.999996 0.999996 0.999996 0.999996 0.999996 0.999996 0.999996 0.999996 0.999996 0.999996 0.999996 0.999996 0.999996 0.999996 0.999996 0.999996 0.999996 0.999996 0.999996 0.999996 0.999996 0.999996 0.999996 0.999996
 #wt and selex for gender,fleet: 1 5 5_ORWA_NONTWL
 0.00896707 0.00906996 0.0265184 0.0669237 0.128785 0.211822 0.313734 0.43146 0.561769 0.7016 0.848209 0.999223 1.15264 1.3068 1.4604 1.61246 1.76234 1.90959 2.05394 2.19517 2.33305 2.46731 2.59768 2.72384 2.84553 2.9625 3.07455 3.18156 3.28347 3.38025 3.47196 3.55867 3.6405 3.7176 3.79013 3.85828 3.92222 3.98216 4.03829 4.09081 4.1399 4.18577 4.22859 4.26855 4.30581 4.34053 4.37288 4.40301 4.43106 4.45716 4.48143 4.50401 4.525 4.54451 4.56264 4.57948 4.59512 4.60965 4.62314 4.63566 4.64729 4.65808 4.66809 4.67738 4.686 4.694 4.70141 4.70829 4.71468 4.72059 4.72612 4.73127 4.73605 4.74048 4.74458 4.74839 4.75192 4.75519 4.75823 4.76104 4.76364 4.76606 4.7683 4.77037 4.7723 4.77408 4.77573 4.77726 4.77868 4.78 4.78121 4.78234 4.78339 4.78436 4.78526 4.78609 4.78686 4.78758 4.78824 4.78886 4.78975
 0 0.000699245 0.00144715 0.00480342 0.0132145 0.0304047 0.0602304 0.105369 0.166335 0.241222 0.326182 0.416312 0.506598 0.592654 0.671159 0.74002 0.798326 0.846157 0.88431 0.914009 0.936654 0.95363 0.966184 0.975374 0.982052 0.986884 0.990373 0.992892 0.994714 0.996037 0.997002 0.99771 0.998233 0.998623 0.998915 0.999135 0.999304 0.999433 0.999534 0.999613 0.999675 0.999724 0.999764 0.999796 0.999822 0.999844 0.999862 0.999877 0.999889 0.9999 0.999909 0.999916 0.999923 0.999929 0.999933 0.999938 0.999941 0.999945 0.999948 0.99995 0.999952 0.999954 0.999956 0.999958 0.999959 0.999961 0.999962 0.999963 0.999964 0.999965 0.999965 0.999966 0.999966 0.999967 0.999967 0.999967 0.999968 0.999968 0.999968 0.999969 0.999969 0.999969 0.999969 0.999969 0.99997 0.99997 0.99997 0.99997 0.99997 0.99997 0.99997 0.99997 0.999971 0.999971 0.999971 0.999971 0.999971 0.999971 0.999971 0.999971 0.999971
 #wt and selex for gender,fleet: 1 6 6_OR_REC
 0.00896707 0.00907069 0.0342192 0.0842413 0.155175 0.242865 0.341975 0.448001 0.558077 0.671972 0.791913 0.920559 1.05899 1.20617 1.35968 1.51671 1.67481 1.83205 1.987 2.13861 2.28611 2.42893 2.56665 2.69897 2.8257 2.94671 3.06198 3.17153 3.2754 3.37372 3.46661 3.55424 3.63678 3.71443 3.78739 3.85587 3.92007 3.98021 4.03651 4.08915 4.13835 4.1843 4.22718 4.26719 4.30449 4.33925 4.37163 4.40178 4.42984 4.45596 4.48025 4.50283 4.52383 4.54335 4.56148 4.57833 4.59398 4.60851 4.622 4.63453 4.64616 4.65695 4.66696 4.67625 4.68487 4.69287 4.70029 4.70717 4.71355 4.71947 4.72499 4.73014 4.73492 4.73935 4.74345 4.74726 4.75079 4.75406 4.75709 4.7599 4.76251 4.76493 4.76716 4.76924 4.77116 4.77294 4.77459 4.77613 4.77754 4.77886 4.78008 4.78121 4.78225 4.78322 4.78412 4.78495 4.78573 4.78644 4.7871 4.78772 4.78861
 0 1.84227e-05 8.75642e-05 0.00134812 0.0105555 0.0474519 0.139128 0.294556 0.487387 0.671576 0.812924 0.903669 0.954268 0.979577 0.991226 0.996248 0.998287 0.999049 0.999284 0.999303 0.999237 0.999135 0.99902 0.998901 0.998782 0.998664 0.99855 0.99844 0.998334 0.998232 0.998135 0.998043 0.997955 0.997872 0.997793 0.99772 0.99765 0.997584 0.997523 0.997465 0.997411 0.99736 0.997313 0.997269 0.997227 0.997188 0.997152 0.997119 0.997088 0.997058 0.997031 0.997006 0.996982 0.996961 0.99694 0.996921 0.996904 0.996887 0.996872 0.996858 0.996845 0.996833 0.996822 0.996811 0.996801 0.996792 0.996784 0.996776 0.996769 0.996762 0.996756 0.99675 0.996745 0.99674 0.996735 0.996731 0.996727 0.996723 0.99672 0.996717 0.996714 0.996711 0.996708 0.996706 0.996704 0.996702 0.9967 0.996698 0.996697 0.996695 0.996694 0.996692 0.996691 0.99669 0.996689 0.996688 0.996687 0.996687 0.996686 0.996685 0.996684
 #wt and selex for gender,fleet: 1 7 7_WA_REC
 0.00896707 0.00907066 0.03418 0.0857484 0.161077 0.256854 0.367859 0.489137 0.616616 0.747232 0.87899 1.01115 1.14422 1.27938 1.41776 1.55979 1.70503 1.85233 2.00016 2.14698 2.2914 2.4323 2.56885 2.70049 2.82682 2.94761 3.06277 3.17225 3.2761 3.37441 3.46731 3.55495 3.63751 3.71518 3.78816 3.85665 3.92088 3.98104 4.03734 4.09 4.13921 4.18518 4.22807 4.26809 4.3054 4.34017 4.37256 4.40272 4.43079 4.45691 4.48121 4.5038 4.52481 4.54433 4.56247 4.57932 4.59497 4.60951 4.62301 4.63554 4.64717 4.65796 4.66798 4.67727 4.68589 4.69389 4.70131 4.7082 4.71458 4.7205 4.72602 4.73118 4.73596 4.74039 4.7445 4.7483 4.75183 4.75511 4.75814 4.76095 4.76356 4.76598 4.76822 4.77029 4.77222 4.774 4.77565 4.77718 4.7786 4.77992 4.78114 4.78227 4.78331 4.78428 4.78518 4.78601 4.78679 4.7875 4.78816 4.78878 4.78967
 0 2.00456e-06 9.33852e-06 0.000151317 0.00137005 0.00754158 0.0279255 0.0756889 0.160647 0.281524 0.424582 0.569596 0.698454 0.800877 0.875054 0.924837 0.956269 0.97519 0.986172 0.992378 0.995822 0.997711 0.998741 0.999302 0.999609 0.999778 0.999872 0.999925 0.999955 0.999973 0.999983 0.999989 0.999993 0.999995 0.999997 0.999998 0.999998 0.999999 0.999999 0.999999 0.999999 0.999999 0.999999 0.999999 0.999999 0.999999 0.999999 0.999999 0.999999 0.999999 0.999999 0.999999 0.999999 0.999999 0.999999 0.999999 0.999999 0.999999 0.999999 0.999999 0.999999 0.999999 0.999999 0.999999 0.999999 0.999999 0.999999 0.999999 0.999999 0.999999 0.999999 0.999999 0.999999 0.999999 0.999999 0.999999 0.999999 0.999999 0.999999 0.999999 0.999999 0.999999 0.999999 0.999999 0.999999 0.999999 0.999999 0.999999 0.999999 0.999999 0.999999 0.999999 0.999999 0.999999 0.999999 0.999999 0.999999 0.999999 0.999999 0.999999 0.999999
# Sex ratio correction
1
# M and current age-structure in year Yinit: 2011
 # gender = 1
 0.0439034 0.0439034 0.0439034 0.0439034 0.0439034 0.0439034 0.0439034 0.0439034 0.0439034 0.0439034 0.0439034 0.0439034 0.0439034 0.0439034 0.0439034 0.0439034 0.0439034 0.0439034 0.0439034 0.0439034 0.0439034 0.0439034 0.0439034 0.0439034 0.0439034 0.0439034 0.0439034 0.0439034 0.0439034 0.0439034 0.0439034 0.0439034 0.0439034 0.0439034 0.0439034 0.0439034 0.0439034 0.0439034 0.0439034 0.0439034 0.0439034 0.0439034 0.0439034 0.0439034 0.0439034 0.0439034 0.0439034 0.0439034 0.0439034 0.0439034 0.0439034 0.0439034 0.0439034 0.0439034 0.0439034 0.0439034 0.0439034 0.0439034 0.0439034 0.0439034 0.0439034 0.0439034 0.0439034 0.0439034 0.0439034 0.0439034 0.0439034 0.0439034 0.0439034 0.0439034 0.0439034 0.0439034 0.0439034 0.0439034 0.0439034 0.0439034 0.0439034 0.0439034 0.0439034 0.0439034 0.0439034 0.0439034 0.0439034 0.0439034 0.0439034 0.0439034 0.0439034 0.0439034 0.0439034 0.0439034 0.0439034 0.0439034 0.0439034 0.0439034 0.0439034 0.0439034 0.0439034 0.0439034 0.0439034 0.0439034 0.0439034
 228.522 288.223 300.085 339.856 209.173 189.161 105.267 67.2386 93.275 221.14 64.2254 51.1451 92.338 57.3983 35.3947 28.1686 28.0899 54.9365 57.5912 28.04 22.5509 22.6055 21.999 22.4364 25.6575 28.4949 35.0214 33.8788 21.4091 23.1594 19.7822 15.8293 11.3366 7.62106 8.77692 7.8992 8.11755 5.01169 4.07517 4.79504 7.62177 4.67076 3.50434 2.9667 2.2992 1.93706 1.52734 1.24338 1.16464 1.22781 1.34419 1.36524 1.22989 1.06249 0.936655 0.856977 0.817846 0.815446 0.849102 0.921475 1.0319 1.15906 1.23452 1.17978 1.03252 0.88334 0.766276 0.681089 0.619901 0.574684 0.540198 0.513007 0.491 0.472615 0.456336 0.440885 0.425326 0.409351 0.393118 0.377126 0.361901 0.347839 0.33504 0.323461 0.312785 0.302581 0.292758 0.283079 0.273363 0.263524 0.253546 0.243452 0.233318 0.223264 0.213317 0.203608 0.194219 0.185196 0.176568 0.168349 3.61901
# Age-structure at Ydeclare= 2013
 457.795 203.385 209.31 263.989 274.844 311.239 191.516 173.114 96.2657 61.4265 85.1129 201.553 58.4755 46.526 83.9426 52.154 32.1496 25.5799 25.5042 49.8739 52.28 25.4527 20.4694 20.5184 19.9673 20.3639 23.2868 25.8611 31.7833 30.745 19.4278 21.0151 17.9497 14.3623 10.2855 6.9142 7.96259 7.16609 7.36396 4.5463 3.69664 4.34951 6.91341 4.23655 3.17849 2.69078 2.08533 1.75684 1.38522 1.12767 1.05625 1.11352 1.21907 1.23815 1.11539 0.963579 0.849455 0.777192 0.741703 0.739526 0.770048 0.835681 0.935819 1.05115 1.11957 1.06993 0.936385 0.80109 0.694925 0.61767 0.562179 0.521172 0.489897 0.465237 0.44528 0.428607 0.413843 0.399831 0.38572 0.371233 0.356511 0.342009 0.328202 0.315449 0.303841 0.293341 0.283659 0.274405 0.265497 0.25672 0.247908 0.238986 0.229937 0.220783 0.211592 0.202475 0.193454 0.184649 0.176134 0.167952 3.59483
# Year for Tmin Age-structure (set to Ydecl by SS)
2013
#  recruitment and biomass
# Number of historical assessment years
137
# Historical data
# year recruitment spawner in B0 in R project in R/S project
1888  1889 1890 1891 1892 1893 1894 1895 1896 1897 1898 1899 1900 1901 1902 1903 1904 1905 1906 1907 1908 1909 1910 1911 1912 1913 1914 1915 1916 1917 1918 1919 1920 1921 1922 1923 1924 1925 1926 1927 1928 1929 1930 1931 1932 1933 1934 1935 1936 1937 1938 1939 1940 1941 1942 1943 1944 1945 1946 1947 1948 1949 1950 1951 1952 1953 1954 1955 1956 1957 1958 1959 1960 1961 1962 1963 1964 1965 1966 1967 1968 1969 1970 1971 1972 1973 1974 1975 1976 1977 1978 1979 1980 1981 1982 1983 1984 1985 1986 1987 1988 1989 1990 1991 1992 1993 1994 1995 1996 1997 1998 1999 2000 2001 2002 2003 2004 2005 2006 2007 2008 2009 2010 2011 2012 2013 2014 2015 2016 2017 2018 2019 2020 2021 2022 2023 2024 #years (with first value representing R0)
223.783 227.617 227.752 227.892 228.037 228.179 228.326 228.479 228.643 228.816 228.996 229.184 229.381 229.588 229.805 230.029 230.267 230.522 230.793 231.092 231.415 231.764 232.139 232.536 232.951 233.368 233.761 234.09 234.305 234.346 234.133 233.549 232.607 231.226 229.385 227.108 224.448 221.501 218.42 215.371 212.395 209.737 207.525 205.701 204.127 202.533 200.636 198.226 195.303 192.083 189.015 186.599 185.324 185.588 187.864 192.911 201.845 216.299 237.515 264.45 287.785 286.752 256.311 217.198 184.578 161.83 147.849 141.038 140.529 146.005 157.371 172.998 182.248 170.146 147.199 132.056 133.09 153.92 183.218 203.287 243.976 266.379 325.775 483.651 274.302 208.182 226.529 321.791 272.34 261.085 194.07 245.267 288.902 302.654 295.363 226.631 297.295 255.116 173.243 131.288 97.6882 82.5644 74.2505 65.8678 74.0237 139.519 123.731 59.3839 56.275 67.0859 103.472 158.529 83.7056 100.276 329.618 132.822 91.5308 137.058 235.638 249.344 387.708 327.627 301.158 228.522 212.513 457.795 224.401 289.592 205.943 106.801 102.101 108.337 108.686 151.941 171.874 175.932 186.876  #recruits; first value is R0 (virgin)
1133.43  1133.43 1133.42 1133.41 1133.38 1132.91 1132.45 1131.99 1131.84 1131.76 1131.68 1131.62 1131.55 1131.5 1131.47 1131.47 1131.51 1131.57 1131.67 1131.81 1131.97 1132.05 1132.26 1132.49 1132.74 1133 1133.28 1133.56 1133.79 1134.11 1134.27 1132.39 1132.11 1131.97 1131.91 1132.15 1132.34 1132 1131.33 1129.88 1127.72 1125.68 1124.13 1122.24 1121.4 1120.73 1120.06 1118.84 1117.57 1115.29 1113.22 1110.77 1108.87 1105.73 1100.97 1095.75 1085.91 1075.29 1059.32 1044.48 1037.3 1029.01 1022.39 1015 1005.92 997.888 991.636 984.226 977.253 970.331 962.449 955.45 949.784 945.518 943.288 940.448 939.12 938.948 928.866 925.584 920.288 914.452 899.337 888.789 875.019 858.053 839.707 819.589 799.871 777.417 755.375 720.842 684.668 657.39 622.804 566.37 518.526 490.987 454.347 425.232 398.181 375.281 346.368 325.927 291.782 260.95 231.417 215.841 200.112 182.828 162.634 156.405 145.791 147.15 147.847 153.724 159.766 166.005 172.222 178.739 184.742 191.129 197.488 204.623 212.107 219.962 228.765 238.563 248.883 260.505 272.396 285.998 300.959 318.322 337.239 356.426 376.286 #spbio; first value is SSB_virgin (virgin)
1 0 0 0 0 0 0 0 0 0 0 0 0 0 0 0 0 0 0 0 0 0 0 0 0 0 0 0 0 0 0 0 0 0 0 0 0 0 0 0 0 0 0 0 0 0 0 0 0 0 0 0 0 0 0 0 0 0 0 0 0 0 0 0 0 0 0 0 0 0 0 0 0 0 0 0 0 0 0 0 0 0 0 0 0 0 0 0 0 0 0 0 0 0 0 0 0 0 0 0 0 0 0 0 0 0 0 0 0 0 0 0 0 0 0 0 0 0 0 0 0 0 0 0 0 0 0 0 0 0 0 0 0 0 0 0 0  # in Bzero
0 1 1 1 1 1 1 1 1 1 1 1 1 1 1 1 1 1 1 1 1 1 1 1 1 1 1 1 1 1 1 1 1 1 1 1 1 1 1 1 1 1 1 1 1 1 1 1 1 1 1 1 1 1 1 1 1 1 1 1 1 1 1 1 1 1 1 1 1 1 1 1 1 1 1 1 1 1 1 1 1 1 1 1 1 1 1 1 1 1 1 1 1 1 1 1 1 1 1 1 1 1 1 1 1 1 1 1 1 1 1 1 1 1 1 1 1 1 1 1 1 1 1 1 1 1 1 1 1 1 1 1 1 1  0 0 0 # in R project
0 1 1 1 1 1 1 1 1 1 1 1 1 1 1 1 1 1 1 1 1 1 1 1 1 1 1 1 1 1 1 1 1 1 1 1 1 1 1 1 1 1 1 1 1 1 1 1 1 1 1 1 1 1 1 1 1 1 1 1 1 1 1 1 1 1 1 1 1 1 1 1 1 1 1 1 1 1 1 1 1 1 1 1 1 1 1 1 1 1 1 1 1 1 1 1 1 1 1 1 1 1 1 1 1 1 1 1 1 1 1 1 1 1 1 1 1 1 1 1 1 1 1 1 1 1 1 1 1 1 1 1 1 1  0 0 0 # in R/S project
# Number of years with pre-specified catches
0
# catches for years with pre-specified catches go next
# Number of future recruitments to override
-2
# Process for overiding (-1 for average otherwise index in data list)
# Which probability to product detailed results for (1=0.5; 2=0.6; etc.)
3
# Steepness sigma-R Auto-correlation
0.718 0.5 0
# Target SPR rate (FMSY Proxy); manually change to SPR_MSY if not using SPR_target
0.5
# Discount rate (for cumulative catch)
0.1
# Truncate the series when 0.4B0 is reached (1=Yes)
0
# Set F to FMSY once 0.4B0 is reached (1=Yes)
0
# Maximum possible F for projection (-1 to set to FMSY)
-1
# Defintion of recovery (1=now only;2=now or before)
2
# Projection type
4
# Definition of the 40-10 rule
10 40
# Sigma Assessment Error (Base, Year1, Slope, MaxSigma)
1.0 2025 0.075 2.0
# Pstar
0.45
# Constrain catches by the ABC (1=yes, 2=no)
2
# Implementation Error (0=no; 1=lognormal; 2=uniform)
0
#Parameters of Implementaion Error
1 0.3
# Calculate coefficients of variation (1=Yes)
0
# Number of replicates to use
10
# Random number seed
-99004
# File with multiple parameter vectors 
rebuild.SSO
# User-specific projection (1=Yes); Output replaced (1->9)
0  5
# Catches and Fs (Year; 1/2/3 (F or C or SPR); value); Final row is -1
2024 1 1
-1 -1 -1
# Fixed catch project (1=Yes); Output replaced (1->9); Approach (-1=Read in else 1-9)
0 2 -1
# (48a) Special catch options (1-Yes) [CUT_OFF, Emsy, distribution, MAXCAT, Add, replace_code]
0 0.18 1.00 1.00 0 6
# (48b) B1Target
150000
# Split of Fs
2011  0.0173734
 0
 0.410937
 0.0230992
 0.185571
 0.190623
 0.172397
-1  1 1 1 1 1 1 1 1 1 1 1 1
# Yrs to define T_target for projection type 4 (a.k.a. 5 pre-specified inputs)
2030 2031 2032 2033 2034 
# Year for probability of recovery
2034 2035 2036 2037 2038 2039 2040 2041
# Time varying weight-at-age (1=Yes;0=No)
0
# File with time series of weight-at-age data
none
# Use bisection (0) or linear interpolation (1)
1
# Target Depletion
0.4
# CV of implementation error
0
