#Title, #runnumber: 1 yelloweye_data.ss yelloweye_control.ss 7080.14 1127.71 385.865 StartTime: Thu May  1 10:18:08 2025
SSv3_default_rebuild.dat
# Number of sexes
1
# Age range to consider (minimum age; maximum age)
0 100
# Number of fleets
7
# First year of projection (Yinit)
2011
# First Year of rebuilding period (Ydecl)
2013
# Number of simulations
1000
# Maximum number of years
500
# Conduct projections with multiple starting values (0=No;else yes)
0
# Number of parameter vectors
1000
# Is the maximum age a plus-group (1=Yes;2=No)
1
# Generate future recruitments using historical recruitments (1)  historical recruits/spawner (2)  or a stock-recruitment (3)
3
# Constant fishing mortality (1) or constant Catch (2) projections
1
# Fishing mortality based on SPR (1) or actual rate (2)
1
# Pre-specify the year of recovery (or -1) to ignore
-1
# Fecundity-at-age
# 0 1 2 3 4 5 6 7 8 9 10 11 12 13 14 15 16 17 18 19 20 21 22 23 24 25 26 27 28 29 30 31 32 33 34 35 36 37 38 39 40 41 42 43 44 45 46 47 48 49 50 51 52 53 54 55 56 57 58 59 60 61 62 63 64 65 66 67 68 69 70 71 72 73 74 75 76 77 78 79 80 81 82 83 84 85 86 87 88 89 90 91 92 93 94 95 96 97 98 99 100 #runnumber: 1 yelloweye_data.ss yelloweye_control.ss 7080.14 1127.71 385.865
 0 0 2.80655e-09 5.81086e-08 7.36028e-07 6.58276e-06 4.51666e-05 0.000247816 0.00110017 0.00392826 0.0112613 0.0263203 0.0515996 0.0876416 0.132929 0.184719 0.24007 0.296526 0.35237 0.406564 0.458583 0.508225 0.55547 0.600381 0.643059 0.683604 0.722111 0.758666 0.793343 0.826213 0.857338 0.88678 0.914601 0.940859 0.965616 0.988933 1.01087 1.03149 1.05085 1.06901 1.08604 1.10198 1.11691 1.13087 1.14392 1.1561 1.16748 1.1781 1.188 1.19724 1.20584 1.21385 1.22131 1.22826 1.23473 1.24074 1.24633 1.25153 1.25637 1.26086 1.26504 1.26892 1.27252 1.27587 1.27898 1.28186 1.28454 1.28703 1.28934 1.29148 1.29347 1.29534 1.29708 1.2987 1.3002 1.30159 1.30288 1.30407 1.30518 1.30621 1.30716 1.30805 1.30887 1.30963 1.31034 1.31099 1.3116 1.31216 1.31268 1.31317 1.31362 1.31403 1.31442 1.31477 1.31511 1.31541 1.3157 1.31596 1.31621 1.31643 1.31677 #female fecundity; weighted by N in year Y_init across morphs and areas
# Age specific selectivity and weight adjusted for discard and discard mortality
 #wt and selex for gender,fleet: 1 1 1_CA_TWL
 0.00896707 0.0091158 0.0278588 0.069239 0.131456 0.213651 0.313066 0.426416 0.550463 0.682292 0.819451 0.96009 1.10312 1.24816 1.39515 1.54395 1.69406 1.84462 1.9945 2.14255 2.28772 2.42912 2.56607 2.69807 2.82477 2.94597 3.06156 3.17152 3.27588 3.37473 3.46818 3.5564 3.63954 3.71781 3.79138 3.86047 3.92529 3.98604 4.04292 4.09615 4.14592 4.19243 4.23586 4.27639 4.3142 4.34945 4.38231 4.41292 4.44142 4.46796 4.49265 4.51562 4.53699 4.55686 4.57533 4.5925 4.60845 4.62328 4.63705 4.64983 4.66171 4.67274 4.68298 4.69248 4.7013 4.70949 4.71709 4.72414 4.73068 4.73675 4.74242 4.74771 4.75261 4.75716 4.76138 4.7653 4.76893 4.7723 4.77542 4.77832 4.781 4.78349 4.7858 4.78795 4.78993 4.79177 4.79348 4.79506 4.79653 4.79789 4.79915 4.80032 4.80141 4.80241 4.80334 4.80421 4.80501 4.80575 4.80644 4.80708 4.80801
 0 0.00110255 0.00249475 0.00933154 0.0274714 0.0649292 0.128123 0.218282 0.330148 0.453506 0.576336 0.687987 0.781362 0.853716 0.906071 0.941763 0.964904 0.979309 0.987992 0.993102 0.996057 0.997748 0.99871 0.999256 0.999567 0.999745 0.999847 0.999907 0.999942 0.999963 0.999976 0.999984 0.999989 0.999992 0.999994 0.999995 0.999996 0.999996 0.999997 0.999997 0.999997 0.999997 0.999997 0.999997 0.999997 0.999997 0.999997 0.999997 0.999997 0.999997 0.999997 0.999997 0.999997 0.999997 0.999997 0.999997 0.999997 0.999997 0.999997 0.999997 0.999997 0.999997 0.999997 0.999997 0.999997 0.999997 0.999997 0.999997 0.999997 0.999997 0.999997 0.999997 0.999997 0.999997 0.999997 0.999997 0.999997 0.999997 0.999997 0.999997 0.999997 0.999997 0.999997 0.999997 0.999997 0.999997 0.999997 0.999997 0.999997 0.999997 0.999997 0.999997 0.999997 0.999997 0.999997 0.999997 0.999997 0.999997 0.999997 0.999997 0.999997
 #wt and selex for gender,fleet: 1 3 3_CA_REC
 0.00896707 0.00911577 0.0276311 0.0684077 0.129453 0.209766 0.306558 0.416588 0.536719 0.664217 0.797059 0.934235 1.07562 1.22132 1.37106 1.52391 1.67846 1.83312 1.9864 2.13705 2.28408 2.42676 2.56455 2.6971 2.82415 2.94558 3.06131 3.17136 3.27578 3.37466 3.46814 3.55637 3.63952 3.71779 3.79137 3.86047 3.92528 3.98603 4.04292 4.09615 4.14592 4.19243 4.23586 4.27639 4.3142 4.34945 4.38231 4.41292 4.44142 4.46796 4.49265 4.51562 4.53699 4.55686 4.57533 4.5925 4.60846 4.62328 4.63705 4.64984 4.66171 4.67274 4.68298 4.69248 4.7013 4.70949 4.71709 4.72414 4.73068 4.73675 4.74242 4.74771 4.75261 4.75716 4.76139 4.7653 4.76893 4.7723 4.77542 4.77832 4.78101 4.7835 4.78581 4.78795 4.78993 4.79177 4.79348 4.79506 4.79653 4.79789 4.79915 4.80032 4.80141 4.80241 4.80334 4.80421 4.80501 4.80575 4.80644 4.80708 4.80801
 0 0.00228397 0.00506062 0.0178728 0.0494439 0.109634 0.202982 0.324886 0.462562 0.599605 0.721293 0.818473 0.888846 0.935541 0.964288 0.980923 0.990087 0.994949 0.997457 0.998728 0.999364 0.99968 0.999838 0.999917 0.999957 0.999977 0.999987 0.999993 0.999996 0.999997 0.999998 0.999999 0.999999 0.999999 0.999999 0.999999 0.999999 0.999999 0.999999 0.999999 0.999999 0.999999 0.999999 0.999999 0.999999 0.999999 0.999999 0.999999 0.999999 0.999999 0.999999 0.999999 0.999999 0.999999 0.999999 0.999999 0.999999 0.999999 0.999999 0.999999 0.999999 0.999999 0.999999 0.999999 0.999999 0.999999 0.999999 0.999999 0.999999 0.999999 0.999999 0.999999 0.999999 0.999999 0.999999 0.999999 0.999999 0.999999 0.999999 0.999999 0.999999 0.999999 0.999999 0.999999 0.999999 0.999999 0.999999 0.999999 0.999999 0.999999 0.999999 0.999999 0.999999 0.999999 0.999999 0.999999 0.999999 0.999999 0.999999 0.999999 0.999999
 #wt and selex for gender,fleet: 1 4 4_ORWA_TWL
 0.00896707 0.00911553 0.0257852 0.0633728 0.120627 0.1971 0.2908 0.39909 0.519185 0.648429 0.784507 0.925675 1.07088 1.21954 1.37113 1.52487 1.67965 1.8342 1.98725 2.13766 2.28449 2.42703 2.56473 2.69721 2.82422 2.94562 3.06134 3.17137 3.27578 3.37466 3.46814 3.55637 3.63952 3.71779 3.79137 3.86047 3.92528 3.98603 4.04292 4.09615 4.14592 4.19243 4.23586 4.27639 4.3142 4.34945 4.38231 4.41292 4.44142 4.46796 4.49265 4.51562 4.53699 4.55686 4.57533 4.5925 4.60845 4.62328 4.63705 4.64983 4.66171 4.67274 4.68298 4.69248 4.7013 4.70949 4.71709 4.72414 4.73068 4.73675 4.74242 4.74771 4.75261 4.75716 4.76138 4.7653 4.76893 4.7723 4.77542 4.77832 4.781 4.78349 4.7858 4.78795 4.78993 4.79177 4.79348 4.79506 4.79653 4.79789 4.79915 4.80032 4.80141 4.80241 4.80334 4.80421 4.80501 4.80575 4.80644 4.80708 4.80801
 0 0.0127567 0.023737 0.0554616 0.110575 0.19139 0.294785 0.41266 0.534362 0.649457 0.749816 0.830749 0.891245 0.933334 0.960777 0.977694 0.98765 0.993296 0.99641 0.998092 0.998988 0.999462 0.999712 0.999845 0.999915 0.999952 0.999973 0.999984 0.99999 0.999993 0.999995 0.999996 0.999997 0.999997 0.999997 0.999998 0.999998 0.999998 0.999997 0.999997 0.999997 0.999997 0.999997 0.999997 0.999997 0.999997 0.999997 0.999997 0.999997 0.999997 0.999997 0.999997 0.999997 0.999997 0.999997 0.999997 0.999997 0.999997 0.999997 0.999997 0.999997 0.999997 0.999997 0.999997 0.999997 0.999997 0.999997 0.999997 0.999997 0.999997 0.999997 0.999997 0.999997 0.999997 0.999997 0.999997 0.999997 0.999997 0.999997 0.999997 0.999997 0.999997 0.999996 0.999996 0.999996 0.999996 0.999996 0.999996 0.999996 0.999996 0.999996 0.999996 0.999996 0.999996 0.999996 0.999996 0.999996 0.999996 0.999996 0.999996 0.999996
 #wt and selex for gender,fleet: 1 5 5_ORWA_NONTWL
 0.00896707 0.00911571 0.0272849 0.0680513 0.130179 0.213332 0.315206 0.432758 0.562785 0.702254 0.848449 0.99902 1.15198 1.30571 1.4589 1.6106 1.76016 1.90716 2.05134 2.19247 2.33034 2.46468 2.59519 2.72159 2.84358 2.9609 3.07337 3.18084 3.28324 3.38056 3.47282 3.5601 3.64251 3.72021 3.79334 3.86208 3.92662 3.98715 4.04386 4.09694 4.1466 4.19301 4.23637 4.27683 4.31459 4.3498 4.38262 4.4132 4.44168 4.46819 4.49286 4.51582 4.53717 4.55703 4.57549 4.59265 4.6086 4.62341 4.63717 4.64996 4.66183 4.67285 4.68309 4.69259 4.7014 4.70959 4.71718 4.72423 4.73077 4.73684 4.7425 4.74779 4.7527 4.75725 4.76147 4.76538 4.76901 4.77238 4.7755 4.7784 4.78108 4.78357 4.78588 4.78802 4.79001 4.79185 4.79356 4.79514 4.79661 4.79797 4.79923 4.8004 4.80148 4.80249 4.80342 4.80428 4.80508 4.80582 4.80651 4.80715 4.80808
 0 0.000652342 0.00139412 0.00465651 0.0128618 0.0297043 0.0590456 0.103618 0.164025 0.238455 0.323128 0.413171 0.50356 0.589872 0.66873 0.73799 0.796695 0.844893 0.883361 0.913319 0.936168 0.953297 0.965963 0.975233 0.981967 0.986837 0.990351 0.992885 0.994718 0.996046 0.997014 0.997724 0.998247 0.998636 0.998927 0.999147 0.999315 0.999443 0.999543 0.999621 0.999683 0.999732 0.999771 0.999802 0.999828 0.999849 0.999867 0.999881 0.999894 0.999904 0.999913 0.99992 0.999926 0.999932 0.999937 0.999941 0.999944 0.999948 0.99995 0.999953 0.999955 0.999957 0.999959 0.99996 0.999962 0.999963 0.999964 0.999965 0.999966 0.999967 0.999967 0.999968 0.999968 0.999969 0.999969 0.999969 0.99997 0.99997 0.99997 0.999971 0.999971 0.999971 0.999971 0.999971 0.999972 0.999972 0.999972 0.999972 0.999972 0.999972 0.999972 0.999972 0.999973 0.999973 0.999973 0.999973 0.999973 0.999973 0.999973 0.999973 0.999973
 #wt and selex for gender,fleet: 1 6 6_OR_REC
 0.00896707 0.0091172 0.0350886 0.0852443 0.156146 0.243629 0.342442 0.448146 0.557913 0.671506 0.791116 0.919378 1.05738 1.20413 1.35724 1.51395 1.67181 1.82889 1.98377 2.13539 2.28299 2.42597 2.56392 2.69654 2.82361 2.94503 3.06075 3.17077 3.27516 3.37402 3.46747 3.55567 3.6388 3.71705 3.79061 3.85968 3.92448 3.98521 4.04208 4.0953 4.14505 4.19154 4.23496 4.27548 4.31328 4.34853 4.38137 4.41197 4.44047 4.46699 4.49168 4.51465 4.53601 4.55587 4.57434 4.5915 4.60745 4.62227 4.63604 4.64882 4.66069 4.67172 4.68195 4.69146 4.70027 4.70846 4.71606 4.7231 4.72964 4.73571 4.74138 4.74666 4.75157 4.75612 4.76034 4.76425 4.76788 4.77124 4.77437 4.77726 4.77995 4.78244 4.78474 4.78688 4.78887 4.79071 4.79242 4.794 4.79546 4.79682 4.79809 4.79925 4.80034 4.80134 4.80227 4.80314 4.80394 4.80468 4.80537 4.80601 4.80694
 0 1.92543e-05 9.7032e-05 0.00144171 0.0109906 0.0485492 0.140784 0.296105 0.488186 0.671547 0.812436 0.903112 0.953841 0.97931 0.99108 0.996176 0.998254 0.999036 0.99928 0.999303 0.999238 0.999138 0.999023 0.998904 0.998784 0.998667 0.998552 0.998441 0.998335 0.998233 0.998135 0.998042 0.997954 0.99787 0.997791 0.997717 0.997646 0.99758 0.997518 0.99746 0.997405 0.997354 0.997306 0.997261 0.997219 0.99718 0.997143 0.997109 0.997077 0.997047 0.99702 0.996994 0.99697 0.996948 0.996927 0.996908 0.99689 0.996873 0.996858 0.996844 0.99683 0.996818 0.996806 0.996795 0.996786 0.996776 0.996768 0.99676 0.996752 0.996746 0.996739 0.996733 0.996728 0.996722 0.996718 0.996713 0.996709 0.996705 0.996702 0.996699 0.996695 0.996693 0.99669 0.996688 0.996685 0.996683 0.996681 0.99668 0.996678 0.996676 0.996675 0.996674 0.996672 0.996671 0.99667 0.996669 0.996668 0.996667 0.996667 0.996666 0.996665
 #wt and selex for gender,fleet: 1 7 7_WA_REC
 0.00896707 0.00911718 0.0352609 0.087247 0.162876 0.258731 0.369614 0.490614 0.617702 0.747849 0.879097 1.01073 1.14328 1.27794 1.41586 1.55748 1.70238 1.84943 1.99712 2.14389 2.28835 2.42939 2.56616 2.69807 2.82474 2.94594 3.06153 3.1715 3.27586 3.37471 3.46817 3.55639 3.63954 3.7178 3.79138 3.86047 3.92529 3.98604 4.04292 4.09615 4.14592 4.19243 4.23586 4.27639 4.3142 4.34946 4.38231 4.41292 4.44142 4.46796 4.49265 4.51562 4.53699 4.55686 4.57533 4.5925 4.60846 4.62328 4.63705 4.64984 4.66171 4.67274 4.68298 4.69248 4.7013 4.70949 4.71709 4.72414 4.73068 4.73675 4.74242 4.74771 4.75261 4.75716 4.76139 4.7653 4.76893 4.7723 4.77542 4.77832 4.78101 4.7835 4.78581 4.78795 4.78993 4.79177 4.79348 4.79506 4.79653 4.79789 4.79915 4.80032 4.80141 4.80241 4.80334 4.80421 4.80501 4.80575 4.80644 4.80708 4.80801
 0 1.8107e-06 9.16013e-06 0.000148893 0.00134864 0.00743275 0.0275695 0.0748665 0.159206 0.279498 0.422198 0.567174 0.696278 0.799113 0.873742 0.923928 0.955676 0.97482 0.98595 0.992249 0.995748 0.997669 0.998718 0.99929 0.999602 0.999775 0.99987 0.999924 0.999955 0.999972 0.999983 0.999989 0.999993 0.999995 0.999997 0.999998 0.999998 0.999999 0.999999 0.999999 0.999999 0.999999 0.999999 0.999999 0.999999 0.999999 0.999999 0.999999 0.999999 0.999999 0.999999 0.999999 0.999999 0.999999 0.999999 0.999999 0.999999 0.999999 0.999999 0.999999 0.999999 0.999999 0.999999 0.999999 0.999999 0.999999 0.999999 0.999999 0.999999 0.999999 0.999999 0.999999 0.999999 0.999999 0.999999 0.999999 0.999999 0.999999 0.999999 0.999999 0.999999 0.999999 0.999999 0.999999 0.999999 0.999999 0.999999 0.999999 0.999999 0.999999 0.999999 0.999999 0.999999 0.999999 0.999999 0.999999 0.999999 0.999999 0.999999 0.999999 0.999999
# Sex ratio correction
1
# M and current age-structure in year Yinit: 2011
 # gender = 1
 0.0439034 0.0439034 0.0439034 0.0439034 0.0439034 0.0439034 0.0439034 0.0439034 0.0439034 0.0439034 0.0439034 0.0439034 0.0439034 0.0439034 0.0439034 0.0439034 0.0439034 0.0439034 0.0439034 0.0439034 0.0439034 0.0439034 0.0439034 0.0439034 0.0439034 0.0439034 0.0439034 0.0439034 0.0439034 0.0439034 0.0439034 0.0439034 0.0439034 0.0439034 0.0439034 0.0439034 0.0439034 0.0439034 0.0439034 0.0439034 0.0439034 0.0439034 0.0439034 0.0439034 0.0439034 0.0439034 0.0439034 0.0439034 0.0439034 0.0439034 0.0439034 0.0439034 0.0439034 0.0439034 0.0439034 0.0439034 0.0439034 0.0439034 0.0439034 0.0439034 0.0439034 0.0439034 0.0439034 0.0439034 0.0439034 0.0439034 0.0439034 0.0439034 0.0439034 0.0439034 0.0439034 0.0439034 0.0439034 0.0439034 0.0439034 0.0439034 0.0439034 0.0439034 0.0439034 0.0439034 0.0439034 0.0439034 0.0439034 0.0439034 0.0439034 0.0439034 0.0439034 0.0439034 0.0439034 0.0439034 0.0439034 0.0439034 0.0439034 0.0439034 0.0439034 0.0439034 0.0439034 0.0439034 0.0439034 0.0439034 0.0439034
 228.105 277.489 280.963 343.943 199.449 181.257 104.86 65.0917 91.1637 214.713 63.0933 50.3906 88.1348 54.9523 34.097 26.9989 26.7976 52.3621 58.3622 26.8401 20.9516 21.5222 22.2407 22.7645 24.0983 24.4463 29.3812 40.0369 23.2317 23.8548 17.3901 13.1961 9.77843 6.86385 8.00429 7.3229 7.5005 4.64136 3.77855 4.45773 6.97681 4.31761 3.23959 2.7458 2.13847 1.80903 1.43393 1.17132 1.09955 1.16155 1.27512 1.29997 1.17488 1.01677 0.897283 0.821636 0.784734 0.783031 0.815969 0.886267 0.993622 1.11809 1.19356 1.14196 0.99913 0.854337 0.74093 0.658553 0.59947 0.555865 0.522649 0.496497 0.475365 0.457737 0.442128 0.427283 0.412279 0.396817 0.381065 0.365528 0.350735 0.337082 0.324667 0.31345 0.303116 0.293241 0.283735 0.274363 0.264947 0.255404 0.245716 0.235907 0.226051 0.216268 0.206584 0.197131 0.187988 0.179202 0.170803 0.162804 3.48382
# Age-structure at Ydeclare= 2013
 483.422 204.038 208.929 254.159 257.333 314.987 182.616 165.882 95.8926 59.4624 83.1781 195.665 57.4324 45.8274 80.0966 49.9141 30.9593 24.5079 24.3208 47.5167 52.957 24.3528 19.0092 19.5263 20.1776 20.6522 21.8617 22.1766 26.6524 36.3171 21.0724 21.6366 15.7724 11.968 8.86806 6.22461 7.25863 6.64055 6.80143 4.20869 3.42624 4.04202 6.32606 3.91484 2.93733 2.48958 1.93891 1.64019 1.30009 1.06198 0.996903 1.05312 1.15607 1.17861 1.06519 0.921841 0.813507 0.744923 0.711466 0.70992 0.739783 0.803517 0.900847 1.01369 1.08212 1.03533 0.905838 0.774565 0.671747 0.597061 0.543494 0.503961 0.473847 0.450136 0.430978 0.414995 0.400844 0.387385 0.373782 0.359763 0.345482 0.331396 0.317985 0.305606 0.294351 0.284181 0.274812 0.265859 0.257241 0.248744 0.240207 0.231555 0.222772 0.213879 0.204943 0.196074 0.187294 0.178724 0.170434 0.162469 3.46098
# Year for Tmin Age-structure (set to Ydecl by SS)
2013
#  recruitment and biomass
# Number of historical assessment years
137
# Historical data
# year recruitment spawner in B0 in R project in R/S project
1888  1889 1890 1891 1892 1893 1894 1895 1896 1897 1898 1899 1900 1901 1902 1903 1904 1905 1906 1907 1908 1909 1910 1911 1912 1913 1914 1915 1916 1917 1918 1919 1920 1921 1922 1923 1924 1925 1926 1927 1928 1929 1930 1931 1932 1933 1934 1935 1936 1937 1938 1939 1940 1941 1942 1943 1944 1945 1946 1947 1948 1949 1950 1951 1952 1953 1954 1955 1956 1957 1958 1959 1960 1961 1962 1963 1964 1965 1966 1967 1968 1969 1970 1971 1972 1973 1974 1975 1976 1977 1978 1979 1980 1981 1982 1983 1984 1985 1986 1987 1988 1989 1990 1991 1992 1993 1994 1995 1996 1997 1998 1999 2000 2001 2002 2003 2004 2005 2006 2007 2008 2009 2010 2011 2012 2013 2014 2015 2016 2017 2018 2019 2020 2021 2022 2023 2024 #years (with first value representing R0)
222.345 226.989 227.153 227.324 227.501 227.675 227.856 228.044 228.246 228.457 228.677 228.906 229.146 229.398 229.661 229.934 230.223 230.53 230.855 231.209 231.589 231.996 232.431 232.888 233.365 233.843 234.297 234.685 234.956 235.05 234.882 234.336 233.422 232.06 230.226 227.945 225.272 222.306 219.201 216.128 213.129 210.455 208.236 206.415 204.852 203.27 201.378 198.957 196.003 192.737 189.615 187.149 185.832 186.064 188.321 193.367 202.325 216.851 238.223 265.42 288.979 287.667 256.601 217.096 184.314 161.495 147.462 140.592 140.009 145.385 156.593 171.91 180.612 168.091 145.139 130.061 130.934 151.104 179.182 198.329 237.309 259.341 317.872 468.416 270.409 205.075 223.169 316.434 268.556 252.895 185.213 223.504 253.567 279.049 317.792 255.768 363.721 220.543 152.443 125.919 100.807 84.5961 71.4282 61.6758 71.2603 141.955 118.257 56.7587 54.0092 64.6874 99.1301 151.384 82.4945 98.5219 320.049 129.812 88.6042 136.522 225.785 237.749 392.368 306.75 289.943 228.105 213.196 483.422 226.012 310.137 206.494 99.2546 97.1308 110.797 112.606 150.172 168.506 173.375 184.23  #recruits; first value is R0 (virgin)
1127.71  1127.71 1127.71 1127.69 1127.67 1127.2 1126.74 1126.27 1126.12 1126.05 1125.97 1125.91 1125.85 1125.81 1125.8 1125.83 1125.91 1126.02 1126.18 1126.39 1126.64 1126.8 1127.11 1127.45 1127.81 1128.19 1128.6 1129.02 1129.38 1129.84 1130.15 1128.42 1128.3 1128.32 1128.43 1128.84 1129.21 1129.05 1128.56 1127.29 1125.32 1123.48 1122.12 1120.44 1119.81 1119.34 1118.88 1117.87 1116.81 1114.74 1112.88 1110.64 1108.94 1106 1101.44 1096.41 1086.76 1076.31 1060.5 1045.82 1038.79 1030.67 1024.21 1016.97 1008.03 1000.13 994.01 986.715 979.849 973.026 965.23 958.312 952.722 948.526 946.362 943.58 942.303 942.176 932.121 928.861 923.574 917.73 902.578 891.977 878.127 861.05 842.566 822.278 802.358 779.655 757.316 722.38 685.733 657.956 622.695 565.612 517.136 489.055 451.843 422.155 394.514 370.989 341.328 320.133 285.205 253.853 223.972 208.351 192.758 175.745 155.78 149.528 138.885 140.086 140.609 146.29 152.15 158.207 164.248 170.592 176.43 182.638 188.814 195.743 203.004 210.616 219.156 228.674 238.702 250.008 261.559 274.776 289.303 306.184 324.607 343.341 362.858 #spbio; first value is SSB_virgin (virgin)
1 0 0 0 0 0 0 0 0 0 0 0 0 0 0 0 0 0 0 0 0 0 0 0 0 0 0 0 0 0 0 0 0 0 0 0 0 0 0 0 0 0 0 0 0 0 0 0 0 0 0 0 0 0 0 0 0 0 0 0 0 0 0 0 0 0 0 0 0 0 0 0 0 0 0 0 0 0 0 0 0 0 0 0 0 0 0 0 0 0 0 0 0 0 0 0 0 0 0 0 0 0 0 0 0 0 0 0 0 0 0 0 0 0 0 0 0 0 0 0 0 0 0 0 0 0 0 0 0 0 0 0 0 0 0 0 0  # in Bzero
0 1 1 1 1 1 1 1 1 1 1 1 1 1 1 1 1 1 1 1 1 1 1 1 1 1 1 1 1 1 1 1 1 1 1 1 1 1 1 1 1 1 1 1 1 1 1 1 1 1 1 1 1 1 1 1 1 1 1 1 1 1 1 1 1 1 1 1 1 1 1 1 1 1 1 1 1 1 1 1 1 1 1 1 1 1 1 1 1 1 1 1 1 1 1 1 1 1 1 1 1 1 1 1 1 1 1 1 1 1 1 1 1 1 1 1 1 1 1 1 1 1 1 1 1 1 1 1 1 1 1 1 1 1  0 0 0 # in R project
0 1 1 1 1 1 1 1 1 1 1 1 1 1 1 1 1 1 1 1 1 1 1 1 1 1 1 1 1 1 1 1 1 1 1 1 1 1 1 1 1 1 1 1 1 1 1 1 1 1 1 1 1 1 1 1 1 1 1 1 1 1 1 1 1 1 1 1 1 1 1 1 1 1 1 1 1 1 1 1 1 1 1 1 1 1 1 1 1 1 1 1 1 1 1 1 1 1 1 1 1 1 1 1 1 1 1 1 1 1 1 1 1 1 1 1 1 1 1 1 1 1 1 1 1 1 1 1 1 1 1 1 1 1  0 0 0 # in R/S project
# Number of years with pre-specified catches
0
# catches for years with pre-specified catches go next
# Number of future recruitments to override
-2
# Process for overiding (-1 for average otherwise index in data list)
# Which probability to product detailed results for (1=0.5; 2=0.6; etc.)
3
# Steepness sigma-R Auto-correlation
0.718 0.5 0
# Target SPR rate (FMSY Proxy); manually change to SPR_MSY if not using SPR_target
0.5
# Discount rate (for cumulative catch)
0.1
# Truncate the series when 0.4B0 is reached (1=Yes)
0
# Set F to FMSY once 0.4B0 is reached (1=Yes)
0
# Maximum possible F for projection (-1 to set to FMSY)
-1
# Defintion of recovery (1=now only;2=now or before)
2
# Projection type
4
# Definition of the 40-10 rule
10 40
# Sigma Assessment Error (Base, Year1, Slope, MaxSigma)
1.0 2025 0.075 2.0
# Pstar
0.45
# Constrain catches by the ABC (1=yes, 2=no)
2
# Implementation Error (0=no; 1=lognormal; 2=uniform)
0
#Parameters of Implementaion Error
1 0.3
# Calculate coefficients of variation (1=Yes)
0
# Number of replicates to use
10
# Random number seed
-99004
# File with multiple parameter vectors 
rebuild.SSO
# User-specific projection (1=Yes); Output replaced (1->9)
0  5
# Catches and Fs (Year; 1/2/3 (F or C or SPR); value); Final row is -1
2024 1 1
-1 -1 -1
# Fixed catch project (1=Yes); Output replaced (1->9); Approach (-1=Read in else 1-9)
0 2 -1
# (48a) Special catch options (1-Yes) [CUT_OFF, Emsy, distribution, MAXCAT, Add, replace_code]
0 0.18 1.00 1.00 0 6
# (48b) B1Target
150000
# Split of Fs
2011  0.0178443
 0
 0.420296
 0.0227106
 0.183056
 0.187192
 0.168901
-1  1 1 1 1 1 1 1 1 1 1 1 1
# Yrs to define T_target for projection type 4 (a.k.a. 5 pre-specified inputs)
2030 2031 2032 2033 2034 
# Year for probability of recovery
2034 2035 2036 2037 2038 2039 2040 2041
# Time varying weight-at-age (1=Yes;0=No)
0
# File with time series of weight-at-age data
none
# Use bisection (0) or linear interpolation (1)
1
# Target Depletion
0.4
# CV of implementation error
0
