#Title, #runnumber: 1 yelloweye_data.ss yelloweye_control.ss 5233.08 1115.1 426.736 StartTime: Thu Apr 24 14:41:12 2025
SSv3_default_rebuild.dat
# Number of sexes
1
# Age range to consider (minimum age; maximum age)
0 100
# Number of fleets
7
# First year of projection (Yinit)
2011
# First Year of rebuilding period (Ydecl)
2013
# Number of simulations
1000
# Maximum number of years
500
# Conduct projections with multiple starting values (0=No;else yes)
0
# Number of parameter vectors
1000
# Is the maximum age a plus-group (1=Yes;2=No)
1
# Generate future recruitments using historical recruitments (1)  historical recruits/spawner (2)  or a stock-recruitment (3)
3
# Constant fishing mortality (1) or constant Catch (2) projections
1
# Fishing mortality based on SPR (1) or actual rate (2)
1
# Pre-specify the year of recovery (or -1) to ignore
-1
# Fecundity-at-age
# 0 1 2 3 4 5 6 7 8 9 10 11 12 13 14 15 16 17 18 19 20 21 22 23 24 25 26 27 28 29 30 31 32 33 34 35 36 37 38 39 40 41 42 43 44 45 46 47 48 49 50 51 52 53 54 55 56 57 58 59 60 61 62 63 64 65 66 67 68 69 70 71 72 73 74 75 76 77 78 79 80 81 82 83 84 85 86 87 88 89 90 91 92 93 94 95 96 97 98 99 100 #runnumber: 1 yelloweye_data.ss yelloweye_control.ss 5233.08 1115.1 426.736
 0 0 2.06015e-08 3.02138e-07 3.03126e-06 2.28642e-05 0.000135391 0.000634663 0.00234452 0.00688097 0.0164597 0.0331822 0.0582628 0.0916751 0.132311 0.178431 0.228129 0.27968 0.331701 0.383194 0.433497 0.482215 0.529139 0.57418 0.617326 0.658602 0.698052 0.735731 0.771691 0.805986 0.838669 0.869787 0.89939 0.927525 0.954241 0.979584 1.0036 1.02635 1.04786 1.0682 1.08741 1.10554 1.12264 1.13875 1.15393 1.16821 1.18165 1.19428 1.20615 1.2173 1.22777 1.23759 1.24681 1.25545 1.26354 1.27113 1.27824 1.2849 1.29114 1.29698 1.30244 1.30755 1.31233 1.3168 1.32098 1.3249 1.32855 1.33197 1.33516 1.33815 1.34094 1.34361 1.34611 1.34844 1.35062 1.35266 1.35456 1.35634 1.358 1.35955 1.361 1.36235 1.36361 1.36478 1.36588 1.36691 1.36787 1.36876 1.36959 1.37037 1.3711 1.37178 1.37241 1.373 1.37355 1.37406 1.37454 1.37499 1.37541 1.3758 1.37639 #female fecundity; weighted by N in year Y_init across morphs and areas
# Age specific selectivity and weight adjusted for discard and discard mortality
 #wt and selex for gender,fleet: 1 1 1_CA_TWL
 0.00896916 0.0183632 0.0563353 0.114568 0.192739 0.287513 0.394927 0.511358 0.63383 0.760071 0.888509 1.01826 1.14902 1.28088 1.41407 1.54874 1.68483 1.82203 1.95977 2.09731 2.23386 2.36859 2.50076 2.62973 2.75497 2.87608 2.99277 3.10484 3.21218 3.31475 3.41255 3.50563 3.59408 3.67801 3.75753 3.8328 3.90397 3.97118 4.03461 4.09442 4.15076 4.20381 4.25373 4.30067 4.34478 4.38621 4.42512 4.46162 4.49587 4.52799 4.55809 4.5863 4.61273 4.63748 4.66065 4.68234 4.70264 4.72164 4.7394 4.75602 4.77156 4.78609 4.79967 4.81237 4.82423 4.83532 4.84568 4.85536 4.8644 4.87285 4.88082 4.88834 4.89536 4.90191 4.90803 4.91375 4.91909 4.92407 4.92872 4.93306 4.93712 4.9409 4.94443 4.94773 4.95081 4.95368 4.95636 4.95886 4.96119 4.96337 4.96541 4.9673 4.96907 4.97073 4.97227 4.97371 4.97505 4.9763 4.97747 4.97856 4.98022
 0 0.00049201 0.0020429 0.00764584 0.022167 0.0518466 0.101866 0.173915 0.265189 0.369164 0.477482 0.582034 0.676517 0.75716 0.822665 0.873643 0.911881 0.939673 0.959337 0.97294 0.982174 0.988347 0.992422 0.995088 0.996819 0.997939 0.998661 0.999126 0.999426 0.999621 0.999747 0.99983 0.999884 0.99992 0.999944 0.99996 0.999971 0.999979 0.999984 0.999988 0.99999 0.999992 0.999993 0.999994 0.999995 0.999995 0.999996 0.999996 0.999996 0.999996 0.999997 0.999997 0.999997 0.999997 0.999997 0.999997 0.999997 0.999997 0.999997 0.999997 0.999997 0.999997 0.999997 0.999997 0.999997 0.999997 0.999997 0.999997 0.999997 0.999997 0.999997 0.999997 0.999997 0.999997 0.999997 0.999997 0.999997 0.999997 0.999997 0.999997 0.999997 0.999997 0.999997 0.999997 0.999997 0.999997 0.999997 0.999997 0.999997 0.999997 0.999997 0.999997 0.999997 0.999997 0.999997 0.999997 0.999997 0.999997 0.999997 0.999997 0.999997
 #wt and selex for gender,fleet: 1 3 3_CA_REC
 0.00896916 0.0171921 0.0499798 0.101732 0.172067 0.25863 0.358328 0.468132 0.585402 0.708035 0.83457 0.964202 1.09663 1.23181 1.36966 1.50989 1.65195 1.79505 1.93826 2.08061 2.22119 2.35917 2.49387 2.62476 2.75143 2.87358 2.99101 3.10361 3.21132 3.31414 3.41212 3.50533 3.59387 3.67785 3.75742 3.83272 3.90391 3.97114 4.03458 4.09439 4.15075 4.2038 4.25372 4.30066 4.34477 4.38621 4.42511 4.46162 4.49587 4.52799 4.55809 4.5863 4.61273 4.63748 4.66065 4.68234 4.70264 4.72164 4.7394 4.75602 4.77156 4.78609 4.79967 4.81237 4.82423 4.83532 4.84568 4.85536 4.86441 4.87285 4.88082 4.88834 4.89536 4.90191 4.90804 4.91375 4.91909 4.92407 4.92872 4.93306 4.93712 4.9409 4.94443 4.94773 4.95081 4.95368 4.95636 4.95886 4.96119 4.96337 4.96541 4.9673 4.96907 4.97073 4.97227 4.97371 4.97505 4.9763 4.97747 4.97856 4.98022
 0 0.00531309 0.0145239 0.0366994 0.0776056 0.141019 0.226344 0.328451 0.439188 0.549579 0.651802 0.740464 0.813014 0.869395 0.911271 0.941173 0.961812 0.975649 0.984701 0.990502 0.994157 0.996429 0.997827 0.99868 0.999198 0.999511 0.999701 0.999816 0.999886 0.999929 0.999955 0.999971 0.999981 0.999988 0.999992 0.999994 0.999996 0.999997 0.999998 0.999998 0.999999 0.999999 0.999999 0.999999 0.999999 0.999999 0.999999 0.999999 0.999999 0.999999 0.999999 0.999999 0.999999 0.999999 0.999999 0.999999 0.999999 0.999999 0.999999 0.999999 0.999999 0.999999 0.999999 0.999999 0.999999 0.999999 0.999999 0.999999 0.999999 0.999999 0.999999 0.999999 0.999999 0.999999 0.999999 0.999999 0.999999 0.999999 0.999999 0.999999 0.999999 0.999999 0.999999 0.999999 0.999999 0.999999 0.999999 0.999999 0.999999 0.999999 0.999999 0.999999 0.999999 0.999999 0.999999 0.999999 0.999999 0.999999 0.999999 0.999999 0.999999
 #wt and selex for gender,fleet: 1 4 4_ORWA_TWL
 0.00896916 0.016512 0.0459487 0.0939546 0.160543 0.244201 0.342546 0.45296 0.572925 0.700177 0.832772 0.969118 1.10798 1.24847 1.38994 1.53195 1.67408 1.8159 1.95695 2.09669 2.23455 2.36997 2.50241 2.63138 2.75648 2.87739 2.99386 3.10573 3.21289 3.31531 3.41299 3.50597 3.59435 3.67821 3.75769 3.83293 3.90406 3.97126 4.03467 4.09446 4.1508 4.20385 4.25376 4.30069 4.3448 4.38623 4.42513 4.46163 4.49588 4.52799 4.5581 4.58631 4.61273 4.63748 4.66065 4.68235 4.70265 4.72164 4.73941 4.75602 4.77156 4.78609 4.79967 4.81237 4.82424 4.83532 4.84568 4.85536 4.86441 4.87285 4.88082 4.88834 4.89536 4.90191 4.90803 4.91375 4.91909 4.92407 4.92872 4.93306 4.93712 4.9409 4.94443 4.94773 4.95081 4.95368 4.95636 4.95886 4.96119 4.96337 4.96541 4.9673 4.96907 4.97073 4.97227 4.97371 4.97505 4.9763 4.97747 4.97856 4.98022
 0 0.0141547 0.0297814 0.0585163 0.102365 0.161977 0.235688 0.319879 0.409809 0.500529 0.587602 0.667563 0.738122 0.798153 0.847552 0.886984 0.917607 0.940812 0.958019 0.97054 0.979505 0.985836 0.990259 0.99332 0.995425 0.996865 0.997848 0.998518 0.998974 0.999286 0.999499 0.999646 0.999748 0.999818 0.999868 0.999902 0.999927 0.999945 0.999958 0.999967 0.999974 0.999979 0.999983 0.999986 0.999988 0.999989 0.999991 0.999992 0.999992 0.999993 0.999994 0.999994 0.999994 0.999994 0.999995 0.999995 0.999995 0.999995 0.999995 0.999995 0.999995 0.999995 0.999995 0.999995 0.999995 0.999995 0.999995 0.999995 0.999995 0.999995 0.999995 0.999995 0.999995 0.999995 0.999995 0.999995 0.999995 0.999995 0.999995 0.999995 0.999995 0.999995 0.999995 0.999995 0.999995 0.999995 0.999995 0.999995 0.999995 0.999995 0.999995 0.999995 0.999995 0.999995 0.999995 0.999995 0.999995 0.999995 0.999995 0.999995 0.999995
 #wt and selex for gender,fleet: 1 5 5_ORWA_NONTWL
 0.00896916 0.0174106 0.0515357 0.105801 0.180309 0.272811 0.380092 0.498867 0.626166 0.759465 0.8967 1.03623 1.1768 1.31749 1.45769 1.597 1.7352 1.87211 2.00758 2.1414 2.27331 2.40302 2.53017 2.65439 2.77535 2.89273 3.00623 3.11566 3.22083 3.32164 3.41803 3.51 3.59756 3.68079 3.75977 3.8346 3.90543 3.97237 4.03558 4.09522 4.15143 4.20437 4.2542 4.30107 4.34512 4.38651 4.42537 4.46185 4.49607 4.52816 4.55824 4.58644 4.61285 4.63759 4.66075 4.68244 4.70273 4.72172 4.73948 4.75609 4.77163 4.78615 4.79973 4.81242 4.82429 4.83537 4.84573 4.85541 4.86445 4.87289 4.88086 4.88838 4.8954 4.90195 4.90807 4.91379 4.91912 4.92411 4.92876 4.9331 4.93715 4.94094 4.94447 4.94776 4.95084 4.95371 4.95639 4.95889 4.96123 4.96341 4.96544 4.96734 4.96911 4.97076 4.9723 4.97374 4.97508 4.97633 4.9775 4.97859 4.98025
 0 0.00117886 0.00352555 0.00994095 0.023514 0.047753 0.0854194 0.137595 0.203311 0.279789 0.36308 0.448827 0.53293 0.612012 0.683662 0.746478 0.799964 0.844347 0.880346 0.908972 0.931346 0.948579 0.961689 0.971561 0.978935 0.984409 0.988453 0.991433 0.993625 0.995237 0.996424 0.9973 0.997949 0.99843 0.99879 0.99906 0.999263 0.999418 0.999536 0.999627 0.999697 0.999752 0.999795 0.99983 0.999857 0.999879 0.999896 0.999911 0.999923 0.999932 0.99994 0.999947 0.999953 0.999958 0.999962 0.999965 0.999968 0.999971 0.999973 0.999975 0.999977 0.999978 0.999979 0.999981 0.999982 0.999983 0.999983 0.999984 0.999985 0.999985 0.999986 0.999986 0.999986 0.999987 0.999987 0.999987 0.999987 0.999987 0.999988 0.999988 0.999988 0.999988 0.999988 0.999988 0.999988 0.999988 0.999988 0.999989 0.999989 0.999989 0.999989 0.999989 0.999989 0.999989 0.999989 0.999989 0.999989 0.999989 0.999989 0.999989 0.999989
 #wt and selex for gender,fleet: 1 6 6_OR_REC
 0.00896917 0.0231293 0.0727106 0.140655 0.224338 0.317392 0.414903 0.51412 0.614719 0.718301 0.827204 0.943377 1.06773 1.2 1.33895 1.48281 1.62963 1.77759 1.92514 2.07105 2.21435 2.35433 2.49043 2.62228 2.74958 2.87213 2.98981 3.10256 3.21036 3.31324 3.41124 3.50445 3.59298 3.67696 3.75651 3.8318 3.90297 3.97018 4.03361 4.09341 4.14975 4.20279 4.2527 4.29962 4.34373 4.38515 4.42405 4.46055 4.49479 4.5269 4.557 4.5852 4.61162 4.63637 4.65954 4.68122 4.70152 4.72051 4.73827 4.75489 4.77043 4.78495 4.79853 4.81123 4.82309 4.83417 4.84453 4.85421 4.86325 4.8717 4.87966 4.88718 4.89419 4.90074 4.90686 4.91258 4.91791 4.92289 4.92754 4.93188 4.93593 4.93971 4.94324 4.94654 4.94961 4.95248 4.95516 4.95766 4.96 4.96217 4.96421 4.9661 4.96787 4.96952 4.97106 4.9725 4.97384 4.9751 4.97626 4.97735 4.97901
 0 3.64027e-05 0.000531604 0.00476097 0.0238897 0.0770292 0.178287 0.322187 0.48458 0.637379 0.762003 0.852859 0.913493 0.951211 0.973381 0.985816 0.992519 0.996 0.997737 0.998558 0.998908 0.999022 0.999017 0.998955 0.998866 0.998764 0.998659 0.998552 0.998448 0.998345 0.998247 0.998151 0.99806 0.997973 0.997889 0.99781 0.997735 0.997663 0.997595 0.997531 0.99747 0.997412 0.997358 0.997307 0.997259 0.997214 0.997171 0.997131 0.997093 0.997058 0.997025 0.996994 0.996964 0.996937 0.996911 0.996887 0.996865 0.996844 0.996824 0.996806 0.996788 0.996772 0.996757 0.996743 0.99673 0.996717 0.996706 0.996695 0.996685 0.996676 0.996667 0.996658 0.99665 0.996643 0.996636 0.99663 0.996624 0.996618 0.996613 0.996608 0.996603 0.996599 0.996595 0.996592 0.996588 0.996585 0.996582 0.996579 0.996576 0.996574 0.996572 0.99657 0.996568 0.996566 0.996564 0.996562 0.996561 0.996559 0.996558 0.996557 0.996555
 #wt and selex for gender,fleet: 1 7 7_WA_REC
 0.00896917 0.0238342 0.0764481 0.151008 0.245442 0.352906 0.467523 0.585078 0.702946 0.819943 0.936165 1.05261 1.17067 1.29165 1.41641 1.54527 1.67791 1.81356 1.95111 2.08933 2.22697 2.36294 2.4963 2.62631 2.7524 2.87419 2.99139 3.10384 3.21146 3.31423 3.41218 3.50537 3.59389 3.67787 3.75743 3.83273 3.90391 3.97114 4.03458 4.09439 4.15075 4.2038 4.25372 4.30066 4.34477 4.38621 4.42511 4.46162 4.49587 4.52799 4.55809 4.5863 4.61273 4.63748 4.66065 4.68234 4.70264 4.72164 4.7394 4.75602 4.77156 4.78609 4.79967 4.81237 4.82423 4.83532 4.84568 4.85536 4.86441 4.87285 4.88082 4.88834 4.89536 4.90191 4.90804 4.91375 4.91909 4.92407 4.92872 4.93306 4.93712 4.9409 4.94443 4.94773 4.95081 4.95368 4.95636 4.95886 4.96119 4.96337 4.96541 4.9673 4.96907 4.97073 4.97227 4.97371 4.97505 4.9763 4.97747 4.97856 4.98022
 0 2.69523e-06 4.85761e-05 0.000557832 0.00364362 0.0152589 0.0453574 0.103634 0.193395 0.308674 0.436585 0.562631 0.675381 0.768551 0.840688 0.893622 0.930779 0.955922 0.972428 0.982999 0.989632 0.993729 0.996227 0.997737 0.998643 0.999185 0.999509 0.999703 0.999818 0.999888 0.99993 0.999956 0.999972 0.999982 0.999988 0.999992 0.999994 0.999996 0.999997 0.999998 0.999998 0.999999 0.999999 0.999999 0.999999 0.999999 0.999999 0.999999 0.999999 0.999999 0.999999 0.999999 0.999999 0.999999 0.999999 0.999999 0.999999 0.999999 0.999999 0.999999 0.999999 0.999999 0.999999 0.999999 0.999999 0.999999 0.999999 0.999999 0.999999 0.999999 0.999999 0.999999 0.999999 0.999999 0.999999 0.999999 0.999999 0.999999 0.999999 0.999999 0.999999 0.999999 0.999999 0.999999 0.999999 0.999999 0.999999 0.999999 0.999999 0.999999 0.999999 0.999999 0.999999 0.999999 0.999999 0.999999 0.999999 0.999999 0.999999 0.999999 0.999999
# Sex ratio correction
1
# M and current age-structure in year Yinit: 2011
 # gender = 1
 0.0439034 0.0439034 0.0439034 0.0439034 0.0439034 0.0439034 0.0439034 0.0439034 0.0439034 0.0439034 0.0439034 0.0439034 0.0439034 0.0439034 0.0439034 0.0439034 0.0439034 0.0439034 0.0439034 0.0439034 0.0439034 0.0439034 0.0439034 0.0439034 0.0439034 0.0439034 0.0439034 0.0439034 0.0439034 0.0439034 0.0439034 0.0439034 0.0439034 0.0439034 0.0439034 0.0439034 0.0439034 0.0439034 0.0439034 0.0439034 0.0439034 0.0439034 0.0439034 0.0439034 0.0439034 0.0439034 0.0439034 0.0439034 0.0439034 0.0439034 0.0439034 0.0439034 0.0439034 0.0439034 0.0439034 0.0439034 0.0439034 0.0439034 0.0439034 0.0439034 0.0439034 0.0439034 0.0439034 0.0439034 0.0439034 0.0439034 0.0439034 0.0439034 0.0439034 0.0439034 0.0439034 0.0439034 0.0439034 0.0439034 0.0439034 0.0439034 0.0439034 0.0439034 0.0439034 0.0439034 0.0439034 0.0439034 0.0439034 0.0439034 0.0439034 0.0439034 0.0439034 0.0439034 0.0439034 0.0439034 0.0439034 0.0439034 0.0439034 0.0439034 0.0439034 0.0439034 0.0439034 0.0439034 0.0439034 0.0439034 0.0439034
 253.339 378.995 241.59 367.822 222.507 143.506 96.4735 70.0018 128.582 309.352 73.6136 53.7119 94.215 63.4178 34.1264 28.606 30.6384 71.5216 74.5386 29.8058 23.2564 23.9989 25.3048 25.9612 27.7195 29.636 37.3991 38.4972 24.9231 30.7724 21.3373 15.4347 10.7536 8.37778 9.76409 10.0531 9.03357 5.11787 4.77216 6.04362 8.66734 5.06589 3.97704 3.18865 2.47541 2.02792 1.58809 1.31403 1.24939 1.32896 1.46031 1.49236 1.36417 1.193 1.05536 0.962826 0.914402 0.90836 0.944606 1.02552 1.14896 1.28919 1.36942 1.3065 1.14356 0.978423 0.848412 0.75365 0.685645 0.635552 0.597505 0.567629 0.543547 0.523524 0.505872 0.489135 0.472199 0.454645 0.436615 0.418685 0.401505 0.38559 0.371112 0.358059 0.346179 0.335076 0.324195 0.313517 0.302827 0.29202 0.281069 0.269996 0.258875 0.24784 0.236915 0.226244 0.215915 0.20598 0.196468 0.187396 4.04113
# Age-structure at Ydeclare= 2013
 150.185 134.082 232.041 347.127 221.266 336.84 203.717 131.333 88.2359 63.9747 117.41 282.233 67.1084 48.9334 85.7884 57.7228 31.0529 26.0243 27.8694 65.0515 67.7914 27.1067 21.1499 21.8247 23.0119 23.6085 25.2072 26.9497 34.0086 35.0066 22.6628 27.9811 19.4015 14.0342 9.77767 7.61733 8.87767 9.14027 8.21325 4.65306 4.3387 5.4946 7.87988 4.60559 3.61563 2.89886 2.25043 1.84359 1.44373 1.19458 1.13581 1.20814 1.32755 1.35668 1.24014 1.08453 0.959405 0.875283 0.831262 0.825768 0.858718 0.932276 1.04449 1.17197 1.24491 1.18771 1.03958 0.889459 0.771269 0.685123 0.623302 0.577763 0.543176 0.516016 0.494124 0.475922 0.459874 0.444659 0.429263 0.413305 0.396915 0.380615 0.364997 0.35053 0.337368 0.325502 0.314702 0.304609 0.294717 0.28501 0.275292 0.265468 0.255513 0.245446 0.235337 0.225305 0.215373 0.205673 0.196283 0.187252 4.02266
# Year for Tmin Age-structure (set to Ydecl by SS)
2013
#  recruitment and biomass
# Number of historical assessment years
137
# Historical data
# year recruitment spawner in B0 in R project in R/S project
1888  1889 1890 1891 1892 1893 1894 1895 1896 1897 1898 1899 1900 1901 1902 1903 1904 1905 1906 1907 1908 1909 1910 1911 1912 1913 1914 1915 1916 1917 1918 1919 1920 1921 1922 1923 1924 1925 1926 1927 1928 1929 1930 1931 1932 1933 1934 1935 1936 1937 1938 1939 1940 1941 1942 1943 1944 1945 1946 1947 1948 1949 1950 1951 1952 1953 1954 1955 1956 1957 1958 1959 1960 1961 1962 1963 1964 1965 1966 1967 1968 1969 1970 1971 1972 1973 1974 1975 1976 1977 1978 1979 1980 1981 1982 1983 1984 1985 1986 1987 1988 1989 1990 1991 1992 1993 1994 1995 1996 1997 1998 1999 2000 2001 2002 2003 2004 2005 2006 2007 2008 2009 2010 2011 2012 2013 2014 2015 2016 2017 2018 2019 2020 2021 2022 2023 2024 #years (with first value representing R0)
219.92 223.289 223.408 223.532 223.66 223.784 223.913 224.047 224.192 224.344 224.503 224.668 224.84 225.02 225.207 225.398 225.6 225.815 226.041 226.292 226.561 226.848 227.153 227.469 227.796 228.116 228.406 228.623 228.723 228.647 228.317 227.622 226.574 225.1 223.183 220.85 218.157 215.203 212.138 208.969 206.011 203.433 201.296 199.525 197.968 196.345 194.376 191.872 188.865 185.597 182.519 180.11 178.822 179.024 181.174 186.018 194.645 208.625 229.095 254.962 277.348 276.759 248.013 210.373 178.688 156.604 143.262 137.165 137.329 143.074 153.651 166.808 173.097 160.485 138.173 122.659 121.51 137.875 164.681 187.161 223.268 256.316 298.53 463.665 291.327 205.753 195.941 304.958 297.159 250.933 185.824 204.317 249.356 291.185 352.833 239.32 309.371 252.104 168.569 134.19 108.147 91.8567 76.9766 66.8447 77.8537 179.264 160.179 64.4589 56.9001 64.4376 113.968 161.375 87.7712 114.833 460.926 183.084 95.2974 125.618 178.776 265.246 419.615 263.764 396.005 253.339 140.1 150.185 109.113 126.285 142.791 147.976 166.812 170.922 175.076 179.384 183.688 186.044 187.913  #recruits; first value is R0 (virgin)
1115.1  1115.1 1115.09 1115.08 1115.05 1114.59 1114.13 1113.67 1113.51 1113.44 1113.36 1113.3 1113.23 1113.18 1113.14 1113.12 1113.12 1113.14 1113.19 1113.27 1113.36 1113.37 1113.5 1113.64 1113.81 1113.98 1114.16 1114.35 1114.48 1114.69 1114.75 1112.77 1112.38 1112.13 1111.95 1112.07 1112.12 1111.65 1110.83 1109.22 1106.91 1104.69 1102.95 1100.86 1099.8 1098.89 1097.97 1096.49 1094.97 1092.43 1090.1 1087.41 1085.28 1081.93 1076.97 1071.58 1061.58 1050.78 1034.62 1019.65 1012.35 1004.19 997.638 990.207 981.108 973.16 966.944 959.66 952.765 945.9 937.993 930.892 924.945 920.194 917.285 913.664 911.657 910.849 900.238 896.797 891.536 885.81 871.335 861.607 848.502 832.013 814.443 794.831 775.357 753.033 730.982 696.255 659.9 632.248 597.111 541.646 512.664 490.795 463.834 441.76 414.585 390.819 361.476 340.98 305.402 273.598 243.263 226.942 210.929 193.478 173.16 166.441 155.886 158.095 159.357 166.004 172.797 179.994 187.225 194.883 202.028 209.654 217.242 225.552 234.502 244.056 254.763 266.415 278.765 292.239 305.803 320.781 336.659 354.354 372.833 390.557 407.665 #spbio; first value is SSB_virgin (virgin)
1 0 0 0 0 0 0 0 0 0 0 0 0 0 0 0 0 0 0 0 0 0 0 0 0 0 0 0 0 0 0 0 0 0 0 0 0 0 0 0 0 0 0 0 0 0 0 0 0 0 0 0 0 0 0 0 0 0 0 0 0 0 0 0 0 0 0 0 0 0 0 0 0 0 0 0 0 0 0 0 0 0 0 0 0 0 0 0 0 0 0 0 0 0 0 0 0 0 0 0 0 0 0 0 0 0 0 0 0 0 0 0 0 0 0 0 0 0 0 0 0 0 0 0 0 0 0 0 0 0 0 0 0 0 0 0 0  # in Bzero
0 1 1 1 1 1 1 1 1 1 1 1 1 1 1 1 1 1 1 1 1 1 1 1 1 1 1 1 1 1 1 1 1 1 1 1 1 1 1 1 1 1 1 1 1 1 1 1 1 1 1 1 1 1 1 1 1 1 1 1 1 1 1 1 1 1 1 1 1 1 1 1 1 1 1 1 1 1 1 1 1 1 1 1 1 1 1 1 1 1 1 1 1 1 1 1 1 1 1 1 1 1 1 1 1 1 1 1 1 1 1 1 1 1 1 1 1 1 1 1 1 1 1 1 1 1 1 1 1 1 1 1 1 1  0 0 0 # in R project
0 1 1 1 1 1 1 1 1 1 1 1 1 1 1 1 1 1 1 1 1 1 1 1 1 1 1 1 1 1 1 1 1 1 1 1 1 1 1 1 1 1 1 1 1 1 1 1 1 1 1 1 1 1 1 1 1 1 1 1 1 1 1 1 1 1 1 1 1 1 1 1 1 1 1 1 1 1 1 1 1 1 1 1 1 1 1 1 1 1 1 1 1 1 1 1 1 1 1 1 1 1 1 1 1 1 1 1 1 1 1 1 1 1 1 1 1 1 1 1 1 1 1 1 1 1 1 1 1 1 1 1 1 1  0 0 0 # in R/S project
# Number of years with pre-specified catches
0
# catches for years with pre-specified catches go next
# Number of future recruitments to override
-2
# Process for overiding (-1 for average otherwise index in data list)
# Which probability to product detailed results for (1=0.5; 2=0.6; etc.)
3
# Steepness sigma-R Auto-correlation
0.718 0.5 0
# Target SPR rate (FMSY Proxy); manually change to SPR_MSY if not using SPR_target
0.5
# Discount rate (for cumulative catch)
0.1
# Truncate the series when 0.4B0 is reached (1=Yes)
0
# Set F to FMSY once 0.4B0 is reached (1=Yes)
0
# Maximum possible F for projection (-1 to set to FMSY)
-1
# Defintion of recovery (1=now only;2=now or before)
2
# Projection type
4
# Definition of the 40-10 rule
10 40
# Sigma Assessment Error (Base, Year1, Slope, MaxSigma)
1.0 2025 0.075 2.0
# Pstar
0.45
# Constrain catches by the ABC (1=yes, 2=no)
2
# Implementation Error (0=no; 1=lognormal; 2=uniform)
0
#Parameters of Implementaion Error
1 0.3
# Calculate coefficients of variation (1=Yes)
0
# Number of replicates to use
10
# Random number seed
-99004
# File with multiple parameter vectors 
rebuild.SSO
# User-specific projection (1=Yes); Output replaced (1->9)
0  5
# Catches and Fs (Year; 1/2/3 (F or C or SPR); value); Final row is -1
2024 1 1
-1 -1 -1
# Fixed catch project (1=Yes); Output replaced (1->9); Approach (-1=Read in else 1-9)
0 2 -1
# (48a) Special catch options (1-Yes) [CUT_OFF, Emsy, distribution, MAXCAT, Add, replace_code]
0 0.18 1.00 1.00 0 6
# (48b) B1Target
150000
# Split of Fs
2011  0.0171186
 0
 0.403544
 0.023988
 0.178644
 0.193329
 0.183376
-1  1 1 1 1 1 1 1 1 1 1 1 1
# Yrs to define T_target for projection type 4 (a.k.a. 5 pre-specified inputs)
2030 2031 2032 2033 2034 
# Year for probability of recovery
2034 2035 2036 2037 2038 2039 2040 2041
# Time varying weight-at-age (1=Yes;0=No)
0
# File with time series of weight-at-age data
none
# Use bisection (0) or linear interpolation (1)
1
# Target Depletion
0.4
# CV of implementation error
0
