#Title, #runnumber: 1 yelloweye_data.ss yelloweye_control.ss 5389.19 1078.02 273.793 StartTime: Mon Apr 14 22:58:46 2025
SSv3_default_rebuild.dat
# Number of sexes
1
# Age range to consider (minimum age; maximum age)
0 100
# Number of fleets
7
# First year of projection (Yinit)
2011
# First Year of rebuilding period (Ydecl)
2013
# Number of simulations
1000
# Maximum number of years
500
# Conduct projections with multiple starting values (0=No;else yes)
0
# Number of parameter vectors
1000
# Is the maximum age a plus-group (1=Yes;2=No)
1
# Generate future recruitments using historical recruitments (1)  historical recruits/spawner (2)  or a stock-recruitment (3)
3
# Constant fishing mortality (1) or constant Catch (2) projections
1
# Fishing mortality based on SPR (1) or actual rate (2)
1
# Pre-specify the year of recovery (or -1) to ignore
-1
# Fecundity-at-age
# 0 1 2 3 4 5 6 7 8 9 10 11 12 13 14 15 16 17 18 19 20 21 22 23 24 25 26 27 28 29 30 31 32 33 34 35 36 37 38 39 40 41 42 43 44 45 46 47 48 49 50 51 52 53 54 55 56 57 58 59 60 61 62 63 64 65 66 67 68 69 70 71 72 73 74 75 76 77 78 79 80 81 82 83 84 85 86 87 88 89 90 91 92 93 94 95 96 97 98 99 100 #runnumber: 1 yelloweye_data.ss yelloweye_control.ss 5389.19 1078.02 273.793
 0 0 2.61874e-08 3.53581e-07 3.34349e-06 2.40908e-05 0.000137395 0.000624283 0.00225219 0.00651093 0.015463 0.0311387 0.054839 0.0867576 0.126044 0.171161 0.220308 0.271771 0.324114 0.376261 0.427471 0.477284 0.525446 0.571841 0.616439 0.659256 0.700333 0.73972 0.777466 0.813619 0.848223 0.881319 0.912948 0.943146 0.971953 0.999406 1.02554 1.05041 1.07403 1.09647 1.11775 1.13793 1.15704 1.17512 1.19223 1.2084 1.22367 1.23809 1.25169 1.26452 1.27661 1.288 1.29873 1.30883 1.31834 1.32728 1.33569 1.34359 1.35102 1.358 1.36456 1.37071 1.37649 1.38192 1.38701 1.39179 1.39628 1.40048 1.40443 1.40813 1.4116 1.41494 1.41807 1.421 1.42375 1.42633 1.42875 1.43101 1.43313 1.43512 1.43698 1.43872 1.44036 1.44189 1.44332 1.44466 1.44592 1.4471 1.4482 1.44923 1.4502 1.45111 1.45195 1.45275 1.45349 1.45419 1.45484 1.45545 1.45602 1.45655 1.45738 #female fecundity; weighted by N in year Y_init across morphs and areas
# Age specific selectivity and weight adjusted for discard and discard mortality
 #wt and selex for gender,fleet: 1 1 1_CA_TWL
 0.0107444 0.0209503 0.0597518 0.118162 0.195755 0.289449 0.395601 0.510869 0.632486 0.758306 0.88678 1.01693 1.14827 1.28074 1.41446 1.5496 1.6862 1.82412 1.96298 2.10222 2.24113 2.37896 2.51494 2.6484 2.77872 2.90542 3.02813 3.14656 3.26054 3.36995 3.47474 3.57491 3.67051 3.76161 3.84829 3.93068 4.00889 4.08307 4.15335 4.21989 4.28283 4.34232 4.39852 4.45157 4.50162 4.54882 4.5933 4.6352 4.67466 4.7118 4.74674 4.77961 4.81051 4.83956 4.86686 4.8925 4.91659 4.93921 4.96044 4.98037 4.99907 5.01662 5.03308 5.04852 5.063 5.07658 5.08931 5.10124 5.11243 5.12292 5.13284 5.14224 5.15104 5.15929 5.16702 5.17426 5.18104 5.1874 5.19335 5.19892 5.20414 5.20903 5.21361 5.2179 5.22191 5.22567 5.22919 5.23249 5.23558 5.23847 5.24117 5.2437 5.24607 5.2483 5.25037 5.25232 5.25414 5.25585 5.25744 5.25894 5.26126
 0 0.000669694 0.00254617 0.00858979 0.0231281 0.051438 0.097831 0.163846 0.247484 0.343703 0.445731 0.546604 0.640431 0.723133 0.79264 0.848637 0.892085 0.924688 0.94844 0.965297 0.976987 0.984932 0.99024 0.993732 0.996002 0.997462 0.998394 0.998985 0.999358 0.999593 0.999741 0.999834 0.999893 0.99993 0.999954 0.999969 0.999979 0.999986 0.99999 0.999992 0.999994 0.999995 0.999996 0.999997 0.999997 0.999997 0.999997 0.999998 0.999998 0.999998 0.999998 0.999998 0.999998 0.999998 0.999998 0.999998 0.999998 0.999998 0.999998 0.999998 0.999998 0.999998 0.999998 0.999998 0.999998 0.999998 0.999998 0.999998 0.999998 0.999997 0.999997 0.999997 0.999997 0.999997 0.999997 0.999997 0.999997 0.999997 0.999997 0.999997 0.999997 0.999997 0.999997 0.999997 0.999997 0.999997 0.999997 0.999997 0.999997 0.999997 0.999997 0.999997 0.999997 0.999997 0.999997 0.999997 0.999997 0.999997 0.999997 0.999997 0.999997
 #wt and selex for gender,fleet: 1 3 3_CA_REC
 0.0106725 0.0196241 0.0539465 0.106608 0.177108 0.263098 0.361621 0.469836 0.585304 0.706106 0.830926 0.959051 1.09025 1.22452 1.36189 1.50216 1.64488 1.78934 1.93466 2.07984 2.22395 2.3661 2.50553 2.64165 2.77396 2.90211 3.02586 3.14501 3.25949 3.36924 3.47426 3.57459 3.6703 3.76146 3.8482 3.93061 4.00885 4.08304 4.15333 4.21987 4.28282 4.34231 4.39851 4.45157 4.50162 4.54882 4.5933 4.6352 4.67466 4.7118 4.74674 4.77961 4.81051 4.83956 4.86686 4.8925 4.91659 4.93921 4.96044 4.98037 4.99907 5.01662 5.03308 5.04852 5.063 5.07658 5.08931 5.10125 5.11243 5.12292 5.13285 5.14224 5.15104 5.15929 5.16702 5.17426 5.18104 5.1874 5.19335 5.19892 5.20414 5.20903 5.21361 5.2179 5.22191 5.22567 5.22919 5.23249 5.23558 5.23847 5.24117 5.2437 5.24608 5.2483 5.25037 5.25232 5.25414 5.25585 5.25744 5.25894 5.26126
 0 0.00546461 0.0148471 0.0366795 0.0764085 0.137618 0.219938 0.318837 0.426894 0.535716 0.637742 0.727479 0.802006 0.860785 0.905043 0.937013 0.959265 0.974252 0.984054 0.9903 0.994191 0.996567 0.997993 0.998837 0.99933 0.999616 0.99978 0.999874 0.999928 0.999959 0.999976 0.999986 0.999992 0.999995 0.999997 0.999998 0.999999 0.999999 0.999999 0.999999 0.999999 0.999999 0.999999 0.999999 0.999999 0.999999 0.999999 0.999999 0.999999 0.999999 0.999999 0.999999 0.999999 0.999999 0.999999 0.999999 0.999999 0.999999 0.999999 0.999999 0.999999 0.999999 0.999999 0.999999 0.999999 0.999999 0.999999 0.999999 0.999999 0.999999 0.999999 0.999999 0.999999 0.999999 0.999999 0.999999 0.999999 0.999999 0.999999 0.999999 0.999999 0.999999 0.999999 0.999999 0.999999 0.999999 0.999999 0.999999 0.999999 0.999999 0.999999 0.999999 0.999999 0.999999 0.999999 0.999999 0.999999 0.999999 0.999999 0.999999 0.999999
 #wt and selex for gender,fleet: 1 4 4_ORWA_TWL
 0.0106082 0.0184294 0.0484485 0.0965602 0.162904 0.246231 0.344463 0.455238 0.576217 0.705241 0.840394 0.980017 1.1227 1.26724 1.41268 1.55822 1.70324 1.84725 1.98983 2.13064 2.26935 2.40567 2.53928 2.66991 2.79726 2.92108 3.04113 3.15721 3.26916 3.37687 3.48026 3.5793 3.67399 3.76436 3.85047 3.93241 4.01027 4.08417 4.15423 4.22059 4.2834 4.34278 4.3989 4.45188 4.50188 4.54903 4.59348 4.63535 4.67479 4.71191 4.74684 4.77969 4.81059 4.83963 4.86692 4.89255 4.91663 4.93925 4.96047 4.9804 4.9991 5.01664 5.0331 5.04854 5.06302 5.0766 5.08933 5.10126 5.11245 5.12294 5.13286 5.14225 5.15106 5.15931 5.16703 5.17427 5.18106 5.18741 5.19336 5.19893 5.20415 5.20904 5.21362 5.21791 5.22192 5.22568 5.2292 5.2325 5.23559 5.23848 5.24118 5.24372 5.24609 5.24831 5.25038 5.25233 5.25415 5.25586 5.25745 5.25895 5.26127
 0 0.0131164 0.0258506 0.0476323 0.0798481 0.123244 0.177343 0.240529 0.310373 0.384047 0.458706 0.531777 0.60114 0.665213 0.722956 0.773828 0.81772 0.85486 0.885726 0.910954 0.931259 0.947373 0.960001 0.969785 0.977289 0.982996 0.987304 0.990536 0.99295 0.994745 0.996078 0.997066 0.997798 0.99834 0.998743 0.999043 0.999267 0.999435 0.999561 0.999657 0.999729 0.999785 0.999828 0.999861 0.999886 0.999907 0.999922 0.999935 0.999945 0.999953 0.99996 0.999965 0.99997 0.999973 0.999976 0.999979 0.999981 0.999983 0.999984 0.999985 0.999987 0.999987 0.999988 0.999989 0.99999 0.99999 0.999991 0.999991 0.999991 0.999992 0.999992 0.999992 0.999992 0.999992 0.999992 0.999993 0.999993 0.999993 0.999993 0.999993 0.999993 0.999993 0.999993 0.999993 0.999993 0.999993 0.999993 0.999993 0.999993 0.999993 0.999993 0.999993 0.999993 0.999993 0.999993 0.999994 0.999994 0.999994 0.999994 0.999994 0.999994
 #wt and selex for gender,fleet: 1 5 5_ORWA_NONTWL
 0.0106795 0.0197727 0.0550334 0.109916 0.184478 0.276614 0.383339 0.501587 0.628569 0.761902 0.899619 1.04013 1.18217 1.32477 1.46719 1.60888 1.7495 1.88877 2.02652 2.16257 2.29675 2.42887 2.55869 2.68596 2.8104 2.93174 3.04971 3.16407 3.27462 3.38119 3.48368 3.582 3.67611 3.76604 3.8518 3.93345 4.0111 4.08483 4.15476 4.22102 4.28374 4.34307 4.39913 4.45207 4.50204 4.54916 4.59359 4.63545 4.67487 4.71198 4.7469 4.77975 4.81063 4.83967 4.86695 4.89259 4.91666 4.93927 4.9605 4.98042 4.99912 5.01666 5.03312 5.04856 5.06304 5.07661 5.08934 5.10128 5.11246 5.12295 5.13287 5.14227 5.15107 5.15932 5.16704 5.17428 5.18107 5.18742 5.19337 5.19894 5.20416 5.20905 5.21363 5.21792 5.22193 5.22569 5.22921 5.23251 5.2356 5.23849 5.24119 5.24372 5.2461 5.24832 5.25039 5.25234 5.25416 5.25587 5.25746 5.25896 5.26128
 0 0.00119625 0.00341364 0.0090668 0.0205855 0.0407428 0.0718577 0.115128 0.170301 0.235733 0.308743 0.386103 0.46451 0.540964 0.613018 0.678895 0.737507 0.788386 0.831581 0.86752 0.896882 0.920482 0.939177 0.953794 0.965096 0.97375 0.980322 0.985278 0.988997 0.991775 0.993844 0.995383 0.996527 0.997377 0.99801 0.998483 0.998836 0.999102 0.999302 0.999453 0.999569 0.999657 0.999726 0.999778 0.99982 0.999852 0.999878 0.999898 0.999914 0.999927 0.999938 0.999947 0.999954 0.99996 0.999965 0.999969 0.999972 0.999975 0.999977 0.99998 0.999981 0.999983 0.999984 0.999985 0.999987 0.999987 0.999988 0.999989 0.99999 0.99999 0.99999 0.999991 0.999991 0.999991 0.999991 0.999992 0.999992 0.999992 0.999992 0.999992 0.999992 0.999992 0.999993 0.999993 0.999993 0.999993 0.999993 0.999993 0.999993 0.999993 0.999993 0.999993 0.999993 0.999993 0.999993 0.999993 0.999993 0.999993 0.999993 0.999993 0.999994
 #wt and selex for gender,fleet: 1 6 6_OR_REC
 0.0111305 0.027119 0.0775637 0.145991 0.229499 0.322158 0.419387 0.51852 0.618991 0.72201 0.829655 0.943895 1.06594 1.19598 1.33322 1.4762 1.62313 1.7722 1.92178 2.07055 2.21742 2.36158 2.50242 2.63946 2.77237 2.9009 3.02486 3.14414 3.25868 3.36846 3.47349 3.57381 3.66951 3.76066 3.84738 3.92978 4.008 4.08217 4.15245 4.21898 4.28192 4.3414 4.39759 4.45063 4.50068 4.54787 4.59234 4.63424 4.67369 4.71083 4.74577 4.77863 4.80953 4.83857 4.86587 4.89151 4.91559 4.93821 4.95944 4.97936 4.99806 5.01561 5.03207 5.04751 5.06199 5.07556 5.08829 5.10023 5.11142 5.1219 5.13182 5.14121 5.15001 5.15826 5.16598 5.17322 5.18 5.18635 5.1923 5.19787 5.20309 5.20798 5.21255 5.21684 5.22085 5.22461 5.22813 5.23143 5.23451 5.2374 5.2401 5.24264 5.24501 5.24722 5.2493 5.25125 5.25307 5.25477 5.25637 5.25786 5.26018
 0 5.49636e-05 0.000686068 0.00527205 0.0240772 0.0736673 0.166445 0.299143 0.452567 0.60224 0.729679 0.826945 0.894883 0.939005 0.965967 0.98161 0.99028 0.994886 0.99723 0.998361 0.998863 0.999047 0.999074 0.999025 0.998941 0.998841 0.998734 0.998626 0.998519 0.998413 0.998311 0.998212 0.998116 0.998024 0.997936 0.997851 0.997771 0.997694 0.997621 0.997551 0.997485 0.997422 0.997362 0.997306 0.997253 0.997202 0.997155 0.99711 0.997067 0.997027 0.99699 0.996954 0.996921 0.99689 0.99686 0.996832 0.996806 0.996782 0.996758 0.996737 0.996716 0.996697 0.996679 0.996663 0.996647 0.996632 0.996618 0.996605 0.996593 0.996581 0.99657 0.99656 0.99655 0.996541 0.996533 0.996525 0.996518 0.996511 0.996504 0.996498 0.996492 0.996487 0.996482 0.996477 0.996473 0.996468 0.996465 0.996461 0.996458 0.996454 0.996451 0.996449 0.996446 0.996444 0.996441 0.996439 0.996437 0.996435 0.996433 0.996432 0.996429
 #wt and selex for gender,fleet: 1 7 7_WA_REC
 0.0110987 0.0268136 0.0787019 0.152246 0.24554 0.352597 0.468031 0.587789 0.709129 0.830441 0.951107 1.07133 1.19189 1.31377 1.43793 1.56503 1.69532 1.82862 1.96437 2.10171 2.23963 2.37708 2.51307 2.64672 2.77733 2.90432 3.02728 3.14593 3.26008 3.36961 3.4745 3.57475 3.6704 3.76153 3.84824 3.93064 4.00887 4.08305 4.15334 4.21988 4.28282 4.34232 4.39852 4.45157 4.50162 4.54882 4.5933 4.6352 4.67466 4.7118 4.74674 4.77961 4.81051 4.83956 4.86686 4.8925 4.91659 4.93921 4.96044 4.98037 4.99907 5.01662 5.03308 5.04852 5.063 5.07658 5.08931 5.10125 5.11243 5.12292 5.13285 5.14224 5.15104 5.15929 5.16702 5.17426 5.18104 5.1874 5.19335 5.19892 5.20414 5.20903 5.21361 5.2179 5.22191 5.22567 5.22919 5.23249 5.23558 5.23847 5.24117 5.2437 5.24608 5.2483 5.25037 5.25232 5.25414 5.25585 5.25744 5.25894 5.26126
 0 6.36727e-06 7.94116e-05 0.000675755 0.00363186 0.0134963 0.0375284 0.0831828 0.154373 0.24911 0.359915 0.476411 0.58846 0.688443 0.772161 0.838551 0.888798 0.925325 0.950967 0.968432 0.98002 0.987537 0.992319 0.995313 0.997161 0.99829 0.998974 0.999385 0.999631 0.999778 0.999866 0.999919 0.99995 0.999969 0.999981 0.999988 0.999992 0.999995 0.999997 0.999998 0.999998 0.999999 0.999999 0.999999 0.999999 0.999999 0.999999 0.999999 0.999999 0.999999 0.999999 0.999999 0.999999 0.999999 0.999999 0.999999 0.999999 0.999999 0.999999 0.999999 0.999999 0.999999 0.999999 0.999999 0.999999 0.999999 0.999999 0.999999 0.999999 0.999999 0.999999 0.999999 0.999999 0.999999 0.999999 0.999999 0.999999 0.999999 0.999999 0.999999 0.999999 0.999999 0.999999 0.999999 0.999999 0.999999 0.999999 0.999999 0.999999 0.999999 0.999999 0.999999 0.999999 0.999999 0.999999 0.999999 0.999999 0.999999 0.999999 0.999999 0.999999
# Sex ratio correction
1
# M and current age-structure in year Yinit: 2011
 # gender = 1
 0.0439034 0.0439034 0.0439034 0.0439034 0.0439034 0.0439034 0.0439034 0.0439034 0.0439034 0.0439034 0.0439034 0.0439034 0.0439034 0.0439034 0.0439034 0.0439034 0.0439034 0.0439034 0.0439034 0.0439034 0.0439034 0.0439034 0.0439034 0.0439034 0.0439034 0.0439034 0.0439034 0.0439034 0.0439034 0.0439034 0.0439034 0.0439034 0.0439034 0.0439034 0.0439034 0.0439034 0.0439034 0.0439034 0.0439034 0.0439034 0.0439034 0.0439034 0.0439034 0.0439034 0.0439034 0.0439034 0.0439034 0.0439034 0.0439034 0.0439034 0.0439034 0.0439034 0.0439034 0.0439034 0.0439034 0.0439034 0.0439034 0.0439034 0.0439034 0.0439034 0.0439034 0.0439034 0.0439034 0.0439034 0.0439034 0.0439034 0.0439034 0.0439034 0.0439034 0.0439034 0.0439034 0.0439034 0.0439034 0.0439034 0.0439034 0.0439034 0.0439034 0.0439034 0.0439034 0.0439034 0.0439034 0.0439034 0.0439034 0.0439034 0.0439034 0.0439034 0.0439034 0.0439034 0.0439034 0.0439034 0.0439034 0.0439034 0.0439034 0.0439034 0.0439034 0.0439034 0.0439034 0.0439034 0.0439034 0.0439034 0.0439034
 208.451 247.117 217.407 270.416 165.856 124.42 89.083 64.3509 139.084 275.071 76.0553 57.4823 115.591 63.2568 35.26 30.0984 30.6774 59.2889 74.1074 30.274 23.6091 25.5921 27.1011 26.4554 26.64 26.2422 30.8942 37.0382 25.5283 28.5657 19.5496 13.7904 9.70218 7.02216 7.66824 7.88293 7.39262 4.43512 4.05892 4.64654 7.39964 4.71064 3.342 2.59719 1.89385 1.4788 1.2027 1.04299 1.01505 1.0899 1.21047 1.26511 1.17015 1.00882 0.869029 0.77315 0.721197 0.708532 0.730953 0.785548 0.864693 0.94347 0.971916 0.915412 0.807419 0.700157 0.613852 0.548939 0.500531 0.463144 0.433386 0.409189 0.389377 0.372939 0.358607 0.345122 0.331464 0.317238 0.302589 0.28805 0.274194 0.261436 0.249918 0.239635 0.230406 0.221986 0.214145 0.206684 0.199437 0.192301 0.185212 0.178137 0.171082 0.1641 0.157184 0.1503 0.143626 0.137191 0.131017 0.125116 2.75677
# Age-structure at Ydeclare= 2013
 115.151 104.191 190.927 226.337 199.117 247.638 151.85 113.867 81.4789 58.8134 127.007 250.969 69.3351 52.3659 105.24 57.5653 32.0759 27.3731 27.8943 53.9028 67.3688 27.5194 21.46 23.2618 24.6327 24.0453 24.2126 23.8505 28.0777 33.6606 23.1996 25.959 17.765 12.5312 8.81599 6.38058 6.96745 7.16234 6.71669 4.02952 3.68764 4.2214 6.72246 4.27945 3.03603 2.35936 1.7204 1.34334 1.09251 0.947421 0.922035 0.990014 1.09953 1.14916 1.06289 0.916347 0.789366 0.702274 0.655082 0.643577 0.663942 0.71353 0.785418 0.856971 0.882808 0.831484 0.733391 0.635963 0.55757 0.498609 0.454638 0.42068 0.393649 0.371671 0.353675 0.338744 0.325726 0.313477 0.301072 0.28815 0.274844 0.261639 0.249053 0.237465 0.227004 0.217663 0.20928 0.201633 0.19451 0.187733 0.181151 0.17467 0.16823 0.161804 0.155396 0.149055 0.142772 0.13652 0.130457 0.124613 2.73667
# Year for Tmin Age-structure (set to Ydecl by SS)
2013
#  recruitment and biomass
# Number of historical assessment years
129
# Historical data
# year recruitment spawner in B0 in R project in R/S project
1888  1889 1890 1891 1892 1893 1894 1895 1896 1897 1898 1899 1900 1901 1902 1903 1904 1905 1906 1907 1908 1909 1910 1911 1912 1913 1914 1915 1916 1917 1918 1919 1920 1921 1922 1923 1924 1925 1926 1927 1928 1929 1930 1931 1932 1933 1934 1935 1936 1937 1938 1939 1940 1941 1942 1943 1944 1945 1946 1947 1948 1949 1950 1951 1952 1953 1954 1955 1956 1957 1958 1959 1960 1961 1962 1963 1964 1965 1966 1967 1968 1969 1970 1971 1972 1973 1974 1975 1976 1977 1978 1979 1980 1981 1982 1983 1984 1985 1986 1987 1988 1989 1990 1991 1992 1993 1994 1995 1996 1997 1998 1999 2000 2001 2002 2003 2004 2005 2006 2007 2008 2009 2010 2011 2012 2013 2014 2015 2016 #years (with first value representing R0)
207.724 206.54 206.501 206.462 206.421 206.371 206.32 206.267 206.218 206.169 206.119 206.069 206.014 205.959 205.908 205.853 205.799 205.75 205.704 205.671 205.649 205.631 205.625 205.624 205.625 205.609 205.556 205.428 205.186 204.784 204.005 202.92 201.566 199.904 197.955 195.772 193.428 191.018 188.672 186.522 184.699 183.319 182.423 181.925 181.659 181.32 180.577 179.192 177.182 174.841 172.7 171.296 171.056 172.208 174.978 179.838 187.599 199.555 216.53 237.538 256.169 258.679 238.791 208.085 179.704 158.921 146.364 141.496 143.995 153.537 168.93 185.501 189.586 171.159 145.075 126.831 121.91 130.947 149.267 176.229 221.409 259.209 329.999 464.604 259.455 200.015 191.436 277.462 255.412 212.942 165.922 193.692 231.116 273.609 332.657 247.046 298.255 207.875 148.654 128.312 109.652 97.9618 81.8428 67.749 79.042 178.292 132.88 64.5884 59.9011 66.5979 113.69 197.986 93.9276 118.635 409.833 198.034 87.6048 115.996 155 197.715 308.494 237.361 258.208 208.451 108.867 115.151 119.475 136.011 158.811  #recruits; first value is R0 (virgin)
1078.02  1078.02 1078.01 1078 1077.97 1077.51 1077.05 1076.58 1076.43 1076.35 1076.27 1076.18 1076.07 1075.94 1075.78 1075.59 1075.37 1075.11 1074.82 1074.52 1074.18 1073.69 1073.3 1072.88 1072.44 1071.97 1071.49 1070.98 1070.37 1069.83 1069.1 1066.3 1065.07 1063.96 1062.9 1062.12 1061.25 1059.82 1058.03 1055.42 1052.08 1048.83 1046.02 1042.86 1040.72 1038.71 1036.69 1034.1 1031.48 1027.85 1024.47 1020.77 1017.69 1013.45 1007.69 1001.59 990.966 979.679 963.168 948.004 940.682 932.659 926.375 919.351 910.793 903.506 898.054 891.611 885.6 879.627 872.581 866.304 861.131 857.135 855.014 852.274 851.295 851.682 842.486 840.66 837.232 833.549 821.362 814.077 803.579 789.831 775.047 758.203 741.368 721.535 701.741 669.128 634.632 608.544 574.793 520.601 492.586 471.506 445.043 423.301 396.075 371.979 342.044 320.971 284.507 251.943 221.002 204.253 187.883 170.218 149.896 143.2 132.855 135.136 136.565 143.305 150.233 157.588 165.007 172.889 180.335 188.345 196.411 205.262 214.769 224.851 236.013 248 260.493 #spbio; first value is SSB_virgin (virgin)
1 0 0 0 0 0 0 0 0 0 0 0 0 0 0 0 0 0 0 0 0 0 0 0 0 0 0 0 0 0 0 0 0 0 0 0 0 0 0 0 0 0 0 0 0 0 0 0 0 0 0 0 0 0 0 0 0 0 0 0 0 0 0 0 0 0 0 0 0 0 0 0 0 0 0 0 0 0 0 0 0 0 0 0 0 0 0 0 0 0 0 0 0 0 0 0 0 0 0 0 0 0 0 0 0 0 0 0 0 0 0 0 0 0 0 0 0 0 0 0 0 0 0 0 0 0 0 0 0  # in Bzero
0 1 1 1 1 1 1 1 1 1 1 1 1 1 1 1 1 1 1 1 1 1 1 1 1 1 1 1 1 1 1 1 1 1 1 1 1 1 1 1 1 1 1 1 1 1 1 1 1 1 1 1 1 1 1 1 1 1 1 1 1 1 1 1 1 1 1 1 1 1 1 1 1 1 1 1 1 1 1 1 1 1 1 1 1 1 1 1 1 1 1 1 1 1 1 1 1 1 1 1 1 1 1 1 1 1 1 1 1 1 1 1 1 1 1 1 1 1 1 1 1 1 1 1 1 1  0 0 0 # in R project
0 1 1 1 1 1 1 1 1 1 1 1 1 1 1 1 1 1 1 1 1 1 1 1 1 1 1 1 1 1 1 1 1 1 1 1 1 1 1 1 1 1 1 1 1 1 1 1 1 1 1 1 1 1 1 1 1 1 1 1 1 1 1 1 1 1 1 1 1 1 1 1 1 1 1 1 1 1 1 1 1 1 1 1 1 1 1 1 1 1 1 1 1 1 1 1 1 1 1 1 1 1 1 1 1 1 1 1 1 1 1 1 1 1 1 1 1 1 1 1 1 1 1 1 1 1  0 0 0 # in R/S project
# Number of years with pre-specified catches
0
# catches for years with pre-specified catches go next
# Number of future recruitments to override
-2
# Process for overiding (-1 for average otherwise index in data list)
# Which probability to product detailed results for (1=0.5; 2=0.6; etc.)
3
# Steepness sigma-R Auto-correlation
0.718 0.5 0
# Target SPR rate (FMSY Proxy); manually change to SPR_MSY if not using SPR_target
0.5
# Discount rate (for cumulative catch)
0.1
# Truncate the series when 0.4B0 is reached (1=Yes)
0
# Set F to FMSY once 0.4B0 is reached (1=Yes)
0
# Maximum possible F for projection (-1 to set to FMSY)
-1
# Defintion of recovery (1=now only;2=now or before)
2
# Projection type
4
# Definition of the 40-10 rule
10 40
# Sigma Assessment Error (Base, Year1, Slope, MaxSigma)
1.0 2017 0.075 2.0
# Pstar
0.45
# Constrain catches by the ABC (1=yes, 2=no)
2
# Implementation Error (0=no; 1=lognormal; 2=uniform)
0
#Parameters of Implementaion Error
1 0.3
# Calculate coefficients of variation (1=Yes)
0
# Number of replicates to use
10
# Random number seed
-99004
# File with multiple parameter vectors 
rebuild.SSO
# User-specific projection (1=Yes); Output replaced (1->9)
0  5
# Catches and Fs (Year; 1/2/3 (F or C or SPR); value); Final row is -1
2016 1 1
-1 -1 -1
# Fixed catch project (1=Yes); Output replaced (1->9); Approach (-1=Read in else 1-9)
0 2 -1
# (48a) Special catch options (1-Yes) [CUT_OFF, Emsy, distribution, MAXCAT, Add, replace_code]
0 0.18 1.00 1.00 0 6
# (48b) B1Target
150000
# Split of Fs
2011  0.00050816
 0
 0.198578
 0.00985111
 0.226418
 0.266976
 0.297669
-1  1 1 1 1 1 1 1 1 1 1 1 1
# Yrs to define T_target for projection type 4 (a.k.a. 5 pre-specified inputs)
2022 2023 2024 2025 2026 
# Year for probability of recovery
2026 2027 2028 2029 2030 2031 2032 2033
# Time varying weight-at-age (1=Yes;0=No)
0
# File with time series of weight-at-age data
none
# Use bisection (0) or linear interpolation (1)
1
# Target Depletion
0.4
# CV of implementation error
0
