#Title, #runnumber: 1 yelloweye_data.ss yelloweye_control.ss 5849.75 1138.24 380.545 StartTime: Thu May  1 10:20:23 2025
SSv3_default_rebuild.dat
# Number of sexes
1
# Age range to consider (minimum age; maximum age)
0 100
# Number of fleets
7
# First year of projection (Yinit)
2011
# First Year of rebuilding period (Ydecl)
2013
# Number of simulations
1000
# Maximum number of years
500
# Conduct projections with multiple starting values (0=No;else yes)
0
# Number of parameter vectors
1000
# Is the maximum age a plus-group (1=Yes;2=No)
1
# Generate future recruitments using historical recruitments (1)  historical recruits/spawner (2)  or a stock-recruitment (3)
3
# Constant fishing mortality (1) or constant Catch (2) projections
1
# Fishing mortality based on SPR (1) or actual rate (2)
1
# Pre-specify the year of recovery (or -1) to ignore
-1
# Fecundity-at-age
# 0 1 2 3 4 5 6 7 8 9 10 11 12 13 14 15 16 17 18 19 20 21 22 23 24 25 26 27 28 29 30 31 32 33 34 35 36 37 38 39 40 41 42 43 44 45 46 47 48 49 50 51 52 53 54 55 56 57 58 59 60 61 62 63 64 65 66 67 68 69 70 71 72 73 74 75 76 77 78 79 80 81 82 83 84 85 86 87 88 89 90 91 92 93 94 95 96 97 98 99 100 #runnumber: 1 yelloweye_data.ss yelloweye_control.ss 5849.75 1138.24 380.545
 0 0 1.31566e-08 1.81333e-07 1.71094e-06 1.22927e-05 7.11896e-05 0.000342376 0.00137831 0.00460588 0.0126677 0.0288464 0.0555389 0.0930009 0.139366 0.191654 0.246878 0.302694 0.357563 0.410626 0.461496 0.510059 0.556345 0.600442 0.642452 0.682473 0.72059 0.756878 0.7914 0.824215 0.855376 0.884936 0.912945 0.939456 0.964522 0.988194 1.01053 1.03158 1.0514 1.07005 1.08758 1.10405 1.1195 1.134 1.14758 1.16031 1.17222 1.18337 1.1938 1.20354 1.21265 1.22116 1.2291 1.23652 1.24344 1.24989 1.25591 1.26152 1.26676 1.27163 1.27617 1.2804 1.28434 1.28802 1.29143 1.29461 1.29758 1.30033 1.3029 1.30528 1.3075 1.30959 1.31153 1.31334 1.31502 1.31659 1.31804 1.31939 1.32065 1.32182 1.3229 1.32392 1.32486 1.32573 1.32654 1.3273 1.328 1.32865 1.32926 1.32982 1.33035 1.33083 1.33129 1.33171 1.3321 1.33246 1.3328 1.33311 1.33341 1.33368 1.33408 #female fecundity; weighted by N in year Y_init across morphs and areas
# Age specific selectivity and weight adjusted for discard and discard mortality
 #wt and selex for gender,fleet: 1 1 1_CA_TWL
 0.00896707 0.0146126 0.0437122 0.0905263 0.156508 0.240446 0.340076 0.452686 0.575493 0.705877 0.841525 0.980622 1.12209 1.26556 1.41101 1.55826 1.70672 1.85544 2.0033 2.1492 2.29216 2.43142 2.56638 2.6966 2.82178 2.94175 3.05641 3.16571 3.2697 3.36843 3.46201 3.55056 3.63425 3.71322 3.78766 3.85776 3.92369 3.98564 4.04382 4.09841 4.14958 4.19753 4.24243 4.28445 4.32375 4.36049 4.39483 4.4269 4.45685 4.4848 4.51089 4.53522 4.55792 4.57908 4.5988 4.61718 4.6343 4.65025 4.66511 4.67895 4.69183 4.70382 4.71498 4.72538 4.73504 4.74404 4.75241 4.7602 4.76745 4.77419 4.78048 4.78636 4.79182 4.79691 4.80163 4.80603 4.81012 4.81392 4.81745 4.82073 4.82379 4.82663 4.82926 4.83172 4.834 4.83612 4.83809 4.83992 4.84162 4.84321 4.84468 4.84604 4.84731 4.84849 4.84959 4.85061 4.85156 4.85244 4.85326 4.85402 4.85515
 0 0.00136361 0.00487741 0.0158244 0.0410523 0.0882208 0.162112 0.261765 0.380056 0.505777 0.626867 0.733365 0.819321 0.883347 0.927725 0.956661 0.974625 0.985372 0.991635 0.995224 0.997264 0.998419 0.999076 0.999453 0.99967 0.999797 0.999873 0.999919 0.999947 0.999964 0.999975 0.999983 0.999987 0.99999 0.999992 0.999994 0.999995 0.999996 0.999996 0.999996 0.999997 0.999997 0.999997 0.999997 0.999997 0.999997 0.999997 0.999997 0.999997 0.999997 0.999997 0.999997 0.999997 0.999997 0.999997 0.999997 0.999997 0.999997 0.999997 0.999997 0.999997 0.999997 0.999997 0.999997 0.999997 0.999997 0.999997 0.999997 0.999997 0.999997 0.999997 0.999997 0.999997 0.999997 0.999997 0.999997 0.999997 0.999997 0.999997 0.999997 0.999997 0.999997 0.999997 0.999997 0.999997 0.999997 0.999997 0.999997 0.999997 0.999997 0.999997 0.999997 0.999997 0.999997 0.999997 0.999997 0.999997 0.999997 0.999997 0.999997 0.999997
 #wt and selex for gender,fleet: 1 3 3_CA_REC
 0.00896707 0.0144808 0.0423221 0.0875468 0.151343 0.232659 0.329432 0.439141 0.559168 0.687027 0.8206 0.958479 1.10008 1.24525 1.39363 1.54438 1.69627 1.84794 1.99811 2.1457 2.28985 2.42991 2.56539 2.69595 2.82136 2.94147 3.05622 3.16559 3.26961 3.36837 3.46197 3.55053 3.63423 3.71321 3.78765 3.85775 3.92368 3.98564 4.04382 4.0984 4.14958 4.19753 4.24243 4.28445 4.32375 4.36049 4.39483 4.4269 4.45685 4.4848 4.51089 4.53522 4.55792 4.57908 4.5988 4.61718 4.6343 4.65025 4.66511 4.67895 4.69183 4.70382 4.71499 4.72538 4.73505 4.74404 4.75241 4.7602 4.76745 4.77419 4.78048 4.78636 4.79182 4.79691 4.80163 4.80603 4.81012 4.81392 4.81745 4.82073 4.82379 4.82663 4.82927 4.83172 4.834 4.83612 4.83809 4.83992 4.84162 4.84321 4.84468 4.84604 4.84731 4.8485 4.84959 4.85061 4.85156 4.85244 4.85326 4.85402 4.85515
 0 0.00545488 0.0159095 0.0417984 0.0908013 0.16816 0.272819 0.396875 0.527922 0.652724 0.760513 0.845118 0.905645 0.945404 0.969679 0.983656 0.991359 0.995478 0.997639 0.998762 0.999345 0.999649 0.999808 0.999893 0.999939 0.999965 0.999979 0.999987 0.999992 0.999995 0.999996 0.999998 0.999998 0.999999 0.999999 0.999999 0.999999 0.999999 0.999999 0.999999 0.999999 0.999999 0.999999 0.999999 0.999999 0.999999 0.999999 0.999999 0.999999 0.999999 0.999999 0.999999 0.999999 0.999999 0.999999 0.999999 0.999999 0.999999 0.999999 0.999999 0.999999 0.999999 0.999999 0.999999 0.999999 0.999999 0.999999 0.999999 0.999999 0.999999 0.999999 0.999999 0.999999 0.999999 0.999999 0.999999 0.999999 0.999999 0.999999 0.999999 0.999999 0.999999 0.999999 0.999999 0.999999 0.999999 0.999999 0.999999 0.999999 0.999999 0.999999 0.999999 0.999999 0.999999 0.999999 0.999999 0.999999 0.999999 0.999999 0.999999 0.999999
 #wt and selex for gender,fleet: 1 4 4_ORWA_TWL
 0.00896707 0.0143326 0.0406379 0.0841599 0.145911 0.22519 0.320301 0.429026 0.548957 0.677707 0.813088 0.953331 1.09728 1.24428 1.39378 1.54504 1.69705 1.84863 1.99865 2.14609 2.29011 2.43008 2.5655 2.69602 2.82141 2.9415 3.05624 3.1656 3.26962 3.36837 3.46197 3.55054 3.63423 3.71321 3.78765 3.85775 3.92368 3.98564 4.04382 4.0984 4.14958 4.19753 4.24243 4.28444 4.32375 4.36049 4.39482 4.4269 4.45685 4.4848 4.51089 4.53522 4.55792 4.57907 4.5988 4.61718 4.6343 4.65025 4.66511 4.67895 4.69183 4.70382 4.71498 4.72537 4.73504 4.74404 4.75241 4.7602 4.76745 4.77419 4.78048 4.78636 4.79182 4.79691 4.80163 4.80603 4.81011 4.81391 4.81745 4.82073 4.82379 4.82662 4.82926 4.83172 4.834 4.83612 4.83809 4.83992 4.84162 4.8432 4.84468 4.84604 4.84731 4.84849 4.84959 4.85061 4.85156 4.85244 4.85326 4.85402 4.85515
 0 0.0181024 0.0412666 0.0844064 0.150677 0.239849 0.346961 0.463591 0.580062 0.687578 0.77965 0.852796 0.906672 0.943551 0.967174 0.981483 0.989774 0.994425 0.996977 0.998359 0.999103 0.999505 0.999722 0.999842 0.999908 0.999945 0.999966 0.999979 0.999986 0.99999 0.999993 0.999994 0.999995 0.999996 0.999996 0.999997 0.999997 0.999997 0.999997 0.999997 0.999997 0.999997 0.999997 0.999997 0.999997 0.999997 0.999997 0.999997 0.999997 0.999996 0.999996 0.999996 0.999996 0.999996 0.999996 0.999996 0.999996 0.999996 0.999996 0.999996 0.999996 0.999996 0.999996 0.999996 0.999996 0.999996 0.999996 0.999996 0.999996 0.999996 0.999996 0.999996 0.999996 0.999996 0.999996 0.999996 0.999996 0.999996 0.999996 0.999996 0.999996 0.999996 0.999996 0.999996 0.999996 0.999996 0.999996 0.999996 0.999996 0.999996 0.999996 0.999996 0.999996 0.999996 0.999996 0.999996 0.999996 0.999996 0.999996 0.999996 0.999996
 #wt and selex for gender,fleet: 1 5 5_ORWA_NONTWL
 0.00896707 0.0145032 0.042714 0.0889122 0.154713 0.239394 0.341101 0.457394 0.585615 0.723134 0.867492 1.01647 1.16813 1.3208 1.47311 1.62398 1.77263 1.91856 2.06144 2.20107 2.33729 2.4699 2.59868 2.72343 2.8439 2.9599 3.07126 3.17788 3.27968 3.37664 3.4688 3.5562 3.63896 3.71719 3.79102 3.86062 3.92615 3.98778 4.04568 4.10004 4.15102 4.19881 4.24358 4.28548 4.32468 4.36135 4.39561 4.42762 4.45752 4.48543 4.51147 4.53577 4.55843 4.57956 4.59926 4.61762 4.63472 4.65066 4.6655 4.67932 4.69219 4.70417 4.71533 4.72571 4.73537 4.74436 4.75272 4.7605 4.76774 4.77448 4.78077 4.78664 4.7921 4.79718 4.80191 4.8063 4.81039 4.81418 4.81771 4.821 4.82405 4.82689 4.82952 4.83198 4.83426 4.83637 4.83834 4.84017 4.84188 4.84346 4.84493 4.84629 4.84756 4.84874 4.84984 4.85086 4.85181 4.85269 4.85351 4.85427 4.85539
 0 0.000930194 0.00283601 0.00804587 0.0192643 0.0398843 0.0730048 0.120448 0.182121 0.255949 0.33834 0.424922 0.511303 0.593648 0.669027 0.735549 0.79233 0.839356 0.877271 0.907139 0.930215 0.947769 0.960964 0.9708 0.978094 0.983489 0.987478 0.990434 0.992631 0.994273 0.995506 0.996438 0.997149 0.997694 0.998116 0.998445 0.998704 0.99891 0.999074 0.999206 0.999313 0.999401 0.999473 0.999533 0.999584 0.999626 0.999661 0.999692 0.999718 0.99974 0.999759 0.999776 0.99979 0.999803 0.999814 0.999824 0.999833 0.999841 0.999848 0.999854 0.999859 0.999864 0.999869 0.999873 0.999876 0.99988 0.999883 0.999885 0.999888 0.99989 0.999892 0.999894 0.999895 0.999896 0.999898 0.999899 0.9999 0.999901 0.999902 0.999902 0.999903 0.999904 0.999904 0.999905 0.999906 0.999906 0.999907 0.999907 0.999907 0.999908 0.999908 0.999908 0.999909 0.999909 0.999909 0.999909 0.99991 0.99991 0.99991 0.99991 0.99991
 #wt and selex for gender,fleet: 1 6 6_OR_REC
 0.00896707 0.0158974 0.0521446 0.105847 0.178166 0.265561 0.363973 0.469668 0.579966 0.694477 0.815256 0.944681 1.08333 1.22973 1.38132 1.53557 1.69036 1.84413 1.99567 2.14411 2.28876 2.4291 2.56473 2.69536 2.82079 2.9409 3.05563 3.16498 3.26897 3.3677 3.46126 3.5498 3.63346 3.71241 3.78683 3.8569 3.9228 3.98474 4.04289 4.09746 4.14861 4.19654 4.24142 4.28342 4.32271 4.35944 4.39376 4.42582 4.45576 4.4837 4.50978 4.5341 4.55678 4.57793 4.59765 4.61602 4.63314 4.64908 4.66393 4.67776 4.69064 4.70263 4.71379 4.72417 4.73384 4.74283 4.7512 4.75898 4.76623 4.77296 4.77925 4.78513 4.79059 4.79567 4.8004 4.80479 4.80887 4.81267 4.8162 4.81948 4.82254 4.82537 4.82801 4.83046 4.83274 4.83486 4.83683 4.83866 4.84036 4.84194 4.84341 4.84478 4.84605 4.84723 4.84833 4.84935 4.85029 4.85118 4.85199 4.85275 4.85388
 0 2.11875e-05 0.000311246 0.00323477 0.0190254 0.07072 0.182798 0.35542 0.554018 0.730822 0.856732 0.931276 0.969502 0.987136 0.994678 0.997726 0.998888 0.999284 0.999372 0.999335 0.999248 0.99914 0.999023 0.998904 0.998785 0.998668 0.998554 0.998444 0.998337 0.998235 0.998137 0.998043 0.997954 0.99787 0.99779 0.997714 0.997642 0.997574 0.997511 0.997451 0.997394 0.997342 0.997292 0.997245 0.997202 0.997161 0.997122 0.997087 0.997053 0.997022 0.996993 0.996965 0.99694 0.996916 0.996894 0.996873 0.996854 0.996836 0.996819 0.996804 0.996789 0.996776 0.996763 0.996751 0.99674 0.99673 0.996721 0.996712 0.996704 0.996696 0.996689 0.996682 0.996676 0.996671 0.996665 0.99666 0.996656 0.996651 0.996647 0.996644 0.99664 0.996637 0.996634 0.996631 0.996628 0.996626 0.996624 0.996622 0.99662 0.996618 0.996616 0.996615 0.996613 0.996612 0.996611 0.99661 0.996609 0.996608 0.996607 0.996606 0.996605
 #wt and selex for gender,fleet: 1 7 7_WA_REC
 0.00896707 0.0155618 0.0508541 0.104958 0.179924 0.273195 0.38121 0.500251 0.626896 0.758221 0.891916 1.02651 1.16163 1.29788 1.43614 1.57694 1.72007 1.86467 2.00953 2.15332 2.29486 2.43318 2.56752 2.69734 2.82227 2.94208 3.05662 3.16586 3.2698 3.3685 3.46206 3.5506 3.63427 3.71324 3.78768 3.85777 3.9237 3.98565 4.04383 4.09841 4.14959 4.19753 4.24243 4.28445 4.32375 4.36049 4.39483 4.4269 4.45685 4.48481 4.51089 4.53523 4.55792 4.57908 4.5988 4.61718 4.6343 4.65025 4.66511 4.67895 4.69183 4.70382 4.71499 4.72538 4.73505 4.74404 4.75241 4.7602 4.76745 4.77419 4.78048 4.78636 4.79182 4.79691 4.80163 4.80603 4.81012 4.81392 4.81745 4.82073 4.82379 4.82663 4.82927 4.83172 4.834 4.83612 4.83809 4.83992 4.84162 4.84321 4.84468 4.84604 4.84731 4.8485 4.84959 4.85061 4.85156 4.85244 4.85326 4.85402 4.85515
 0 5.49259e-06 6.12044e-05 0.000559292 0.00328967 0.0134028 0.0404108 0.0954084 0.18486 0.305456 0.444099 0.58291 0.705963 0.804037 0.87545 0.923752 0.954589 0.973445 0.98463 0.991134 0.994874 0.997016 0.998245 0.998954 0.999366 0.99961 0.999755 0.999843 0.999898 0.999932 0.999954 0.999968 0.999977 0.999984 0.999988 0.999991 0.999993 0.999995 0.999996 0.999996 0.999997 0.999998 0.999998 0.999998 0.999998 0.999999 0.999999 0.999999 0.999999 0.999999 0.999999 0.999999 0.999999 0.999999 0.999999 0.999999 0.999999 0.999999 0.999999 0.999999 0.999999 0.999999 0.999999 0.999999 0.999999 0.999999 0.999999 0.999999 0.999999 0.999999 0.999999 0.999999 0.999999 0.999999 0.999999 0.999999 0.999999 0.999999 0.999999 0.999999 0.999999 0.999999 0.999999 0.999999 0.999999 0.999999 0.999999 0.999999 0.999999 0.999999 0.999999 0.999999 0.999999 0.999999 0.999999 0.999999 0.999999 0.999999 0.999999 0.999999 0.999999
# Sex ratio correction
1
# M and current age-structure in year Yinit: 2011
 # gender = 1
 0.0439034 0.0439034 0.0439034 0.0439034 0.0439034 0.0439034 0.0439034 0.0439034 0.0439034 0.0439034 0.0439034 0.0439034 0.0439034 0.0439034 0.0439034 0.0439034 0.0439034 0.0439034 0.0439034 0.0439034 0.0439034 0.0439034 0.0439034 0.0439034 0.0439034 0.0439034 0.0439034 0.0439034 0.0439034 0.0439034 0.0439034 0.0439034 0.0439034 0.0439034 0.0439034 0.0439034 0.0439034 0.0439034 0.0439034 0.0439034 0.0439034 0.0439034 0.0439034 0.0439034 0.0439034 0.0439034 0.0439034 0.0439034 0.0439034 0.0439034 0.0439034 0.0439034 0.0439034 0.0439034 0.0439034 0.0439034 0.0439034 0.0439034 0.0439034 0.0439034 0.0439034 0.0439034 0.0439034 0.0439034 0.0439034 0.0439034 0.0439034 0.0439034 0.0439034 0.0439034 0.0439034 0.0439034 0.0439034 0.0439034 0.0439034 0.0439034 0.0439034 0.0439034 0.0439034 0.0439034 0.0439034 0.0439034 0.0439034 0.0439034 0.0439034 0.0439034 0.0439034 0.0439034 0.0439034 0.0439034 0.0439034 0.0439034 0.0439034 0.0439034 0.0439034 0.0439034 0.0439034 0.0439034 0.0439034 0.0439034 0.0439034
 170.88 287.516 318.939 302.417 138.966 212.157 93.5144 72.5758 104.644 169.815 73.1257 69.4767 61.3375 64.0119 42.9114 29.8216 30.8782 47.6544 45.419 27.5466 22.9218 21.2451 21.9885 25.1096 29.7508 26.9386 31.627 29.0053 20.2907 22.7079 17.1925 15.5089 10.8419 6.79341 8.66131 7.38636 7.67757 4.88241 3.93335 4.73302 7.67963 4.43433 3.54948 2.98842 2.2922 1.92735 1.51118 1.22675 1.14576 1.20554 1.32301 1.35478 1.23014 1.06752 0.943464 0.864149 0.824881 0.822597 0.857191 0.93187 1.04651 1.17952 1.25818 1.19816 1.04306 0.889053 0.769456 0.682786 0.620588 0.574623 0.539564 0.511919 0.489518 0.470753 0.454091 0.438279 0.422421 0.406256 0.389966 0.374041 0.358975 0.345119 0.332537 0.321159 0.310655 0.300592 0.290877 0.281281 0.27163 0.261846 0.25192 0.241881 0.231805 0.221815 0.211934 0.202293 0.192969 0.184008 0.175441 0.167279 3.59944
# Age-structure at Ydeclare= 2013
 467.522 153.815 156.514 263.338 292.101 276.929 127.215 194.111 85.4885 66.2758 95.4475 154.715 66.5566 63.1838 55.7466 58.1501 38.9687 27.0753 28.03 43.2539 41.2216 24.9995 20.8015 19.2794 19.9535 22.7851 26.9957 24.4432 28.6961 26.3161 18.4085 20.6005 15.5961 14.0682 9.8343 6.16181 7.85578 6.69918 6.96308 4.4279 3.56708 4.29215 6.96408 4.02104 3.21858 2.70976 2.07842 1.74756 1.37019 1.11228 1.03884 1.09303 1.19953 1.22832 1.11531 0.967873 0.855393 0.783481 0.747877 0.745805 0.777168 0.844875 0.948812 1.0694 1.14072 1.0863 0.945674 0.806047 0.697616 0.619036 0.562645 0.520972 0.489186 0.464121 0.443812 0.426799 0.411693 0.397356 0.382979 0.368323 0.353555 0.339117 0.325457 0.312895 0.301487 0.291173 0.281649 0.272526 0.263718 0.255017 0.246268 0.237397 0.228398 0.219297 0.210162 0.201104 0.192146 0.183406 0.174952 0.166828 3.5741
# Year for Tmin Age-structure (set to Ydecl by SS)
2013
#  recruitment and biomass
# Number of historical assessment years
137
# Historical data
# year recruitment spawner in B0 in R project in R/S project
1888  1889 1890 1891 1892 1893 1894 1895 1896 1897 1898 1899 1900 1901 1902 1903 1904 1905 1906 1907 1908 1909 1910 1911 1912 1913 1914 1915 1916 1917 1918 1919 1920 1921 1922 1923 1924 1925 1926 1927 1928 1929 1930 1931 1932 1933 1934 1935 1936 1937 1938 1939 1940 1941 1942 1943 1944 1945 1946 1947 1948 1949 1950 1951 1952 1953 1954 1955 1956 1957 1958 1959 1960 1961 1962 1963 1964 1965 1966 1967 1968 1969 1970 1971 1972 1973 1974 1975 1976 1977 1978 1979 1980 1981 1982 1983 1984 1985 1986 1987 1988 1989 1990 1991 1992 1993 1994 1995 1996 1997 1998 1999 2000 2001 2002 2003 2004 2005 2006 2007 2008 2009 2010 2011 2012 2013 2014 2015 2016 2017 2018 2019 2020 2021 2022 2023 2024 #years (with first value representing R0)
223.062 226.69 226.817 226.95 227.087 227.22 227.359 227.502 227.658 227.821 227.991 228.168 228.354 228.549 228.753 228.964 229.19 229.431 229.688 229.973 230.281 230.616 230.98 231.369 231.778 232.19 232.581 232.911 233.128 233.173 232.965 232.392 231.463 230.099 228.275 226.012 223.358 220.41 217.315 214.238 211.225 208.524 206.277 204.437 202.889 201.379 199.631 197.426 194.74 191.76 188.91 186.679 185.564 185.981 188.428 193.685 202.896 217.757 239.654 267.814 292.997 292.981 261.492 220.832 187.132 163.781 149.514 142.593 142.035 147.397 158.457 173.389 181.204 167.771 144.779 130.131 131.52 152.55 182.657 203.154 246.519 270.926 311.017 490.961 273.375 203.384 223.961 309.696 259.816 263.518 177.344 240.979 291.414 271.404 299.527 222.69 264.391 239.576 170.319 158.14 113.338 85.316 71.8821 68.6624 74.2158 111.741 108.508 65.7566 59.859 81.5869 115.648 105.485 113.865 114.3 253.339 149.106 98.8373 121.784 264.314 165.661 345.002 348.211 300.42 170.88 160.719 467.522 223.514 190.089 231.807 122.906 115.955 132.184 147.494 158.047 164.15 170.886 183.938  #recruits; first value is R0 (virgin)
1138.24  1138.24 1138.24 1138.22 1138.2 1137.73 1137.27 1136.8 1136.65 1136.58 1136.5 1136.44 1136.37 1136.32 1136.29 1136.29 1136.32 1136.37 1136.46 1136.58 1136.73 1136.78 1136.97 1137.17 1137.39 1137.63 1137.87 1138.13 1138.32 1138.6 1138.72 1136.8 1136.48 1136.3 1136.2 1136.4 1136.55 1136.16 1135.45 1133.95 1131.74 1129.66 1128.05 1126.12 1125.23 1124.51 1123.78 1122.5 1121.18 1118.83 1116.69 1114.18 1112.21 1109 1104.17 1098.87 1088.96 1078.28 1062.26 1047.37 1040.14 1031.82 1025.18 1017.77 1008.71 1000.71 994.529 987.224 980.402 973.69 966.08 959.415 954.132 950.277 948.459 946.009 945.026 945.148 935.334 932.272 927.183 921.547 906.642 896.286 882.688 865.856 847.6 827.532 807.84 785.418 763.429 729.017 692.999 665.877 631.412 575.069 527.207 499.481 462.501 432.94 405.3 381.759 352.131 330.912 295.812 264.029 233.545 217.04 200.353 182.086 161.013 154.149 143.004 143.981 144.349 149.922 155.638 161.509 167.323 173.434 179.07 185.147 191.258 198.183 205.462 213.079 221.581 231.011 240.902 252.016 263.288 276.112 290.113 306.315 323.845 341.4 359.395 #spbio; first value is SSB_virgin (virgin)
1 0 0 0 0 0 0 0 0 0 0 0 0 0 0 0 0 0 0 0 0 0 0 0 0 0 0 0 0 0 0 0 0 0 0 0 0 0 0 0 0 0 0 0 0 0 0 0 0 0 0 0 0 0 0 0 0 0 0 0 0 0 0 0 0 0 0 0 0 0 0 0 0 0 0 0 0 0 0 0 0 0 0 0 0 0 0 0 0 0 0 0 0 0 0 0 0 0 0 0 0 0 0 0 0 0 0 0 0 0 0 0 0 0 0 0 0 0 0 0 0 0 0 0 0 0 0 0 0 0 0 0 0 0 0 0 0  # in Bzero
0 1 1 1 1 1 1 1 1 1 1 1 1 1 1 1 1 1 1 1 1 1 1 1 1 1 1 1 1 1 1 1 1 1 1 1 1 1 1 1 1 1 1 1 1 1 1 1 1 1 1 1 1 1 1 1 1 1 1 1 1 1 1 1 1 1 1 1 1 1 1 1 1 1 1 1 1 1 1 1 1 1 1 1 1 1 1 1 1 1 1 1 1 1 1 1 1 1 1 1 1 1 1 1 1 1 1 1 1 1 1 1 1 1 1 1 1 1 1 1 1 1 1 1 1 1 1 1 1 1 1 1 1 1  0 0 0 # in R project
0 1 1 1 1 1 1 1 1 1 1 1 1 1 1 1 1 1 1 1 1 1 1 1 1 1 1 1 1 1 1 1 1 1 1 1 1 1 1 1 1 1 1 1 1 1 1 1 1 1 1 1 1 1 1 1 1 1 1 1 1 1 1 1 1 1 1 1 1 1 1 1 1 1 1 1 1 1 1 1 1 1 1 1 1 1 1 1 1 1 1 1 1 1 1 1 1 1 1 1 1 1 1 1 1 1 1 1 1 1 1 1 1 1 1 1 1 1 1 1 1 1 1 1 1 1 1 1 1 1 1 1 1 1  0 0 0 # in R/S project
# Number of years with pre-specified catches
0
# catches for years with pre-specified catches go next
# Number of future recruitments to override
-2
# Process for overiding (-1 for average otherwise index in data list)
# Which probability to product detailed results for (1=0.5; 2=0.6; etc.)
3
# Steepness sigma-R Auto-correlation
0.718 0.5 0
# Target SPR rate (FMSY Proxy); manually change to SPR_MSY if not using SPR_target
0.5
# Discount rate (for cumulative catch)
0.1
# Truncate the series when 0.4B0 is reached (1=Yes)
0
# Set F to FMSY once 0.4B0 is reached (1=Yes)
0
# Maximum possible F for projection (-1 to set to FMSY)
-1
# Defintion of recovery (1=now only;2=now or before)
2
# Projection type
4
# Definition of the 40-10 rule
10 40
# Sigma Assessment Error (Base, Year1, Slope, MaxSigma)
1.0 2025 0.075 2.0
# Pstar
0.45
# Constrain catches by the ABC (1=yes, 2=no)
2
# Implementation Error (0=no; 1=lognormal; 2=uniform)
0
#Parameters of Implementaion Error
1 0.3
# Calculate coefficients of variation (1=Yes)
0
# Number of replicates to use
10
# Random number seed
-99004
# File with multiple parameter vectors 
rebuild.SSO
# User-specific projection (1=Yes); Output replaced (1->9)
0  5
# Catches and Fs (Year; 1/2/3 (F or C or SPR); value); Final row is -1
2024 1 1
-1 -1 -1
# Fixed catch project (1=Yes); Output replaced (1->9); Approach (-1=Read in else 1-9)
0 2 -1
# (48a) Special catch options (1-Yes) [CUT_OFF, Emsy, distribution, MAXCAT, Add, replace_code]
0 0.18 1.00 1.00 0 6
# (48b) B1Target
150000
# Split of Fs
2011  0.0172257
 0
 0.407892
 0.0230718
 0.18697
 0.190398
 0.174443
-1  1 1 1 1 1 1 1 1 1 1 1 1
# Yrs to define T_target for projection type 4 (a.k.a. 5 pre-specified inputs)
2030 2031 2032 2033 2034 
# Year for probability of recovery
2034 2035 2036 2037 2038 2039 2040 2041
# Time varying weight-at-age (1=Yes;0=No)
0
# File with time series of weight-at-age data
none
# Use bisection (0) or linear interpolation (1)
1
# Target Depletion
0.4
# CV of implementation error
0
