#Title, #runnumber: 1 yelloweye_data.ss yelloweye_control.ss 5428.68 1104.95 407.68 StartTime: Thu Apr 24 07:38:00 2025
SSv3_default_rebuild.dat
# Number of sexes
1
# Age range to consider (minimum age; maximum age)
0 100
# Number of fleets
7
# First year of projection (Yinit)
2011
# First Year of rebuilding period (Ydecl)
2013
# Number of simulations
1000
# Maximum number of years
500
# Conduct projections with multiple starting values (0=No;else yes)
0
# Number of parameter vectors
1000
# Is the maximum age a plus-group (1=Yes;2=No)
1
# Generate future recruitments using historical recruitments (1)  historical recruits/spawner (2)  or a stock-recruitment (3)
3
# Constant fishing mortality (1) or constant Catch (2) projections
1
# Fishing mortality based on SPR (1) or actual rate (2)
1
# Pre-specify the year of recovery (or -1) to ignore
-1
# Fecundity-at-age
# 0 1 2 3 4 5 6 7 8 9 10 11 12 13 14 15 16 17 18 19 20 21 22 23 24 25 26 27 28 29 30 31 32 33 34 35 36 37 38 39 40 41 42 43 44 45 46 47 48 49 50 51 52 53 54 55 56 57 58 59 60 61 62 63 64 65 66 67 68 69 70 71 72 73 74 75 76 77 78 79 80 81 82 83 84 85 86 87 88 89 90 91 92 93 94 95 96 97 98 99 100 #runnumber: 1 yelloweye_data.ss yelloweye_control.ss 5428.68 1104.95 407.68
 0 0 1.29118e-08 2.09787e-07 2.26383e-06 1.80623e-05 0.00011212 0.000548334 0.00210355 0.00637044 0.0156132 0.0320448 0.0569904 0.0904774 0.131383 0.177906 0.228069 0.280082 0.332522 0.384365 0.434943 0.483861 0.530916 0.576026 0.619184 0.660421 0.699787 0.737339 0.773135 0.807231 0.839682 0.87054 0.899857 0.927683 0.95407 0.979067 1.00273 1.0251 1.04623 1.06618 1.085 1.10274 1.11944 1.13516 1.14994 1.16384 1.17689 1.18914 1.20064 1.21143 1.22154 1.23102 1.2399 1.24822 1.256 1.26328 1.2701 1.27647 1.28244 1.28801 1.29322 1.29808 1.30263 1.30688 1.31085 1.31455 1.31801 1.32124 1.32426 1.32707 1.3297 1.33221 1.33456 1.33675 1.33879 1.3407 1.34247 1.34413 1.34568 1.34712 1.34847 1.34972 1.35089 1.35198 1.353 1.35395 1.35483 1.35565 1.35642 1.35714 1.35781 1.35843 1.35901 1.35955 1.36005 1.36052 1.36096 1.36137 1.36175 1.3621 1.36264 #female fecundity; weighted by N in year Y_init across morphs and areas
# Age specific selectivity and weight adjusted for discard and discard mortality
 #wt and selex for gender,fleet: 1 1 1_CA_TWL
 0.00896709 0.0145467 0.0496835 0.105835 0.18263 0.276773 0.384099 0.500773 0.623651 0.750349 0.87925 1.00949 1.14084 1.27346 1.40763 1.54351 1.681 1.81969 1.95893 2.09789 2.23568 2.37146 2.50444 2.63397 2.75955 2.88076 2.99736 3.10916 3.21607 3.31807 3.41518 3.50748 3.59505 3.67803 3.75655 3.83076 3.90083 3.96692 4.0292 4.08784 4.14302 4.1949 4.24364 4.28942 4.33239 4.37269 4.41048 4.4459 4.47908 4.51015 4.53924 4.56647 4.59194 4.61577 4.63804 4.65887 4.67833 4.69652 4.71352 4.72939 4.74422 4.75806 4.77099 4.78306 4.79432 4.80484 4.81465 4.8238 4.83234 4.84031 4.84782 4.85489 4.86149 4.86765 4.87339 4.87874 4.88373 4.88839 4.89273 4.89677 4.90055 4.90407 4.90735 4.9104 4.91325 4.91591 4.91839 4.9207 4.92285 4.92486 4.92673 4.92847 4.93009 4.93161 4.93302 4.93434 4.93556 4.93671 4.93777 4.93876 4.94026
 0 0.00038462 0.00155297 0.0063187 0.0195565 0.047973 0.0975066 0.170437 0.264023 0.371247 0.482963 0.590314 0.686533 0.767746 0.83283 0.882717 0.919525 0.945818 0.964093 0.976508 0.984784 0.990217 0.993741 0.996007 0.997453 0.998374 0.998958 0.999329 0.999565 0.999716 0.999812 0.999875 0.999915 0.999942 0.999959 0.999971 0.999979 0.999984 0.999988 0.999991 0.999993 0.999994 0.999995 0.999995 0.999996 0.999996 0.999996 0.999997 0.999997 0.999997 0.999997 0.999997 0.999997 0.999997 0.999997 0.999997 0.999997 0.999997 0.999997 0.999997 0.999997 0.999997 0.999997 0.999997 0.999997 0.999997 0.999997 0.999997 0.999997 0.999997 0.999997 0.999997 0.999997 0.999997 0.999997 0.999997 0.999997 0.999997 0.999997 0.999997 0.999997 0.999997 0.999997 0.999997 0.999997 0.999997 0.999997 0.999997 0.999997 0.999997 0.999997 0.999997 0.999997 0.999997 0.999997 0.999997 0.999997 0.999997 0.999997 0.999997 0.999997
 #wt and selex for gender,fleet: 1 3 3_CA_REC
 0.00896709 0.0139731 0.0441326 0.0939606 0.162914 0.24867 0.347989 0.457674 0.574951 0.697651 0.824335 0.954299 1.08737 1.22356 1.36278 1.50467 1.64853 1.79343 1.93833 2.08216 2.22397 2.3629 2.4983 2.62962 2.7565 2.87864 2.99589 3.10814 3.21537 3.31758 3.41484 3.50724 3.59489 3.67791 3.75646 3.8307 3.90078 3.96688 4.02917 4.08782 4.143 4.19489 4.24364 4.28942 4.33238 4.37269 4.41048 4.4459 4.47908 4.51015 4.53924 4.56647 4.59194 4.61577 4.63804 4.65887 4.67834 4.69652 4.71352 4.72939 4.74422 4.75806 4.77099 4.78306 4.79432 4.80484 4.81465 4.8238 4.83234 4.84031 4.84782 4.8549 4.86149 4.86765 4.87339 4.87874 4.88373 4.88839 4.89273 4.89678 4.90055 4.90407 4.90735 4.9104 4.91326 4.91591 4.91839 4.9207 4.92285 4.92486 4.92673 4.92847 4.9301 4.93161 4.93302 4.93434 4.93556 4.93671 4.93777 4.93876 4.94026
 0 0.00447138 0.012144 0.0326657 0.0725062 0.13638 0.224138 0.330299 0.445746 0.560366 0.665459 0.755263 0.827365 0.882169 0.921889 0.949518 0.968076 0.980177 0.987873 0.992668 0.995606 0.997383 0.998447 0.999079 0.999454 0.999675 0.999805 0.999883 0.999929 0.999956 0.999973 0.999983 0.999989 0.999993 0.999995 0.999997 0.999998 0.999998 0.999999 0.999999 0.999999 0.999999 0.999999 0.999999 0.999999 0.999999 0.999999 0.999999 0.999999 0.999999 0.999999 0.999999 0.999999 0.999999 0.999999 0.999999 0.999999 0.999999 0.999999 0.999999 0.999999 0.999999 0.999999 0.999999 0.999999 0.999999 0.999999 0.999999 0.999999 0.999999 0.999999 0.999999 0.999999 0.999999 0.999999 0.999999 0.999999 0.999999 0.999999 0.999999 0.999999 0.999999 0.999999 0.999999 0.999999 0.999999 0.999999 0.999999 0.999999 0.999999 0.999999 0.999999 0.999999 0.999999 0.999999 0.999999 0.999999 0.999999 0.999999 0.999999 0.999999
 #wt and selex for gender,fleet: 1 4 4_ORWA_TWL
 0.00896709 0.0135613 0.039671 0.0847109 0.148757 0.230564 0.327874 0.438081 0.558609 0.687096 0.821475 0.960002 1.10127 1.24422 1.38806 1.53219 1.67615 1.81947 1.96168 2.10228 2.24074 2.37651 2.50909 2.63804 2.76297 2.88357 2.99962 3.11095 3.21747 3.31916 3.41603 3.50813 3.59556 3.67843 3.75686 3.831 3.90102 3.96707 4.02932 4.08794 4.1431 4.19496 4.2437 4.28947 4.33242 4.37272 4.41051 4.44592 4.4791 4.51017 4.53926 4.56648 4.59195 4.61578 4.63805 4.65888 4.67834 4.69653 4.71352 4.7294 4.74422 4.75807 4.771 4.78306 4.79433 4.80484 4.81465 4.82381 4.83235 4.84032 4.84782 4.8549 4.8615 4.86765 4.87339 4.87874 4.88373 4.88839 4.89273 4.89678 4.90055 4.90407 4.90735 4.91041 4.91326 4.91591 4.91839 4.9207 4.92285 4.92486 4.92673 4.92847 4.9301 4.93161 4.93302 4.93434 4.93556 4.93671 4.93777 4.93877 4.94026
 0 0.0163188 0.0325178 0.0622802 0.106836 0.166514 0.239508 0.322259 0.410253 0.498852 0.58394 0.662307 0.731811 0.791362 0.840792 0.880645 0.911939 0.935936 0.953954 0.967237 0.976877 0.983781 0.988672 0.992108 0.994506 0.996172 0.997327 0.998126 0.99868 0.999064 0.999332 0.999519 0.999651 0.999744 0.999811 0.999858 0.999892 0.999918 0.999936 0.99995 0.99996 0.999968 0.999973 0.999978 0.999981 0.999984 0.999986 0.999988 0.999989 0.99999 0.999991 0.999992 0.999992 0.999993 0.999993 0.999994 0.999994 0.999994 0.999994 0.999995 0.999995 0.999995 0.999995 0.999995 0.999995 0.999995 0.999995 0.999995 0.999995 0.999995 0.999995 0.999995 0.999995 0.999995 0.999995 0.999995 0.999995 0.999995 0.999995 0.999995 0.999995 0.999995 0.999995 0.999995 0.999995 0.999995 0.999995 0.999995 0.999995 0.999995 0.999995 0.999995 0.999995 0.999995 0.999995 0.999995 0.999995 0.999995 0.999995 0.999995 0.999995
 #wt and selex for gender,fleet: 1 5 5_ORWA_NONTWL
 0.00896709 0.0140475 0.0451451 0.0970242 0.169698 0.261065 0.367834 0.486585 0.614206 0.748052 0.885969 1.02625 1.1676 1.30909 1.45012 1.59032 1.72947 1.86741 2.00395 2.13887 2.27187 2.40259 2.53065 2.65565 2.7772 2.89498 3.00871 3.11816 3.22318 3.32367 3.41959 3.51095 3.5978 3.68021 3.75828 3.83215 3.90194 3.96782 4.02993 4.08845 4.14352 4.19532 4.244 4.28972 4.33264 4.37291 4.41067 4.44606 4.47922 4.51028 4.53936 4.56657 4.59203 4.61585 4.63812 4.65894 4.6784 4.69658 4.71357 4.72945 4.74427 4.75811 4.77103 4.7831 4.79436 4.80487 4.81468 4.82384 4.83238 4.84035 4.84785 4.85493 4.86152 4.86768 4.87342 4.87877 4.88376 4.88842 4.89276 4.8968 4.90058 4.90409 4.90737 4.91043 4.91328 4.91594 4.91842 4.92072 4.92288 4.92488 4.92675 4.9285 4.93012 4.93164 4.93305 4.93436 4.93559 4.93673 4.9378 4.93879 4.94029
 0 0.00106965 0.00308905 0.00909289 0.0222838 0.0464624 0.084708 0.138285 0.206183 0.285371 0.371525 0.459897 0.546072 0.626478 0.698648 0.761241 0.813904 0.857042 0.891556 0.918612 0.939452 0.955268 0.967121 0.975917 0.982392 0.98713 0.990583 0.993093 0.994915 0.99624 0.997204 0.997907 0.998423 0.998802 0.999083 0.999291 0.999448 0.999566 0.999655 0.999724 0.999776 0.999817 0.99985 0.999875 0.999895 0.999911 0.999924 0.999935 0.999943 0.99995 0.999956 0.999961 0.999965 0.999969 0.999972 0.999974 0.999976 0.999978 0.99998 0.999981 0.999983 0.999984 0.999985 0.999985 0.999986 0.999987 0.999987 0.999988 0.999988 0.999989 0.999989 0.999989 0.99999 0.99999 0.99999 0.99999 0.99999 0.99999 0.99999 0.999991 0.999991 0.999991 0.999991 0.999991 0.999991 0.999991 0.999991 0.999991 0.999991 0.999991 0.999991 0.999991 0.999991 0.999991 0.999991 0.999992 0.999992 0.999992 0.999992 0.999992 0.999992
 #wt and selex for gender,fleet: 1 6 6_OR_REC
 0.00896709 0.0170623 0.0645029 0.130669 0.213763 0.3071 0.40534 0.505395 0.606744 0.710977 0.820546 0.937522 1.06289 1.19636 1.33666 1.4819 1.63005 1.77923 1.92786 2.07467 2.21869 2.3592 2.49568 2.62771 2.75504 2.87747 2.99488 3.10723 3.2145 3.31673 3.414 3.50639 3.59402 3.67703 3.75557 3.82979 3.89985 3.96594 4.02821 4.08684 4.14201 4.19388 4.24262 4.28839 4.33134 4.37164 4.40942 4.44483 4.47801 4.50908 4.53816 4.56538 4.59085 4.61467 4.63694 4.65776 4.67722 4.69541 4.7124 4.72827 4.74309 4.75694 4.76986 4.78193 4.79319 4.8037 4.81351 4.82266 4.8312 4.83917 4.84667 4.85374 4.86034 4.86649 4.87223 4.87758 4.88257 4.88722 4.89156 4.8956 4.89937 4.90289 4.90617 4.90923 4.91207 4.91473 4.91721 4.91951 4.92167 4.92367 4.92554 4.92728 4.92891 4.93042 4.93183 4.93315 4.93437 4.93551 4.93658 4.93757 4.93907
 0 2.31348e-05 0.000330772 0.00346773 0.0194558 0.0676872 0.164819 0.307878 0.472829 0.629751 0.758164 0.851581 0.913549 0.951761 0.973983 0.9863 0.992853 0.99621 0.997859 0.998623 0.998939 0.999032 0.999016 0.998947 0.998854 0.998751 0.998644 0.998537 0.998432 0.99833 0.998232 0.998137 0.998046 0.997959 0.997877 0.997798 0.997724 0.997653 0.997586 0.997523 0.997463 0.997407 0.997354 0.997304 0.997257 0.997213 0.997171 0.997132 0.997096 0.997061 0.997029 0.996999 0.996971 0.996944 0.99692 0.996897 0.996875 0.996855 0.996836 0.996818 0.996802 0.996786 0.996772 0.996758 0.996746 0.996734 0.996723 0.996713 0.996703 0.996694 0.996686 0.996678 0.996671 0.996664 0.996657 0.996651 0.996646 0.99664 0.996635 0.996631 0.996627 0.996623 0.996619 0.996616 0.996612 0.996609 0.996607 0.996604 0.996602 0.996599 0.996597 0.996595 0.996593 0.996592 0.99659 0.996589 0.996587 0.996586 0.996585 0.996584 0.996582
 #wt and selex for gender,fleet: 1 7 7_WA_REC
 0.00896709 0.0177364 0.0689415 0.142154 0.236258 0.343891 0.458689 0.576156 0.693582 0.809881 0.925382 1.04137 1.15947 1.2811 1.40712 1.53771 1.67239 1.81016 1.94975 2.08978 2.22894 2.3661 2.50033 2.6309 2.75729 2.87914 2.9962 3.10833 3.21549 3.31766 3.41489 3.50727 3.59491 3.67792 3.75647 3.83071 3.90079 3.96689 4.02917 4.08782 4.143 4.19489 4.24364 4.28942 4.33238 4.37269 4.41048 4.4459 4.47908 4.51015 4.53924 4.56647 4.59194 4.61577 4.63804 4.65887 4.67834 4.69652 4.71352 4.72939 4.74422 4.75806 4.77099 4.78306 4.79432 4.80484 4.81465 4.8238 4.83234 4.84031 4.84782 4.8549 4.86149 4.86765 4.87339 4.87874 4.88373 4.88839 4.89273 4.89678 4.90055 4.90407 4.90735 4.9104 4.91326 4.91591 4.91839 4.9207 4.92285 4.92486 4.92673 4.92847 4.9301 4.93161 4.93302 4.93434 4.93556 4.93671 4.93777 4.93876 4.94026
 0 1.24743e-06 2.46186e-05 0.000359747 0.00278266 0.0130669 0.0418917 0.100466 0.19311 0.313362 0.446662 0.576797 0.69144 0.784358 0.854731 0.905156 0.939686 0.96247 0.977054 0.986164 0.991743 0.995108 0.997114 0.998301 0.998999 0.999408 0.999648 0.99979 0.999873 0.999923 0.999952 0.99997 0.999981 0.999988 0.999992 0.999994 0.999996 0.999997 0.999998 0.999998 0.999999 0.999999 0.999999 0.999999 0.999999 0.999999 0.999999 0.999999 0.999999 0.999999 0.999999 0.999999 0.999999 0.999999 0.999999 0.999999 0.999999 0.999999 0.999999 0.999999 0.999999 0.999999 0.999999 0.999999 0.999999 0.999999 0.999999 0.999999 0.999999 0.999999 0.999999 0.999999 0.999999 0.999999 0.999999 0.999999 0.999999 0.999999 0.999999 0.999999 0.999999 0.999999 0.999999 0.999999 0.999999 0.999999 0.999999 0.999999 0.999999 0.999999 0.999999 0.999999 0.999999 0.999999 0.999999 0.999999 0.999999 0.999999 0.999999 0.999999 0.999999
# Sex ratio correction
1
# M and current age-structure in year Yinit: 2011
 # gender = 1
 0.0439034 0.0439034 0.0439034 0.0439034 0.0439034 0.0439034 0.0439034 0.0439034 0.0439034 0.0439034 0.0439034 0.0439034 0.0439034 0.0439034 0.0439034 0.0439034 0.0439034 0.0439034 0.0439034 0.0439034 0.0439034 0.0439034 0.0439034 0.0439034 0.0439034 0.0439034 0.0439034 0.0439034 0.0439034 0.0439034 0.0439034 0.0439034 0.0439034 0.0439034 0.0439034 0.0439034 0.0439034 0.0439034 0.0439034 0.0439034 0.0439034 0.0439034 0.0439034 0.0439034 0.0439034 0.0439034 0.0439034 0.0439034 0.0439034 0.0439034 0.0439034 0.0439034 0.0439034 0.0439034 0.0439034 0.0439034 0.0439034 0.0439034 0.0439034 0.0439034 0.0439034 0.0439034 0.0439034 0.0439034 0.0439034 0.0439034 0.0439034 0.0439034 0.0439034 0.0439034 0.0439034 0.0439034 0.0439034 0.0439034 0.0439034 0.0439034 0.0439034 0.0439034 0.0439034 0.0439034 0.0439034 0.0439034 0.0439034 0.0439034 0.0439034 0.0439034 0.0439034 0.0439034 0.0439034 0.0439034 0.0439034 0.0439034 0.0439034 0.0439034 0.0439034 0.0439034 0.0439034 0.0439034 0.0439034 0.0439034 0.0439034
 320.168 358.721 266.611 365.976 215.306 141.001 90.6089 64.918 115.843 290.601 70.1395 51.624 89.8525 60.2067 32.3471 26.889 28.6598 65.6467 68.4105 28.0102 21.8797 22.4747 23.467 23.8969 25.613 27.7785 35.1294 36.3283 22.9951 27.7549 19.7928 14.6148 10.2105 7.8429 9.046 9.21041 8.34745 4.73243 4.35971 5.45761 7.86595 4.67137 3.63194 2.91986 2.26598 1.85953 1.45836 1.20585 1.14508 1.21633 1.33494 1.36382 1.2473 1.09133 0.965623 0.880903 0.836358 0.830406 0.862883 0.935787 1.04683 1.1723 1.24346 1.18721 1.04143 0.892756 0.775072 0.688955 0.626988 0.581258 0.54649 0.519168 0.497122 0.478767 0.46256 0.447182 0.431627 0.41552 0.398988 0.382552 0.366798 0.352194 0.338894 0.326893 0.315965 0.305754 0.295754 0.285953 0.276153 0.266257 0.256239 0.246115 0.235953 0.225873 0.215897 0.206156 0.196731 0.187667 0.178992 0.17072 3.68117
# Age-structure at Ydeclare= 2013
 191.548 193.009 293.252 328.559 244.183 335.152 197.125 129.039 82.867 59.3207 105.755 265.042 63.916 47.0099 81.7757 54.7718 29.4183 24.4494 26.0559 59.6768 62.1856 25.4605 19.8875 20.428 21.3297 21.7203 23.2798 25.2476 31.9282 33.0172 20.8988 25.2241 17.9875 13.2815 9.2788 7.1271 8.22025 8.3695 7.5852 4.30022 3.96147 4.95901 7.14722 4.24448 3.3 2.65297 2.05883 1.68953 1.32502 1.09559 1.04037 1.1051 1.21286 1.23909 1.13323 0.991521 0.87731 0.800337 0.759865 0.754458 0.783964 0.850199 0.951086 1.06508 1.12973 1.07863 0.946181 0.811102 0.704182 0.625941 0.569642 0.528094 0.496506 0.471683 0.451654 0.434977 0.420253 0.406281 0.392149 0.377515 0.362495 0.347563 0.33325 0.319981 0.307898 0.296995 0.287066 0.277789 0.268704 0.259799 0.250895 0.241905 0.232803 0.223605 0.214372 0.205215 0.196151 0.187301 0.178738 0.170503 3.66222
# Year for Tmin Age-structure (set to Ydecl by SS)
2013
#  recruitment and biomass
# Number of historical assessment years
137
# Historical data
# year recruitment spawner in B0 in R project in R/S project
1888  1889 1890 1891 1892 1893 1894 1895 1896 1897 1898 1899 1900 1901 1902 1903 1904 1905 1906 1907 1908 1909 1910 1911 1912 1913 1914 1915 1916 1917 1918 1919 1920 1921 1922 1923 1924 1925 1926 1927 1928 1929 1930 1931 1932 1933 1934 1935 1936 1937 1938 1939 1940 1941 1942 1943 1944 1945 1946 1947 1948 1949 1950 1951 1952 1953 1954 1955 1956 1957 1958 1959 1960 1961 1962 1963 1964 1965 1966 1967 1968 1969 1970 1971 1972 1973 1974 1975 1976 1977 1978 1979 1980 1981 1982 1983 1984 1985 1986 1987 1988 1989 1990 1991 1992 1993 1994 1995 1996 1997 1998 1999 2000 2001 2002 2003 2004 2005 2006 2007 2008 2009 2010 2011 2012 2013 2014 2015 2016 2017 2018 2019 2020 2021 2022 2023 2024 #years (with first value representing R0)
218.576 221.961 222.08 222.204 222.332 222.457 222.586 222.72 222.865 223.017 223.176 223.341 223.514 223.694 223.882 224.075 224.279 224.495 224.724 224.977 225.249 225.541 225.851 226.174 226.509 226.837 227.136 227.365 227.478 227.417 227.105 226.43 225.406 223.962 222.081 219.79 217.148 214.248 211.242 208.13 205.226 202.694 200.593 198.846 197.304 195.693 193.737 191.252 188.27 185.03 181.973 179.575 178.285 178.471 180.587 185.373 193.891 207.661 227.743 252.959 274.555 273.757 245.673 208.794 177.617 155.835 142.671 136.673 136.881 142.621 153.137 166.17 172.348 159.838 137.773 122.461 121.45 137.871 164.387 186.433 222.369 254.441 299.022 456.701 285.248 203.578 195.97 304.32 293.472 250.046 186.606 207.435 251.516 286.501 335.944 231.895 304.959 246.014 163.268 127.458 101.819 86.7205 73.0804 63.5247 73.6922 165.359 147.549 60.4512 53.5869 61.1646 108.311 154.02 84.4039 109.449 433.059 164.956 88.3773 117.98 175.652 256.66 417.508 291.081 374.821 320.168 201.671 191.548 110.292 131.269 110.945 140.839 148.203 166.91 171.176 175.645 180.154 182.772 184.922  #recruits; first value is R0 (virgin)
1104.95  1104.95 1104.95 1104.93 1104.9 1104.44 1103.98 1103.52 1103.37 1103.29 1103.21 1103.15 1103.09 1103.03 1102.99 1102.97 1102.97 1102.99 1103.04 1103.12 1103.22 1103.22 1103.36 1103.51 1103.67 1103.85 1104.03 1104.23 1104.36 1104.57 1104.64 1102.66 1102.28 1102.02 1101.85 1101.97 1102.03 1101.56 1100.75 1099.15 1096.84 1094.63 1092.9 1090.82 1089.77 1088.88 1087.98 1086.52 1085.02 1082.51 1080.22 1077.57 1075.48 1072.16 1067.26 1061.92 1051.97 1041.23 1025.14 1010.23 1002.99 994.905 988.419 981.059 972.032 964.152 957.997 950.766 943.915 937.082 929.196 922.11 916.173 911.434 908.542 904.945 902.966 902.187 891.607 888.19 882.951 877.242 862.787 853.083 840.008 823.56 806.035 786.47 767.038 744.748 722.718 687.996 651.627 623.944 588.759 533.278 504.259 482.354 455.359 433.24 406.032 382.217 352.828 332.256 296.574 264.62 234.111 217.549 201.252 183.498 162.847 155.753 144.8 146.57 147.378 153.533 159.815 166.491 173.192 180.312 186.918 194.002 201.039 208.779 217.126 226.04 236.067 246.999 258.599 271.312 284.157 298.52 313.99 331.567 350.334 368.821 387.129 #spbio; first value is SSB_virgin (virgin)
1 0 0 0 0 0 0 0 0 0 0 0 0 0 0 0 0 0 0 0 0 0 0 0 0 0 0 0 0 0 0 0 0 0 0 0 0 0 0 0 0 0 0 0 0 0 0 0 0 0 0 0 0 0 0 0 0 0 0 0 0 0 0 0 0 0 0 0 0 0 0 0 0 0 0 0 0 0 0 0 0 0 0 0 0 0 0 0 0 0 0 0 0 0 0 0 0 0 0 0 0 0 0 0 0 0 0 0 0 0 0 0 0 0 0 0 0 0 0 0 0 0 0 0 0 0 0 0 0 0 0 0 0 0 0 0 0  # in Bzero
0 1 1 1 1 1 1 1 1 1 1 1 1 1 1 1 1 1 1 1 1 1 1 1 1 1 1 1 1 1 1 1 1 1 1 1 1 1 1 1 1 1 1 1 1 1 1 1 1 1 1 1 1 1 1 1 1 1 1 1 1 1 1 1 1 1 1 1 1 1 1 1 1 1 1 1 1 1 1 1 1 1 1 1 1 1 1 1 1 1 1 1 1 1 1 1 1 1 1 1 1 1 1 1 1 1 1 1 1 1 1 1 1 1 1 1 1 1 1 1 1 1 1 1 1 1 1 1 1 1 1 1 1 1  0 0 0 # in R project
0 1 1 1 1 1 1 1 1 1 1 1 1 1 1 1 1 1 1 1 1 1 1 1 1 1 1 1 1 1 1 1 1 1 1 1 1 1 1 1 1 1 1 1 1 1 1 1 1 1 1 1 1 1 1 1 1 1 1 1 1 1 1 1 1 1 1 1 1 1 1 1 1 1 1 1 1 1 1 1 1 1 1 1 1 1 1 1 1 1 1 1 1 1 1 1 1 1 1 1 1 1 1 1 1 1 1 1 1 1 1 1 1 1 1 1 1 1 1 1 1 1 1 1 1 1 1 1 1 1 1 1 1 1  0 0 0 # in R/S project
# Number of years with pre-specified catches
0
# catches for years with pre-specified catches go next
# Number of future recruitments to override
-2
# Process for overiding (-1 for average otherwise index in data list)
# Which probability to product detailed results for (1=0.5; 2=0.6; etc.)
3
# Steepness sigma-R Auto-correlation
0.718 0.5 0
# Target SPR rate (FMSY Proxy); manually change to SPR_MSY if not using SPR_target
0.5
# Discount rate (for cumulative catch)
0.1
# Truncate the series when 0.4B0 is reached (1=Yes)
0
# Set F to FMSY once 0.4B0 is reached (1=Yes)
0
# Maximum possible F for projection (-1 to set to FMSY)
-1
# Defintion of recovery (1=now only;2=now or before)
2
# Projection type
4
# Definition of the 40-10 rule
10 40
# Sigma Assessment Error (Base, Year1, Slope, MaxSigma)
1.0 2025 0.075 2.0
# Pstar
0.45
# Constrain catches by the ABC (1=yes, 2=no)
2
# Implementation Error (0=no; 1=lognormal; 2=uniform)
0
#Parameters of Implementaion Error
1 0.3
# Calculate coefficients of variation (1=Yes)
0
# Number of replicates to use
10
# Random number seed
-99004
# File with multiple parameter vectors 
rebuild.SSO
# User-specific projection (1=Yes); Output replaced (1->9)
0  5
# Catches and Fs (Year; 1/2/3 (F or C or SPR); value); Final row is -1
2024 1 1
-1 -1 -1
# Fixed catch project (1=Yes); Output replaced (1->9); Approach (-1=Read in else 1-9)
0 2 -1
# (48a) Special catch options (1-Yes) [CUT_OFF, Emsy, distribution, MAXCAT, Add, replace_code]
0 0.18 1.00 1.00 0 6
# (48b) B1Target
150000
# Split of Fs
2011  0.0169956
 0
 0.399656
 0.0245481
 0.182133
 0.196599
 0.180069
-1  1 1 1 1 1 1 1 1 1 1 1 1
# Yrs to define T_target for projection type 4 (a.k.a. 5 pre-specified inputs)
2030 2031 2032 2033 2034 
# Year for probability of recovery
2034 2035 2036 2037 2038 2039 2040 2041
# Time varying weight-at-age (1=Yes;0=No)
0
# File with time series of weight-at-age data
none
# Use bisection (0) or linear interpolation (1)
1
# Target Depletion
0.4
# CV of implementation error
0
