#Title, #runnumber: 1 yelloweye_data.ss yelloweye_control.ss 5869.91 1079.51 343.864 StartTime: Tue May 13 00:55:33 2025
SSv3_default_rebuild.dat
# Number of sexes
1
# Age range to consider (minimum age; maximum age)
0 100
# Number of fleets
7
# First year of projection (Yinit)
2011
# First Year of rebuilding period (Ydecl)
2013
# Number of simulations
1000
# Maximum number of years
500
# Conduct projections with multiple starting values (0=No;else yes)
0
# Number of parameter vectors
1000
# Is the maximum age a plus-group (1=Yes;2=No)
1
# Generate future recruitments using historical recruitments (1)  historical recruits/spawner (2)  or a stock-recruitment (3)
3
# Constant fishing mortality (1) or constant Catch (2) projections
1
# Fishing mortality based on SPR (1) or actual rate (2)
1
# Pre-specify the year of recovery (or -1) to ignore
-1
# Fecundity-at-age
# 0 1 2 3 4 5 6 7 8 9 10 11 12 13 14 15 16 17 18 19 20 21 22 23 24 25 26 27 28 29 30 31 32 33 34 35 36 37 38 39 40 41 42 43 44 45 46 47 48 49 50 51 52 53 54 55 56 57 58 59 60 61 62 63 64 65 66 67 68 69 70 71 72 73 74 75 76 77 78 79 80 81 82 83 84 85 86 87 88 89 90 91 92 93 94 95 96 97 98 99 100 #runnumber: 1 yelloweye_data.ss yelloweye_control.ss 5869.91 1079.51 343.864
 0 0 2.5024e-08 3.29537e-07 3.05491e-06 2.16712e-05 0.000122329 0.0005542 0.00200877 0.00586564 0.0141044 0.0287669 0.0512686 0.0819697 0.120172 0.16443 0.212975 0.264069 0.31623 0.368329 0.419579 0.469488 0.51778 0.564328 0.609098 0.652108 0.693399 0.733023 0.77103 0.80747 0.842387 0.87582 0.907808 0.938386 0.96759 0.995456 1.02202 1.04732 1.07139 1.09427 1.11601 1.13664 1.1562 1.17474 1.19229 1.2089 1.2246 1.23945 1.25347 1.26671 1.2792 1.29098 1.30209 1.31255 1.32241 1.3317 1.34044 1.34866 1.3564 1.36368 1.37052 1.37696 1.383 1.38868 1.39402 1.39903 1.40374 1.40816 1.41231 1.41621 1.41986 1.42338 1.42669 1.42978 1.43269 1.43542 1.43798 1.44038 1.44263 1.44474 1.44672 1.44857 1.45031 1.45194 1.45347 1.4549 1.45625 1.45751 1.45869 1.45979 1.46083 1.4618 1.46271 1.46356 1.46436 1.46511 1.46582 1.46647 1.46709 1.46767 1.46857 #female fecundity; weighted by N in year Y_init across morphs and areas
# Age specific selectivity and weight adjusted for discard and discard mortality
 #wt and selex for gender,fleet: 1 1 1_CA_TWL
 0.0107064 0.0206698 0.0583584 0.114511 0.188573 0.277533 0.377936 0.486682 0.601272 0.71988 0.8414 0.965416 1.09204 1.22161 1.35445 1.49063 1.62984 1.77147 1.91462 2.05828 2.20141 2.34303 2.4823 2.61856 2.75125 2.87997 3.00444 3.12446 3.23992 3.35075 3.45693 3.55849 3.65548 3.74798 3.83608 3.9199 3.99956 4.07518 4.14691 4.21489 4.27926 4.34017 4.39777 4.45221 4.50362 4.55215 4.59793 4.64111 4.68181 4.72015 4.75627 4.79028 4.82228 4.85239 4.88072 4.90736 4.9324 4.95594 4.97806 4.99884 5.01836 5.03669 5.0539 5.07006 5.08524 5.09948 5.11284 5.12538 5.13714 5.14818 5.15864 5.16854 5.17782 5.18653 5.1947 5.20235 5.20953 5.21626 5.22257 5.22849 5.23404 5.23923 5.24411 5.24867 5.25296 5.25697 5.26073 5.26425 5.26755 5.27065 5.27355 5.27626 5.27881 5.28119 5.28343 5.28552 5.28749 5.28932 5.29105 5.29266 5.29518
 0 0.00116603 0.00434131 0.0142564 0.0371362 0.0796019 0.145616 0.234357 0.340124 0.454037 0.566487 0.669361 0.757367 0.828307 0.882553 0.922131 0.949829 0.968505 0.980687 0.988404 0.993165 0.996036 0.997733 0.998718 0.999281 0.9996 0.999778 0.999877 0.999932 0.999962 0.999978 0.999987 0.999992 0.999995 0.999997 0.999997 0.999998 0.999998 0.999998 0.999998 0.999998 0.999998 0.999998 0.999998 0.999998 0.999998 0.999998 0.999998 0.999998 0.999998 0.999998 0.999998 0.999998 0.999998 0.999998 0.999997 0.999997 0.999997 0.999997 0.999997 0.999997 0.999997 0.999997 0.999997 0.999997 0.999997 0.999997 0.999997 0.999997 0.999997 0.999997 0.999997 0.999997 0.999997 0.999997 0.999997 0.999997 0.999997 0.999997 0.999997 0.999997 0.999997 0.999997 0.999997 0.999997 0.999997 0.999997 0.999997 0.999997 0.999997 0.999997 0.999997 0.999997 0.999997 0.999997 0.999997 0.999997 0.999997 0.999997 0.999997 0.999997
 #wt and selex for gender,fleet: 1 3 3_CA_REC
 0.0106369 0.019377 0.052887 0.104236 0.173015 0.257037 0.3535 0.459686 0.573239 0.692284 0.815503 0.942159 1.07199 1.205 1.34119 1.48043 1.62227 1.76604 1.91086 2.05575 2.19975 2.34197 2.48165 2.61816 2.75101 2.87983 3.00436 3.12442 3.23989 3.35073 3.45692 3.55848 3.65548 3.74798 3.83608 3.9199 3.99956 4.07518 4.14691 4.21489 4.27926 4.34017 4.39778 4.45221 4.50362 4.55215 4.59793 4.64111 4.68181 4.72016 4.75627 4.79028 4.82228 4.85239 4.88072 4.90736 4.9324 4.95594 4.97806 4.99884 5.01836 5.03669 5.0539 5.07007 5.08524 5.09948 5.11284 5.12538 5.13715 5.14818 5.15864 5.16854 5.17782 5.18653 5.1947 5.20235 5.20953 5.21626 5.22258 5.22849 5.23404 5.23924 5.24411 5.24868 5.25296 5.25697 5.26073 5.26425 5.26755 5.27065 5.27355 5.27626 5.27881 5.28119 5.28343 5.28552 5.28749 5.28932 5.29105 5.29266 5.29518
 0 0.00561481 0.015031 0.0367865 0.0761956 0.136811 0.218371 0.316545 0.424119 0.532832 0.635138 0.725446 0.800676 0.860134 0.90494 0.93728 0.959732 0.974785 0.984563 0.990739 0.994543 0.996834 0.998188 0.998974 0.999425 0.999679 0.999822 0.999901 0.999945 0.99997 0.999983 0.99999 0.999994 0.999997 0.999998 0.999999 0.999999 0.999999 0.999999 0.999999 0.999999 0.999999 0.999999 0.999999 0.999999 0.999999 0.999999 0.999999 0.999999 0.999999 0.999999 0.999999 0.999999 0.999999 0.999999 0.999999 0.999999 0.999999 0.999999 0.999999 0.999999 0.999999 0.999999 0.999999 0.999999 0.999999 0.999999 0.999999 0.999999 0.999999 0.999999 0.999999 0.999999 0.999999 0.999999 0.999999 0.999999 0.999999 0.999999 0.999999 0.999999 0.999999 0.999999 0.999999 0.999999 0.999999 0.999999 0.999999 0.999999 0.999999 0.999999 0.999999 0.999999 0.999999 0.999999 0.999999 0.999999 0.999999 0.999999 0.999999 0.999999
 #wt and selex for gender,fleet: 1 4 4_ORWA_TWL
 0.0105955 0.0185902 0.0491828 0.0971 0.162088 0.242509 0.336055 0.440333 0.553135 0.672581 0.797203 0.926001 1.05839 1.19407 1.33279 1.47424 1.6179 1.76308 1.90893 2.05455 2.19902 2.34155 2.48141 2.61803 2.75094 2.8798 3.00434 3.12441 3.23989 3.35073 3.45692 3.55848 3.65548 3.74798 3.83608 3.9199 3.99955 4.07518 4.14691 4.21489 4.27926 4.34017 4.39777 4.45221 4.50362 4.55215 4.59793 4.64111 4.68181 4.72015 4.75627 4.79028 4.82228 4.85239 4.88072 4.90736 4.9324 4.95594 4.97806 4.99884 5.01836 5.03669 5.0539 5.07006 5.08524 5.09948 5.11284 5.12538 5.13714 5.14818 5.15864 5.16854 5.17782 5.18653 5.1947 5.20235 5.20953 5.21626 5.22257 5.22849 5.23404 5.23923 5.24411 5.24867 5.25296 5.25697 5.26073 5.26425 5.26755 5.27065 5.27355 5.27626 5.27881 5.28119 5.28343 5.28552 5.28749 5.28932 5.29105 5.29266 5.29518
 0 0.0169033 0.036431 0.0725526 0.12761 0.201661 0.291522 0.391501 0.494763 0.594671 0.685815 0.764585 0.829326 0.880109 0.918262 0.945809 0.964991 0.977914 0.986364 0.991743 0.995085 0.997118 0.998331 0.999044 0.999456 0.999693 0.999827 0.999903 0.999945 0.999969 0.999982 0.999989 0.999993 0.999995 0.999997 0.999997 0.999998 0.999998 0.999998 0.999998 0.999998 0.999998 0.999998 0.999998 0.999998 0.999998 0.999998 0.999998 0.999998 0.999998 0.999998 0.999998 0.999998 0.999998 0.999997 0.999997 0.999997 0.999997 0.999997 0.999997 0.999997 0.999997 0.999997 0.999997 0.999997 0.999997 0.999997 0.999997 0.999997 0.999997 0.999997 0.999997 0.999997 0.999997 0.999997 0.999997 0.999997 0.999997 0.999997 0.999997 0.999997 0.999997 0.999997 0.999997 0.999997 0.999997 0.999997 0.999997 0.999997 0.999997 0.999997 0.999997 0.999997 0.999997 0.999997 0.999997 0.999997 0.999997 0.999997 0.999997 0.999997
 #wt and selex for gender,fleet: 1 5 5_ORWA_NONTWL
 0.0106473 0.0195897 0.0542473 0.10801 0.180999 0.271215 0.375792 0.491776 0.616473 0.747571 0.883159 1.02169 1.16193 1.30291 1.44391 1.5844 1.72401 1.86249 1.99966 2.13536 2.2694 2.4016 2.53172 2.65949 2.78461 2.90681 3.02578 3.14127 3.25305 3.36095 3.46482 3.56457 3.66016 3.75158 3.83886 3.92204 4.00121 4.07647 4.14791 4.21567 4.27988 4.34067 4.39817 4.45252 4.50388 4.55236 4.59811 4.64125 4.68193 4.72025 4.75636 4.79035 4.82234 4.85245 4.88077 4.9074 4.93244 4.95597 4.97808 4.99886 5.01838 5.03671 5.05392 5.07008 5.08525 5.09949 5.11285 5.12539 5.13716 5.14819 5.15865 5.16855 5.17783 5.18654 5.19471 5.20236 5.20954 5.21627 5.22258 5.2285 5.23405 5.23924 5.24412 5.24868 5.25296 5.25698 5.26074 5.26426 5.26756 5.27065 5.27355 5.27627 5.27882 5.2812 5.28344 5.28553 5.28749 5.28933 5.29105 5.29267 5.29519
 0 0.00112504 0.00321968 0.00860943 0.0196804 0.0392061 0.0695702 0.112089 0.166646 0.231715 0.304688 0.382349 0.461355 0.53863 0.611629 0.678477 0.737997 0.789658 0.833467 0.869837 0.899453 0.923149 0.94181 0.956299 0.967408 0.975832 0.982159 0.986873 0.990361 0.99293 0.994813 0.99619 0.997195 0.997929 0.998465 0.998857 0.999144 0.999355 0.999511 0.999626 0.999712 0.999777 0.999826 0.999863 0.999891 0.999912 0.999929 0.999942 0.999952 0.999961 0.999967 0.999972 0.999976 0.99998 0.999983 0.999985 0.999987 0.999988 0.99999 0.999991 0.999992 0.999992 0.999993 0.999994 0.999994 0.999995 0.999995 0.999995 0.999996 0.999996 0.999996 0.999996 0.999996 0.999996 0.999996 0.999997 0.999997 0.999997 0.999997 0.999997 0.999997 0.999997 0.999997 0.999997 0.999997 0.999997 0.999997 0.999997 0.999997 0.999997 0.999997 0.999997 0.999997 0.999997 0.999997 0.999997 0.999997 0.999997 0.999997 0.999997 0.999997
 #wt and selex for gender,fleet: 1 6 6_OR_REC
 0.0110773 0.0267307 0.0762429 0.143336 0.225438 0.316843 0.413063 0.511375 0.611011 0.712954 0.819159 0.931623 1.05169 1.17971 1.31508 1.45643 1.60202 1.75006 1.89891 2.04718 2.19379 2.3379 2.47887 2.61623 2.74962 2.87876 3.00348 3.12363 3.23916 3.35001 3.4562 3.55776 3.65474 3.74722 3.83531 3.91912 3.99876 4.07437 4.14608 4.21405 4.27841 4.33932 4.39691 4.45134 4.50274 4.55126 4.59704 4.64021 4.68091 4.71925 4.75536 4.78936 4.82136 4.85147 4.87979 4.90643 4.93147 4.955 4.97712 4.9979 5.01742 5.03575 5.05296 5.06912 5.08429 5.09853 5.11189 5.12443 5.1362 5.14723 5.15768 5.16758 5.17686 5.18557 5.19373 5.20138 5.20856 5.21529 5.2216 5.22751 5.23305 5.23825 5.24312 5.24769 5.25197 5.25598 5.25973 5.26326 5.26656 5.26965 5.27255 5.27526 5.27781 5.28019 5.28243 5.28452 5.28648 5.28832 5.29004 5.29165 5.29418
 0 4.85805e-05 0.00060203 0.0046636 0.021598 0.0671859 0.15442 0.282113 0.433152 0.58368 0.714318 0.815665 0.887398 0.934458 0.963421 0.980292 0.989655 0.994622 0.997141 0.998351 0.998885 0.999081 0.999112 0.999065 0.998981 0.998881 0.998775 0.998666 0.998559 0.998454 0.998351 0.998251 0.998155 0.998062 0.997973 0.997888 0.997806 0.997728 0.997654 0.997583 0.997516 0.997452 0.997391 0.997333 0.997279 0.997227 0.997179 0.997132 0.997089 0.997048 0.997009 0.996973 0.996938 0.996906 0.996875 0.996846 0.996819 0.996794 0.99677 0.996747 0.996726 0.996706 0.996688 0.99667 0.996654 0.996638 0.996624 0.99661 0.996597 0.996585 0.996574 0.996563 0.996553 0.996543 0.996534 0.996526 0.996518 0.996511 0.996504 0.996497 0.996491 0.996485 0.99648 0.996475 0.99647 0.996466 0.996462 0.996458 0.996454 0.996451 0.996448 0.996445 0.996442 0.996439 0.996437 0.996435 0.996433 0.99643 0.996429 0.996427 0.996424
 #wt and selex for gender,fleet: 1 7 7_WA_REC
 0.0110408 0.0263321 0.0770136 0.148701 0.239811 0.344658 0.458054 0.576051 0.695938 0.816073 0.935751 1.05506 1.17468 1.29556 1.41863 1.54462 1.67384 1.80619 1.94117 2.07797 2.21559 2.35298 2.48912 2.62312 2.75425 2.88191 3.00568 3.12525 3.24041 3.35105 3.45712 3.55861 3.65555 3.74802 3.83611 3.91992 3.99957 4.07519 4.14691 4.21489 4.27926 4.34018 4.39778 4.45221 4.50362 4.55215 4.59793 4.64111 4.68181 4.72016 4.75627 4.79028 4.82228 4.85239 4.88072 4.90736 4.9324 4.95594 4.97806 4.99884 5.01836 5.03669 5.0539 5.07007 5.08524 5.09948 5.11284 5.12538 5.13715 5.14818 5.15864 5.16854 5.17782 5.18653 5.1947 5.20235 5.20953 5.21626 5.22258 5.22849 5.23404 5.23924 5.24411 5.24868 5.25296 5.25697 5.26073 5.26425 5.26755 5.27065 5.27355 5.27626 5.27881 5.28119 5.28343 5.28552 5.28749 5.28932 5.29105 5.29266 5.29518
 0 6.12215e-06 7.43176e-05 0.00062622 0.00336072 0.0125354 0.0350903 0.0784162 0.146797 0.238938 0.348045 0.464119 0.576983 0.678671 0.764509 0.833018 0.885102 0.923062 0.949722 0.96785 0.979832 0.987557 0.992432 0.995452 0.997293 0.998401 0.999061 0.99945 0.999679 0.999812 0.99989 0.999935 0.999962 0.999977 0.999986 0.999991 0.999995 0.999997 0.999998 0.999998 0.999999 0.999999 0.999999 0.999999 0.999999 0.999999 0.999999 0.999999 0.999999 0.999999 0.999999 0.999999 0.999999 0.999999 0.999999 0.999999 0.999999 0.999999 0.999999 0.999999 0.999999 0.999999 0.999999 0.999999 0.999999 0.999999 0.999999 0.999999 0.999999 0.999999 0.999999 0.999999 0.999999 0.999999 0.999999 0.999999 0.999999 0.999999 0.999999 0.999999 0.999999 0.999999 0.999999 0.999999 0.999999 0.999999 0.999999 0.999999 0.999999 0.999999 0.999999 0.999999 0.999999 0.999999 0.999999 0.999999 0.999999 0.999999 0.999999 0.999999 0.999999
# Sex ratio correction
1
# M and current age-structure in year Yinit: 2011
 # gender = 1
 0.0439034 0.0439034 0.0439034 0.0439034 0.0439034 0.0439034 0.0439034 0.0439034 0.0439034 0.0439034 0.0439034 0.0439034 0.0439034 0.0439034 0.0439034 0.0439034 0.0439034 0.0439034 0.0439034 0.0439034 0.0439034 0.0439034 0.0439034 0.0439034 0.0439034 0.0439034 0.0439034 0.0439034 0.0439034 0.0439034 0.0439034 0.0439034 0.0439034 0.0439034 0.0439034 0.0439034 0.0439034 0.0439034 0.0439034 0.0439034 0.0439034 0.0439034 0.0439034 0.0439034 0.0439034 0.0439034 0.0439034 0.0439034 0.0439034 0.0439034 0.0439034 0.0439034 0.0439034 0.0439034 0.0439034 0.0439034 0.0439034 0.0439034 0.0439034 0.0439034 0.0439034 0.0439034 0.0439034 0.0439034 0.0439034 0.0439034 0.0439034 0.0439034 0.0439034 0.0439034 0.0439034 0.0439034 0.0439034 0.0439034 0.0439034 0.0439034 0.0439034 0.0439034 0.0439034 0.0439034 0.0439034 0.0439034 0.0439034 0.0439034 0.0439034 0.0439034 0.0439034 0.0439034 0.0439034 0.0439034 0.0439034 0.0439034 0.0439034 0.0439034 0.0439034 0.0439034 0.0439034 0.0439034 0.0439034 0.0439034 0.0439034
 301.64 286.788 226.394 267.691 151.705 108.236 78.0843 57.9927 117.868 213.099 82.6773 59.4241 102.571 55.7119 32.5176 26.2907 26.3632 51.2695 64.3886 26.7358 19.9193 20.6084 22.2428 22.6416 22.7948 22.2377 25.364 30.5758 24.1241 26.2527 18.1402 12.3035 8.55862 6.52301 6.8835 6.35746 6.00813 3.76448 3.46619 4.12874 6.53745 4.38435 3.28247 2.41293 1.82801 1.47902 1.12647 0.912958 0.860567 0.918516 1.02997 1.09488 1.02931 0.893391 0.766598 0.676341 0.626058 0.611471 0.62863 0.675974 0.748786 0.827183 0.865589 0.824821 0.730411 0.632932 0.553514 0.493758 0.449695 0.416371 0.390403 0.369475 0.352161 0.337363 0.323909 0.310773 0.297245 0.283219 0.269032 0.255268 0.242446 0.230882 0.220622 0.211591 0.203573 0.196308 0.189563 0.183143 0.176891 0.170709 0.164539 0.158352 0.152158 0.146007 0.139895 0.133797 0.127879 0.122167 0.11668 0.111431 2.45065
# Age-structure at Ydeclare= 2013
 144.052 131.011 276.281 262.671 207.343 245.132 138.882 99.0404 71.4005 52.9811 107.571 194.278 75.2997 54.0727 93.2621 50.6242 29.5334 23.8689 23.9279 46.5237 58.4195 24.2547 18.0694 18.6934 20.1751 20.536 20.6742 20.1681 23.0024 27.7276 21.8757 23.8044 16.4475 11.1547 7.75904 5.91329 6.23976 5.76263 5.44573 3.41194 3.14144 3.74174 5.92441 3.97304 2.97441 2.1864 1.65633 1.34008 1.02062 0.827152 0.779671 0.832158 0.933119 0.991916 0.932507 0.809362 0.694492 0.612722 0.567166 0.553949 0.569492 0.612381 0.678342 0.749361 0.784153 0.747218 0.661689 0.57338 0.501433 0.447299 0.407382 0.377193 0.353667 0.334709 0.319024 0.305618 0.29343 0.28153 0.269275 0.256568 0.243716 0.231247 0.219632 0.209156 0.199861 0.191681 0.184417 0.177836 0.171725 0.165909 0.160246 0.154646 0.149056 0.143452 0.137841 0.132269 0.126732 0.121208 0.115846 0.110672 2.42672
# Year for Tmin Age-structure (set to Ydecl by SS)
2013
#  recruitment and biomass
# Number of historical assessment years
137
# Historical data
# year recruitment spawner in B0 in R project in R/S project
1888  1889 1890 1891 1892 1893 1894 1895 1896 1897 1898 1899 1900 1901 1902 1903 1904 1905 1906 1907 1908 1909 1910 1911 1912 1913 1914 1915 1916 1917 1918 1919 1920 1921 1922 1923 1924 1925 1926 1927 1928 1929 1930 1931 1932 1933 1934 1935 1936 1937 1938 1939 1940 1941 1942 1943 1944 1945 1946 1947 1948 1949 1950 1951 1952 1953 1954 1955 1956 1957 1958 1959 1960 1961 1962 1963 1964 1965 1966 1967 1968 1969 1970 1971 1972 1973 1974 1975 1976 1977 1978 1979 1980 1981 1982 1983 1984 1985 1986 1987 1988 1989 1990 1991 1992 1993 1994 1995 1996 1997 1998 1999 2000 2001 2002 2003 2004 2005 2006 2007 2008 2009 2010 2011 2012 2013 2014 2015 2016 2017 2018 2019 2020 2021 2022 2023 2024 #years (with first value representing R0)
208.899 208.183 208.161 208.139 208.116 208.086 208.054 208.022 207.995 207.968 207.941 207.915 207.884 207.855 207.829 207.793 207.759 207.729 207.704 207.693 207.689 207.688 207.694 207.703 207.709 207.694 207.634 207.491 207.23 206.805 205.988 204.851 203.428 201.684 199.641 197.356 194.911 192.412 190.004 187.837 186.066 184.834 184.214 184.148 184.489 184.927 185.072 184.576 183.317 181.463 179.492 177.96 177.384 178.137 180.642 185.575 193.872 206.827 225.093 247.219 265.661 265.247 241.107 207.554 178.138 157.455 145.525 141.521 145.152 156.108 172.503 188.281 189.51 168.455 141.697 124.944 124.399 143.534 175.493 200.92 244.141 303.492 367.4 491.999 276.389 204.385 193.647 267.136 242.19 222.851 178.113 195.76 234.332 286.318 342.196 259.25 271.195 186.303 136.206 117.537 99.4529 84.3624 68.5135 58.9264 71.4392 157.59 116.35 56.0045 52.662 61.7056 100.474 176.121 97.2686 129.115 317.733 167.898 78.9673 101.685 134.844 180.848 305.387 247.173 299.659 301.64 136.891 144.052 142.142 150.531 153.302 137.022 133.447 139.349 148.311 157.07 163.811 167.751 170.45  #recruits; first value is R0 (virgin)
1079.51  1079.51 1079.5 1079.49 1079.46 1079 1078.54 1078.07 1077.92 1077.84 1077.76 1077.67 1077.57 1077.44 1077.29 1077.12 1076.93 1076.7 1076.45 1076.18 1075.89 1075.46 1075.12 1074.76 1074.38 1073.98 1073.56 1073.13 1072.6 1072.13 1071.49 1068.77 1067.63 1066.6 1065.63 1064.94 1064.16 1062.82 1061.12 1058.6 1055.36 1052.19 1049.47 1046.4 1044.34 1042.41 1040.47 1037.96 1035.41 1031.85 1028.53 1024.89 1021.86 1017.68 1011.98 1005.94 995.417 984.268 967.945 952.942 945.779 937.706 931.496 924.692 916.402 909.317 904.157 897.96 892.27 886.637 879.97 874.013 869.163 865.483 863.669 861.202 860.331 860.83 851.817 849.908 846.095 842.313 829.536 821.363 809.96 795.298 779.121 761.192 744.124 724.293 704.8 672.947 639.246 614.219 581.716 527.396 481.08 454.507 418.546 389.731 362.602 339.302 309.748 289.163 256.491 226.952 198.818 183.738 168.37 151.414 131.741 126.144 116.304 118.345 120.111 125.646 131.424 137.554 143.668 150.093 156.155 162.724 169.417 177.022 185.07 193.521 202.848 213.014 223.488 234.874 245.921 257.901 270.346 284.328 299.046 313.243 327.288 #spbio; first value is SSB_virgin (virgin)
1 0 0 0 0 0 0 0 0 0 0 0 0 0 0 0 0 0 0 0 0 0 0 0 0 0 0 0 0 0 0 0 0 0 0 0 0 0 0 0 0 0 0 0 0 0 0 0 0 0 0 0 0 0 0 0 0 0 0 0 0 0 0 0 0 0 0 0 0 0 0 0 0 0 0 0 0 0 0 0 0 0 0 0 0 0 0 0 0 0 0 0 0 0 0 0 0 0 0 0 0 0 0 0 0 0 0 0 0 0 0 0 0 0 0 0 0 0 0 0 0 0 0 0 0 0 0 0 0 0 0 0 0 0 0 0 0  # in Bzero
0 1 1 1 1 1 1 1 1 1 1 1 1 1 1 1 1 1 1 1 1 1 1 1 1 1 1 1 1 1 1 1 1 1 1 1 1 1 1 1 1 1 1 1 1 1 1 1 1 1 1 1 1 1 1 1 1 1 1 1 1 1 1 1 1 1 1 1 1 1 1 1 1 1 1 1 1 1 1 1 1 1 1 1 1 1 1 1 1 1 1 1 1 1 1 1 1 1 1 1 1 1 1 1 1 1 1 1 1 1 1 1 1 1 1 1 1 1 1 1 1 1 1 1 1 1 1 1 1 1 1 1 1 1  0 0 0 # in R project
0 1 1 1 1 1 1 1 1 1 1 1 1 1 1 1 1 1 1 1 1 1 1 1 1 1 1 1 1 1 1 1 1 1 1 1 1 1 1 1 1 1 1 1 1 1 1 1 1 1 1 1 1 1 1 1 1 1 1 1 1 1 1 1 1 1 1 1 1 1 1 1 1 1 1 1 1 1 1 1 1 1 1 1 1 1 1 1 1 1 1 1 1 1 1 1 1 1 1 1 1 1 1 1 1 1 1 1 1 1 1 1 1 1 1 1 1 1 1 1 1 1 1 1 1 1 1 1 1 1 1 1 1 1  0 0 0 # in R/S project
# Number of years with pre-specified catches
0
# catches for years with pre-specified catches go next
# Number of future recruitments to override
-2
# Process for overiding (-1 for average otherwise index in data list)
# Which probability to product detailed results for (1=0.5; 2=0.6; etc.)
3
# Steepness sigma-R Auto-correlation
0.718 0.5 0
# Target SPR rate (FMSY Proxy); manually change to SPR_MSY if not using SPR_target
0.5
# Discount rate (for cumulative catch)
0.1
# Truncate the series when 0.4B0 is reached (1=Yes)
0
# Set F to FMSY once 0.4B0 is reached (1=Yes)
0
# Maximum possible F for projection (-1 to set to FMSY)
-1
# Defintion of recovery (1=now only;2=now or before)
2
# Projection type
4
# Definition of the 40-10 rule
10 40
# Sigma Assessment Error (Base, Year1, Slope, MaxSigma)
1.0 2025 0.075 2.0
# Pstar
0.45
# Constrain catches by the ABC (1=yes, 2=no)
2
# Implementation Error (0=no; 1=lognormal; 2=uniform)
0
#Parameters of Implementaion Error
1 0.3
# Calculate coefficients of variation (1=Yes)
0
# Number of replicates to use
10
# Random number seed
-99004
# File with multiple parameter vectors 
rebuild.SSO
# User-specific projection (1=Yes); Output replaced (1->9)
0  5
# Catches and Fs (Year; 1/2/3 (F or C or SPR); value); Final row is -1
2024 1 1
-1 -1 -1
# Fixed catch project (1=Yes); Output replaced (1->9); Approach (-1=Read in else 1-9)
0 2 -1
# (48a) Special catch options (1-Yes) [CUT_OFF, Emsy, distribution, MAXCAT, Add, replace_code]
0 0.18 1.00 1.00 0 6
# (48b) B1Target
150000
# Split of Fs
2011  0.016195
 0
 0.38995
 0.0239036
 0.189468
 0.197619
 0.182865
-1  1 1 1 1 1 1 1 1 1 1 1 1
# Yrs to define T_target for projection type 4 (a.k.a. 5 pre-specified inputs)
2030 2031 2032 2033 2034 
# Year for probability of recovery
2034 2035 2036 2037 2038 2039 2040 2041
# Time varying weight-at-age (1=Yes;0=No)
0
# File with time series of weight-at-age data
none
# Use bisection (0) or linear interpolation (1)
1
# Target Depletion
0.4
# CV of implementation error
0
