#Title, #runnumber: 1 yelloweye_data.ss yelloweye_control.ss 6920.05 1091.34 372.802 StartTime: Thu Apr 24 07:31:28 2025
SSv3_default_rebuild.dat
# Number of sexes
1
# Age range to consider (minimum age; maximum age)
0 100
# Number of fleets
7
# First year of projection (Yinit)
2011
# First Year of rebuilding period (Ydecl)
2013
# Number of simulations
1000
# Maximum number of years
500
# Conduct projections with multiple starting values (0=No;else yes)
0
# Number of parameter vectors
1000
# Is the maximum age a plus-group (1=Yes;2=No)
1
# Generate future recruitments using historical recruitments (1)  historical recruits/spawner (2)  or a stock-recruitment (3)
3
# Constant fishing mortality (1) or constant Catch (2) projections
1
# Fishing mortality based on SPR (1) or actual rate (2)
1
# Pre-specify the year of recovery (or -1) to ignore
-1
# Fecundity-at-age
# 0 1 2 3 4 5 6 7 8 9 10 11 12 13 14 15 16 17 18 19 20 21 22 23 24 25 26 27 28 29 30 31 32 33 34 35 36 37 38 39 40 41 42 43 44 45 46 47 48 49 50 51 52 53 54 55 56 57 58 59 60 61 62 63 64 65 66 67 68 69 70 71 72 73 74 75 76 77 78 79 80 81 82 83 84 85 86 87 88 89 90 91 92 93 94 95 96 97 98 99 100 #runnumber: 1 yelloweye_data.ss yelloweye_control.ss 6920.05 1091.34 372.802
 0 0 3.32195e-09 6.76944e-08 8.49228e-07 7.55648e-06 5.16386e-05 0.000281499 0.0012337 0.00431767 0.0120929 0.027654 0.05326 0.0892835 0.134209 0.185427 0.240164 0.296089 0.351543 0.405499 0.457409 0.50704 0.554343 0.59936 0.642173 0.682872 0.721547 0.758277 0.793136 0.826192 0.857508 0.887146 0.915163 0.941622 0.96658 0.990098 1.01224 1.03306 1.05262 1.07098 1.0882 1.10434 1.11945 1.1336 1.14682 1.15919 1.17074 1.18152 1.19158 1.20097 1.20972 1.21788 1.22548 1.23256 1.23915 1.24529 1.251 1.25631 1.26125 1.26584 1.27012 1.27409 1.27778 1.28121 1.2844 1.28736 1.29011 1.29266 1.29503 1.29724 1.29928 1.30122 1.30301 1.30468 1.30622 1.30766 1.30899 1.31023 1.31138 1.31244 1.31343 1.31435 1.3152 1.31599 1.31672 1.3174 1.31803 1.31862 1.31916 1.31966 1.32013 1.32056 1.32097 1.32134 1.32168 1.32201 1.3223 1.32258 1.32283 1.32307 1.32342 #female fecundity; weighted by N in year Y_init across morphs and areas
# Age specific selectivity and weight adjusted for discard and discard mortality
 #wt and selex for gender,fleet: 1 1 1_CA_TWL
 0.00896707 0.00927405 0.0295096 0.0721936 0.135831 0.219347 0.319844 0.433964 0.558451 0.690414 0.82745 0.967773 1.11033 1.25472 1.40085 1.5486 1.69754 1.8469 1.99568 2.14281 2.28726 2.42816 2.5648 2.69666 2.82338 2.94471 3.06053 3.17079 3.27552 3.37479 3.4687 3.55741 3.64107 3.71987 3.79399 3.86364 3.92902 3.99034 4.04779 4.10158 4.1519 4.19895 4.24292 4.28398 4.3223 4.35805 4.39138 4.42246 4.45142 4.47839 4.5035 4.52688 4.54864 4.56888 4.5877 4.60521 4.62149 4.63663 4.65069 4.66377 4.67591 4.6872 4.69768 4.70741 4.71645 4.72485 4.73265 4.73988 4.7466 4.75284 4.75867 4.76412 4.76917 4.77387 4.77822 4.78226 4.78601 4.78949 4.79272 4.79572 4.7985 4.80108 4.80347 4.80569 4.80775 4.80966 4.81143 4.81308 4.8146 4.81602 4.81733 4.81854 4.81967 4.82072 4.82169 4.82259 4.82343 4.8242 4.82492 4.82559 4.82657
 0 0.00122567 0.00288568 0.0103313 0.029337 0.0674512 0.130388 0.218875 0.327714 0.447321 0.566599 0.675735 0.768106 0.840955 0.894902 0.932725 0.958046 0.974366 0.984572 0.990808 0.994554 0.996779 0.998092 0.998864 0.999318 0.999587 0.999746 0.999842 0.9999 0.999936 0.999958 0.999972 0.99998 0.999986 0.99999 0.999992 0.999994 0.999995 0.999996 0.999996 0.999997 0.999997 0.999997 0.999997 0.999997 0.999997 0.999997 0.999997 0.999997 0.999997 0.999997 0.999997 0.999997 0.999997 0.999997 0.999997 0.999997 0.999997 0.999997 0.999997 0.999997 0.999997 0.999997 0.999997 0.999997 0.999997 0.999997 0.999997 0.999997 0.999997 0.999997 0.999997 0.999997 0.999997 0.999997 0.999997 0.999997 0.999997 0.999997 0.999997 0.999997 0.999997 0.999997 0.999997 0.999997 0.999997 0.999997 0.999997 0.999997 0.999997 0.999997 0.999997 0.999997 0.999997 0.999997 0.999997 0.999997 0.999997 0.999997 0.999997 0.999997
 #wt and selex for gender,fleet: 1 3 3_CA_REC
 0.00896707 0.00927351 0.028655 0.0697381 0.130989 0.211372 0.308192 0.41831 0.538667 0.666574 0.799976 0.937698 1.07937 1.22492 1.37406 1.526 1.67954 1.83325 1.98575 2.13582 2.28246 2.42493 2.56265 2.69525 2.82245 2.9441 3.06013 3.17053 3.27534 3.37467 3.46862 3.55735 3.64103 3.71984 3.79397 3.86363 3.92901 3.99033 4.04778 4.10157 4.1519 4.19895 4.24292 4.28397 4.3223 4.35805 4.39138 4.42246 4.45142 4.47839 4.5035 4.52688 4.54864 4.56888 4.58771 4.60522 4.6215 4.63663 4.6507 4.66377 4.67591 4.6872 4.69768 4.70741 4.71646 4.72485 4.73265 4.73989 4.74661 4.75284 4.75867 4.76412 4.76918 4.77387 4.77822 4.78226 4.78602 4.78949 4.79272 4.79572 4.7985 4.80108 4.80347 4.80569 4.80775 4.80966 4.81143 4.81308 4.8146 4.81602 4.81733 4.81855 4.81968 4.82072 4.82169 4.82259 4.82343 4.82421 4.82493 4.82559 4.82657
 0 0.00402075 0.00875365 0.0265053 0.0649313 0.1314 0.227455 0.346924 0.477789 0.606125 0.720003 0.812104 0.88048 0.927492 0.957739 0.976154 0.986876 0.992906 0.996211 0.997989 0.998934 0.999433 0.999697 0.999836 0.99991 0.99995 0.999972 0.999984 0.99999 0.999994 0.999996 0.999998 0.999998 0.999999 0.999999 0.999999 0.999999 0.999999 0.999999 0.999999 0.999999 0.999999 0.999999 0.999999 0.999999 0.999999 0.999999 0.999999 0.999999 0.999999 0.999999 0.999999 0.999999 0.999999 0.999999 0.999999 0.999999 0.999999 0.999999 0.999999 0.999999 0.999999 0.999999 0.999999 0.999999 0.999999 0.999999 0.999999 0.999999 0.999999 0.999999 0.999999 0.999999 0.999999 0.999999 0.999999 0.999999 0.999999 0.999999 0.999999 0.999999 0.999999 0.999999 0.999999 0.999999 0.999999 0.999999 0.999999 0.999999 0.999999 0.999999 0.999999 0.999999 0.999999 0.999999 0.999999 0.999999 0.999999 0.999999 0.999999 0.999999
 #wt and selex for gender,fleet: 1 4 4_ORWA_TWL
 0.00896707 0.00927237 0.026737 0.0646212 0.122214 0.19909 0.293386 0.402577 0.523953 0.654881 0.792969 0.936184 1.08297 1.23225 1.38331 1.53551 1.68815 1.8404 1.9913 2.13993 2.2854 2.42697 2.56405 2.69619 2.82308 2.94452 3.06041 3.17071 3.27547 3.37475 3.46868 3.55739 3.64106 3.71986 3.79399 3.86364 3.92902 3.99034 4.04779 4.10158 4.1519 4.19895 4.24292 4.28397 4.3223 4.35805 4.39138 4.42246 4.45142 4.47839 4.5035 4.52688 4.54863 4.56888 4.5877 4.60521 4.62149 4.63663 4.65069 4.66377 4.67591 4.6872 4.69768 4.70741 4.71645 4.72485 4.73265 4.73988 4.7466 4.75284 4.75867 4.76412 4.76917 4.77387 4.77822 4.78226 4.78601 4.78949 4.79272 4.79572 4.7985 4.80108 4.80347 4.80569 4.80775 4.80966 4.81143 4.81308 4.8146 4.81602 4.81733 4.81854 4.81967 4.82072 4.82169 4.82259 4.82343 4.8242 4.82492 4.82559 4.82657
 0 0.0169867 0.0311 0.0649137 0.118624 0.192953 0.284916 0.388431 0.495919 0.59996 0.694515 0.77555 0.841205 0.891605 0.928382 0.954011 0.971164 0.98226 0.98924 0.993537 0.99614 0.997698 0.998625 0.999175 0.999501 0.999695 0.999812 0.999882 0.999925 0.999951 0.999968 0.999978 0.999985 0.999989 0.999992 0.999994 0.999995 0.999996 0.999996 0.999997 0.999997 0.999997 0.999997 0.999997 0.999997 0.999997 0.999997 0.999997 0.999997 0.999997 0.999997 0.999997 0.999997 0.999997 0.999997 0.999997 0.999997 0.999997 0.999997 0.999997 0.999997 0.999997 0.999997 0.999997 0.999997 0.999997 0.999997 0.999997 0.999997 0.999997 0.999997 0.999997 0.999997 0.999997 0.999997 0.999997 0.999997 0.999997 0.999997 0.999997 0.999997 0.999997 0.999997 0.999997 0.999997 0.999997 0.999997 0.999997 0.999997 0.999997 0.999997 0.999997 0.999997 0.999997 0.999997 0.999997 0.999997 0.999997 0.999997 0.999997 0.999997
 #wt and selex for gender,fleet: 1 5 5_ORWA_NONTWL
 0.00896707 0.00927364 0.0289138 0.0710117 0.134616 0.219168 0.322202 0.440572 0.571035 0.710563 0.856476 1.00648 1.15866 1.31145 1.46365 1.61436 1.76301 1.90922 2.05274 2.19333 2.33077 2.46479 2.59509 2.72136 2.8433 2.96067 3.07325 3.18092 3.28358 3.38121 3.47384 3.56153 3.6444 3.72257 3.7962 3.86547 3.93054 3.9916 4.04886 4.10249 4.15268 4.19963 4.2435 4.28449 4.32275 4.35845 4.39175 4.42279 4.45171 4.47866 4.50375 4.52711 4.54885 4.56907 4.58789 4.60539 4.62166 4.63678 4.65084 4.66391 4.67605 4.68733 4.6978 4.70753 4.71657 4.72496 4.73276 4.73999 4.74671 4.75294 4.75877 4.76422 4.76927 4.77396 4.77832 4.78236 4.78611 4.78959 4.79282 4.79581 4.79859 4.80117 4.80356 4.80578 4.80784 4.80975 4.81152 4.81316 4.81469 4.8161 4.81741 4.81863 4.81976 4.82081 4.82178 4.82268 4.82352 4.82429 4.82501 4.82568 4.82665
 0 0.000747928 0.00166232 0.00538392 0.0144659 0.0326416 0.0636363 0.10989 0.171664 0.246879 0.331634 0.42109 0.510372 0.595257 0.67258 0.740378 0.797825 0.845041 0.882821 0.912357 0.934999 0.952078 0.964797 0.974176 0.981044 0.986052 0.989695 0.992346 0.994277 0.995688 0.996724 0.997488 0.998055 0.99848 0.998799 0.999042 0.999228 0.999371 0.999482 0.99957 0.999639 0.999694 0.999738 0.999774 0.999803 0.999828 0.999848 0.999864 0.999878 0.99989 0.9999 0.999908 0.999916 0.999922 0.999927 0.999932 0.999936 0.99994 0.999943 0.999946 0.999949 0.999951 0.999953 0.999955 0.999956 0.999958 0.999959 0.99996 0.999961 0.999962 0.999963 0.999963 0.999964 0.999964 0.999965 0.999965 0.999966 0.999966 0.999966 0.999967 0.999967 0.999967 0.999967 0.999967 0.999968 0.999968 0.999968 0.999968 0.999968 0.999968 0.999969 0.999969 0.999969 0.999969 0.999969 0.999969 0.999969 0.999969 0.999969 0.999969 0.999969
 #wt and selex for gender,fleet: 1 6 6_OR_REC
 0.00896707 0.00928201 0.0379916 0.0904557 0.163572 0.252627 0.352139 0.45769 0.566718 0.679341 0.797874 0.92488 1.06144 1.20669 1.35843 1.51403 1.67105 1.82754 1.98202 2.13339 2.28085 2.4238 2.5618 2.69454 2.8218 2.94348 3.0595 3.16989 3.27469 3.37398 3.46791 3.55662 3.64027 3.71906 3.79317 3.8628 3.92817 3.98947 4.0469 4.10068 4.15099 4.19803 4.24198 4.28302 4.32133 4.35707 4.3904 4.42147 4.45042 4.47738 4.50249 4.52586 4.54761 4.56784 4.58667 4.60417 4.62045 4.63558 4.64964 4.66271 4.67485 4.68613 4.69661 4.70634 4.71538 4.72377 4.73157 4.7388 4.74552 4.75176 4.75758 4.76303 4.76808 4.77277 4.77713 4.78117 4.78491 4.78839 4.79162 4.79461 4.79739 4.79997 4.80236 4.80458 4.80664 4.80855 4.81032 4.81196 4.81349 4.8149 4.81621 4.81743 4.81856 4.8196 4.82058 4.82148 4.82231 4.82309 4.8238 4.82447 4.82545
 0 1.91886e-05 0.00011244 0.00161181 0.0118478 0.0507557 0.143721 0.297205 0.484892 0.663898 0.802985 0.894607 0.947626 0.975391 0.98886 0.995012 0.997678 0.998764 0.999157 0.999251 0.99922 0.999134 0.999027 0.998912 0.998795 0.998679 0.998565 0.998454 0.998348 0.998246 0.998149 0.998056 0.997967 0.997884 0.997804 0.997729 0.997659 0.997592 0.99753 0.997471 0.997416 0.997364 0.997316 0.997271 0.997228 0.997189 0.997152 0.997117 0.997085 0.997055 0.997027 0.997001 0.996977 0.996954 0.996933 0.996914 0.996895 0.996878 0.996863 0.996848 0.996834 0.996822 0.99681 0.996799 0.996789 0.996779 0.996771 0.996763 0.996755 0.996748 0.996741 0.996735 0.99673 0.996724 0.996719 0.996715 0.996711 0.996707 0.996703 0.9967 0.996697 0.996694 0.996691 0.996688 0.996686 0.996684 0.996682 0.99668 0.996678 0.996677 0.996675 0.996674 0.996673 0.996671 0.99667 0.996669 0.996668 0.996667 0.996667 0.996666 0.996665
 #wt and selex for gender,fleet: 1 7 7_WA_REC
 0.00896707 0.00928134 0.0377709 0.0918894 0.169875 0.267921 0.380619 0.502977 0.630976 0.761652 0.89312 1.0247 1.15682 1.29059 1.4271 1.56687 1.70967 1.85462 2.00041 2.14561 2.28887 2.42905 2.56529 2.69692 2.82351 2.94477 3.06056 3.1708 3.27552 3.37479 3.4687 3.55741 3.64107 3.71987 3.79399 3.86364 3.92902 3.99034 4.04779 4.10158 4.1519 4.19895 4.24292 4.28398 4.3223 4.35805 4.39139 4.42246 4.45142 4.47839 4.5035 4.52688 4.54864 4.56888 4.58771 4.60522 4.6215 4.63663 4.6507 4.66377 4.67591 4.6872 4.69768 4.70741 4.71646 4.72485 4.73265 4.73989 4.74661 4.75284 4.75867 4.76412 4.76918 4.77387 4.77822 4.78227 4.78602 4.7895 4.79272 4.79572 4.7985 4.80108 4.80347 4.80569 4.80775 4.80966 4.81143 4.81308 4.8146 4.81602 4.81733 4.81855 4.81968 4.82072 4.82169 4.8226 4.82343 4.82421 4.82493 4.82559 4.82657
 0 2.22374e-06 1.2412e-05 0.00018251 0.00152639 0.00792495 0.0281548 0.07422 0.154866 0.269031 0.404775 0.544272 0.671018 0.774833 0.852831 0.907429 0.943532 0.966354 0.980289 0.98858 0.993423 0.996218 0.997821 0.998737 0.999262 0.999564 0.999739 0.999841 0.999902 0.999939 0.999961 0.999974 0.999983 0.999988 0.999992 0.999994 0.999996 0.999997 0.999998 0.999998 0.999998 0.999999 0.999999 0.999999 0.999999 0.999999 0.999999 0.999999 0.999999 0.999999 0.999999 0.999999 0.999999 0.999999 0.999999 0.999999 0.999999 0.999999 0.999999 0.999999 0.999999 0.999999 0.999999 0.999999 0.999999 0.999999 0.999999 0.999999 0.999999 0.999999 0.999999 0.999999 0.999999 0.999999 0.999999 0.999999 0.999999 0.999999 0.999999 0.999999 0.999999 0.999999 0.999999 0.999999 0.999999 0.999999 0.999999 0.999999 0.999999 0.999999 0.999999 0.999999 0.999999 0.999999 0.999999 0.999999 0.999999 0.999999 0.999999 0.999999 0.999999
# Sex ratio correction
1
# M and current age-structure in year Yinit: 2011
 # gender = 1
 0.0439034 0.0439034 0.0439034 0.0439034 0.0439034 0.0439034 0.0439034 0.0439034 0.0439034 0.0439034 0.0439034 0.0439034 0.0439034 0.0439034 0.0439034 0.0439034 0.0439034 0.0439034 0.0439034 0.0439034 0.0439034 0.0439034 0.0439034 0.0439034 0.0439034 0.0439034 0.0439034 0.0439034 0.0439034 0.0439034 0.0439034 0.0439034 0.0439034 0.0439034 0.0439034 0.0439034 0.0439034 0.0439034 0.0439034 0.0439034 0.0439034 0.0439034 0.0439034 0.0439034 0.0439034 0.0439034 0.0439034 0.0439034 0.0439034 0.0439034 0.0439034 0.0439034 0.0439034 0.0439034 0.0439034 0.0439034 0.0439034 0.0439034 0.0439034 0.0439034 0.0439034 0.0439034 0.0439034 0.0439034 0.0439034 0.0439034 0.0439034 0.0439034 0.0439034 0.0439034 0.0439034 0.0439034 0.0439034 0.0439034 0.0439034 0.0439034 0.0439034 0.0439034 0.0439034 0.0439034 0.0439034 0.0439034 0.0439034 0.0439034 0.0439034 0.0439034 0.0439034 0.0439034 0.0439034 0.0439034 0.0439034 0.0439034 0.0439034 0.0439034 0.0439034 0.0439034 0.0439034 0.0439034 0.0439034 0.0439034 0.0439034
 241.092 294.299 295.529 334.085 192.702 167.97 97.4052 62.4985 93.0687 210.837 58.7038 46.4917 78.4592 52.1737 31.6876 25.4771 25.8384 52.2664 55.1658 26.1949 20.9271 21.0143 20.6684 20.9555 23.6227 26.1448 32.4883 31.3922 19.4035 21.5973 17.7114 14.1211 10.0021 6.85531 7.90709 7.26654 7.33232 4.42681 3.72214 4.46712 6.82934 4.2271 3.18132 2.65071 2.05402 1.7201 1.35575 1.10867 1.04221 1.10037 1.20409 1.22387 1.10786 0.96174 0.849713 0.777478 0.741367 0.738627 0.768854 0.83426 0.933635 1.04679 1.11226 1.06261 0.931694 0.798581 0.693598 0.61691 0.561714 0.52089 0.489763 0.465231 0.445376 0.428775 0.414046 0.400031 0.385879 0.371313 0.356481 0.341845 0.327896 0.315007 0.303278 0.292675 0.282986 0.27389 0.264939 0.256132 0.247302 0.238368 0.229312 0.220154 0.21096 0.201841 0.192818 0.184013 0.175498 0.167317 0.159496 0.152047 3.26324
# Age-structure at Ydeclare= 2013
 426.376 203.652 220.824 269.554 270.671 305.951 176.432 153.716 89.0722 57.094 84.9225 192.163 53.4495 42.295 71.331 47.4116 28.7861 23.1393 23.4642 47.4596 50.0897 23.7837 19.0004 19.0793 18.765 19.0255 21.4467 23.736 29.4944 28.4985 17.6143 19.6052 16.0771 12.8176 9.07858 6.22213 7.17656 6.59502 6.65456 4.01753 3.37793 4.05394 6.19754 3.83596 2.8869 2.40535 1.86387 1.56084 1.23021 1.006 0.945694 0.99846 1.09257 1.11051 1.00524 0.872657 0.771006 0.705461 0.672693 0.670207 0.697633 0.75698 0.847149 0.949818 1.00922 0.96417 0.845384 0.724602 0.629344 0.55976 0.509677 0.472635 0.444391 0.422132 0.404116 0.389053 0.375688 0.362972 0.350131 0.336914 0.323456 0.310176 0.29752 0.285825 0.275182 0.265561 0.25677 0.248517 0.240395 0.232403 0.224392 0.216285 0.208069 0.199759 0.191416 0.183143 0.174956 0.166966 0.15924 0.151817 3.24362
# Year for Tmin Age-structure (set to Ydecl by SS)
2013
#  recruitment and biomass
# Number of historical assessment years
137
# Historical data
# year recruitment spawner in B0 in R project in R/S project
1888  1889 1890 1891 1892 1893 1894 1895 1896 1897 1898 1899 1900 1901 1902 1903 1904 1905 1906 1907 1908 1909 1910 1911 1912 1913 1914 1915 1916 1917 1918 1919 1920 1921 1922 1923 1924 1925 1926 1927 1928 1929 1930 1931 1932 1933 1934 1935 1936 1937 1938 1939 1940 1941 1942 1943 1944 1945 1946 1947 1948 1949 1950 1951 1952 1953 1954 1955 1956 1957 1958 1959 1960 1961 1962 1963 1964 1965 1966 1967 1968 1969 1970 1971 1972 1973 1974 1975 1976 1977 1978 1979 1980 1981 1982 1983 1984 1985 1986 1987 1988 1989 1990 1991 1992 1993 1994 1995 1996 1997 1998 1999 2000 2001 2002 2003 2004 2005 2006 2007 2008 2009 2010 2011 2012 2013 2014 2015 2016 2017 2018 2019 2020 2021 2022 2023 2024 #years (with first value representing R0)
214.718 218.522 218.656 218.796 218.941 219.082 219.229 219.381 219.546 219.719 219.899 220.087 220.284 220.492 220.709 220.934 221.173 221.427 221.698 221.996 222.318 222.664 223.035 223.427 223.836 224.245 224.631 224.953 225.163 225.203 224.994 224.425 223.51 222.17 220.387 218.185 215.615 212.773 209.803 206.706 203.794 201.238 199.103 197.33 195.787 194.212 192.338 189.97 187.112 183.973 180.979 178.603 177.308 177.47 179.543 184.248 192.627 206.198 226.061 251.132 272.693 271.712 243.375 206.552 175.593 153.933 140.642 134.229 133.819 138.989 149.441 163.446 171.317 159.776 138.243 123.773 124.2 142.841 169.864 189.287 226.771 251.09 305.673 448.986 264.876 197.459 208.46 304.121 263.381 248.397 185.003 229.739 273.527 286.884 290.37 215.427 287.216 245.281 163.805 123.903 93.0861 78.8192 69.892 61.701 69.6142 134.222 118.009 54.6864 50.9152 60.0561 94.0373 134.681 76.0874 91.6577 314.284 132.538 85.083 126.826 209.244 229.712 381.126 322.653 307.508 241.092 212.792 426.376 197.116 250.592 162.642 93.9055 100.015 129.616 143.89 153.869 160.757 165.106 177.813  #recruits; first value is R0 (virgin)
1091.34  1091.34 1091.34 1091.32 1091.3 1090.83 1090.37 1089.91 1089.75 1089.68 1089.6 1089.54 1089.47 1089.42 1089.39 1089.39 1089.42 1089.48 1089.58 1089.71 1089.87 1089.94 1090.15 1090.37 1090.61 1090.87 1091.14 1091.43 1091.65 1091.96 1092.12 1090.24 1089.95 1089.81 1089.74 1089.98 1090.17 1089.82 1089.15 1087.68 1085.52 1083.47 1081.91 1080.02 1079.17 1078.48 1077.8 1076.57 1075.3 1073.02 1070.96 1068.53 1066.65 1063.54 1058.82 1053.65 1043.85 1033.28 1017.36 1002.58 995.479 987.513 981.139 973.879 964.934 957.123 951.018 943.813 936.969 930.147 922.294 915.306 909.564 905.137 902.653 899.519 897.981 897.573 887.259 883.938 878.65 872.774 858.083 848.114 834.801 818.156 800.475 780.773 761.216 738.8 716.637 681.855 645.42 617.788 582.701 527.69 498.92 477.127 450.131 427.845 400.37 376.396 346.806 325.83 289.535 257 225.831 208.707 191.941 173.574 152.228 144.548 132.871 134.032 134.127 139.626 145.188 151.096 157.003 163.315 169.053 175.207 181.207 187.758 194.722 202.06 210.382 219.522 229.282 240.156 251.222 263.972 278.073 294.596 312.734 331.215 350.385 #spbio; first value is SSB_virgin (virgin)
1 0 0 0 0 0 0 0 0 0 0 0 0 0 0 0 0 0 0 0 0 0 0 0 0 0 0 0 0 0 0 0 0 0 0 0 0 0 0 0 0 0 0 0 0 0 0 0 0 0 0 0 0 0 0 0 0 0 0 0 0 0 0 0 0 0 0 0 0 0 0 0 0 0 0 0 0 0 0 0 0 0 0 0 0 0 0 0 0 0 0 0 0 0 0 0 0 0 0 0 0 0 0 0 0 0 0 0 0 0 0 0 0 0 0 0 0 0 0 0 0 0 0 0 0 0 0 0 0 0 0 0 0 0 0 0 0  # in Bzero
0 1 1 1 1 1 1 1 1 1 1 1 1 1 1 1 1 1 1 1 1 1 1 1 1 1 1 1 1 1 1 1 1 1 1 1 1 1 1 1 1 1 1 1 1 1 1 1 1 1 1 1 1 1 1 1 1 1 1 1 1 1 1 1 1 1 1 1 1 1 1 1 1 1 1 1 1 1 1 1 1 1 1 1 1 1 1 1 1 1 1 1 1 1 1 1 1 1 1 1 1 1 1 1 1 1 1 1 1 1 1 1 1 1 1 1 1 1 1 1 1 1 1 1 1 1 1 1 1 1 1 1 1 1  0 0 0 # in R project
0 1 1 1 1 1 1 1 1 1 1 1 1 1 1 1 1 1 1 1 1 1 1 1 1 1 1 1 1 1 1 1 1 1 1 1 1 1 1 1 1 1 1 1 1 1 1 1 1 1 1 1 1 1 1 1 1 1 1 1 1 1 1 1 1 1 1 1 1 1 1 1 1 1 1 1 1 1 1 1 1 1 1 1 1 1 1 1 1 1 1 1 1 1 1 1 1 1 1 1 1 1 1 1 1 1 1 1 1 1 1 1 1 1 1 1 1 1 1 1 1 1 1 1 1 1 1 1 1 1 1 1 1 1  0 0 0 # in R/S project
# Number of years with pre-specified catches
0
# catches for years with pre-specified catches go next
# Number of future recruitments to override
-2
# Process for overiding (-1 for average otherwise index in data list)
# Which probability to product detailed results for (1=0.5; 2=0.6; etc.)
3
# Steepness sigma-R Auto-correlation
0.718 0.5 0
# Target SPR rate (FMSY Proxy); manually change to SPR_MSY if not using SPR_target
0.5
# Discount rate (for cumulative catch)
0.1
# Truncate the series when 0.4B0 is reached (1=Yes)
0
# Set F to FMSY once 0.4B0 is reached (1=Yes)
0
# Maximum possible F for projection (-1 to set to FMSY)
-1
# Defintion of recovery (1=now only;2=now or before)
2
# Projection type
4
# Definition of the 40-10 rule
10 40
# Sigma Assessment Error (Base, Year1, Slope, MaxSigma)
1.0 2025 0.075 2.0
# Pstar
0.45
# Constrain catches by the ABC (1=yes, 2=no)
2
# Implementation Error (0=no; 1=lognormal; 2=uniform)
0
#Parameters of Implementaion Error
1 0.3
# Calculate coefficients of variation (1=Yes)
0
# Number of replicates to use
10
# Random number seed
-99004
# File with multiple parameter vectors 
rebuild.SSO
# User-specific projection (1=Yes); Output replaced (1->9)
0  5
# Catches and Fs (Year; 1/2/3 (F or C or SPR); value); Final row is -1
2024 1 1
-1 -1 -1
# Fixed catch project (1=Yes); Output replaced (1->9); Approach (-1=Read in else 1-9)
0 2 -1
# (48a) Special catch options (1-Yes) [CUT_OFF, Emsy, distribution, MAXCAT, Add, replace_code]
0 0.18 1.00 1.00 0 6
# (48b) B1Target
150000
# Split of Fs
2011  0.0166486
 0
 0.391969
 0.0241451
 0.191292
 0.196772
 0.179172
-1  1 1 1 1 1 1 1 1 1 1 1 1
# Yrs to define T_target for projection type 4 (a.k.a. 5 pre-specified inputs)
2030 2031 2032 2033 2034 
# Year for probability of recovery
2034 2035 2036 2037 2038 2039 2040 2041
# Time varying weight-at-age (1=Yes;0=No)
0
# File with time series of weight-at-age data
none
# Use bisection (0) or linear interpolation (1)
1
# Target Depletion
0.4
# CV of implementation error
0
