#Title, #runnumber: 7 yelloweye_data.ss yelloweye_control.ss 5704.6 1092.49 414.725 StartTime: Tue Mar 25 16:09:09 2025
SSv3_default_rebuild.dat
# Number of sexes
1
# Age range to consider (minimum age; maximum age)
0 100
# Number of fleets
7
# First year of projection (Yinit)
2011
# First Year of rebuilding period (Ydecl)
2013
# Number of simulations
1000
# Maximum number of years
500
# Conduct projections with multiple starting values (0=No;else yes)
0
# Number of parameter vectors
1000
# Is the maximum age a plus-group (1=Yes;2=No)
1
# Generate future recruitments using historical recruitments (1)  historical recruits/spawner (2)  or a stock-recruitment (3)
3
# Constant fishing mortality (1) or constant Catch (2) projections
1
# Fishing mortality based on SPR (1) or actual rate (2)
1
# Pre-specify the year of recovery (or -1) to ignore
-1
# Fecundity-at-age
# 0 1 2 3 4 5 6 7 8 9 10 11 12 13 14 15 16 17 18 19 20 21 22 23 24 25 26 27 28 29 30 31 32 33 34 35 36 37 38 39 40 41 42 43 44 45 46 47 48 49 50 51 52 53 54 55 56 57 58 59 60 61 62 63 64 65 66 67 68 69 70 71 72 73 74 75 76 77 78 79 80 81 82 83 84 85 86 87 88 89 90 91 92 93 94 95 96 97 98 99 100 #runnumber: 7 yelloweye_data.ss yelloweye_control.ss 5704.6 1092.49 414.725
 0 0 3.32975e-08 4.14265e-07 3.68321e-06 2.52747e-05 0.000138678 0.000612491 0.0021709 0.0062223 0.0147447 0.0297395 0.0525617 0.0835179 0.121879 0.166198 0.214717 0.265722 0.317756 0.369708 0.42081 0.470577 0.518741 0.565179 0.60986 0.6528 0.694042 0.733636 0.771634 0.808082 0.843024 0.876499 0.908543 0.939192 0.968479 0.996439 1.02311 1.04852 1.07271 1.09572 1.11759 1.13836 1.15806 1.17674 1.19444 1.2112 1.22705 1.24205 1.25622 1.2696 1.28224 1.29417 1.30541 1.31602 1.32602 1.33544 1.34431 1.35266 1.36052 1.36792 1.37488 1.38143 1.38758 1.39337 1.39881 1.40392 1.40873 1.41324 1.41748 1.42146 1.4252 1.4288 1.43218 1.43535 1.43833 1.44112 1.44375 1.44621 1.44852 1.45068 1.45272 1.45462 1.45641 1.45809 1.45966 1.46114 1.46252 1.46382 1.46504 1.46618 1.46725 1.46826 1.4692 1.47008 1.47091 1.47168 1.47241 1.47309 1.47373 1.47433 1.47527 #female fecundity; weighted by N in year Y_init across morphs and areas
# Age specific selectivity and weight adjusted for discard and discard mortality
 #wt and selex for gender,fleet: 1 1 1_CA_TWL
 0.0112211 0.0236778 0.0631174 0.121422 0.198108 0.290276 0.394557 0.507848 0.627555 0.751638 0.878588 1.0074 1.13753 1.26881 1.40133 1.53521 1.67053 1.80719 1.94488 2.0831 2.2212 2.35846 2.49414 2.62754 2.75806 2.8852 3.00855 3.12782 3.2428 3.35336 3.45943 3.56101 3.65811 3.75078 3.83912 3.92321 4.00318 4.07915 4.15124 4.21961 4.28438 4.3457 4.40373 4.45859 4.51043 4.55939 4.60561 4.64921 4.69034 4.72911 4.76564 4.80006 4.83247 4.86298 4.89169 4.91871 4.94412 4.96802 4.99049 5.01161 5.03145 5.0501 5.06763 5.08409 5.09954 5.11406 5.12769 5.14049 5.1525 5.16377 5.17445 5.18458 5.19407 5.20299 5.21135 5.21919 5.22655 5.23345 5.23993 5.246 5.25169 5.25703 5.26204 5.26674 5.27114 5.27527 5.27915 5.28278 5.28618 5.28937 5.29236 5.29517 5.2978 5.30026 5.30258 5.30474 5.30677 5.30868 5.31046 5.31213 5.31476
 0 0.000776514 0.0028864 0.00927778 0.0241051 0.0523044 0.0978659 0.162237 0.243638 0.33747 0.43746 0.537026 0.63044 0.713571 0.784136 0.841544 0.886499 0.920515 0.945471 0.963282 0.975682 0.984129 0.989772 0.993479 0.995879 0.997414 0.998385 0.998995 0.999376 0.999612 0.999758 0.999849 0.999905 0.99994 0.999961 0.999975 0.999983 0.999989 0.999992 0.999994 0.999996 0.999996 0.999997 0.999997 0.999998 0.999998 0.999998 0.999998 0.999998 0.999998 0.999998 0.999998 0.999998 0.999998 0.999998 0.999998 0.999998 0.999998 0.999998 0.999998 0.999998 0.999998 0.999998 0.999998 0.999998 0.999998 0.999998 0.999998 0.999998 0.999998 0.999998 0.999997 0.999997 0.999997 0.999997 0.999997 0.999997 0.999997 0.999997 0.999997 0.999997 0.999997 0.999997 0.999997 0.999997 0.999997 0.999997 0.999997 0.999997 0.999997 0.999997 0.999997 0.999997 0.999997 0.999997 0.999997 0.999997 0.999997 0.999997 0.999997 0.999997
 #wt and selex for gender,fleet: 1 3 3_CA_REC
 0.0111196 0.0220658 0.0572707 0.110093 0.180029 0.26483 0.361736 0.468098 0.58163 0.700519 0.823493 0.949841 1.07931 1.21191 1.34765 1.48638 1.6277 1.77094 1.91523 2.05962 2.20316 2.34498 2.48431 2.62054 2.75316 2.88183 3.00626 3.12628 3.24178 3.35268 3.45899 3.56072 3.65791 3.75066 3.83904 3.92316 4.00315 4.07912 4.15123 4.2196 4.28437 4.3457 4.40372 4.45858 4.51043 4.55939 4.60561 4.64921 4.69034 4.72911 4.76565 4.80006 4.83247 4.86298 4.89169 4.91871 4.94412 4.96802 4.99049 5.01161 5.03145 5.05011 5.06763 5.08409 5.09954 5.11406 5.12769 5.14049 5.1525 5.16377 5.17445 5.18458 5.19407 5.20299 5.21135 5.21919 5.22655 5.23345 5.23993 5.246 5.25169 5.25704 5.26204 5.26674 5.27115 5.27528 5.27915 5.28278 5.28618 5.28937 5.29237 5.29517 5.2978 5.30027 5.30258 5.30474 5.30677 5.30868 5.31046 5.31213 5.31476
 0 0.00599114 0.0161471 0.0388039 0.0791655 0.140521 0.222391 0.320378 0.427351 0.535229 0.636659 0.726206 0.800871 0.859977 0.904609 0.936903 0.959384 0.974498 0.984345 0.990583 0.994437 0.996765 0.998144 0.998947 0.999408 0.99967 0.999816 0.999898 0.999944 0.999969 0.999982 0.99999 0.999994 0.999997 0.999998 0.999999 0.999999 0.999999 0.999999 0.999999 0.999999 0.999999 0.999999 0.999999 0.999999 0.999999 0.999999 0.999999 0.999999 0.999999 0.999999 0.999999 0.999999 0.999999 0.999999 0.999999 0.999999 0.999999 0.999999 0.999999 0.999999 0.999999 0.999999 0.999999 0.999999 0.999999 0.999999 0.999999 0.999999 0.999999 0.999999 0.999999 0.999999 0.999999 0.999999 0.999999 0.999999 0.999999 0.999999 0.999999 0.999999 0.999999 0.999999 0.999999 0.999999 0.999999 0.999999 0.999999 0.999999 0.999999 0.999999 0.999999 0.999999 0.999999 0.999999 0.999999 0.999999 0.999999 0.999999 0.999999 0.999999
 #wt and selex for gender,fleet: 1 4 4_ORWA_TWL
 0.011014 0.0203527 0.0508189 0.098704 0.164197 0.246213 0.342912 0.452154 0.571772 0.699723 0.834159 0.973446 1.11616 1.26108 1.40714 1.55345 1.69926 1.84396 1.98703 2.12806 2.26669 2.40264 2.53565 2.66552 2.79204 2.91503 3.03434 3.14983 3.2614 3.36894 3.47241 3.57175 3.66698 3.75809 3.84513 3.92816 4.00726 4.08251 4.15403 4.22192 4.2863 4.34731 4.40507 4.45972 4.51139 4.56021 4.60631 4.64982 4.69087 4.72957 4.76605 4.80041 4.83278 4.86326 4.89194 4.91893 4.94432 4.9682 4.99065 5.01176 5.0316 5.05024 5.06775 5.0842 5.09965 5.11416 5.12778 5.14057 5.15258 5.16385 5.17453 5.18465 5.19415 5.20306 5.21142 5.21926 5.22662 5.23352 5.23999 5.24606 5.25176 5.2571 5.2621 5.2668 5.2712 5.27533 5.2792 5.28283 5.28624 5.28943 5.29242 5.29523 5.29785 5.30032 5.30263 5.3048 5.30683 5.30873 5.31051 5.31219 5.31481
 0 0.0145138 0.0272598 0.0476666 0.0767788 0.115126 0.162364 0.217344 0.278321 0.343228 0.409924 0.476406 0.540936 0.602124 0.658944 0.71072 0.757094 0.797974 0.833482 0.863901 0.889627 0.911127 0.928896 0.943433 0.955217 0.964689 0.972247 0.97824 0.982965 0.986673 0.989574 0.991836 0.993598 0.994968 0.996033 0.996862 0.997507 0.998011 0.998405 0.998714 0.998957 0.999149 0.999302 0.999423 0.99952 0.999599 0.999662 0.999713 0.999755 0.999789 0.999818 0.999841 0.999861 0.999877 0.999891 0.999903 0.999913 0.999921 0.999928 0.999935 0.99994 0.999945 0.999949 0.999952 0.999956 0.999958 0.999961 0.999963 0.999965 0.999967 0.999968 0.999969 0.99997 0.99997 0.999971 0.999972 0.999972 0.999973 0.999973 0.999974 0.999974 0.999974 0.999975 0.999975 0.999975 0.999976 0.999976 0.999976 0.999976 0.999977 0.999977 0.999977 0.999977 0.999977 0.999977 0.999978 0.999978 0.999978 0.999978 0.999978 0.999978
 #wt and selex for gender,fleet: 1 5 5_ORWA_NONTWL
 0.0111352 0.0223439 0.0587346 0.114006 0.188128 0.279007 0.383805 0.499645 0.623914 0.754381 0.889201 1.02688 1.16623 1.30633 1.44648 1.58618 1.72511 1.86301 1.99972 2.13508 2.26891 2.401 2.5311 2.65894 2.7842 2.90658 3.02578 3.14152 3.25358 3.36177 3.46596 3.56604 3.66198 3.75375 3.8414 3.92496 4.00453 4.08019 4.15205 4.22023 4.28487 4.34609 4.40403 4.45883 4.51062 4.55955 4.60574 4.64932 4.69043 4.72918 4.76571 4.80011 4.83251 4.86302 4.89173 4.91874 4.94415 4.96804 4.99051 5.01162 5.03147 5.05012 5.06764 5.0841 5.09955 5.11407 5.1277 5.14049 5.15251 5.16378 5.17446 5.18458 5.19408 5.20299 5.21135 5.2192 5.22656 5.23346 5.23993 5.246 5.2517 5.25704 5.26205 5.26675 5.27115 5.27528 5.27915 5.28278 5.28619 5.28938 5.29237 5.29518 5.2978 5.30027 5.30258 5.30475 5.30678 5.30868 5.31047 5.31214 5.31476
 0 0.00128313 0.00369794 0.00968084 0.0217145 0.0425843 0.0745938 0.118909 0.175232 0.24187 0.316082 0.394575 0.473977 0.551228 0.623831 0.689981 0.74858 0.799179 0.841858 0.877095 0.905626 0.928319 0.946081 0.959786 0.970224 0.978085 0.983948 0.988284 0.991469 0.993796 0.995489 0.996717 0.997605 0.998249 0.998714 0.999052 0.999297 0.999476 0.999606 0.999702 0.999773 0.999826 0.999865 0.999895 0.999917 0.999934 0.999947 0.999957 0.999965 0.999971 0.999976 0.99998 0.999983 0.999986 0.999988 0.999989 0.999991 0.999992 0.999993 0.999994 0.999994 0.999995 0.999995 0.999996 0.999996 0.999996 0.999997 0.999997 0.999997 0.999997 0.999997 0.999997 0.999998 0.999998 0.999998 0.999998 0.999998 0.999998 0.999998 0.999998 0.999998 0.999998 0.999998 0.999998 0.999998 0.999998 0.999998 0.999998 0.999998 0.999998 0.999998 0.999998 0.999998 0.999998 0.999998 0.999998 0.999998 0.999998 0.999998 0.999998 0.999998
 #wt and selex for gender,fleet: 1 6 6_OR_REC
 0.0118102 0.0313076 0.0819187 0.149951 0.2321 0.322843 0.417967 0.515038 0.613587 0.714819 0.820775 0.933403 1.05391 1.18249 1.31837 1.46008 1.60585 1.75388 1.90257 2.0506 2.19692 2.34073 2.48143 2.61854 2.75173 2.88073 3.00536 3.12548 3.24103 3.35196 3.45826 3.55998 3.65717 3.7499 3.83826 3.92237 4.00234 4.0783 4.1504 4.21875 4.28352 4.34484 4.40285 4.4577 4.50954 4.55849 4.60471 4.64831 4.68943 4.7282 4.76473 4.79914 4.83154 4.86205 4.89076 4.91777 4.94318 4.96708 4.98954 5.01066 5.03051 5.04916 5.06668 5.08314 5.09859 5.11311 5.12674 5.13953 5.15154 5.16282 5.1735 5.18361 5.19311 5.20202 5.21037 5.21821 5.22557 5.23247 5.23894 5.24501 5.2507 5.25604 5.26105 5.26575 5.27015 5.27428 5.27815 5.28178 5.28518 5.28837 5.29136 5.29416 5.29679 5.29926 5.30157 5.30373 5.30576 5.30766 5.30945 5.31112 5.31374
 0 6.88322e-05 0.000831374 0.00597971 0.026116 0.0776327 0.172236 0.306055 0.45977 0.609095 0.735783 0.832072 0.898953 0.942058 0.968137 0.983075 0.991223 0.995468 0.997575 0.998559 0.998973 0.999106 0.999104 0.999039 0.998946 0.99884 0.99873 0.998619 0.998509 0.998401 0.998296 0.998195 0.998097 0.998002 0.997911 0.997824 0.997741 0.997662 0.997586 0.997513 0.997445 0.997379 0.997317 0.997259 0.997203 0.99715 0.9971 0.997053 0.997009 0.996967 0.996927 0.996889 0.996854 0.996821 0.996789 0.99676 0.996732 0.996706 0.996681 0.996658 0.996636 0.996616 0.996596 0.996578 0.996561 0.996545 0.99653 0.996516 0.996503 0.996491 0.996479 0.996468 0.996457 0.996447 0.996438 0.996429 0.996421 0.996414 0.996406 0.9964 0.996393 0.996387 0.996382 0.996377 0.996372 0.996367 0.996363 0.996359 0.996355 0.996351 0.996348 0.996345 0.996342 0.996339 0.996337 0.996334 0.996332 0.99633 0.996328 0.996326 0.996323
 #wt and selex for gender,fleet: 1 7 7_WA_REC
 0.0117633 0.0310125 0.083317 0.156646 0.24858 0.353484 0.46637 0.58348 0.702264 0.821211 0.939732 1.05802 1.1768 1.29708 1.41979 1.54561 1.67483 1.80728 1.94241 2.07936 2.21711 2.35458 2.49077 2.62479 2.75592 2.88358 3.00737 3.12697 3.2422 3.35295 3.45915 3.56082 3.65798 3.75069 3.83906 3.92317 4.00316 4.07913 4.15123 4.2196 4.28437 4.3457 4.40372 4.45858 4.51043 4.55939 4.60561 4.64921 4.69034 4.72911 4.76565 4.80006 4.83247 4.86298 4.89169 4.91871 4.94412 4.96802 4.99049 5.01161 5.03145 5.05011 5.06763 5.08409 5.09954 5.11406 5.12769 5.14049 5.1525 5.16377 5.17446 5.18458 5.19407 5.20299 5.21135 5.21919 5.22655 5.23345 5.23993 5.246 5.25169 5.25704 5.26204 5.26674 5.27115 5.27528 5.27915 5.28278 5.28618 5.28937 5.29237 5.29517 5.2978 5.30027 5.30258 5.30474 5.30677 5.30868 5.31046 5.31213 5.31476
 0 7.81006e-06 9.53395e-05 0.000763669 0.00393264 0.0142007 0.0387573 0.0849029 0.156445 0.251416 0.362438 0.479207 0.591576 0.691848 0.775727 0.842093 0.892127 0.928292 0.953487 0.970482 0.981624 0.988751 0.993212 0.995954 0.997611 0.998601 0.999185 0.999527 0.999726 0.999841 0.999907 0.999946 0.999968 0.999981 0.999989 0.999993 0.999996 0.999997 0.999998 0.999999 0.999999 0.999999 0.999999 0.999999 0.999999 0.999999 0.999999 0.999999 0.999999 0.999999 0.999999 0.999999 0.999999 0.999999 0.999999 0.999999 0.999999 0.999999 0.999999 0.999999 0.999999 0.999999 0.999999 0.999999 0.999999 0.999999 0.999999 0.999999 0.999999 0.999999 0.999999 0.999999 0.999999 0.999999 0.999999 0.999999 0.999999 0.999999 0.999999 0.999999 0.999999 0.999999 0.999999 0.999999 0.999999 0.999999 0.999999 0.999999 0.999999 0.999999 0.999999 0.999999 0.999999 0.999999 0.999999 0.999999 0.999999 0.999999 0.999999 0.999999 0.999999
# Sex ratio correction
1
# M and current age-structure in year Yinit: 2011
 # gender = 1
 0.0439034 0.0439034 0.0439034 0.0439034 0.0439034 0.0439034 0.0439034 0.0439034 0.0439034 0.0439034 0.0439034 0.0439034 0.0439034 0.0439034 0.0439034 0.0439034 0.0439034 0.0439034 0.0439034 0.0439034 0.0439034 0.0439034 0.0439034 0.0439034 0.0439034 0.0439034 0.0439034 0.0439034 0.0439034 0.0439034 0.0439034 0.0439034 0.0439034 0.0439034 0.0439034 0.0439034 0.0439034 0.0439034 0.0439034 0.0439034 0.0439034 0.0439034 0.0439034 0.0439034 0.0439034 0.0439034 0.0439034 0.0439034 0.0439034 0.0439034 0.0439034 0.0439034 0.0439034 0.0439034 0.0439034 0.0439034 0.0439034 0.0439034 0.0439034 0.0439034 0.0439034 0.0439034 0.0439034 0.0439034 0.0439034 0.0439034 0.0439034 0.0439034 0.0439034 0.0439034 0.0439034 0.0439034 0.0439034 0.0439034 0.0439034 0.0439034 0.0439034 0.0439034 0.0439034 0.0439034 0.0439034 0.0439034 0.0439034 0.0439034 0.0439034 0.0439034 0.0439034 0.0439034 0.0439034 0.0439034 0.0439034 0.0439034 0.0439034 0.0439034 0.0439034 0.0439034 0.0439034 0.0439034 0.0439034 0.0439034 0.0439034
 217.211 217.314 196.364 250.238 158.046 119.328 89.3473 66.8489 139.121 262.523 98.3628 70.3921 130.908 68.8745 39.9874 32.528 32.5745 65.8048 87.2675 33.6746 25.4151 26.8043 29.3492 30.1028 30.3118 29.071 33.1403 40.5697 31.1085 36.2378 24.2807 16.1487 11.5464 8.83995 9.3627 8.6907 8.20347 5.21538 4.84975 5.8135 8.91775 6.04334 4.4838 3.28373 2.48654 2.00897 1.53319 1.24288 1.16939 1.24443 1.39043 1.47422 1.38617 1.20468 1.03478 0.913657 0.846247 0.826867 0.850142 0.913752 1.01083 1.11398 1.16288 1.10795 0.982862 0.853122 0.746876 0.666647 0.607369 0.562522 0.52761 0.499535 0.476361 0.456578 0.438577 0.420942 0.402695 0.383689 0.364391 0.345607 0.32806 0.312197 0.298097 0.285672 0.274636 0.264645 0.255386 0.246599 0.23807 0.229666 0.221304 0.212943 0.20459 0.196311 0.188096 0.17991 0.17197 0.164311 0.156956 0.14992 3.30941
# Age-structure at Ydeclare= 2013
 115.703 107.598 198.95 199.041 179.844 229.162 144.703 109.215 81.7319 61.1101 127.083 239.622 89.7183 64.1654 119.266 62.7232 36.4045 29.6064 29.6437 59.877 79.3998 30.637 23.1216 24.3847 26.6994 27.3843 27.574 26.4447 30.1458 36.9031 28.2963 32.961 22.0846 14.6877 10.5015 8.03983 8.51511 7.9038 7.46056 4.743 4.4104 5.28676 8.10962 5.4956 4.07735 2.98602 2.26108 1.82679 1.39414 1.13015 1.06332 1.13155 1.26429 1.34048 1.26041 1.09538 0.940895 0.83076 0.769465 0.751842 0.773004 0.830842 0.919109 1.0129 1.05736 1.00741 0.893677 0.775709 0.679103 0.606154 0.552255 0.511477 0.479733 0.454206 0.433134 0.415147 0.398779 0.382743 0.366152 0.348872 0.331324 0.314245 0.298291 0.283867 0.271046 0.259749 0.249715 0.24063 0.232212 0.224222 0.216467 0.208825 0.201222 0.19362 0.186026 0.178497 0.171028 0.163585 0.156365 0.149402 3.28815
# Year for Tmin Age-structure (set to Ydecl by SS)
2013
#  recruitment and biomass
# Number of historical assessment years
137
# Historical data
# year recruitment spawner in B0 in R project in R/S project
1888  1889 1890 1891 1892 1893 1894 1895 1896 1897 1898 1899 1900 1901 1902 1903 1904 1905 1906 1907 1908 1909 1910 1911 1912 1913 1914 1915 1916 1917 1918 1919 1920 1921 1922 1923 1924 1925 1926 1927 1928 1929 1930 1931 1932 1933 1934 1935 1936 1937 1938 1939 1940 1941 1942 1943 1944 1945 1946 1947 1948 1949 1950 1951 1952 1953 1954 1955 1956 1957 1958 1959 1960 1961 1962 1963 1964 1965 1966 1967 1968 1969 1970 1971 1972 1973 1974 1975 1976 1977 1978 1979 1980 1981 1982 1983 1984 1985 1986 1987 1988 1989 1990 1991 1992 1993 1994 1995 1996 1997 1998 1999 2000 2001 2002 2003 2004 2005 2006 2007 2008 2009 2010 2011 2012 2013 2014 2015 2016 2017 2018 2019 2020 2021 2022 2023 2024 #years (with first value representing R0)
210.826 209.405 209.361 209.315 209.268 209.213 209.156 209.097 209.043 208.988 208.932 208.876 208.815 208.754 208.697 208.628 208.56 208.495 208.434 208.386 208.344 208.304 208.27 208.239 208.204 208.145 208.042 207.855 207.549 207.079 206.219 205.04 203.575 201.79 199.704 197.376 194.885 192.336 189.87 187.638 185.792 184.473 183.756 183.586 183.818 184.148 184.194 183.615 182.293 180.397 178.399 176.844 176.24 176.948 179.379 184.19 192.289 204.921 222.672 244.04 261.681 261.231 237.98 205.323 176.44 156.01 144.157 140.101 143.552 154.175 170.037 185.115 185.97 165.361 139.188 122.653 121.818 139.829 169.699 193.481 233.96 290.598 353.855 468.365 271.909 200.586 189.457 260.025 238.829 221.677 179.211 199.25 235.97 299.217 375.643 271.145 297.889 205.885 153.936 138.095 119.319 102.461 83.5045 71.5556 86.747 208.013 146.547 68.279 64.5314 75.3511 123.573 223.939 114.92 153.341 390.995 198.048 90.9966 116.335 148.654 188.403 285.475 214.386 227.067 217.211 112.428 115.703 120.519 140.815 165.296 167.872 170.103 172.188 174.065 175.895 177.581 179.011 180.273  #recruits; first value is R0 (virgin)
1092.49  1092.49 1092.49 1092.47 1092.45 1091.98 1091.52 1091.06 1090.91 1090.83 1090.74 1090.65 1090.54 1090.4 1090.24 1090.04 1089.81 1089.54 1089.24 1088.91 1088.56 1088.05 1087.64 1087.19 1086.72 1086.23 1085.71 1085.17 1084.53 1083.95 1083.19 1080.35 1079.09 1077.94 1076.83 1076.01 1075.09 1073.61 1071.77 1069.11 1065.71 1062.39 1059.52 1056.29 1054.06 1051.97 1049.85 1047.17 1044.44 1040.71 1037.21 1033.38 1030.17 1025.79 1019.89 1013.64 1002.88 991.469 974.852 959.631 952.296 944.305 938.093 931.178 922.763 915.644 910.378 904.134 898.328 892.559 885.709 879.616 874.605 870.737 868.71 866.019 865.054 865.41 856.096 854.147 850.548 846.649 834.171 826.576 815.717 801.572 786.382 769.152 751.991 731.938 712.062 679.535 645.294 619.544 586.281 532.657 505.148 484.568 458.488 437.091 410.096 386.133 356.335 335.577 299.553 267.532 237.238 221.215 205.585 188.756 169.278 163.453 153.971 157.13 159.395 166.986 174.743 182.915 191.144 199.835 208.088 216.912 225.804 235.487 245.817 256.678 268.554 281.153 294.112 307.694 320.633 334.097 347.433 361.671 375.865 388.698 400.657 #spbio; first value is SSB_virgin (virgin)
1 0 0 0 0 0 0 0 0 0 0 0 0 0 0 0 0 0 0 0 0 0 0 0 0 0 0 0 0 0 0 0 0 0 0 0 0 0 0 0 0 0 0 0 0 0 0 0 0 0 0 0 0 0 0 0 0 0 0 0 0 0 0 0 0 0 0 0 0 0 0 0 0 0 0 0 0 0 0 0 0 0 0 0 0 0 0 0 0 0 0 0 0 0 0 0 0 0 0 0 0 0 0 0 0 0 0 0 0 0 0 0 0 0 0 0 0 0 0 0 0 0 0 0 0 0 0 0 0 0 0 0 0 0 0 0 0  # in Bzero
0 1 1 1 1 1 1 1 1 1 1 1 1 1 1 1 1 1 1 1 1 1 1 1 1 1 1 1 1 1 1 1 1 1 1 1 1 1 1 1 1 1 1 1 1 1 1 1 1 1 1 1 1 1 1 1 1 1 1 1 1 1 1 1 1 1 1 1 1 1 1 1 1 1 1 1 1 1 1 1 1 1 1 1 1 1 1 1 1 1 1 1 1 1 1 1 1 1 1 1 1 1 1 1 1 1 1 1 1 1 1 1 1 1 1 1 1 1 1 1 1 1 1 1 1 1 1 1 1 1 1 1 1 1  0 0 0 # in R project
0 1 1 1 1 1 1 1 1 1 1 1 1 1 1 1 1 1 1 1 1 1 1 1 1 1 1 1 1 1 1 1 1 1 1 1 1 1 1 1 1 1 1 1 1 1 1 1 1 1 1 1 1 1 1 1 1 1 1 1 1 1 1 1 1 1 1 1 1 1 1 1 1 1 1 1 1 1 1 1 1 1 1 1 1 1 1 1 1 1 1 1 1 1 1 1 1 1 1 1 1 1 1 1 1 1 1 1 1 1 1 1 1 1 1 1 1 1 1 1 1 1 1 1 1 1 1 1 1 1 1 1 1 1  0 0 0 # in R/S project
# Number of years with pre-specified catches
0
# catches for years with pre-specified catches go next
# Number of future recruitments to override
-2
# Process for overiding (-1 for average otherwise index in data list)
# Which probability to product detailed results for (1=0.5; 2=0.6; etc.)
3
# Steepness sigma-R Auto-correlation
0.718 0.5 0
# Target SPR rate (FMSY Proxy); manually change to SPR_MSY if not using SPR_target
0.5
# Discount rate (for cumulative catch)
0.1
# Truncate the series when 0.4B0 is reached (1=Yes)
0
# Set F to FMSY once 0.4B0 is reached (1=Yes)
0
# Maximum possible F for projection (-1 to set to FMSY)
-1
# Defintion of recovery (1=now only;2=now or before)
2
# Projection type
4
# Definition of the 40-10 rule
10 40
# Sigma Assessment Error (Base, Year1, Slope, MaxSigma)
1.0 2025 0.075 2.0
# Pstar
0.45
# Constrain catches by the ABC (1=yes, 2=no)
2
# Implementation Error (0=no; 1=lognormal; 2=uniform)
0
#Parameters of Implementaion Error
1 0.3
# Calculate coefficients of variation (1=Yes)
0
# Number of replicates to use
10
# Random number seed
-99004
# File with multiple parameter vectors 
rebuild.SSO
# User-specific projection (1=Yes); Output replaced (1->9)
0  5
# Catches and Fs (Year; 1/2/3 (F or C or SPR); value); Final row is -1
2024 1 1
-1 -1 -1
# Fixed catch project (1=Yes); Output replaced (1->9); Approach (-1=Read in else 1-9)
0 2 -1
# (48a) Special catch options (1-Yes) [CUT_OFF, Emsy, distribution, MAXCAT, Add, replace_code]
0 0.18 1.00 1.00 0 6
# (48b) B1Target
150000
# Split of Fs
2011  0.0165204
 0
 0.387441
 0.0252918
 0.178561
 0.192137
 0.200049
-1  1 1 1 1 1 1 1 1 1 1 1 1
# Yrs to define T_target for projection type 4 (a.k.a. 5 pre-specified inputs)
2030 2031 2032 2033 2034 
# Year for probability of recovery
2034 2035 2036 2037 2038 2039 2040 2041
# Time varying weight-at-age (1=Yes;0=No)
0
# File with time series of weight-at-age data
none
# Use bisection (0) or linear interpolation (1)
1
# Target Depletion
0.4
# CV of implementation error
0
