#Title, #runnumber: 1 yelloweye_data.ss yelloweye_control.ss 7219.48 1101.23 349.266 StartTime: Tue May 13 03:20:20 2025
SSv3_default_rebuild.dat
# Number of sexes
1
# Age range to consider (minimum age; maximum age)
0 100
# Number of fleets
7
# First year of projection (Yinit)
2011
# First Year of rebuilding period (Ydecl)
2013
# Number of simulations
1000
# Maximum number of years
500
# Conduct projections with multiple starting values (0=No;else yes)
0
# Number of parameter vectors
1000
# Is the maximum age a plus-group (1=Yes;2=No)
1
# Generate future recruitments using historical recruitments (1)  historical recruits/spawner (2)  or a stock-recruitment (3)
3
# Constant fishing mortality (1) or constant Catch (2) projections
1
# Fishing mortality based on SPR (1) or actual rate (2)
1
# Pre-specify the year of recovery (or -1) to ignore
-1
# Fecundity-at-age
# 0 1 2 3 4 5 6 7 8 9 10 11 12 13 14 15 16 17 18 19 20 21 22 23 24 25 26 27 28 29 30 31 32 33 34 35 36 37 38 39 40 41 42 43 44 45 46 47 48 49 50 51 52 53 54 55 56 57 58 59 60 61 62 63 64 65 66 67 68 69 70 71 72 73 74 75 76 77 78 79 80 81 82 83 84 85 86 87 88 89 90 91 92 93 94 95 96 97 98 99 100 #runnumber: 1 yelloweye_data.ss yelloweye_control.ss 7219.48 1101.23 349.266
 0 0 2.55943e-09 5.41474e-08 6.98514e-07 6.32996e-06 4.38718e-05 0.000242657 0.00108441 0.00389265 0.0112043 0.0262611 0.0515785 0.0877041 0.133107 0.185023 0.240489 0.297039 0.352949 0.407185 0.459223 0.508863 0.556089 0.600967 0.643598 0.684085 0.722524 0.759 0.79359 0.826365 0.857388 0.886723 0.914431 0.940574 0.965212 0.988407 1.01022 1.03072 1.04995 1.06799 1.0849 1.10072 1.11553 1.12937 1.14231 1.15439 1.16566 1.17617 1.18597 1.19511 1.20362 1.21154 1.21892 1.22578 1.23217 1.2381 1.24362 1.24876 1.25352 1.25795 1.26207 1.26589 1.26944 1.27274 1.2758 1.27864 1.28127 1.28372 1.28599 1.28809 1.29004 1.29189 1.29359 1.29518 1.29665 1.29801 1.29927 1.30045 1.30153 1.30254 1.30347 1.30434 1.30514 1.30589 1.30658 1.30722 1.30781 1.30836 1.30887 1.30934 1.30978 1.31019 1.31056 1.31091 1.31123 1.31153 1.31181 1.31207 1.31231 1.31253 1.31285 #female fecundity; weighted by N in year Y_init across morphs and areas
# Age specific selectivity and weight adjusted for discard and discard mortality
 #wt and selex for gender,fleet: 1 1 1_CA_TWL
 0.00908557 0.00918171 0.0274239 0.0690437 0.13178 0.214766 0.315143 0.429523 0.554591 0.687384 0.825437 0.966959 1.11098 1.25722 1.40571 1.55626 1.70827 1.86074 2.01248 2.16225 2.30898 2.45176 2.58993 2.72301 2.85066 2.9727 3.08902 3.19962 3.30455 3.40388 3.49776 3.58633 3.66978 3.7483 3.82208 3.89134 3.95629 4.01714 4.0741 4.12738 4.17717 4.22368 4.2671 4.30761 4.34538 4.38059 4.41338 4.44393 4.47236 4.49882 4.52344 4.54633 4.56762 4.5874 4.60579 4.62287 4.63874 4.65348 4.66717 4.67988 4.69167 4.70262 4.71279 4.72222 4.73097 4.73909 4.74662 4.75361 4.76009 4.7661 4.77171 4.77694 4.7818 4.7863 4.79047 4.79434 4.79793 4.80126 4.80434 4.8072 4.80985 4.81231 4.81458 4.81669 4.81865 4.82047 4.82215 4.82371 4.82515 4.82649 4.82773 4.82888 4.82994 4.83093 4.83185 4.8327 4.83348 4.83421 4.83489 4.83551 4.83642
 0 0.00105455 0.00232625 0.00897381 0.0270832 0.0651083 0.129886 0.222692 0.337804 0.464213 0.589117 0.701403 0.793984 0.864522 0.914608 0.94807 0.969317 0.982265 0.989907 0.994312 0.996808 0.998209 0.998991 0.999427 0.999671 0.999809 0.999887 0.999932 0.999958 0.999974 0.999983 0.999988 0.999992 0.999994 0.999995 0.999996 0.999997 0.999997 0.999997 0.999997 0.999997 0.999997 0.999997 0.999997 0.999997 0.999997 0.999997 0.999997 0.999997 0.999997 0.999997 0.999997 0.999997 0.999997 0.999997 0.999997 0.999997 0.999997 0.999997 0.999997 0.999997 0.999997 0.999997 0.999997 0.999997 0.999997 0.999997 0.999997 0.999997 0.999997 0.999997 0.999997 0.999997 0.999997 0.999997 0.999997 0.999997 0.999997 0.999997 0.999997 0.999997 0.999997 0.999997 0.999997 0.999997 0.999997 0.999997 0.999997 0.999997 0.999997 0.999997 0.999997 0.999997 0.999997 0.999997 0.999997 0.999997 0.999997 0.999997 0.999997 0.999997
 #wt and selex for gender,fleet: 1 3 3_CA_REC
 0.00908557 0.00918165 0.0265104 0.0663474 0.126543 0.206324 0.303112 0.41379 0.535262 0.664752 0.800088 0.939994 1.08406 1.23221 1.38411 1.53884 1.69506 1.85124 2.00593 2.15789 2.30614 2.44995 2.58879 2.72229 2.85021 2.97241 3.08884 3.19951 3.30447 3.40383 3.49773 3.58631 3.66977 3.74829 3.82207 3.89134 3.95629 4.01714 4.0741 4.12737 4.17717 4.22368 4.2671 4.30761 4.34538 4.38059 4.41339 4.44393 4.47236 4.49882 4.52344 4.54633 4.56762 4.5874 4.60579 4.62287 4.63874 4.65348 4.66717 4.67988 4.69167 4.70262 4.71279 4.72222 4.73097 4.73909 4.74662 4.75361 4.76009 4.7661 4.77171 4.77694 4.7818 4.7863 4.79047 4.79434 4.79793 4.80126 4.80434 4.8072 4.80985 4.81231 4.81458 4.8167 4.81865 4.82047 4.82215 4.82371 4.82515 4.82649 4.82773 4.82888 4.82995 4.83093 4.83185 4.8327 4.83348 4.83421 4.83489 4.83551 4.83642
 0 0.00397046 0.00804669 0.0250465 0.0628732 0.129556 0.227169 0.34949 0.483838 0.615331 0.731201 0.823711 0.891051 0.936129 0.964188 0.980626 0.9898 0.994733 0.997313 0.998637 0.999309 0.999648 0.99982 0.999906 0.999951 0.999973 0.999985 0.999992 0.999995 0.999997 0.999998 0.999999 0.999999 0.999999 0.999999 0.999999 0.999999 0.999999 0.999999 0.999999 0.999999 0.999999 0.999999 0.999999 0.999999 0.999999 0.999999 0.999999 0.999999 0.999999 0.999999 0.999999 0.999999 0.999999 0.999999 0.999999 0.999999 0.999999 0.999999 0.999999 0.999999 0.999999 0.999999 0.999999 0.999999 0.999999 0.999999 0.999999 0.999999 0.999999 0.999999 0.999999 0.999999 0.999999 0.999999 0.999999 0.999999 0.999999 0.999999 0.999999 0.999999 0.999999 0.999999 0.999999 0.999999 0.999999 0.999999 0.999999 0.999999 0.999999 0.999999 0.999999 0.999999 0.999999 0.999999 0.999999 0.999999 0.999999 0.999999 0.999999 0.999999
 #wt and selex for gender,fleet: 1 4 4_ORWA_TWL
 0.00908557 0.00918158 0.0253101 0.062927 0.120507 0.197638 0.292307 0.401833 0.523375 0.654225 0.792007 0.93491 1.08181 1.23209 1.38522 1.54042 1.69661 1.85252 2.00688 2.15855 2.30658 2.45024 2.58897 2.7224 2.85028 2.97246 3.08887 3.19953 3.30448 3.40384 3.49773 3.58631 3.66977 3.74829 3.82207 3.89134 3.95629 4.01714 4.0741 4.12737 4.17717 4.22368 4.2671 4.30761 4.34538 4.38059 4.41338 4.44393 4.47236 4.49882 4.52344 4.54633 4.56761 4.5874 4.60579 4.62287 4.63874 4.65348 4.66717 4.67987 4.69167 4.70262 4.71279 4.72222 4.73097 4.73909 4.74662 4.75361 4.76009 4.7661 4.77171 4.77694 4.7818 4.7863 4.79047 4.79434 4.79793 4.80126 4.80434 4.8072 4.80985 4.81231 4.81458 4.81669 4.81865 4.82046 4.82215 4.8237 4.82515 4.82649 4.82773 4.82888 4.82994 4.83093 4.83185 4.8327 4.83348 4.83421 4.83489 4.83551 4.83642
 0 0.0126894 0.0230565 0.0540552 0.1082 0.18791 0.29026 0.407345 0.528651 0.643802 0.744646 0.826384 0.887839 0.930868 0.959106 0.976625 0.986997 0.992912 0.996189 0.997968 0.998919 0.999424 0.999691 0.999833 0.999908 0.999948 0.99997 0.999982 0.999989 0.999992 0.999994 0.999996 0.999996 0.999997 0.999997 0.999997 0.999997 0.999997 0.999997 0.999997 0.999997 0.999996 0.999996 0.999996 0.999996 0.999996 0.999996 0.999996 0.999996 0.999996 0.999996 0.999996 0.999996 0.999996 0.999996 0.999996 0.999996 0.999996 0.999996 0.999996 0.999996 0.999996 0.999996 0.999996 0.999996 0.999995 0.999995 0.999995 0.999995 0.999995 0.999995 0.999995 0.999995 0.999995 0.999995 0.999995 0.999995 0.999995 0.999995 0.999995 0.999995 0.999995 0.999995 0.999995 0.999995 0.999995 0.999995 0.999995 0.999995 0.999995 0.999995 0.999995 0.999995 0.999995 0.999995 0.999995 0.999995 0.999995 0.999995 0.999995 0.999995
 #wt and selex for gender,fleet: 1 5 5_ORWA_NONTWL
 0.00908557 0.00918166 0.0267966 0.0676857 0.130237 0.214153 0.317076 0.43589 0.567322 0.708276 0.855987 1.00807 1.16251 1.31767 1.47224 1.62527 1.77613 1.92441 2.06985 2.21222 2.35131 2.48682 2.61846 2.7459 2.86886 2.98707 3.10033 3.20851 3.31154 3.40939 3.50212 3.5898 3.67256 3.75054 3.8239 3.89283 3.95752 4.01816 4.07496 4.1281 4.17779 4.22422 4.26757 4.30802 4.34574 4.38091 4.41367 4.44419 4.47259 4.49903 4.52363 4.54651 4.56778 4.58756 4.60593 4.62301 4.63887 4.6536 4.66728 4.67999 4.69178 4.70273 4.71288 4.72231 4.73106 4.73918 4.74671 4.75369 4.76017 4.76618 4.77179 4.77702 4.78188 4.78638 4.79055 4.79442 4.798 4.80133 4.80441 4.80727 4.80992 4.81238 4.81466 4.81677 4.81872 4.82054 4.82222 4.82377 4.82522 4.82656 4.8278 4.82895 4.83001 4.831 4.83192 4.83276 4.83355 4.83428 4.83495 4.83558 4.83649
 0 0.00063703 0.00132282 0.00448319 0.012552 0.0292846 0.0586458 0.103466 0.164389 0.239571 0.325129 0.416059 0.507215 0.594076 0.673221 0.742504 0.801004 0.848829 0.886826 0.916274 0.938624 0.955296 0.967564 0.976499 0.98296 0.987611 0.990952 0.993353 0.995081 0.99633 0.997237 0.997899 0.998386 0.998747 0.999017 0.99922 0.999375 0.999493 0.999584 0.999656 0.999712 0.999757 0.999792 0.999821 0.999845 0.999864 0.99988 0.999893 0.999904 0.999913 0.999921 0.999928 0.999934 0.999939 0.999943 0.999947 0.99995 0.999953 0.999955 0.999958 0.999959 0.999961 0.999963 0.999964 0.999965 0.999967 0.999968 0.999968 0.999969 0.99997 0.999971 0.999971 0.999971 0.999972 0.999972 0.999973 0.999973 0.999973 0.999973 0.999974 0.999974 0.999974 0.999974 0.999974 0.999974 0.999975 0.999975 0.999975 0.999975 0.999975 0.999975 0.999975 0.999975 0.999975 0.999975 0.999975 0.999975 0.999976 0.999976 0.999976 0.999976
 #wt and selex for gender,fleet: 1 6 6_OR_REC
 0.00908557 0.00918233 0.0344085 0.084796 0.156259 0.24465 0.344597 0.451562 0.562633 0.677528 0.798449 0.928078 1.06754 1.21584 1.37054 1.52885 1.68827 1.84686 2.00317 2.15614 2.30498 2.44912 2.58813 2.72171 2.84965 2.97186 3.08827 3.19892 3.30386 3.40319 3.49706 3.58561 3.66905 3.74754 3.82131 3.89055 3.95548 4.01631 4.07326 4.12652 4.1763 4.2228 4.2662 4.3067 4.34446 4.37966 4.41245 4.44298 4.47141 4.49786 4.52247 4.54535 4.56663 4.58641 4.60479 4.62187 4.63774 4.65247 4.66616 4.67886 4.69066 4.7016 4.71176 4.72119 4.72994 4.73806 4.74559 4.75257 4.75905 4.76506 4.77067 4.7759 4.78075 4.78525 4.78942 4.79329 4.79688 4.8002 4.80329 4.80614 4.80879 4.81125 4.81352 4.81563 4.81759 4.8194 4.82108 4.82264 4.82408 4.82542 4.82666 4.82781 4.82888 4.82986 4.83078 4.83163 4.83241 4.83314 4.83382 4.83444 4.83535
 0 1.8861e-05 8.80485e-05 0.00134533 0.0104967 0.0471218 0.138157 0.292732 0.484979 0.669187 0.811046 0.902438 0.953568 0.979219 0.991058 0.996175 0.998257 0.999039 0.999282 0.999305 0.999239 0.999138 0.999024 0.998905 0.998786 0.998668 0.998554 0.998444 0.998337 0.998236 0.998138 0.998046 0.997958 0.997875 0.997796 0.997722 0.997652 0.997587 0.997525 0.997467 0.997413 0.997362 0.997314 0.99727 0.997228 0.99719 0.997153 0.99712 0.997088 0.997059 0.997032 0.997006 0.996983 0.996961 0.99694 0.996921 0.996903 0.996887 0.996872 0.996858 0.996844 0.996832 0.996821 0.99681 0.996801 0.996792 0.996783 0.996775 0.996768 0.996761 0.996755 0.996749 0.996744 0.996739 0.996734 0.99673 0.996726 0.996722 0.996718 0.996715 0.996712 0.996709 0.996707 0.996705 0.996702 0.9967 0.996698 0.996697 0.996695 0.996694 0.996692 0.996691 0.99669 0.996689 0.996687 0.996687 0.996686 0.996685 0.996684 0.996683 0.996682
 #wt and selex for gender,fleet: 1 7 7_WA_REC
 0.00908557 0.00918235 0.0348059 0.0872859 0.163792 0.260835 0.373033 0.495332 0.623616 0.754818 0.886999 1.01953 1.15306 1.28889 1.42818 1.57135 1.7179 1.86662 2.01591 2.16419 2.31003 2.45232 2.59022 2.72315 2.85073 2.97273 3.08904 3.19963 3.30455 3.40388 3.49776 3.58633 3.66978 3.7483 3.82208 3.89134 3.95629 4.01714 4.0741 4.12738 4.17717 4.22368 4.2671 4.30761 4.34538 4.38059 4.41339 4.44393 4.47236 4.49882 4.52344 4.54633 4.56762 4.5874 4.60579 4.62287 4.63874 4.65348 4.66717 4.67988 4.69167 4.70262 4.71279 4.72222 4.73097 4.73909 4.74662 4.75361 4.76009 4.7661 4.77171 4.77694 4.7818 4.7863 4.79047 4.79434 4.79793 4.80126 4.80434 4.8072 4.80985 4.81231 4.81458 4.8167 4.81865 4.82047 4.82215 4.82371 4.82515 4.82649 4.82773 4.82888 4.82995 4.83093 4.83185 4.8327 4.83348 4.83421 4.83489 4.83551 4.83642
 0 1.52697e-06 7.35838e-06 0.000128436 0.00122816 0.00703007 0.0267549 0.0738924 0.158806 0.2805 0.424956 0.571334 0.701034 0.803651 0.877543 0.926816 0.957714 0.976181 0.986822 0.992792 0.996079 0.997868 0.998837 0.999361 0.999645 0.9998 0.999886 0.999934 0.999961 0.999976 0.999985 0.999991 0.999994 0.999996 0.999997 0.999998 0.999998 0.999999 0.999999 0.999999 0.999999 0.999999 0.999999 0.999999 0.999999 0.999999 0.999999 0.999999 0.999999 0.999999 0.999999 0.999999 0.999999 0.999999 0.999999 0.999999 0.999999 0.999999 0.999999 0.999999 0.999999 0.999999 0.999999 0.999999 0.999999 0.999999 0.999999 0.999999 0.999999 0.999999 0.999999 0.999999 0.999999 0.999999 0.999999 0.999999 0.999999 0.999999 0.999999 0.999999 0.999999 0.999999 0.999999 0.999999 0.999999 0.999999 0.999999 0.999999 0.999999 0.999999 0.999999 0.999999 0.999999 0.999999 0.999999 0.999999 0.999999 0.999999 0.999999 0.999999 0.999999
# Sex ratio correction
1
# M and current age-structure in year Yinit: 2011
 # gender = 1
 0.0439034 0.0439034 0.0439034 0.0439034 0.0439034 0.0439034 0.0439034 0.0439034 0.0439034 0.0439034 0.0439034 0.0439034 0.0439034 0.0439034 0.0439034 0.0439034 0.0439034 0.0439034 0.0439034 0.0439034 0.0439034 0.0439034 0.0439034 0.0439034 0.0439034 0.0439034 0.0439034 0.0439034 0.0439034 0.0439034 0.0439034 0.0439034 0.0439034 0.0439034 0.0439034 0.0439034 0.0439034 0.0439034 0.0439034 0.0439034 0.0439034 0.0439034 0.0439034 0.0439034 0.0439034 0.0439034 0.0439034 0.0439034 0.0439034 0.0439034 0.0439034 0.0439034 0.0439034 0.0439034 0.0439034 0.0439034 0.0439034 0.0439034 0.0439034 0.0439034 0.0439034 0.0439034 0.0439034 0.0439034 0.0439034 0.0439034 0.0439034 0.0439034 0.0439034 0.0439034 0.0439034 0.0439034 0.0439034 0.0439034 0.0439034 0.0439034 0.0439034 0.0439034 0.0439034 0.0439034 0.0439034 0.0439034 0.0439034 0.0439034 0.0439034 0.0439034 0.0439034 0.0439034 0.0439034 0.0439034 0.0439034 0.0439034 0.0439034 0.0439034 0.0439034 0.0439034 0.0439034 0.0439034 0.0439034 0.0439034 0.0439034
 205.551 254.307 263.431 303.551 178.972 165.404 94.0465 58.5688 83.2082 192.654 56.0476 44.5745 79.3135 50.2065 31.3923 24.9249 24.7566 48.2094 51.8075 25.3445 20.3898 20.4498 19.8764 20.1524 22.8732 25.3424 31.1872 30.2509 18.9275 20.3198 17.4826 13.6629 10.1923 6.77633 7.72037 6.95525 7.07451 4.39499 3.5663 4.17345 6.55155 4.0788 3.04591 2.57615 1.99425 1.67958 1.32631 1.07964 1.00983 1.06225 1.16024 1.17753 1.06195 0.918287 0.809618 0.740349 0.705905 0.703058 0.731127 0.792142 0.885016 0.990937 1.05246 1.00614 0.883052 0.757485 0.658257 0.585671 0.533354 0.494606 0.465018 0.44167 0.422754 0.406927 0.392881 0.379516 0.36603 0.352168 0.338077 0.324196 0.310981 0.298777 0.28767 0.277624 0.268308 0.259468 0.25097 0.242612 0.234236 0.225769 0.217192 0.208523 0.199824 0.191198 0.182663 0.174335 0.166282 0.158545 0.151147 0.144101 3.09623
# Age-structure at Ydeclare= 2013
 417.985 180.667 188.271 232.925 241.272 277.987 163.857 151.359 85.9898 53.4915 75.897 175.5 50.9982 40.5203 72.0471 45.5823 28.4902 22.6147 22.458 43.7279 46.9876 22.9853 18.4909 18.5447 18.0242 18.2739 20.7404 22.9785 28.277 27.4268 17.1597 18.4209 15.848 12.3849 9.23849 6.14198 6.99742 6.30376 6.41168 3.98309 3.23198 3.78211 5.93706 3.69614 2.76008 2.33436 1.80703 1.52188 1.20177 0.978246 0.914979 0.962469 1.05125 1.06691 0.962185 0.832013 0.733552 0.67079 0.639581 0.637001 0.662431 0.717713 0.80186 0.897827 0.953565 0.911595 0.800076 0.686307 0.596402 0.530636 0.483235 0.448128 0.42132 0.400166 0.383028 0.368688 0.355961 0.343852 0.331633 0.319074 0.306307 0.29373 0.281758 0.270701 0.260637 0.251535 0.243095 0.235085 0.227386 0.219813 0.212225 0.204553 0.196783 0.188928 0.181046 0.173231 0.165498 0.157953 0.150657 0.143646 3.07279
# Year for Tmin Age-structure (set to Ydecl by SS)
2013
#  recruitment and biomass
# Number of historical assessment years
137
# Historical data
# year recruitment spawner in B0 in R project in R/S project
1888  1889 1890 1891 1892 1893 1894 1895 1896 1897 1898 1899 1900 1901 1902 1903 1904 1905 1906 1907 1908 1909 1910 1911 1912 1913 1914 1915 1916 1917 1918 1919 1920 1921 1922 1923 1924 1925 1926 1927 1928 1929 1930 1931 1932 1933 1934 1935 1936 1937 1938 1939 1940 1941 1942 1943 1944 1945 1946 1947 1948 1949 1950 1951 1952 1953 1954 1955 1956 1957 1958 1959 1960 1961 1962 1963 1964 1965 1966 1967 1968 1969 1970 1971 1972 1973 1974 1975 1976 1977 1978 1979 1980 1981 1982 1983 1984 1985 1986 1987 1988 1989 1990 1991 1992 1993 1994 1995 1996 1997 1998 1999 2000 2001 2002 2003 2004 2005 2006 2007 2008 2009 2010 2011 2012 2013 2014 2015 2016 2017 2018 2019 2020 2021 2022 2023 2024 #years (with first value representing R0)
217.311 221.05 221.182 221.319 221.46 221.598 221.741 221.89 222.051 222.22 222.395 222.578 222.771 222.973 223.184 223.404 223.636 223.885 224.15 224.442 224.757 225.097 225.463 225.851 226.256 226.662 227.045 227.365 227.573 227.613 227.405 226.837 225.924 224.589 222.812 220.618 218.059 215.23 212.277 209.36 206.555 204.015 201.908 200.172 198.677 197.155 195.33 192.994 190.146 186.994 183.977 181.585 180.296 180.495 182.642 187.461 196.002 209.792 229.929 255.278 276.97 275.833 247.205 210.106 178.926 157.097 143.674 137.165 136.745 142.09 153.06 168.004 176.679 164.95 142.923 128.394 129.47 149.606 177.639 196.94 236.314 257.836 316.168 460.901 263.904 200.702 217.999 306.436 260.805 248.55 185.812 236.247 265.839 283.762 273.583 210.423 277.235 235.859 158.998 120.082 89.5548 75.7991 68.0054 60.1265 67.4032 126.226 109.061 52.5164 49.9275 59.6234 90.6545 136.337 73.0184 87.5625 287.273 118.514 79.7383 122.455 206.048 213.344 346.292 287.609 265.721 205.551 188.775 417.985 207.409 270.239 201.65 104.312 102.684 110.098 110.843 148.429 166.731 171.943 176.597  #recruits; first value is R0 (virgin)
1101.23  1101.23 1101.23 1101.21 1101.19 1100.73 1100.27 1099.81 1099.66 1099.58 1099.51 1099.44 1099.37 1099.32 1099.29 1099.29 1099.32 1099.37 1099.47 1099.6 1099.76 1099.82 1100.02 1100.24 1100.48 1100.73 1101 1101.27 1101.49 1101.79 1101.94 1100.06 1099.77 1099.62 1099.55 1099.78 1099.95 1099.6 1098.92 1097.46 1095.31 1093.27 1091.71 1089.83 1088.98 1088.29 1087.62 1086.4 1085.14 1082.87 1080.82 1078.41 1076.55 1073.47 1068.79 1063.66 1053.96 1043.49 1027.74 1013.11 1006.08 997.967 991.521 984.303 975.429 967.586 961.511 954.28 947.468 940.687 932.92 925.99 920.339 916.035 913.72 910.783 909.345 909.068 898.985 895.68 890.131 884.303 869.219 858.612 844.707 827.545 808.918 788.591 769.182 747.064 725.348 691.225 655.367 628.363 594.034 537.948 490.351 462.824 426.225 397.062 369.889 346.788 317.686 297.558 265.353 236.096 208.113 193.167 177.962 161.162 141.558 136.079 126.159 128.194 129.785 135.088 140.522 146.227 151.845 157.692 163.036 168.721 174.33 180.642 187.191 193.997 201.634 210.143 219.076 229.17 239.338 251.018 263.836 278.823 295.184 311.697 328.822 #spbio; first value is SSB_virgin (virgin)
1 0 0 0 0 0 0 0 0 0 0 0 0 0 0 0 0 0 0 0 0 0 0 0 0 0 0 0 0 0 0 0 0 0 0 0 0 0 0 0 0 0 0 0 0 0 0 0 0 0 0 0 0 0 0 0 0 0 0 0 0 0 0 0 0 0 0 0 0 0 0 0 0 0 0 0 0 0 0 0 0 0 0 0 0 0 0 0 0 0 0 0 0 0 0 0 0 0 0 0 0 0 0 0 0 0 0 0 0 0 0 0 0 0 0 0 0 0 0 0 0 0 0 0 0 0 0 0 0 0 0 0 0 0 0 0 0  # in Bzero
0 1 1 1 1 1 1 1 1 1 1 1 1 1 1 1 1 1 1 1 1 1 1 1 1 1 1 1 1 1 1 1 1 1 1 1 1 1 1 1 1 1 1 1 1 1 1 1 1 1 1 1 1 1 1 1 1 1 1 1 1 1 1 1 1 1 1 1 1 1 1 1 1 1 1 1 1 1 1 1 1 1 1 1 1 1 1 1 1 1 1 1 1 1 1 1 1 1 1 1 1 1 1 1 1 1 1 1 1 1 1 1 1 1 1 1 1 1 1 1 1 1 1 1 1 1 1 1 1 1 1 1 1 1  0 0 0 # in R project
0 1 1 1 1 1 1 1 1 1 1 1 1 1 1 1 1 1 1 1 1 1 1 1 1 1 1 1 1 1 1 1 1 1 1 1 1 1 1 1 1 1 1 1 1 1 1 1 1 1 1 1 1 1 1 1 1 1 1 1 1 1 1 1 1 1 1 1 1 1 1 1 1 1 1 1 1 1 1 1 1 1 1 1 1 1 1 1 1 1 1 1 1 1 1 1 1 1 1 1 1 1 1 1 1 1 1 1 1 1 1 1 1 1 1 1 1 1 1 1 1 1 1 1 1 1 1 1 1 1 1 1 1 1  0 0 0 # in R/S project
# Number of years with pre-specified catches
0
# catches for years with pre-specified catches go next
# Number of future recruitments to override
-2
# Process for overiding (-1 for average otherwise index in data list)
# Which probability to product detailed results for (1=0.5; 2=0.6; etc.)
3
# Steepness sigma-R Auto-correlation
0.718 0.5 0
# Target SPR rate (FMSY Proxy); manually change to SPR_MSY if not using SPR_target
0.5
# Discount rate (for cumulative catch)
0.1
# Truncate the series when 0.4B0 is reached (1=Yes)
0
# Set F to FMSY once 0.4B0 is reached (1=Yes)
0
# Maximum possible F for projection (-1 to set to FMSY)
-1
# Defintion of recovery (1=now only;2=now or before)
2
# Projection type
4
# Definition of the 40-10 rule
10 40
# Sigma Assessment Error (Base, Year1, Slope, MaxSigma)
1.0 2025 0.075 2.0
# Pstar
0.45
# Constrain catches by the ABC (1=yes, 2=no)
2
# Implementation Error (0=no; 1=lognormal; 2=uniform)
0
#Parameters of Implementaion Error
1 0.3
# Calculate coefficients of variation (1=Yes)
0
# Number of replicates to use
10
# Random number seed
-99004
# File with multiple parameter vectors 
rebuild.SSO
# User-specific projection (1=Yes); Output replaced (1->9)
0  5
# Catches and Fs (Year; 1/2/3 (F or C or SPR); value); Final row is -1
2024 1 1
-1 -1 -1
# Fixed catch project (1=Yes); Output replaced (1->9); Approach (-1=Read in else 1-9)
0 2 -1
# (48a) Special catch options (1-Yes) [CUT_OFF, Emsy, distribution, MAXCAT, Add, replace_code]
0 0.18 1.00 1.00 0 6
# (48b) B1Target
150000
# Split of Fs
2011  0.0172531
 0
 0.407446
 0.0235914
 0.18959
 0.19439
 0.16773
-1  1 1 1 1 1 1 1 1 1 1 1 1
# Yrs to define T_target for projection type 4 (a.k.a. 5 pre-specified inputs)
2030 2031 2032 2033 2034 
# Year for probability of recovery
2034 2035 2036 2037 2038 2039 2040 2041
# Time varying weight-at-age (1=Yes;0=No)
0
# File with time series of weight-at-age data
none
# Use bisection (0) or linear interpolation (1)
1
# Target Depletion
0.4
# CV of implementation error
0
