#Title, #runnumber: 1 yelloweye_data.ss yelloweye_control.ss 5632.58 1108.74 375.122 StartTime: Thu May  1 10:24:57 2025
SSv3_default_rebuild.dat
# Number of sexes
1
# Age range to consider (minimum age; maximum age)
0 100
# Number of fleets
7
# First year of projection (Yinit)
2011
# First Year of rebuilding period (Ydecl)
2013
# Number of simulations
1000
# Maximum number of years
500
# Conduct projections with multiple starting values (0=No;else yes)
0
# Number of parameter vectors
1000
# Is the maximum age a plus-group (1=Yes;2=No)
1
# Generate future recruitments using historical recruitments (1)  historical recruits/spawner (2)  or a stock-recruitment (3)
3
# Constant fishing mortality (1) or constant Catch (2) projections
1
# Fishing mortality based on SPR (1) or actual rate (2)
1
# Pre-specify the year of recovery (or -1) to ignore
-1
# Fecundity-at-age
# 0 1 2 3 4 5 6 7 8 9 10 11 12 13 14 15 16 17 18 19 20 21 22 23 24 25 26 27 28 29 30 31 32 33 34 35 36 37 38 39 40 41 42 43 44 45 46 47 48 49 50 51 52 53 54 55 56 57 58 59 60 61 62 63 64 65 66 67 68 69 70 71 72 73 74 75 76 77 78 79 80 81 82 83 84 85 86 87 88 89 90 91 92 93 94 95 96 97 98 99 100 #runnumber: 1 yelloweye_data.ss yelloweye_control.ss 5632.58 1108.74 375.122
 0 0 5.56262e-09 9.90629e-08 1.13342e-06 9.43849e-06 6.11527e-05 0.000317171 0.00131908 0.00438015 0.0117249 0.0259388 0.0489437 0.0812347 0.121827 0.168761 0.219769 0.272771 0.326138 0.378739 0.42987 0.479146 0.526395 0.571572 0.614702 0.655842 0.695058 0.732421 0.767996 0.801846 0.834028 0.864597 0.893608 0.921111 0.947161 0.971809 0.995108 1.01711 1.03787 1.05744 1.07588 1.09323 1.10954 1.12488 1.13928 1.1528 1.16548 1.17737 1.18851 1.19895 1.20872 1.21786 1.22641 1.23441 1.24189 1.24888 1.25541 1.26151 1.2672 1.27252 1.27748 1.28211 1.28643 1.29046 1.29422 1.29773 1.301 1.30405 1.30689 1.30954 1.31201 1.31436 1.31655 1.31859 1.32049 1.32226 1.32391 1.32545 1.32688 1.32822 1.32946 1.33062 1.33169 1.3327 1.33363 1.3345 1.33531 1.33606 1.33677 1.33742 1.33803 1.3386 1.33912 1.33961 1.34007 1.3405 1.34089 1.34126 1.34161 1.34192 1.3424 #female fecundity; weighted by N in year Y_init across morphs and areas
# Age specific selectivity and weight adjusted for discard and discard mortality
 #wt and selex for gender,fleet: 1 1 1_CA_TWL
 0.00896707 0.0104038 0.0353245 0.0810354 0.1467 0.230611 0.329601 0.440313 0.559684 0.685139 0.814677 0.946975 1.0814 1.21785 1.3564 1.49702 1.6394 1.78287 1.92657 2.06949 2.21064 2.34913 2.48421 2.61528 2.7419 2.86377 2.98068 3.09252 3.19924 3.30087 3.39747 3.48912 3.57595 3.65809 3.73571 3.80896 3.87802 3.94307 4.00428 4.06183 4.11591 4.16668 4.21432 4.25899 4.30086 4.34009 4.37681 4.41118 4.44334 4.47341 4.50152 4.5278 4.55235 4.57528 4.59669 4.61668 4.63534 4.65275 4.66899 4.68415 4.69828 4.71146 4.72375 4.73521 4.74589 4.75585 4.76513 4.77377 4.78183 4.78934 4.79639 4.80301 4.80918 4.81493 4.82028 4.82527 4.82991 4.83424 4.83827 4.84202 4.84551 4.84876 4.85179 4.85461 4.85723 4.85967 4.86195 4.86407 4.86604 4.86787 4.86958 4.87117 4.87265 4.87403 4.87532 4.87651 4.87762 4.87866 4.87962 4.88052 4.88186
 0 0.001096 0.00302052 0.0106101 0.0295777 0.0670496 0.128282 0.213851 0.318891 0.434529 0.550471 0.657562 0.749514 0.823507 0.87974 0.920413 0.948615 0.96749 0.97976 0.987552 0.992409 0.995394 0.997212 0.998311 0.998974 0.999373 0.999614 0.99976 0.999849 0.999904 0.999938 0.999959 0.999972 0.999981 0.999986 0.99999 0.999992 0.999994 0.999995 0.999996 0.999996 0.999997 0.999997 0.999997 0.999997 0.999997 0.999997 0.999997 0.999997 0.999997 0.999997 0.999997 0.999997 0.999997 0.999997 0.999997 0.999997 0.999997 0.999997 0.999997 0.999997 0.999997 0.999997 0.999997 0.999997 0.999997 0.999997 0.999997 0.999997 0.999997 0.999997 0.999997 0.999997 0.999997 0.999997 0.999997 0.999997 0.999997 0.999997 0.999997 0.999997 0.999997 0.999997 0.999997 0.999997 0.999997 0.999997 0.999997 0.999997 0.999997 0.999997 0.999997 0.999997 0.999997 0.999997 0.999997 0.999997 0.999997 0.999997 0.999997 0.999997
 #wt and selex for gender,fleet: 1 3 3_CA_REC
 0.00896707 0.0103813 0.0337077 0.077008 0.139384 0.219358 0.314116 0.420612 0.536016 0.657957 0.78472 0.915389 1.04971 1.18769 1.32921 1.47374 1.6204 1.76803 1.9154 2.06135 2.20487 2.34512 2.48147 2.61343 2.74067 2.86295 2.98013 3.09215 3.199 3.30071 3.39736 3.48905 3.5759 3.65806 3.73568 3.80894 3.87801 3.94306 4.00427 4.06183 4.1159 4.16668 4.21432 4.25899 4.30086 4.34009 4.37681 4.41118 4.44334 4.47341 4.50152 4.5278 4.55235 4.57528 4.59669 4.61668 4.63534 4.65275 4.66899 4.68415 4.69828 4.71146 4.72375 4.73521 4.74589 4.75585 4.76513 4.77377 4.78183 4.78934 4.79639 4.80301 4.80918 4.81493 4.82028 4.82527 4.82991 4.83424 4.83827 4.84202 4.84551 4.84876 4.85179 4.85461 4.85723 4.85968 4.86195 4.86407 4.86604 4.86788 4.86958 4.87118 4.87266 4.87403 4.87532 4.87651 4.87762 4.87866 4.87962 4.88052 4.88186
 0 0.0041212 0.00991953 0.0283468 0.0663922 0.130197 0.220749 0.332597 0.455477 0.577474 0.688152 0.780678 0.852516 0.904739 0.940592 0.964035 0.978752 0.987688 0.992971 0.996029 0.997771 0.998753 0.999302 0.999609 0.999779 0.999874 0.999928 0.999958 0.999975 0.999985 0.999991 0.999994 0.999996 0.999997 0.999998 0.999999 0.999999 0.999999 0.999999 0.999999 0.999999 0.999999 0.999999 0.999999 0.999999 0.999999 0.999999 0.999999 0.999999 0.999999 0.999999 0.999999 0.999999 0.999999 0.999999 0.999999 0.999999 0.999999 0.999999 0.999999 0.999999 0.999999 0.999999 0.999999 0.999999 0.999999 0.999999 0.999999 0.999999 0.999999 0.999999 0.999999 0.999999 0.999999 0.999999 0.999999 0.999999 0.999999 0.999999 0.999999 0.999999 0.999999 0.999999 0.999999 0.999999 0.999999 0.999999 0.999999 0.999999 0.999999 0.999999 0.999999 0.999999 0.999999 0.999999 0.999999 0.999999 0.999999 0.999999 0.999999 0.999999
 #wt and selex for gender,fleet: 1 4 4_ORWA_TWL
 0.00896707 0.0103553 0.0317444 0.0723205 0.131572 0.208506 0.300888 0.406079 0.521462 0.644673 0.77376 0.907335 1.04458 1.18505 1.32837 1.47402 1.62123 1.76903 1.91634 2.06214 2.20547 2.34556 2.48178 2.61364 2.74081 2.86304 2.98019 3.09219 3.19903 3.30073 3.39737 3.48905 3.5759 3.65806 3.73569 3.80894 3.87801 3.94306 4.00427 4.06183 4.1159 4.16668 4.21432 4.25899 4.30086 4.34008 4.37681 4.41118 4.44334 4.47341 4.50152 4.5278 4.55235 4.57528 4.59669 4.61668 4.63534 4.65275 4.66899 4.68415 4.69828 4.71146 4.72375 4.73521 4.74589 4.75585 4.76513 4.77377 4.78183 4.78934 4.79639 4.80301 4.80918 4.81493 4.82028 4.82527 4.82991 4.83424 4.83827 4.84202 4.84551 4.84876 4.85179 4.85461 4.85723 4.85967 4.86195 4.86407 4.86604 4.86787 4.86958 4.87117 4.87265 4.87403 4.87532 4.87651 4.87762 4.87866 4.87962 4.88052 4.88186
 0 0.0125959 0.0257768 0.0573205 0.110132 0.185811 0.281509 0.390439 0.503772 0.61276 0.710361 0.792174 0.856645 0.904644 0.938595 0.961554 0.976492 0.985901 0.991671 0.995135 0.99718 0.998372 0.999061 0.999458 0.999685 0.999816 0.999891 0.999935 0.999961 0.999975 0.999984 0.99999 0.999993 0.999995 0.999996 0.999997 0.999997 0.999997 0.999997 0.999998 0.999998 0.999998 0.999998 0.999998 0.999997 0.999997 0.999997 0.999997 0.999997 0.999997 0.999997 0.999997 0.999997 0.999997 0.999997 0.999997 0.999997 0.999997 0.999997 0.999997 0.999997 0.999997 0.999997 0.999997 0.999997 0.999997 0.999997 0.999997 0.999997 0.999997 0.999997 0.999997 0.999997 0.999997 0.999997 0.999997 0.999997 0.999997 0.999997 0.999997 0.999997 0.999997 0.999997 0.999997 0.999997 0.999997 0.999997 0.999997 0.999997 0.999997 0.999997 0.999997 0.999997 0.999997 0.999997 0.999997 0.999997 0.999997 0.999997 0.999997 0.999997
 #wt and selex for gender,fleet: 1 5 5_ORWA_NONTWL
 0.00896707 0.0103868 0.0342369 0.0790665 0.144627 0.229879 0.332152 0.448295 0.575204 0.710074 0.85049 0.994429 1.14023 1.28657 1.43242 1.57704 1.71994 1.86077 1.99931 2.13539 2.26881 2.39936 2.5268 2.65087 2.7713 2.88783 3.00024 3.10835 3.21203 3.31119 3.4058 3.49586 3.58142 3.66255 3.73936 3.81196 3.88051 3.94514 4.00601 4.0633 4.11715 4.16775 4.21524 4.25979 4.30156 4.3407 4.37736 4.41167 4.44377 4.4738 4.50188 4.52812 4.55265 4.57555 4.59694 4.61692 4.63556 4.65296 4.66919 4.68433 4.69846 4.71163 4.72391 4.73536 4.74604 4.75599 4.76526 4.77391 4.78196 4.78946 4.79651 4.80313 4.8093 4.81505 4.8204 4.82538 4.83003 4.83435 4.83838 4.84213 4.84562 4.84887 4.8519 4.85471 4.85734 4.85978 4.86205 4.86417 4.86614 4.86798 4.86969 4.87128 4.87276 4.87414 4.87542 4.87661 4.87772 4.87876 4.87972 4.88062 4.88196
 0 0.000681893 0.00170499 0.00530299 0.0137974 0.0304384 0.0584606 0.100061 0.155675 0.223812 0.301411 0.384502 0.468915 0.550862 0.627311 0.696165 0.756266 0.807286 0.849542 0.88379 0.911033 0.932361 0.948837 0.961427 0.970967 0.978149 0.983532 0.987556 0.99056 0.992805 0.994484 0.995744 0.996693 0.99741 0.997955 0.998372 0.998693 0.998941 0.999135 0.999287 0.999407 0.999502 0.999579 0.999641 0.999691 0.999732 0.999766 0.999794 0.999817 0.999837 0.999853 0.999867 0.999879 0.99989 0.999899 0.999906 0.999913 0.999919 0.999924 0.999928 0.999932 0.999936 0.999939 0.999942 0.999944 0.999946 0.999948 0.99995 0.999952 0.999953 0.999954 0.999955 0.999956 0.999957 0.999957 0.999958 0.999958 0.999959 0.999959 0.99996 0.99996 0.999961 0.999961 0.999961 0.999961 0.999962 0.999962 0.999962 0.999962 0.999963 0.999963 0.999963 0.999963 0.999963 0.999963 0.999963 0.999964 0.999964 0.999964 0.999964 0.999964
 #wt and selex for gender,fleet: 1 6 6_OR_REC
 0.00896707 0.0106563 0.0470304 0.103824 0.179432 0.268338 0.365126 0.465895 0.568872 0.674729 0.785752 0.904305 1.03163 1.16745 1.31027 1.45794 1.60824 1.75921 1.90926 2.05718 2.20204 2.34318 2.48008 2.61237 2.73979 2.86217 2.97941 3.09144 3.19829 3.29999 3.39662 3.48828 3.57511 3.65725 3.73485 3.80809 3.87714 3.94217 4.00337 4.06091 4.11497 4.16573 4.21335 4.25802 4.29988 4.33909 4.3758 4.41017 4.44232 4.47238 4.50049 4.52676 4.5513 4.57422 4.59563 4.61561 4.63427 4.65167 4.66791 4.68306 4.69719 4.71037 4.72266 4.73412 4.74479 4.75475 4.76402 4.77267 4.78072 4.78823 4.79528 4.8019 4.80807 4.81381 4.81916 4.82415 4.82879 4.83311 4.83714 4.84088 4.84437 4.84762 4.85065 4.85347 4.85609 4.85853 4.86081 4.86292 4.8649 4.86673 4.86844 4.87003 4.87151 4.87289 4.87417 4.87536 4.87647 4.87751 4.87847 4.87937 4.88071
 0 1.81704e-05 0.00016065 0.00201345 0.0132612 0.0524998 0.141119 0.283222 0.456489 0.625774 0.764139 0.862267 0.924504 0.960667 0.98028 0.990346 0.995278 0.997589 0.998613 0.999023 0.999146 0.999136 0.999066 0.99897 0.998862 0.99875 0.998638 0.998529 0.998422 0.998319 0.99822 0.998125 0.998034 0.997947 0.997864 0.997786 0.997712 0.997642 0.997575 0.997513 0.997454 0.997398 0.997346 0.997297 0.997251 0.997207 0.997167 0.997129 0.997093 0.997059 0.997028 0.996999 0.996971 0.996946 0.996922 0.9969 0.996879 0.996859 0.996841 0.996824 0.996808 0.996793 0.99678 0.996767 0.996755 0.996744 0.996733 0.996723 0.996714 0.996706 0.996698 0.99669 0.996683 0.996677 0.996671 0.996665 0.99666 0.996655 0.996651 0.996646 0.996642 0.996639 0.996635 0.996632 0.996629 0.996626 0.996624 0.996621 0.996619 0.996617 0.996615 0.996613 0.996612 0.99661 0.996609 0.996607 0.996606 0.996605 0.996604 0.996603 0.996601
 #wt and selex for gender,fleet: 1 7 7_WA_REC
 0.00896707 0.0105914 0.0452448 0.102832 0.182962 0.281297 0.392481 0.511829 0.635713 0.761559 0.887811 1.01393 1.14025 1.26765 1.39707 1.52913 1.66395 1.8011 1.93974 2.07879 2.21707 2.3535 2.48714 2.61723 2.74319 2.86462 2.98124 3.09289 3.19949 3.30104 3.39758 3.4892 3.576 3.65813 3.73574 3.80898 3.87804 3.94308 4.00429 4.06184 4.11591 4.16668 4.21432 4.259 4.30087 4.34009 4.37681 4.41118 4.44334 4.47341 4.50153 4.5278 4.55235 4.57528 4.59669 4.61668 4.63534 4.65275 4.66899 4.68415 4.69828 4.71146 4.72375 4.73521 4.74589 4.75585 4.76513 4.77377 4.78183 4.78934 4.79639 4.80301 4.80918 4.81493 4.82028 4.82527 4.82991 4.83424 4.83827 4.84202 4.84551 4.84876 4.85179 4.85461 4.85723 4.85968 4.86195 4.86407 4.86604 4.86788 4.86958 4.87118 4.87266 4.87403 4.87532 4.87651 4.87762 4.87866 4.87962 4.88052 4.88186
 0 4.27374e-06 2.99763e-05 0.000329632 0.00220307 0.00970661 0.0306937 0.0747394 0.148206 0.250023 0.371275 0.498574 0.618807 0.722697 0.806011 0.868798 0.913748 0.9446 0.965068 0.978281 0.986631 0.991824 0.995016 0.996962 0.998144 0.998861 0.999297 0.999562 0.999724 0.999824 0.999887 0.999926 0.999951 0.999967 0.999977 0.999984 0.999989 0.999992 0.999994 0.999996 0.999997 0.999997 0.999998 0.999998 0.999998 0.999999 0.999999 0.999999 0.999999 0.999999 0.999999 0.999999 0.999999 0.999999 0.999999 0.999999 0.999999 0.999999 0.999999 0.999999 0.999999 0.999999 0.999999 0.999999 0.999999 0.999999 0.999999 0.999999 0.999999 0.999999 0.999999 0.999999 0.999999 0.999999 0.999999 0.999999 0.999999 0.999999 0.999999 0.999999 0.999999 0.999999 0.999999 0.999999 0.999999 0.999999 0.999999 0.999999 0.999999 0.999999 0.999999 0.999999 0.999999 0.999999 0.999999 0.999999 0.999999 0.999999 0.999999 0.999999 0.999999
# Sex ratio correction
1
# M and current age-structure in year Yinit: 2011
 # gender = 1
 0.0439034 0.0439034 0.0439034 0.0439034 0.0439034 0.0439034 0.0439034 0.0439034 0.0439034 0.0439034 0.0439034 0.0439034 0.0439034 0.0439034 0.0439034 0.0439034 0.0439034 0.0439034 0.0439034 0.0439034 0.0439034 0.0439034 0.0439034 0.0439034 0.0439034 0.0439034 0.0439034 0.0439034 0.0439034 0.0439034 0.0439034 0.0439034 0.0439034 0.0439034 0.0439034 0.0439034 0.0439034 0.0439034 0.0439034 0.0439034 0.0439034 0.0439034 0.0439034 0.0439034 0.0439034 0.0439034 0.0439034 0.0439034 0.0439034 0.0439034 0.0439034 0.0439034 0.0439034 0.0439034 0.0439034 0.0439034 0.0439034 0.0439034 0.0439034 0.0439034 0.0439034 0.0439034 0.0439034 0.0439034 0.0439034 0.0439034 0.0439034 0.0439034 0.0439034 0.0439034 0.0439034 0.0439034 0.0439034 0.0439034 0.0439034 0.0439034 0.0439034 0.0439034 0.0439034 0.0439034 0.0439034 0.0439034 0.0439034 0.0439034 0.0439034 0.0439034 0.0439034 0.0439034 0.0439034 0.0439034 0.0439034 0.0439034 0.0439034 0.0439034 0.0439034 0.0439034 0.0439034 0.0439034 0.0439034 0.0439034 0.0439034
 317.667 272.829 216.829 332.916 247.081 163.255 91.778 62.3842 114.818 197.255 69.6646 53.8119 90.0201 54.4464 34.8209 30.8953 29.6784 40.6431 50.7149 34.9392 25.3263 23.3585 22.8387 23.1688 25.3645 27.1851 32.5796 35.7528 23.3941 26.755 20.5046 15.8755 10.9176 7.82123 8.93491 8.46012 8.25961 4.77205 4.06298 4.91218 7.5319 4.56475 3.46172 2.88522 2.25123 1.89284 1.50303 1.23228 1.16187 1.23715 1.37593 1.42016 1.2848 1.10313 0.962005 0.869421 0.820347 0.810676 0.83916 0.908235 1.01845 1.1525 1.24293 1.19365 1.03695 0.878053 0.754582 0.665097 0.600659 0.55269 0.51575 0.486348 0.462375 0.442298 0.42465 0.408206 0.392063 0.375901 0.359825 0.344248 0.329604 0.316214 0.304129 0.293278 0.283349 0.273939 0.264947 0.256149 0.247372 0.238537 0.229617 0.220623 0.211609 0.202677 0.193838 0.185205 0.176847 0.168804 0.161099 0.153745 3.34716
# Age-structure at Ydeclare= 2013
 303.191 213.434 290.962 249.889 198.59 304.878 226.217 149.403 83.9306 56.9961 104.788 179.823 63.4432 48.9628 81.849 49.4763 31.6287 28.0541 26.9429 36.8909 46.0274 31.7072 22.9822 21.1956 20.7232 21.022 23.0135 24.6645 29.5576 32.4351 21.2221 24.2697 18.599 14.3993 9.90193 7.0933 8.10301 7.67214 7.49004 4.32729 3.68418 4.45406 6.82924 4.13878 3.13859 2.61584 2.04099 1.71604 1.36261 1.11714 1.0533 1.12153 1.24734 1.28742 1.1647 1.00001 0.872077 0.788145 0.743657 0.734889 0.760709 0.823325 0.923238 1.04475 1.12672 1.08205 0.939996 0.795958 0.68403 0.602911 0.544497 0.501013 0.467527 0.440873 0.419142 0.400942 0.384944 0.370037 0.355404 0.340753 0.32618 0.312059 0.298785 0.286647 0.275692 0.265855 0.256855 0.248324 0.240173 0.232198 0.224242 0.216233 0.208147 0.199994 0.191823 0.183726 0.175714 0.167888 0.160312 0.15302 3.31961
# Year for Tmin Age-structure (set to Ydecl by SS)
2013
#  recruitment and biomass
# Number of historical assessment years
137
# Historical data
# year recruitment spawner in B0 in R project in R/S project
1888  1889 1890 1891 1892 1893 1894 1895 1896 1897 1898 1899 1900 1901 1902 1903 1904 1905 1906 1907 1908 1909 1910 1911 1912 1913 1914 1915 1916 1917 1918 1919 1920 1921 1922 1923 1924 1925 1926 1927 1928 1929 1930 1931 1932 1933 1934 1935 1936 1937 1938 1939 1940 1941 1942 1943 1944 1945 1946 1947 1948 1949 1950 1951 1952 1953 1954 1955 1956 1957 1958 1959 1960 1961 1962 1963 1964 1965 1966 1967 1968 1969 1970 1971 1972 1973 1974 1975 1976 1977 1978 1979 1980 1981 1982 1983 1984 1985 1986 1987 1988 1989 1990 1991 1992 1993 1994 1995 1996 1997 1998 1999 2000 2001 2002 2003 2004 2005 2006 2007 2008 2009 2010 2011 2012 2013 2014 2015 2016 2017 2018 2019 2020 2021 2022 2023 2024 #years (with first value representing R0)
222.229 223.669 223.718 223.768 223.82 223.865 223.911 223.958 224.014 224.072 224.132 224.194 224.259 224.326 224.395 224.468 224.547 224.633 224.73 224.841 224.965 225.104 225.257 225.418 225.587 225.747 225.876 225.936 225.884 225.667 225.213 224.418 223.3 221.791 219.877 217.587 214.975 212.132 209.204 206.352 203.618 201.237 199.339 197.877 196.731 195.655 194.385 192.727 190.681 188.453 186.471 185.215 185.162 186.706 190.337 196.87 207.534 224.199 248.432 279.371 306.184 303.496 267.826 225.198 191.047 167.888 154.227 148.368 149.441 157.086 171.035 189.02 198.088 181.762 154.565 137.047 136.917 156.833 184.819 204.754 243.098 268.403 323.221 482.879 282.543 207.711 214.841 324.569 287.728 260.894 194.574 229.75 280.78 303.138 329.198 238.909 303.071 229.848 160.635 126.68 98.9312 84.4839 75.9731 73.535 91.9452 122.676 91.4665 62.7054 61.6843 65.9571 98.0932 154.476 88.0416 108.749 294.003 163.504 84.927 119.5 203.372 294.535 379.792 236.73 285.074 317.667 223.014 303.191 211.455 302.065 161.022 117.361 131.688 112.32 114.663 143.484 166.742 172.195 183.829  #recruits; first value is R0 (virgin)
1108.74  1108.74 1108.74 1108.72 1108.69 1108.23 1107.77 1107.31 1107.15 1107.08 1107 1106.93 1106.84 1106.75 1106.65 1106.56 1106.46 1106.36 1106.27 1106.18 1106.08 1105.88 1105.78 1105.69 1105.59 1105.48 1105.38 1105.26 1105.07 1104.95 1104.67 1102.33 1101.57 1100.93 1100.37 1100.09 1099.73 1098.83 1097.58 1095.53 1092.76 1090.09 1087.88 1085.33 1083.81 1082.45 1081.08 1079.16 1077.2 1074.23 1071.49 1068.41 1065.9 1062.19 1056.9 1051.19 1040.92 1029.92 1013.64 998.56 991.2 982.823 976.206 968.903 960.036 952.318 946.496 939.641 933.345 927.221 920.25 914.25 909.649 906.502 905.446 903.877 903.923 905.249 896.901 895.414 892.05 888.24 875.29 866.873 855.243 840.397 824.117 805.999 788.179 767.504 747.055 713.94 678.886 652.358 618.192 561.942 514.095 486.456 449.734 420.547 393.448 370.5 341.558 321.078 286.977 256.227 226.791 211.246 195.507 178.217 158.063 151.773 141.224 142.572 143.34 149.25 155.311 161.502 167.575 173.862 179.584 185.658 191.677 198.438 205.489 212.821 220.991 230.057 239.577 250.334 261.253 273.68 287.188 302.822 319.788 336.853 354.419 #spbio; first value is SSB_virgin (virgin)
1 0 0 0 0 0 0 0 0 0 0 0 0 0 0 0 0 0 0 0 0 0 0 0 0 0 0 0 0 0 0 0 0 0 0 0 0 0 0 0 0 0 0 0 0 0 0 0 0 0 0 0 0 0 0 0 0 0 0 0 0 0 0 0 0 0 0 0 0 0 0 0 0 0 0 0 0 0 0 0 0 0 0 0 0 0 0 0 0 0 0 0 0 0 0 0 0 0 0 0 0 0 0 0 0 0 0 0 0 0 0 0 0 0 0 0 0 0 0 0 0 0 0 0 0 0 0 0 0 0 0 0 0 0 0 0 0  # in Bzero
0 1 1 1 1 1 1 1 1 1 1 1 1 1 1 1 1 1 1 1 1 1 1 1 1 1 1 1 1 1 1 1 1 1 1 1 1 1 1 1 1 1 1 1 1 1 1 1 1 1 1 1 1 1 1 1 1 1 1 1 1 1 1 1 1 1 1 1 1 1 1 1 1 1 1 1 1 1 1 1 1 1 1 1 1 1 1 1 1 1 1 1 1 1 1 1 1 1 1 1 1 1 1 1 1 1 1 1 1 1 1 1 1 1 1 1 1 1 1 1 1 1 1 1 1 1 1 1 1 1 1 1 1 1  0 0 0 # in R project
0 1 1 1 1 1 1 1 1 1 1 1 1 1 1 1 1 1 1 1 1 1 1 1 1 1 1 1 1 1 1 1 1 1 1 1 1 1 1 1 1 1 1 1 1 1 1 1 1 1 1 1 1 1 1 1 1 1 1 1 1 1 1 1 1 1 1 1 1 1 1 1 1 1 1 1 1 1 1 1 1 1 1 1 1 1 1 1 1 1 1 1 1 1 1 1 1 1 1 1 1 1 1 1 1 1 1 1 1 1 1 1 1 1 1 1 1 1 1 1 1 1 1 1 1 1 1 1 1 1 1 1 1 1  0 0 0 # in R/S project
# Number of years with pre-specified catches
0
# catches for years with pre-specified catches go next
# Number of future recruitments to override
-2
# Process for overiding (-1 for average otherwise index in data list)
# Which probability to product detailed results for (1=0.5; 2=0.6; etc.)
3
# Steepness sigma-R Auto-correlation
0.718 0.5 0
# Target SPR rate (FMSY Proxy); manually change to SPR_MSY if not using SPR_target
0.5
# Discount rate (for cumulative catch)
0.1
# Truncate the series when 0.4B0 is reached (1=Yes)
0
# Set F to FMSY once 0.4B0 is reached (1=Yes)
0
# Maximum possible F for projection (-1 to set to FMSY)
-1
# Defintion of recovery (1=now only;2=now or before)
2
# Projection type
4
# Definition of the 40-10 rule
10 40
# Sigma Assessment Error (Base, Year1, Slope, MaxSigma)
1.0 2025 0.075 2.0
# Pstar
0.45
# Constrain catches by the ABC (1=yes, 2=no)
2
# Implementation Error (0=no; 1=lognormal; 2=uniform)
0
#Parameters of Implementaion Error
1 0.3
# Calculate coefficients of variation (1=Yes)
0
# Number of replicates to use
10
# Random number seed
-99004
# File with multiple parameter vectors 
rebuild.SSO
# User-specific projection (1=Yes); Output replaced (1->9)
0  5
# Catches and Fs (Year; 1/2/3 (F or C or SPR); value); Final row is -1
2024 1 1
-1 -1 -1
# Fixed catch project (1=Yes); Output replaced (1->9); Approach (-1=Read in else 1-9)
0 2 -1
# (48a) Special catch options (1-Yes) [CUT_OFF, Emsy, distribution, MAXCAT, Add, replace_code]
0 0.18 1.00 1.00 0 6
# (48b) B1Target
150000
# Split of Fs
2011  0.0172441
 0
 0.407494
 0.0230801
 0.186026
 0.190128
 0.176027
-1  1 1 1 1 1 1 1 1 1 1 1 1
# Yrs to define T_target for projection type 4 (a.k.a. 5 pre-specified inputs)
2030 2031 2032 2033 2034 
# Year for probability of recovery
2034 2035 2036 2037 2038 2039 2040 2041
# Time varying weight-at-age (1=Yes;0=No)
0
# File with time series of weight-at-age data
none
# Use bisection (0) or linear interpolation (1)
1
# Target Depletion
0.4
# CV of implementation error
0
