#Title, #runnumber: 1 yelloweye_data.ss yelloweye_control.ss 6255.66 1132.57 377.663 StartTime: Mon Apr 28 17:42:18 2025
SSv3_default_rebuild.dat
# Number of sexes
1
# Age range to consider (minimum age; maximum age)
0 100
# Number of fleets
7
# First year of projection (Yinit)
2011
# First Year of rebuilding period (Ydecl)
2013
# Number of simulations
1000
# Maximum number of years
500
# Conduct projections with multiple starting values (0=No;else yes)
0
# Number of parameter vectors
1000
# Is the maximum age a plus-group (1=Yes;2=No)
1
# Generate future recruitments using historical recruitments (1)  historical recruits/spawner (2)  or a stock-recruitment (3)
3
# Constant fishing mortality (1) or constant Catch (2) projections
1
# Fishing mortality based on SPR (1) or actual rate (2)
1
# Pre-specify the year of recovery (or -1) to ignore
-1
# Fecundity-at-age
# 0 1 2 3 4 5 6 7 8 9 10 11 12 13 14 15 16 17 18 19 20 21 22 23 24 25 26 27 28 29 30 31 32 33 34 35 36 37 38 39 40 41 42 43 44 45 46 47 48 49 50 51 52 53 54 55 56 57 58 59 60 61 62 63 64 65 66 67 68 69 70 71 72 73 74 75 76 77 78 79 80 81 82 83 84 85 86 87 88 89 90 91 92 93 94 95 96 97 98 99 100 #runnumber: 1 yelloweye_data.ss yelloweye_control.ss 6255.66 1132.57 377.663
 0 0 5.52505e-09 1.03608e-07 1.22937e-06 1.05239e-05 6.96279e-05 0.000366316 0.00153332 0.00508431 0.0135087 0.0295567 0.0550719 0.0902463 0.133714 0.183206 0.236287 0.290847 0.345312 0.398646 0.450241 0.499794 0.547192 0.592428 0.63555 0.676627 0.715734 0.752943 0.788321 0.821933 0.853837 0.88409 0.91275 0.939871 0.96551 0.989722 1.01256 1.03409 1.05437 1.07344 1.09137 1.10821 1.12402 1.13884 1.15274 1.16576 1.17795 1.18935 1.20002 1.20999 1.21931 1.22801 1.23614 1.24373 1.25081 1.25741 1.26357 1.26931 1.27466 1.27965 1.28429 1.28862 1.29265 1.29641 1.2999 1.30316 1.30618 1.309 1.31163 1.31407 1.31634 1.3185 1.3205 1.32237 1.32411 1.32572 1.32723 1.32862 1.32992 1.33113 1.33225 1.3333 1.33427 1.33517 1.33601 1.33679 1.33751 1.33819 1.33881 1.3394 1.33994 1.34044 1.34091 1.34134 1.34175 1.34212 1.34247 1.3428 1.3431 1.34338 1.34379 #female fecundity; weighted by N in year Y_init across morphs and areas
# Age specific selectivity and weight adjusted for discard and discard mortality
 #wt and selex for gender,fleet: 1 1 1_CA_TWL
 0.00896707 0.01028 0.0350016 0.081262 0.148424 0.234877 0.337469 0.452763 0.577556 0.709086 0.845109 0.983957 1.12459 1.2665 1.40955 1.55364 1.69857 1.84387 1.98884 2.13266 2.27444 2.41337 2.54871 2.67989 2.80646 2.92809 3.0446 3.15586 3.26185 3.36258 3.45814 3.54863 3.63419 3.71496 3.79113 3.86287 3.93037 3.99382 4.0534 4.10932 4.16175 4.21089 4.2569 4.29996 4.34024 4.37791 4.41311 4.44599 4.47669 4.50535 4.5321 4.55705 4.58031 4.60201 4.62223 4.64107 4.65863 4.67499 4.69022 4.7044 4.71761 4.7299 4.74135 4.752 4.76191 4.77113 4.77971 4.7877 4.79512 4.80203 4.8085 4.81458 4.82022 4.82547 4.83035 4.83489 4.83912 4.84304 4.84669 4.85008 4.85323 4.85616 4.85889 4.86142 4.86378 4.86596 4.868 4.86989 4.87165 4.87328 4.8748 4.87621 4.87752 4.87874 4.87987 4.88092 4.8819 4.88281 4.88365 4.88444 4.8856
 0 0.00118981 0.00318102 0.0106978 0.0288788 0.0640806 0.121021 0.200431 0.298389 0.407431 0.518641 0.62373 0.716533 0.793671 0.854427 0.90007 0.932989 0.955924 0.97145 0.98172 0.988389 0.99266 0.995368 0.997074 0.998146 0.998819 0.999241 0.999509 0.999678 0.999787 0.999857 0.999902 0.999932 0.999952 0.999966 0.999975 0.999981 0.999986 0.999989 0.999991 0.999992 0.999994 0.999994 0.999995 0.999996 0.999996 0.999996 0.999996 0.999996 0.999997 0.999997 0.999997 0.999997 0.999997 0.999997 0.999997 0.999997 0.999997 0.999997 0.999997 0.999997 0.999997 0.999997 0.999997 0.999997 0.999997 0.999997 0.999997 0.999997 0.999997 0.999997 0.999997 0.999997 0.999997 0.999997 0.999997 0.999997 0.999997 0.999997 0.999997 0.999997 0.999997 0.999997 0.999997 0.999997 0.999997 0.999997 0.999997 0.999997 0.999997 0.999997 0.999997 0.999997 0.999997 0.999997 0.999997 0.999997 0.999997 0.999997 0.999997 0.999997
 #wt and selex for gender,fleet: 1 3 3_CA_REC
 0.00896707 0.0102695 0.0340326 0.0785929 0.143086 0.225897 0.324027 0.434245 0.553562 0.679486 0.81024 0.944904 1.08325 1.22527 1.37079 1.51918 1.66944 1.82032 1.97052 2.11886 2.26432 2.4061 2.54357 2.6763 2.80397 2.92637 3.04341 3.15504 3.26128 3.36219 3.45786 3.54843 3.63404 3.71486 3.79106 3.86282 3.93033 3.99379 4.05338 4.1093 4.16174 4.21087 4.25689 4.29995 4.34024 4.3779 4.4131 4.44599 4.47669 4.50535 4.5321 4.55705 4.58031 4.60201 4.62223 4.64107 4.65863 4.67499 4.69022 4.7044 4.71761 4.72991 4.74135 4.752 4.76191 4.77113 4.77971 4.7877 4.79512 4.80203 4.8085 4.81458 4.82022 4.82547 4.83036 4.8349 4.83912 4.84304 4.84669 4.85008 4.85323 4.85617 4.85889 4.86142 4.86378 4.86597 4.868 4.86989 4.87165 4.87328 4.8748 4.87621 4.87752 4.87874 4.87987 4.88092 4.8819 4.88281 4.88365 4.88444 4.8856
 0 0.0037968 0.00936223 0.0275652 0.0658427 0.130768 0.223406 0.337914 0.463347 0.587126 0.69843 0.790429 0.860904 0.911379 0.94549 0.96744 0.981006 0.989121 0.993852 0.996557 0.998081 0.998932 0.999405 0.999667 0.999812 0.999893 0.999938 0.999964 0.999978 0.999987 0.999992 0.999995 0.999997 0.999998 0.999998 0.999999 0.999999 0.999999 0.999999 0.999999 0.999999 0.999999 0.999999 0.999999 0.999999 0.999999 0.999999 0.999999 0.999999 0.999999 0.999999 0.999999 0.999999 0.999999 0.999999 0.999999 0.999999 0.999999 0.999999 0.999999 0.999999 0.999999 0.999999 0.999999 0.999999 0.999999 0.999999 0.999999 0.999999 0.999999 0.999999 0.999999 0.999999 0.999999 0.999999 0.999999 0.999999 0.999999 0.999999 0.999999 0.999999 0.999999 0.999999 0.999999 0.999999 0.999999 0.999999 0.999999 0.999999 0.999999 0.999999 0.999999 0.999999 0.999999 0.999999 0.999999 0.999999 0.999999 0.999999 0.999999 0.999999
 #wt and selex for gender,fleet: 1 4 4_ORWA_TWL
 0.00896707 0.0102364 0.0309389 0.0711517 0.130786 0.20911 0.304146 0.413372 0.534155 0.663989 0.800618 0.942124 1.087 1.23415 1.3828 1.53233 1.68216 1.83161 1.97993 2.12633 2.27003 2.41034 2.54666 2.67851 2.80553 2.92747 3.04418 3.15558 3.26166 3.36246 3.45805 3.54857 3.63414 3.71493 3.79111 3.86286 3.93036 3.99381 4.0534 4.10932 4.16175 4.21088 4.25689 4.29996 4.34024 4.37791 4.41311 4.44599 4.47669 4.50535 4.5321 4.55705 4.58031 4.60201 4.62223 4.64107 4.65863 4.67498 4.69022 4.7044 4.71761 4.7299 4.74135 4.752 4.76191 4.77113 4.77971 4.7877 4.79512 4.80203 4.8085 4.81457 4.82022 4.82547 4.83035 4.83489 4.83911 4.84304 4.84669 4.85008 4.85323 4.85616 4.85889 4.86142 4.86378 4.86596 4.868 4.86989 4.87164 4.87328 4.8748 4.87621 4.87752 4.87874 4.87987 4.88092 4.8819 4.88281 4.88365 4.88444 4.8856
 0 0.019591 0.037251 0.0728944 0.126607 0.19831 0.284988 0.381364 0.481165 0.578341 0.66793 0.746496 0.812241 0.864871 0.90529 0.935172 0.956525 0.971337 0.981359 0.987999 0.992329 0.995116 0.996894 0.998022 0.998736 0.999188 0.999474 0.999656 0.999773 0.999848 0.999897 0.999929 0.99995 0.999964 0.999974 0.99998 0.999985 0.999988 0.99999 0.999992 0.999993 0.999994 0.999994 0.999995 0.999995 0.999995 0.999996 0.999996 0.999996 0.999996 0.999996 0.999996 0.999996 0.999996 0.999996 0.999996 0.999996 0.999996 0.999996 0.999996 0.999996 0.999996 0.999996 0.999996 0.999996 0.999996 0.999996 0.999996 0.999996 0.999996 0.999996 0.999996 0.999996 0.999996 0.999996 0.999996 0.999996 0.999996 0.999996 0.999996 0.999996 0.999996 0.999996 0.999996 0.999996 0.999996 0.999996 0.999996 0.999996 0.999996 0.999996 0.999996 0.999996 0.999996 0.999996 0.999996 0.999996 0.999996 0.999996 0.999996 0.999996
 #wt and selex for gender,fleet: 1 5 5_ORWA_NONTWL
 0.00896707 0.0102709 0.0342753 0.0798979 0.146896 0.234113 0.338738 0.457486 0.587138 0.724792 0.867958 1.01456 1.1629 1.31166 1.45986 1.60685 1.7522 1.89563 2.03694 2.17588 2.31219 2.44555 2.57561 2.70202 2.82443 2.94256 3.05616 3.16507 3.26917 3.3684 3.46277 3.55233 3.63715 3.71735 3.79307 3.86445 3.93167 3.99489 4.0543 4.11007 4.16239 4.21143 4.25736 4.30036 4.3406 4.37822 4.41338 4.44623 4.47691 4.50555 4.53228 4.55721 4.58047 4.60215 4.62236 4.64119 4.65874 4.67509 4.69032 4.7045 4.7177 4.72999 4.74143 4.75208 4.76199 4.77121 4.77979 4.78777 4.79519 4.80209 4.80857 4.81464 4.82028 4.82553 4.83042 4.83495 4.83918 4.8431 4.84675 4.85014 4.85329 4.85622 4.85895 4.86148 4.86383 4.86602 4.86805 4.86994 4.8717 4.87333 4.87485 4.87626 4.87757 4.87879 4.87992 4.88097 4.88195 4.88286 4.88371 4.88449 4.88565
 0 0.000901618 0.0022571 0.00697357 0.0179148 0.0389075 0.0734399 0.123433 0.188532 0.266152 0.352116 0.441556 0.529756 0.612765 0.687733 0.752998 0.807985 0.85299 0.888901 0.916933 0.938412 0.954617 0.966693 0.975605 0.982136 0.986898 0.990362 0.992879 0.99471 0.996044 0.997019 0.997736 0.998266 0.998659 0.998953 0.999175 0.999343 0.999472 0.999571 0.999648 0.999709 0.999757 0.999795 0.999825 0.99985 0.99987 0.999887 0.9999 0.999911 0.999921 0.999929 0.999936 0.999941 0.999946 0.999951 0.999954 0.999957 0.99996 0.999963 0.999965 0.999967 0.999968 0.99997 0.999971 0.999972 0.999973 0.999974 0.999975 0.999976 0.999977 0.999977 0.999978 0.999978 0.999978 0.999979 0.999979 0.999979 0.999979 0.999979 0.99998 0.99998 0.99998 0.99998 0.99998 0.99998 0.999981 0.999981 0.999981 0.999981 0.999981 0.999981 0.999981 0.999981 0.999981 0.999981 0.999981 0.999981 0.999981 0.999982 0.999982 0.999982
 #wt and selex for gender,fleet: 1 6 6_OR_REC
 0.00896707 0.0104855 0.046785 0.10452 0.181903 0.273224 0.372868 0.476772 0.583117 0.692667 0.807843 0.931028 1.0633 1.20411 1.35168 1.50368 1.65778 1.81201 1.96482 2.11502 2.26173 2.40431 2.54228 2.6753 2.80313 2.92562 3.04269 3.15433 3.26056 3.36145 3.45711 3.54766 3.63324 3.71404 3.79021 3.86195 3.92945 3.99288 4.05246 4.10837 4.16079 4.20991 4.25591 4.29897 4.33924 4.37689 4.41208 4.44496 4.47565 4.50431 4.53105 4.55599 4.57925 4.60094 4.62115 4.63999 4.65755 4.6739 4.68913 4.70331 4.71651 4.7288 4.74024 4.75089 4.7608 4.77002 4.7786 4.78658 4.794 4.80091 4.80738 4.81345 4.81909 4.82434 4.82922 4.83376 4.83798 4.8419 4.84555 4.84894 4.85209 4.85502 4.85774 4.86027 4.86263 4.86481 4.86685 4.86874 4.87049 4.87213 4.87364 4.87505 4.87636 4.87758 4.87871 4.87976 4.88074 4.88165 4.88249 4.88328 4.88444
 0 1.95176e-05 0.000171778 0.00217608 0.0143477 0.0565315 0.150699 0.299352 0.47716 0.647031 0.782444 0.875942 0.933626 0.966226 0.983431 0.992029 0.996131 0.997999 0.998796 0.999093 0.999161 0.999124 0.999041 0.998937 0.998826 0.998713 0.998601 0.998491 0.998385 0.998283 0.998185 0.998091 0.998002 0.997917 0.997836 0.997759 0.997687 0.997619 0.997555 0.997494 0.997437 0.997383 0.997333 0.997286 0.997242 0.9972 0.997162 0.997125 0.997091 0.99706 0.99703 0.997002 0.996977 0.996953 0.99693 0.996909 0.99689 0.996871 0.996854 0.996839 0.996824 0.99681 0.996797 0.996785 0.996774 0.996764 0.996754 0.996746 0.996737 0.996729 0.996722 0.996715 0.996709 0.996703 0.996698 0.996693 0.996688 0.996683 0.996679 0.996675 0.996672 0.996669 0.996666 0.996663 0.99666 0.996658 0.996655 0.996653 0.996651 0.996649 0.996648 0.996646 0.996645 0.996643 0.996642 0.996641 0.99664 0.996639 0.996638 0.996637 0.996636
 #wt and selex for gender,fleet: 1 7 7_WA_REC
 0.00896707 0.0105841 0.0512481 0.115742 0.203455 0.307877 0.422444 0.542061 0.663267 0.784191 0.904577 1.02555 1.14892 1.27637 1.40887 1.54643 1.68822 1.83283 1.97863 2.12399 2.26751 2.40805 2.54476 2.67702 2.8044 2.92664 3.04357 3.15514 3.26134 3.36223 3.45789 3.54845 3.63405 3.71487 3.79106 3.86282 3.93033 3.99379 4.05338 4.1093 4.16174 4.21088 4.25689 4.29995 4.34024 4.3779 4.4131 4.44599 4.47669 4.50535 4.5321 4.55705 4.58031 4.60201 4.62223 4.64107 4.65863 4.67499 4.69022 4.7044 4.71761 4.72991 4.74135 4.752 4.76191 4.77113 4.77971 4.7877 4.79512 4.80203 4.8085 4.81458 4.82022 4.82547 4.83036 4.8349 4.83912 4.84304 4.84669 4.85008 4.85323 4.85617 4.85889 4.86142 4.86378 4.86597 4.868 4.86989 4.87165 4.87328 4.8748 4.87621 4.87752 4.87874 4.87987 4.88092 4.8819 4.88281 4.88365 4.88444 4.8856
 0 4.40534e-07 6.19825e-06 0.000133839 0.00140969 0.00835875 0.0318102 0.0862382 0.180396 0.309361 0.45567 0.598059 0.720372 0.815331 0.883286 0.928848 0.957855 0.975587 0.986089 0.992162 0.995614 0.997552 0.998633 0.999234 0.999567 0.999754 0.999858 0.999917 0.999951 0.99997 0.999982 0.999989 0.999993 0.999995 0.999997 0.999998 0.999998 0.999999 0.999999 0.999999 0.999999 0.999999 0.999999 0.999999 0.999999 0.999999 0.999999 0.999999 0.999999 0.999999 0.999999 0.999999 0.999999 0.999999 0.999999 0.999999 0.999999 0.999999 0.999999 0.999999 0.999999 0.999999 0.999999 0.999999 0.999999 0.999999 0.999999 0.999999 0.999999 0.999999 0.999999 0.999999 0.999999 0.999999 0.999999 0.999999 0.999999 0.999999 0.999999 0.999999 0.999999 0.999999 0.999999 0.999999 0.999999 0.999999 0.999999 0.999999 0.999999 0.999999 0.999999 0.999999 0.999999 0.999999 0.999999 0.999999 0.999999 0.999999 0.999999 0.999999 0.999999
# Sex ratio correction
1
# M and current age-structure in year Yinit: 2011
 # gender = 1
 0.0439034 0.0439034 0.0439034 0.0439034 0.0439034 0.0439034 0.0439034 0.0439034 0.0439034 0.0439034 0.0439034 0.0439034 0.0439034 0.0439034 0.0439034 0.0439034 0.0439034 0.0439034 0.0439034 0.0439034 0.0439034 0.0439034 0.0439034 0.0439034 0.0439034 0.0439034 0.0439034 0.0439034 0.0439034 0.0439034 0.0439034 0.0439034 0.0439034 0.0439034 0.0439034 0.0439034 0.0439034 0.0439034 0.0439034 0.0439034 0.0439034 0.0439034 0.0439034 0.0439034 0.0439034 0.0439034 0.0439034 0.0439034 0.0439034 0.0439034 0.0439034 0.0439034 0.0439034 0.0439034 0.0439034 0.0439034 0.0439034 0.0439034 0.0439034 0.0439034 0.0439034 0.0439034 0.0439034 0.0439034 0.0439034 0.0439034 0.0439034 0.0439034 0.0439034 0.0439034 0.0439034 0.0439034 0.0439034 0.0439034 0.0439034 0.0439034 0.0439034 0.0439034 0.0439034 0.0439034 0.0439034 0.0439034 0.0439034 0.0439034 0.0439034 0.0439034 0.0439034 0.0439034 0.0439034 0.0439034 0.0439034 0.0439034 0.0439034 0.0439034 0.0439034 0.0439034 0.0439034 0.0439034 0.0439034 0.0439034 0.0439034
 286.186 356.262 323.609 312.596 184.258 160.871 102.877 67.8072 109.533 225.388 60.6334 47.0681 78.7362 53.3737 30.5258 24.8566 25.8147 54.4584 56.0665 25.3945 19.9677 20.1619 20.3495 20.6141 22.7095 25.0041 31.2152 30.657 19.4971 22.3216 17.2131 13.5749 9.40355 6.80713 7.89124 7.55857 7.35326 4.25142 3.72896 4.58093 6.82814 4.12562 3.14967 2.58421 2.00646 1.66708 1.3092 1.07518 1.01616 1.07764 1.18248 1.20329 1.0907 0.947774 0.836849 0.764363 0.727541 0.724086 0.753705 0.818525 0.917261 1.02982 1.09459 1.04402 0.913275 0.781423 0.677943 0.602598 0.548497 0.508574 0.478191 0.45429 0.434984 0.418883 0.404636 0.391098 0.377421 0.36331 0.348899 0.33464 0.321025 0.308434 0.29698 0.286638 0.27713 0.268071 0.259373 0.250817 0.242235 0.233549 0.22474 0.215824 0.206867 0.19798 0.189183 0.180595 0.172287 0.164301 0.156662 0.149383 3.21214
# Age-structure at Ydeclare= 2013
 402.737 228.35 262.127 326.307 296.386 286.265 168.692 147.205 94.0611 61.9295 99.9141 205.339 55.1775 42.7927 71.5322 48.4642 27.7073 22.5555 23.4207 49.4019 50.8563 23.0334 18.1104 18.2859 18.4554 18.6949 20.5945 22.6745 28.3057 27.7983 17.6781 20.238 15.6056 12.3066 8.52465 6.17068 7.1532 6.85144 6.66516 3.85348 3.37983 4.15192 6.18851 3.73906 2.85449 2.34197 1.81835 1.51076 1.18642 0.974338 0.920845 0.97655 1.07155 1.0904 0.988363 0.858846 0.758327 0.692641 0.659272 0.656141 0.682979 0.741716 0.831185 0.933177 0.991867 0.946044 0.82757 0.70809 0.614321 0.546046 0.497022 0.460846 0.433314 0.411655 0.394161 0.379571 0.366661 0.354394 0.342 0.329213 0.316155 0.303234 0.290897 0.279487 0.269108 0.259737 0.251121 0.242912 0.235031 0.227278 0.219502 0.211631 0.203648 0.195569 0.187453 0.1794 0.171428 0.163646 0.156118 0.148882 3.18802
# Year for Tmin Age-structure (set to Ydecl by SS)
2013
#  recruitment and biomass
# Number of historical assessment years
137
# Historical data
# year recruitment spawner in B0 in R project in R/S project
1888  1889 1890 1891 1892 1893 1894 1895 1896 1897 1898 1899 1900 1901 1902 1903 1904 1905 1906 1907 1908 1909 1910 1911 1912 1913 1914 1915 1916 1917 1918 1919 1920 1921 1922 1923 1924 1925 1926 1927 1928 1929 1930 1931 1932 1933 1934 1935 1936 1937 1938 1939 1940 1941 1942 1943 1944 1945 1946 1947 1948 1949 1950 1951 1952 1953 1954 1955 1956 1957 1958 1959 1960 1961 1962 1963 1964 1965 1966 1967 1968 1969 1970 1971 1972 1973 1974 1975 1976 1977 1978 1979 1980 1981 1982 1983 1984 1985 1986 1987 1988 1989 1990 1991 1992 1993 1994 1995 1996 1997 1998 1999 2000 2001 2002 2003 2004 2005 2006 2007 2008 2009 2010 2011 2012 2013 2014 2015 2016 2017 2018 2019 2020 2021 2022 2023 2024 #years (with first value representing R0)
222.429 226.274 226.41 226.551 226.697 226.84 226.988 227.142 227.309 227.483 227.664 227.853 228.052 228.26 228.477 228.702 228.94 229.194 229.463 229.76 230.08 230.423 230.79 231.176 231.579 231.98 232.355 232.663 232.855 232.871 232.63 232.017 231.043 229.63 227.758 225.453 222.774 219.815 216.73 213.688 210.727 208.089 205.895 204.08 202.501 200.883 198.947 196.494 193.535 190.294 187.216 184.786 183.479 183.682 185.865 190.788 199.555 213.778 234.666 261.194 284.334 283.84 254.221 215.526 183.027 160.357 146.552 140.05 139.903 145.586 156.65 171.17 179.165 166.882 143.961 128.277 127.968 146.454 174.651 195.955 233.981 262.657 314.564 472.119 284.765 206.587 208.113 315.404 281.778 253.626 187.095 219.249 266.425 282.399 304.258 219.766 285.302 240.059 159.712 121.451 93.3008 78.9618 68.1071 59.6705 68.2547 137.679 123.868 54.949 49.8911 58.0409 96.4271 135.386 77.1191 94.7429 336.133 156.028 92.3242 133.959 200.406 219.648 356.612 353.311 372.252 286.186 238.598 402.737 162.782 174.845 129.109 108.056 133.571 157.827 154.346 160.568 177.01 180.185 182.995  #recruits; first value is R0 (virgin)
1132.57  1132.57 1132.57 1132.55 1132.52 1132.06 1131.6 1131.14 1130.98 1130.91 1130.83 1130.77 1130.7 1130.65 1130.63 1130.63 1130.66 1130.72 1130.81 1130.94 1131.1 1131.17 1131.37 1131.59 1131.84 1132.09 1132.36 1132.65 1132.87 1133.18 1133.34 1131.46 1131.18 1131.03 1130.97 1131.21 1131.39 1131.04 1130.36 1128.9 1126.73 1124.67 1123.09 1121.19 1120.31 1119.6 1118.88 1117.62 1116.31 1113.98 1111.86 1109.37 1107.43 1104.26 1099.48 1094.23 1084.37 1073.71 1057.69 1042.83 1035.63 1027.34 1020.72 1013.33 1004.26 996.234 990.002 982.618 975.673 968.768 960.876 953.817 948.022 943.539 941.023 937.845 936.188 935.731 925.4 922.003 916.683 910.904 895.863 885.424 871.734 854.802 836.454 816.307 796.539 774.009 751.873 717.117 680.708 653.136 618.161 560.892 512.349 484.382 447.34 417.978 390.738 367.53 338.224 317.486 282.975 251.673 221.627 205.475 189 171.002 150.089 143.073 131.746 132.351 132.378 137.586 143.026 148.709 154.395 160.397 165.921 171.843 177.749 184.438 191.503 198.981 207.445 216.956 227.055 238.488 250.208 263.609 278.398 295.675 314.707 334.22 354.421 #spbio; first value is SSB_virgin (virgin)
1 0 0 0 0 0 0 0 0 0 0 0 0 0 0 0 0 0 0 0 0 0 0 0 0 0 0 0 0 0 0 0 0 0 0 0 0 0 0 0 0 0 0 0 0 0 0 0 0 0 0 0 0 0 0 0 0 0 0 0 0 0 0 0 0 0 0 0 0 0 0 0 0 0 0 0 0 0 0 0 0 0 0 0 0 0 0 0 0 0 0 0 0 0 0 0 0 0 0 0 0 0 0 0 0 0 0 0 0 0 0 0 0 0 0 0 0 0 0 0 0 0 0 0 0 0 0 0 0 0 0 0 0 0 0 0 0  # in Bzero
0 1 1 1 1 1 1 1 1 1 1 1 1 1 1 1 1 1 1 1 1 1 1 1 1 1 1 1 1 1 1 1 1 1 1 1 1 1 1 1 1 1 1 1 1 1 1 1 1 1 1 1 1 1 1 1 1 1 1 1 1 1 1 1 1 1 1 1 1 1 1 1 1 1 1 1 1 1 1 1 1 1 1 1 1 1 1 1 1 1 1 1 1 1 1 1 1 1 1 1 1 1 1 1 1 1 1 1 1 1 1 1 1 1 1 1 1 1 1 1 1 1 1 1 1 1 1 1 1 1 1 1 1 1  0 0 0 # in R project
0 1 1 1 1 1 1 1 1 1 1 1 1 1 1 1 1 1 1 1 1 1 1 1 1 1 1 1 1 1 1 1 1 1 1 1 1 1 1 1 1 1 1 1 1 1 1 1 1 1 1 1 1 1 1 1 1 1 1 1 1 1 1 1 1 1 1 1 1 1 1 1 1 1 1 1 1 1 1 1 1 1 1 1 1 1 1 1 1 1 1 1 1 1 1 1 1 1 1 1 1 1 1 1 1 1 1 1 1 1 1 1 1 1 1 1 1 1 1 1 1 1 1 1 1 1 1 1 1 1 1 1 1 1  0 0 0 # in R/S project
# Number of years with pre-specified catches
0
# catches for years with pre-specified catches go next
# Number of future recruitments to override
-2
# Process for overiding (-1 for average otherwise index in data list)
# Which probability to product detailed results for (1=0.5; 2=0.6; etc.)
3
# Steepness sigma-R Auto-correlation
0.718 0.5 0
# Target SPR rate (FMSY Proxy); manually change to SPR_MSY if not using SPR_target
0.5
# Discount rate (for cumulative catch)
0.1
# Truncate the series when 0.4B0 is reached (1=Yes)
0
# Set F to FMSY once 0.4B0 is reached (1=Yes)
0
# Maximum possible F for projection (-1 to set to FMSY)
-1
# Defintion of recovery (1=now only;2=now or before)
2
# Projection type
4
# Definition of the 40-10 rule
10 40
# Sigma Assessment Error (Base, Year1, Slope, MaxSigma)
1.0 2025 0.075 2.0
# Pstar
0.45
# Constrain catches by the ABC (1=yes, 2=no)
2
# Implementation Error (0=no; 1=lognormal; 2=uniform)
0
#Parameters of Implementaion Error
1 0.3
# Calculate coefficients of variation (1=Yes)
0
# Number of replicates to use
10
# Random number seed
-99004
# File with multiple parameter vectors 
rebuild.SSO
# User-specific projection (1=Yes); Output replaced (1->9)
0  5
# Catches and Fs (Year; 1/2/3 (F or C or SPR); value); Final row is -1
2024 1 1
-1 -1 -1
# Fixed catch project (1=Yes); Output replaced (1->9); Approach (-1=Read in else 1-9)
0 2 -1
# (48a) Special catch options (1-Yes) [CUT_OFF, Emsy, distribution, MAXCAT, Add, replace_code]
0 0.18 1.00 1.00 0 6
# (48b) B1Target
150000
# Split of Fs
2011  0.0177747
 0
 0.41436
 0.0236817
 0.183979
 0.192136
 0.168069
-1  1 1 1 1 1 1 1 1 1 1 1 1
# Yrs to define T_target for projection type 4 (a.k.a. 5 pre-specified inputs)
2030 2031 2032 2033 2034 
# Year for probability of recovery
2034 2035 2036 2037 2038 2039 2040 2041
# Time varying weight-at-age (1=Yes;0=No)
0
# File with time series of weight-at-age data
none
# Use bisection (0) or linear interpolation (1)
1
# Target Depletion
0.4
# CV of implementation error
0
