#Title, #runnumber: 1 yelloweye_data.ss yelloweye_control.ss 5876.53 1055.13 336.724 StartTime: Wed Apr 16 00:03:13 2025
SSv3_default_rebuild.dat
# Number of sexes
1
# Age range to consider (minimum age; maximum age)
0 100
# Number of fleets
7
# First year of projection (Yinit)
2011
# First Year of rebuilding period (Ydecl)
2013
# Number of simulations
1000
# Maximum number of years
500
# Conduct projections with multiple starting values (0=No;else yes)
0
# Number of parameter vectors
1000
# Is the maximum age a plus-group (1=Yes;2=No)
1
# Generate future recruitments using historical recruitments (1)  historical recruits/spawner (2)  or a stock-recruitment (3)
3
# Constant fishing mortality (1) or constant Catch (2) projections
1
# Fishing mortality based on SPR (1) or actual rate (2)
1
# Pre-specify the year of recovery (or -1) to ignore
-1
# Fecundity-at-age
# 0 1 2 3 4 5 6 7 8 9 10 11 12 13 14 15 16 17 18 19 20 21 22 23 24 25 26 27 28 29 30 31 32 33 34 35 36 37 38 39 40 41 42 43 44 45 46 47 48 49 50 51 52 53 54 55 56 57 58 59 60 61 62 63 64 65 66 67 68 69 70 71 72 73 74 75 76 77 78 79 80 81 82 83 84 85 86 87 88 89 90 91 92 93 94 95 96 97 98 99 100 #runnumber: 1 yelloweye_data.ss yelloweye_control.ss 5876.53 1055.13 336.724
 0 0 2.56409e-08 3.35579e-07 3.09723e-06 2.18978e-05 0.000123274 0.000557196 0.00201573 0.00587689 0.0141153 0.0287658 0.0512391 0.0818949 0.120039 0.164235 0.212719 0.263759 0.315879 0.367948 0.419181 0.469083 0.517378 0.563937 0.608724 0.651756 0.693074 0.732728 0.770771 0.807248 0.842206 0.875682 0.907716 0.938342 0.967596 0.995514 1.02213 1.04748 1.07161 1.09455 1.11634 1.13702 1.15664 1.17523 1.19284 1.2095 1.22526 1.24016 1.25423 1.26752 1.28006 1.29189 1.30304 1.31356 1.32346 1.33279 1.34157 1.34984 1.35761 1.36493 1.37181 1.37827 1.38435 1.39007 1.39544 1.40048 1.40521 1.40966 1.41384 1.41776 1.42144 1.42498 1.42831 1.43143 1.43436 1.4371 1.43968 1.4421 1.44436 1.44649 1.44849 1.45035 1.45211 1.45375 1.45529 1.45674 1.45809 1.45936 1.46055 1.46167 1.46272 1.4637 1.46462 1.46548 1.46628 1.46704 1.46775 1.46841 1.46904 1.46962 1.47053 #female fecundity; weighted by N in year Y_init across morphs and areas
# Age specific selectivity and weight adjusted for discard and discard mortality
 #wt and selex for gender,fleet: 1 1 1_CA_TWL
 0.0107496 0.0208935 0.0586155 0.114768 0.188799 0.277722 0.378108 0.486871 0.601517 0.720214 0.841835 0.965934 1.09259 1.22213 1.35487 1.49087 1.62988 1.77128 1.91421 2.05768 2.20064 2.34214 2.48135 2.61757 2.75026 2.87901 3.00354 3.12364 3.23919 3.35012 3.45642 3.55811 3.65524 3.74789 3.83614 3.92011 3.99993 4.07571 4.14761 4.21575 4.28029 4.34136 4.39913 4.45372 4.50529 4.55398 4.59992 4.64324 4.68409 4.72258 4.75884 4.79298 4.82511 4.85536 4.88381 4.91056 4.93572 4.95937 4.9816 5.00249 5.02211 5.04054 5.05784 5.0741 5.08935 5.10367 5.11712 5.12973 5.14157 5.15268 5.1632 5.17316 5.18251 5.19128 5.1995 5.20721 5.21444 5.22122 5.22758 5.23354 5.23913 5.24437 5.24928 5.25388 5.25819 5.26224 5.26603 5.26958 5.27291 5.27603 5.27896 5.2817 5.28427 5.28668 5.28893 5.29105 5.29303 5.29488 5.29662 5.29825 5.3008
 0 0.00120153 0.00443711 0.01443 0.0373274 0.0796327 0.145224 0.233295 0.338267 0.451435 0.563353 0.666 0.754082 0.825338 0.88004 0.920122 0.948299 0.967389 0.979903 0.98787 0.992812 0.995808 0.997588 0.998628 0.999227 0.999567 0.999758 0.999865 0.999925 0.999958 0.999976 0.999986 0.999992 0.999995 0.999996 0.999997 0.999998 0.999998 0.999998 0.999998 0.999998 0.999998 0.999998 0.999998 0.999998 0.999998 0.999998 0.999998 0.999998 0.999998 0.999998 0.999998 0.999998 0.999998 0.999998 0.999998 0.999997 0.999997 0.999997 0.999997 0.999997 0.999997 0.999997 0.999997 0.999997 0.999997 0.999997 0.999997 0.999997 0.999997 0.999997 0.999997 0.999997 0.999997 0.999997 0.999997 0.999997 0.999997 0.999997 0.999997 0.999997 0.999997 0.999997 0.999997 0.999997 0.999997 0.999997 0.999997 0.999997 0.999997 0.999997 0.999997 0.999997 0.999997 0.999997 0.999997 0.999997 0.999997 0.999997 0.999997 0.999997
 #wt and selex for gender,fleet: 1 3 3_CA_REC
 0.0106781 0.0195871 0.0531811 0.104574 0.173361 0.257363 0.353794 0.459948 0.573477 0.692507 0.815714 0.942348 1.07213 1.20506 1.34114 1.48023 1.62191 1.76551 1.91017 2.05493 2.19883 2.34098 2.48062 2.61711 2.74998 2.87885 3.00344 3.12358 3.23915 3.3501 3.45641 3.5581 3.65524 3.74788 3.83614 3.92011 3.99993 4.07571 4.14761 4.21575 4.28029 4.34136 4.39913 4.45372 4.50529 4.55398 4.59992 4.64324 4.68409 4.72258 4.75884 4.79298 4.82511 4.85536 4.88381 4.91057 4.93572 4.95937 4.9816 5.00249 5.02211 5.04054 5.05784 5.0741 5.08935 5.10368 5.11712 5.12973 5.14157 5.15268 5.1632 5.17316 5.18251 5.19128 5.1995 5.20721 5.21444 5.22122 5.22758 5.23354 5.23913 5.24437 5.24928 5.25388 5.2582 5.26224 5.26603 5.26958 5.27291 5.27604 5.27896 5.2817 5.28427 5.28668 5.28893 5.29105 5.29303 5.29488 5.29662 5.29825 5.3008
 0 0.00570199 0.0152121 0.0370399 0.076432 0.136877 0.218096 0.315807 0.422888 0.531181 0.633213 0.723432 0.798742 0.858408 0.903491 0.936128 0.958859 0.974148 0.984116 0.990435 0.994342 0.996705 0.998106 0.998923 0.999393 0.99966 0.999811 0.999895 0.999941 0.999967 0.999982 0.99999 0.999994 0.999996 0.999998 0.999999 0.999999 0.999999 0.999999 0.999999 0.999999 0.999999 0.999999 0.999999 0.999999 0.999999 0.999999 0.999999 0.999999 0.999999 0.999999 0.999999 0.999999 0.999999 0.999999 0.999999 0.999999 0.999999 0.999999 0.999999 0.999999 0.999999 0.999999 0.999999 0.999999 0.999999 0.999999 0.999999 0.999999 0.999999 0.999999 0.999999 0.999999 0.999999 0.999999 0.999999 0.999999 0.999999 0.999999 0.999999 0.999999 0.999999 0.999999 0.999999 0.999999 0.999999 0.999999 0.999999 0.999999 0.999999 0.999999 0.999999 0.999999 0.999999 0.999999 0.999999 0.999999 0.999999 0.999999 0.999999 0.999999
 #wt and selex for gender,fleet: 1 4 4_ORWA_TWL
 0.0106236 0.0185693 0.0484765 0.0956554 0.159994 0.240066 0.333744 0.438732 0.552848 0.674146 0.800991 0.932094 1.06652 1.20366 1.34308 1.48443 1.62731 1.77123 1.91558 2.05965 2.2027 2.34401 2.48289 2.61877 2.75115 2.87965 3.00399 3.12394 3.23939 3.35026 3.45651 3.55817 3.65528 3.74791 3.83616 3.92012 3.99994 4.07572 4.14761 4.21575 4.28029 4.34136 4.39913 4.45372 4.50529 4.55398 4.59992 4.64324 4.68409 4.72258 4.75884 4.79298 4.82511 4.85536 4.88381 4.91056 4.93572 4.95937 4.9816 5.00249 5.02211 5.04054 5.05784 5.0741 5.08935 5.10367 5.11712 5.12973 5.14157 5.15268 5.1632 5.17316 5.18251 5.19128 5.1995 5.20721 5.21444 5.22122 5.22758 5.23354 5.23913 5.24437 5.24928 5.25388 5.25819 5.26224 5.26603 5.26958 5.27291 5.27603 5.27896 5.2817 5.28427 5.28668 5.28893 5.29105 5.29303 5.29488 5.29662 5.29825 5.3008
 0 0.0197667 0.0400855 0.075371 0.127109 0.195114 0.276792 0.367693 0.462476 0.555858 0.643321 0.721547 0.788574 0.843742 0.88747 0.92093 0.94571 0.963515 0.975959 0.98444 0.99009 0.993776 0.996139 0.997629 0.998557 0.999127 0.999474 0.999684 0.99981 0.999886 0.999931 0.999958 0.999974 0.999984 0.99999 0.999993 0.999995 0.999996 0.999997 0.999998 0.999998 0.999998 0.999998 0.999998 0.999998 0.999998 0.999998 0.999998 0.999998 0.999998 0.999998 0.999998 0.999998 0.999998 0.999998 0.999998 0.999998 0.999998 0.999998 0.999998 0.999998 0.999998 0.999998 0.999998 0.999998 0.999998 0.999998 0.999998 0.999998 0.999998 0.999998 0.999998 0.999998 0.999998 0.999998 0.999998 0.999998 0.999998 0.999998 0.999998 0.999998 0.999998 0.999998 0.999998 0.999998 0.999998 0.999998 0.999998 0.999998 0.999998 0.999998 0.999998 0.999998 0.999998 0.999998 0.999998 0.999998 0.999998 0.999998 0.999998 0.999998
 #wt and selex for gender,fleet: 1 5 5_ORWA_NONTWL
 0.0106873 0.019775 0.0544236 0.108136 0.181045 0.271187 0.375732 0.491752 0.616561 0.747851 0.883703 1.02256 1.16317 1.30455 1.44595 1.58681 1.72673 1.86545 2.00275 2.13847 2.27244 2.40448 2.53438 2.66187 2.78671 2.9086 3.02729 3.14253 3.2541 3.36182 3.46556 3.56523 3.66078 3.75219 3.83949 3.92272 4.00197 4.07731 4.14886 4.21674 4.28108 4.342 4.39964 4.45413 4.50563 4.55425 4.60014 4.64343 4.68425 4.72271 4.75895 4.79308 4.8252 4.85543 4.88387 4.91062 4.93577 4.95942 4.98164 5.00252 5.02214 5.04057 5.05787 5.07412 5.08938 5.1037 5.11714 5.12975 5.14159 5.15269 5.16321 5.17318 5.18252 5.19129 5.19951 5.20722 5.21445 5.22123 5.22759 5.23355 5.23914 5.24438 5.24929 5.25389 5.25821 5.26225 5.26604 5.2696 5.27293 5.27605 5.27897 5.28171 5.28428 5.28669 5.28894 5.29106 5.29304 5.29489 5.29663 5.29826 5.30081
 0 0.00115394 0.00326585 0.00862809 0.0195467 0.0386922 0.0683606 0.109835 0.163038 0.226551 0.297913 0.374066 0.451806 0.52816 0.600639 0.667375 0.72716 0.779398 0.824017 0.861344 0.891988 0.916717 0.936366 0.951762 0.963678 0.972801 0.979721 0.984929 0.988822 0.991717 0.993861 0.995445 0.996613 0.997474 0.998109 0.998578 0.998925 0.999183 0.999375 0.999518 0.999626 0.999708 0.99977 0.999817 0.999854 0.999882 0.999904 0.999921 0.999935 0.999946 0.999954 0.999961 0.999967 0.999971 0.999975 0.999978 0.999981 0.999983 0.999985 0.999987 0.999988 0.999989 0.99999 0.999991 0.999992 0.999992 0.999993 0.999993 0.999994 0.999994 0.999994 0.999994 0.999995 0.999995 0.999995 0.999995 0.999995 0.999995 0.999995 0.999995 0.999996 0.999996 0.999996 0.999996 0.999996 0.999996 0.999996 0.999996 0.999996 0.999996 0.999996 0.999996 0.999996 0.999996 0.999996 0.999996 0.999996 0.999996 0.999996 0.999996 0.999996
 #wt and selex for gender,fleet: 1 6 6_OR_REC
 0.011143 0.0271689 0.0768218 0.144027 0.22614 0.317462 0.413532 0.511652 0.611086 0.71284 0.818884 0.931211 1.05116 1.17907 1.31434 1.45559 1.6011 1.74906 1.89784 2.04607 2.19265 2.33675 2.47773 2.61511 2.74854 2.87775 3.00254 3.12278 3.23841 3.34938 3.45569 3.55737 3.6545 3.74713 3.83537 3.91933 3.99913 4.0749 4.14678 4.21491 4.27944 4.3405 4.39826 4.45284 4.50441 4.55309 4.59902 4.64234 4.68318 4.72167 4.75792 4.79206 4.82419 4.85443 4.88288 4.90963 4.93479 4.95844 4.98066 5.00154 5.02116 5.03959 5.0569 5.07315 5.0884 5.10272 5.11616 5.12878 5.14062 5.15172 5.16224 5.1722 5.18154 5.19031 5.19853 5.20623 5.21346 5.22024 5.2266 5.23255 5.23814 5.24338 5.24828 5.25289 5.2572 5.26124 5.26503 5.26858 5.27191 5.27503 5.27796 5.2807 5.28326 5.28567 5.28792 5.29004 5.29202 5.29387 5.29561 5.29724 5.29979
 0 4.9095e-05 0.000610677 0.00471659 0.0217882 0.0676378 0.155199 0.283153 0.434279 0.584706 0.715128 0.816231 0.887755 0.934664 0.963529 0.980344 0.989678 0.994631 0.997143 0.99835 0.998883 0.999079 0.99911 0.999062 0.998978 0.998878 0.998771 0.998662 0.998555 0.998449 0.998346 0.998246 0.998149 0.998056 0.997967 0.997881 0.997799 0.997721 0.997647 0.997575 0.997508 0.997444 0.997383 0.997325 0.99727 0.997218 0.997169 0.997123 0.997079 0.997038 0.996999 0.996962 0.996928 0.996895 0.996864 0.996835 0.996808 0.996783 0.996758 0.996736 0.996714 0.996694 0.996676 0.996658 0.996641 0.996626 0.996611 0.996597 0.996584 0.996572 0.996561 0.99655 0.99654 0.99653 0.996521 0.996513 0.996505 0.996497 0.99649 0.996484 0.996478 0.996472 0.996466 0.996461 0.996457 0.996452 0.996448 0.996444 0.996441 0.996437 0.996434 0.996431 0.996428 0.996425 0.996423 0.996421 0.996418 0.996416 0.996414 0.996413 0.99641
 #wt and selex for gender,fleet: 1 7 7_WA_REC
 0.0110509 0.0259581 0.0755021 0.145975 0.236041 0.340324 0.453781 0.572473 0.693617 0.815441 0.93704 1.05827 1.17956 1.30167 1.42544 1.55156 1.68043 1.81205 1.94607 2.08181 2.21839 2.35485 2.49023 2.62363 2.75432 2.88169 3.00528 3.12476 3.2399 3.35057 3.45671 3.55829 3.65535 3.74796 3.83619 3.92014 3.99995 4.07573 4.14761 4.21575 4.28029 4.34137 4.39913 4.45372 4.50529 4.55398 4.59992 4.64324 4.68409 4.72258 4.75884 4.79298 4.82511 4.85536 4.88381 4.91057 4.93572 4.95937 4.9816 5.00249 5.02211 5.04054 5.05784 5.0741 5.08935 5.10368 5.11712 5.12973 5.14157 5.15268 5.1632 5.17316 5.18251 5.19128 5.1995 5.20721 5.21444 5.22122 5.22758 5.23354 5.23913 5.24437 5.24928 5.25388 5.2582 5.26224 5.26603 5.26958 5.27291 5.27604 5.27896 5.2817 5.28427 5.28668 5.28893 5.29105 5.29303 5.29488 5.29662 5.29825 5.3008
 0 8.94147e-06 9.4688e-05 0.000721712 0.00361397 0.0128661 0.0349383 0.0766164 0.1419 0.229835 0.334509 0.446938 0.557679 0.659005 0.746028 0.816786 0.871643 0.912437 0.941683 0.961987 0.975689 0.98471 0.990521 0.994195 0.99648 0.997882 0.998733 0.999245 0.999551 0.999733 0.999841 0.999905 0.999943 0.999965 0.999979 0.999987 0.999992 0.999995 0.999997 0.999998 0.999998 0.999999 0.999999 0.999999 0.999999 0.999999 0.999999 0.999999 0.999999 0.999999 0.999999 0.999999 0.999999 0.999999 0.999999 0.999999 0.999999 0.999999 0.999999 0.999999 0.999999 0.999999 0.999999 0.999999 0.999999 0.999999 0.999999 0.999999 0.999999 0.999999 0.999999 0.999999 0.999999 0.999999 0.999999 0.999999 0.999999 0.999999 0.999999 0.999999 0.999999 0.999999 0.999999 0.999999 0.999999 0.999999 0.999999 0.999999 0.999999 0.999999 0.999999 0.999999 0.999999 0.999999 0.999999 0.999999 0.999999 0.999999 0.999999 0.999999 0.999999
# Sex ratio correction
1
# M and current age-structure in year Yinit: 2011
 # gender = 1
 0.0439034 0.0439034 0.0439034 0.0439034 0.0439034 0.0439034 0.0439034 0.0439034 0.0439034 0.0439034 0.0439034 0.0439034 0.0439034 0.0439034 0.0439034 0.0439034 0.0439034 0.0439034 0.0439034 0.0439034 0.0439034 0.0439034 0.0439034 0.0439034 0.0439034 0.0439034 0.0439034 0.0439034 0.0439034 0.0439034 0.0439034 0.0439034 0.0439034 0.0439034 0.0439034 0.0439034 0.0439034 0.0439034 0.0439034 0.0439034 0.0439034 0.0439034 0.0439034 0.0439034 0.0439034 0.0439034 0.0439034 0.0439034 0.0439034 0.0439034 0.0439034 0.0439034 0.0439034 0.0439034 0.0439034 0.0439034 0.0439034 0.0439034 0.0439034 0.0439034 0.0439034 0.0439034 0.0439034 0.0439034 0.0439034 0.0439034 0.0439034 0.0439034 0.0439034 0.0439034 0.0439034 0.0439034 0.0439034 0.0439034 0.0439034 0.0439034 0.0439034 0.0439034 0.0439034 0.0439034 0.0439034 0.0439034 0.0439034 0.0439034 0.0439034 0.0439034 0.0439034 0.0439034 0.0439034 0.0439034 0.0439034 0.0439034 0.0439034 0.0439034 0.0439034 0.0439034 0.0439034 0.0439034 0.0439034 0.0439034 0.0439034
 300.609 283.49 223.197 264.8 148.579 105.976 76.3167 56.5133 115.217 209.098 80.615 57.9816 100.423 54.5312 31.7918 25.6799 25.7487 49.9512 62.8572 26.2148 19.5592 20.2743 21.8979 22.3288 22.5061 21.8652 24.8967 30.3966 23.2017 25.8479 17.6177 11.8657 8.35697 6.31951 6.65393 6.13531 5.80023 3.6431 3.36007 4.00843 6.32714 4.26675 3.18696 2.34112 1.77261 1.43319 1.09222 0.885422 0.834339 0.88985 0.99675 1.05889 0.996226 0.865811 0.743704 0.65657 0.607977 0.593904 0.610545 0.656339 0.726565 0.801802 0.838305 0.799086 0.708426 0.614468 0.537678 0.479774 0.437034 0.404696 0.379501 0.359203 0.342415 0.328068 0.315023 0.302279 0.289143 0.27551 0.261708 0.248305 0.235811 0.224535 0.214527 0.205717 0.197895 0.19081 0.184233 0.177977 0.171888 0.165869 0.159864 0.153846 0.147821 0.141838 0.135895 0.129964 0.124209 0.118655 0.113318 0.108214 2.37892
# Age-structure at Ydeclare= 2013
 141.188 128.408 275.336 259.651 204.417 242.487 136.023 96.9765 69.7887 51.6345 105.167 190.666 73.4385 52.7751 91.3399 49.5704 28.8866 23.3254 23.3821 45.3522 57.0632 23.7965 17.754 18.4025 19.8757 20.2665 20.427 19.845 22.5958 27.5865 21.056 23.4563 15.9868 10.7668 7.5826 5.73365 6.03678 5.566 5.26177 3.30475 3.04787 3.63582 5.73876 3.86983 2.89038 2.12318 1.60755 1.2997 0.99047 0.80292 0.756584 0.80691 0.903836 0.960171 0.903344 0.785084 0.674358 0.595347 0.551283 0.538521 0.553609 0.595131 0.658807 0.727025 0.760122 0.72456 0.642354 0.557158 0.487529 0.435026 0.396271 0.366949 0.344103 0.325699 0.310476 0.297467 0.285639 0.274084 0.262173 0.249812 0.237297 0.225145 0.213815 0.203591 0.194517 0.186529 0.179437 0.173012 0.167049 0.161377 0.155855 0.150398 0.144953 0.139496 0.134033 0.128609 0.12322 0.117843 0.112624 0.107588 2.35793
# Year for Tmin Age-structure (set to Ydecl by SS)
2013
#  recruitment and biomass
# Number of historical assessment years
137
# Historical data
# year recruitment spawner in B0 in R project in R/S project
1888  1889 1890 1891 1892 1893 1894 1895 1896 1897 1898 1899 1900 1901 1902 1903 1904 1905 1906 1907 1908 1909 1910 1911 1912 1913 1914 1915 1916 1917 1918 1919 1920 1921 1922 1923 1924 1925 1926 1927 1928 1929 1930 1931 1932 1933 1934 1935 1936 1937 1938 1939 1940 1941 1942 1943 1944 1945 1946 1947 1948 1949 1950 1951 1952 1953 1954 1955 1956 1957 1958 1959 1960 1961 1962 1963 1964 1965 1966 1967 1968 1969 1970 1971 1972 1973 1974 1975 1976 1977 1978 1979 1980 1981 1982 1983 1984 1985 1986 1987 1988 1989 1990 1991 1992 1993 1994 1995 1996 1997 1998 1999 2000 2001 2002 2003 2004 2005 2006 2007 2008 2009 2010 2011 2012 2013 2014 2015 2016 2017 2018 2019 2020 2021 2022 2023 2024 #years (with first value representing R0)
204.13 203.334 203.31 203.286 203.261 203.228 203.195 203.161 203.132 203.103 203.074 203.046 203.013 202.982 202.954 202.917 202.881 202.848 202.821 202.806 202.798 202.793 202.794 202.796 202.796 202.773 202.706 202.556 202.289 201.861 201.049 199.922 198.516 196.795 194.781 192.531 190.122 187.66 185.284 183.14 181.379 180.139 179.49 179.376 179.652 180.018 180.097 179.553 178.272 176.42 174.461 172.931 172.33 173.015 175.396 180.125 188.097 200.55 218.076 239.221 256.71 256.164 233.001 200.747 172.38 152.392 140.841 136.941 140.407 150.919 166.618 181.647 182.724 162.547 136.88 120.776 120.258 138.657 169.334 193.89 235.619 293.063 355.789 474.476 268.02 198.589 188.689 261.027 237.885 220.414 177.34 197.044 233.273 286.909 346.973 256.102 275.99 186.571 136.191 117.646 99.147 83.7421 67.8051 58.0864 70.1988 153.968 113.344 54.6601 51.3881 60.266 98.2516 172.302 94.8581 125.849 311.7 164.102 76.948 99.3812 132.028 177.121 302.088 243.683 296.214 300.609 134.171 141.188 138.983 146.738 151.345 134.484 130.479 136.023 144.538 153.054 159.785 163.831 166.634  #recruits; first value is R0 (virgin)
1055.13  1055.13 1055.12 1055.11 1055.08 1054.62 1054.16 1053.69 1053.54 1053.46 1053.38 1053.29 1053.19 1053.06 1052.91 1052.74 1052.54 1052.3 1052.05 1051.77 1051.47 1051.03 1050.69 1050.32 1049.93 1049.52 1049.09 1048.65 1048.11 1047.63 1046.97 1044.25 1043.09 1042.06 1041.07 1040.37 1039.57 1038.22 1036.51 1033.98 1030.71 1027.53 1024.8 1021.71 1019.64 1017.7 1015.75 1013.23 1010.67 1007.1 1003.78 1000.14 997.111 992.928 987.231 981.197 970.675 959.527 943.201 928.2 921.042 913.203 907.134 900.36 892.085 885.1 879.957 873.831 868.136 862.478 855.739 849.728 844.784 840.98 838.995 836.349 835.389 835.751 826.576 824.639 821.076 817.222 804.89 797.373 786.637 772.634 757.587 740.518 723.553 703.722 684.09 652.04 618.233 592.957 560.175 507.65 480.533 460.001 433.974 412.309 385.16 361.237 331.477 310.18 273.59 240.89 209.636 192.345 175.383 156.812 135.37 127.458 115.763 116.724 116.798 122.22 127.788 133.749 139.756 146.224 152.252 158.846 165.478 172.847 180.776 189.148 198.452 208.447 218.84 229.982 240.761 252.464 264.624 278.33 292.765 306.679 320.438 #spbio; first value is SSB_virgin (virgin)
1 0 0 0 0 0 0 0 0 0 0 0 0 0 0 0 0 0 0 0 0 0 0 0 0 0 0 0 0 0 0 0 0 0 0 0 0 0 0 0 0 0 0 0 0 0 0 0 0 0 0 0 0 0 0 0 0 0 0 0 0 0 0 0 0 0 0 0 0 0 0 0 0 0 0 0 0 0 0 0 0 0 0 0 0 0 0 0 0 0 0 0 0 0 0 0 0 0 0 0 0 0 0 0 0 0 0 0 0 0 0 0 0 0 0 0 0 0 0 0 0 0 0 0 0 0 0 0 0 0 0 0 0 0 0 0 0  # in Bzero
0 1 1 1 1 1 1 1 1 1 1 1 1 1 1 1 1 1 1 1 1 1 1 1 1 1 1 1 1 1 1 1 1 1 1 1 1 1 1 1 1 1 1 1 1 1 1 1 1 1 1 1 1 1 1 1 1 1 1 1 1 1 1 1 1 1 1 1 1 1 1 1 1 1 1 1 1 1 1 1 1 1 1 1 1 1 1 1 1 1 1 1 1 1 1 1 1 1 1 1 1 1 1 1 1 1 1 1 1 1 1 1 1 1 1 1 1 1 1 1 1 1 1 1 1 1 1 1 1 1 1 1 1 1  0 0 0 # in R project
0 1 1 1 1 1 1 1 1 1 1 1 1 1 1 1 1 1 1 1 1 1 1 1 1 1 1 1 1 1 1 1 1 1 1 1 1 1 1 1 1 1 1 1 1 1 1 1 1 1 1 1 1 1 1 1 1 1 1 1 1 1 1 1 1 1 1 1 1 1 1 1 1 1 1 1 1 1 1 1 1 1 1 1 1 1 1 1 1 1 1 1 1 1 1 1 1 1 1 1 1 1 1 1 1 1 1 1 1 1 1 1 1 1 1 1 1 1 1 1 1 1 1 1 1 1 1 1 1 1 1 1 1 1  0 0 0 # in R/S project
# Number of years with pre-specified catches
0
# catches for years with pre-specified catches go next
# Number of future recruitments to override
-2
# Process for overiding (-1 for average otherwise index in data list)
# Which probability to product detailed results for (1=0.5; 2=0.6; etc.)
3
# Steepness sigma-R Auto-correlation
0.718 0.5 0
# Target SPR rate (FMSY Proxy); manually change to SPR_MSY if not using SPR_target
0.5
# Discount rate (for cumulative catch)
0.1
# Truncate the series when 0.4B0 is reached (1=Yes)
0
# Set F to FMSY once 0.4B0 is reached (1=Yes)
0
# Maximum possible F for projection (-1 to set to FMSY)
-1
# Defintion of recovery (1=now only;2=now or before)
2
# Projection type
4
# Definition of the 40-10 rule
10 40
# Sigma Assessment Error (Base, Year1, Slope, MaxSigma)
1.0 2025 0.075 2.0
# Pstar
0.45
# Constrain catches by the ABC (1=yes, 2=no)
2
# Implementation Error (0=no; 1=lognormal; 2=uniform)
0
#Parameters of Implementaion Error
1 0.3
# Calculate coefficients of variation (1=Yes)
0
# Number of replicates to use
10
# Random number seed
-99004
# File with multiple parameter vectors 
rebuild.SSO
# User-specific projection (1=Yes); Output replaced (1->9)
0  5
# Catches and Fs (Year; 1/2/3 (F or C or SPR); value); Final row is -1
2024 1 1
-1 -1 -1
# Fixed catch project (1=Yes); Output replaced (1->9); Approach (-1=Read in else 1-9)
0 2 -1
# (48a) Special catch options (1-Yes) [CUT_OFF, Emsy, distribution, MAXCAT, Add, replace_code]
0 0.18 1.00 1.00 0 6
# (48b) B1Target
150000
# Split of Fs
2011  0.0153776
 0
 0.370174
 0.0244503
 0.193171
 0.200062
 0.196765
-1  1 1 1 1 1 1 1 1 1 1 1 1
# Yrs to define T_target for projection type 4 (a.k.a. 5 pre-specified inputs)
2030 2031 2032 2033 2034 
# Year for probability of recovery
2034 2035 2036 2037 2038 2039 2040 2041
# Time varying weight-at-age (1=Yes;0=No)
0
# File with time series of weight-at-age data
none
# Use bisection (0) or linear interpolation (1)
1
# Target Depletion
0.4
# CV of implementation error
0
