#Title, #runnumber: 1 yelloweye_data.ss yelloweye_control.ss 7119.51 1129.24 388.326 StartTime: Thu May  1 10:19:22 2025
SSv3_default_rebuild.dat
# Number of sexes
1
# Age range to consider (minimum age; maximum age)
0 100
# Number of fleets
7
# First year of projection (Yinit)
2011
# First Year of rebuilding period (Ydecl)
2013
# Number of simulations
1000
# Maximum number of years
500
# Conduct projections with multiple starting values (0=No;else yes)
0
# Number of parameter vectors
1000
# Is the maximum age a plus-group (1=Yes;2=No)
1
# Generate future recruitments using historical recruitments (1)  historical recruits/spawner (2)  or a stock-recruitment (3)
3
# Constant fishing mortality (1) or constant Catch (2) projections
1
# Fishing mortality based on SPR (1) or actual rate (2)
1
# Pre-specify the year of recovery (or -1) to ignore
-1
# Fecundity-at-age
# 0 1 2 3 4 5 6 7 8 9 10 11 12 13 14 15 16 17 18 19 20 21 22 23 24 25 26 27 28 29 30 31 32 33 34 35 36 37 38 39 40 41 42 43 44 45 46 47 48 49 50 51 52 53 54 55 56 57 58 59 60 61 62 63 64 65 66 67 68 69 70 71 72 73 74 75 76 77 78 79 80 81 82 83 84 85 86 87 88 89 90 91 92 93 94 95 96 97 98 99 100 #runnumber: 1 yelloweye_data.ss yelloweye_control.ss 7119.51 1129.24 388.326
 0 0 2.81093e-09 5.78722e-08 7.29859e-07 6.50519e-06 4.45117e-05 0.000243731 0.00108095 0.00386039 0.0110799 0.025941 0.0509511 0.086693 0.131694 0.183241 0.238401 0.294713 0.350447 0.404556 0.456503 0.506081 0.553264 0.598119 0.640741 0.681232 0.71969 0.756197 0.790831 0.823661 0.85475 0.88416 0.911953 0.938187 0.962924 0.986223 1.00814 1.02875 1.0481 1.06626 1.08328 1.09923 1.11415 1.12811 1.14116 1.15335 1.16473 1.17536 1.18526 1.1945 1.20311 1.21113 1.2186 1.22556 1.23203 1.23805 1.24365 1.24886 1.2537 1.2582 1.26238 1.26627 1.26988 1.27324 1.27635 1.27924 1.28193 1.28442 1.28674 1.28889 1.29088 1.29276 1.2945 1.29612 1.29763 1.29902 1.30031 1.30151 1.30263 1.30366 1.30462 1.3055 1.30633 1.30709 1.3078 1.30846 1.30907 1.30963 1.31016 1.31064 1.31109 1.31151 1.3119 1.31226 1.31259 1.3129 1.31319 1.31345 1.3137 1.31392 1.31426 #female fecundity; weighted by N in year Y_init across morphs and areas
# Age specific selectivity and weight adjusted for discard and discard mortality
 #wt and selex for gender,fleet: 1 1 1_CA_TWL
 0.00896707 0.00911797 0.0279028 0.0692395 0.131305 0.213215 0.312202 0.42498 0.548327 0.679348 0.815625 0.955378 1.09761 1.24203 1.38861 1.53721 1.68727 1.83782 1.98771 2.13575 2.28086 2.42217 2.559 2.69086 2.81742 2.93848 3.05394 3.16378 3.26803 3.36678 3.46016 3.54831 3.6314 3.70962 3.78316 3.85223 3.91703 3.97777 4.03465 4.08789 4.13767 4.18418 4.22763 4.26818 4.30602 4.34129 4.37418 4.40481 4.43334 4.45991 4.48463 4.50763 4.52903 4.54893 4.56743 4.58463 4.60061 4.61546 4.62926 4.64207 4.65397 4.66503 4.67529 4.68482 4.69366 4.70187 4.70949 4.71656 4.72312 4.72921 4.73489 4.7402 4.74512 4.74968 4.75392 4.75785 4.76149 4.76487 4.76801 4.77091 4.77361 4.77611 4.77843 4.78058 4.78258 4.78443 4.78614 4.78773 4.7892 4.79057 4.79184 4.79301 4.7941 4.79511 4.79605 4.79692 4.79772 4.79847 4.79916 4.7998 4.80074
 0 0.00109554 0.00249302 0.00942274 0.0279351 0.0663024 0.131097 0.223434 0.337654 0.463002 0.586991 0.698738 0.791224 0.862026 0.912573 0.946541 0.968238 0.981541 0.989439 0.994017 0.996627 0.998099 0.998924 0.999387 0.999647 0.999794 0.999878 0.999926 0.999955 0.999971 0.999981 0.999987 0.999991 0.999994 0.999995 0.999996 0.999997 0.999997 0.999997 0.999997 0.999997 0.999997 0.999997 0.999997 0.999997 0.999997 0.999997 0.999997 0.999997 0.999997 0.999997 0.999997 0.999997 0.999997 0.999997 0.999997 0.999997 0.999997 0.999997 0.999997 0.999997 0.999997 0.999997 0.999997 0.999997 0.999997 0.999997 0.999997 0.999997 0.999997 0.999997 0.999997 0.999997 0.999997 0.999997 0.999997 0.999997 0.999997 0.999997 0.999997 0.999997 0.999997 0.999997 0.999997 0.999997 0.999997 0.999997 0.999997 0.999997 0.999997 0.999997 0.999997 0.999997 0.999997 0.999997 0.999997 0.999997 0.999997 0.999997 0.999997 0.999997
 #wt and selex for gender,fleet: 1 3 3_CA_REC
 0.00896707 0.00911785 0.0270108 0.0666689 0.126316 0.205152 0.300657 0.409794 0.529545 0.657201 0.790634 0.928598 1.07069 1.21684 1.36671 1.51945 1.67371 1.82801 1.98091 2.13119 2.27788 2.42026 2.55779 2.69009 2.81694 2.93817 3.05375 3.16365 3.26795 3.36673 3.46013 3.54829 3.63138 3.70961 3.78315 3.85222 3.91702 3.97776 4.03465 4.08788 4.13766 4.18418 4.22763 4.26818 4.30602 4.34129 4.37418 4.40481 4.43334 4.45991 4.48463 4.50763 4.52903 4.54893 4.56743 4.58463 4.60061 4.61546 4.62926 4.64207 4.65397 4.66503 4.67529 4.68482 4.69366 4.70187 4.70949 4.71656 4.72312 4.72921 4.73489 4.7402 4.74512 4.74968 4.75392 4.75785 4.76149 4.76487 4.76801 4.77092 4.77361 4.77611 4.77843 4.78058 4.78258 4.78443 4.78614 4.78773 4.78921 4.79057 4.79184 4.79301 4.7941 4.79511 4.79605 4.79692 4.79773 4.79847 4.79916 4.79981 4.80074
 0 0.00396762 0.00829057 0.0256023 0.0637688 0.130682 0.228287 0.35035 0.484291 0.615369 0.730934 0.823297 0.890626 0.935774 0.963929 0.980454 0.989694 0.99467 0.997278 0.998618 0.999299 0.999643 0.999817 0.999905 0.99995 0.999973 0.999985 0.999992 0.999995 0.999997 0.999998 0.999999 0.999999 0.999999 0.999999 0.999999 0.999999 0.999999 0.999999 0.999999 0.999999 0.999999 0.999999 0.999999 0.999999 0.999999 0.999999 0.999999 0.999999 0.999999 0.999999 0.999999 0.999999 0.999999 0.999999 0.999999 0.999999 0.999999 0.999999 0.999999 0.999999 0.999999 0.999999 0.999999 0.999999 0.999999 0.999999 0.999999 0.999999 0.999999 0.999999 0.999999 0.999999 0.999999 0.999999 0.999999 0.999999 0.999999 0.999999 0.999999 0.999999 0.999999 0.999999 0.999999 0.999999 0.999999 0.999999 0.999999 0.999999 0.999999 0.999999 0.999999 0.999999 0.999999 0.999999 0.999999 0.999999 0.999999 0.999999 0.999999 0.999999
 #wt and selex for gender,fleet: 1 4 4_ORWA_TWL
 0.00896707 0.00911768 0.0257264 0.0631357 0.120144 0.196336 0.289769 0.397847 0.517807 0.647005 0.783103 0.92428 1.06937 1.2177 1.36876 1.52183 1.67589 1.82976 1.9822 2.13208 2.27847 2.42064 2.55802 2.69024 2.81703 2.93823 3.05378 3.16367 3.26796 3.36674 3.46013 3.54829 3.63138 3.70961 3.78315 3.85222 3.91702 3.97776 4.03465 4.08788 4.13766 4.18418 4.22763 4.26818 4.30602 4.34129 4.37417 4.40481 4.43334 4.45991 4.48463 4.50763 4.52903 4.54893 4.56743 4.58463 4.60061 4.61546 4.62926 4.64207 4.65397 4.66503 4.67529 4.68481 4.69366 4.70187 4.70949 4.71656 4.72312 4.72921 4.73489 4.74019 4.74512 4.74968 4.75392 4.75785 4.76149 4.76487 4.76801 4.77091 4.77361 4.77611 4.77843 4.78058 4.78258 4.78442 4.78614 4.78773 4.7892 4.79057 4.79184 4.79301 4.7941 4.79511 4.79605 4.79692 4.79772 4.79847 4.79916 4.7998 4.80074
 0 0.012943 0.0239733 0.0553518 0.109433 0.188427 0.289424 0.404801 0.524463 0.638427 0.738779 0.820752 0.882996 0.927078 0.95637 0.974777 0.985813 0.992184 0.995756 0.997715 0.998774 0.999341 0.999644 0.999806 0.999893 0.99994 0.999965 0.999979 0.999987 0.999992 0.999994 0.999996 0.999996 0.999997 0.999997 0.999997 0.999997 0.999997 0.999997 0.999997 0.999997 0.999997 0.999997 0.999997 0.999997 0.999997 0.999997 0.999997 0.999997 0.999997 0.999997 0.999997 0.999997 0.999997 0.999997 0.999997 0.999997 0.999997 0.999997 0.999997 0.999996 0.999996 0.999996 0.999996 0.999996 0.999996 0.999996 0.999996 0.999996 0.999996 0.999996 0.999996 0.999996 0.999996 0.999996 0.999996 0.999996 0.999996 0.999996 0.999996 0.999996 0.999996 0.999996 0.999996 0.999996 0.999996 0.999996 0.999996 0.999996 0.999996 0.999996 0.999996 0.999996 0.999996 0.999996 0.999996 0.999996 0.999996 0.999996 0.999996 0.999996
 #wt and selex for gender,fleet: 1 5 5_ORWA_NONTWL
 0.00896707 0.00911788 0.0272581 0.0678895 0.129795 0.212654 0.314192 0.431392 0.561072 0.700215 0.846112 0.996421 1.14916 1.30268 1.45569 1.60722 1.75658 1.90336 2.04726 2.18807 2.32558 2.45953 2.58967 2.71569 2.83733 2.95433 3.06651 3.17374 3.27592 3.37305 3.46515 3.5523 3.63462 3.71222 3.78529 3.85398 3.91848 3.97898 4.03568 4.08876 4.13841 4.18483 4.22819 4.26867 4.30645 4.34168 4.37452 4.40512 4.43363 4.46017 4.48487 4.50785 4.52924 4.54912 4.56761 4.5848 4.60077 4.61561 4.6294 4.64221 4.65411 4.66515 4.67541 4.68493 4.69377 4.70198 4.70959 4.71666 4.72322 4.72931 4.73499 4.74029 4.74521 4.74978 4.75401 4.75794 4.76158 4.76496 4.7681 4.771 4.7737 4.7762 4.77852 4.78067 4.78266 4.78451 4.78623 4.78782 4.78929 4.79066 4.79192 4.7931 4.79419 4.7952 4.79613 4.797 4.79781 4.79855 4.79925 4.79989 4.80082
 0 0.000648019 0.0013829 0.00459942 0.012668 0.0292087 0.0580187 0.101813 0.161242 0.234599 0.318239 0.407415 0.497201 0.58322 0.662104 0.731671 0.790901 0.83976 0.878951 0.909627 0.933144 0.950863 0.964031 0.973715 0.980782 0.985916 0.989636 0.992331 0.994286 0.995709 0.996749 0.997514 0.998081 0.998502 0.998819 0.999059 0.999242 0.999383 0.999493 0.999579 0.999646 0.9997 0.999744 0.999779 0.999807 0.999831 0.99985 0.999867 0.99988 0.999892 0.999901 0.99991 0.999917 0.999923 0.999928 0.999933 0.999937 0.999941 0.999944 0.999947 0.999949 0.999951 0.999953 0.999955 0.999956 0.999958 0.999959 0.99996 0.999961 0.999962 0.999963 0.999964 0.999964 0.999965 0.999965 0.999965 0.999966 0.999966 0.999966 0.999967 0.999967 0.999967 0.999967 0.999968 0.999968 0.999968 0.999968 0.999968 0.999968 0.999968 0.999969 0.999969 0.999969 0.999969 0.999969 0.999969 0.999969 0.999969 0.999969 0.999969 0.999969
 #wt and selex for gender,fleet: 1 6 6_OR_REC
 0.00896707 0.0091194 0.0350682 0.0850983 0.155828 0.243135 0.341798 0.447392 0.557057 0.670464 0.789717 0.917448 1.05482 1.20093 1.35344 1.50962 1.667 1.82367 1.97817 2.12945 2.27673 2.41944 2.55713 2.68952 2.81639 2.93763 3.05318 3.16307 3.26734 3.3661 3.45946 3.5476 3.63067 3.70887 3.78239 3.85144 3.91623 3.97695 4.03382 4.08704 4.1368 4.18331 4.22674 4.26728 4.3051 4.34037 4.37325 4.40387 4.4324 4.45895 4.48367 4.50667 4.52806 4.54795 4.56645 4.58364 4.59962 4.61446 4.62826 4.64107 4.65297 4.66401 4.67427 4.6838 4.69264 4.70085 4.70846 4.71553 4.72209 4.72818 4.73386 4.73916 4.74408 4.74865 4.75288 4.75681 4.76045 4.76383 4.76696 4.76987 4.77256 4.77506 4.77738 4.77953 4.78152 4.78337 4.78508 4.78667 4.78815 4.78951 4.79078 4.79196 4.79304 4.79405 4.79499 4.79586 4.79666 4.79741 4.7981 4.79874 4.79968
 0 1.86507e-05 9.40444e-05 0.00139705 0.0106726 0.0473111 0.137776 0.29108 0.482022 0.665712 0.807979 0.900243 0.952222 0.978484 0.99069 0.996003 0.998183 0.999011 0.999275 0.999308 0.999248 0.99915 0.999037 0.998919 0.9988 0.998683 0.99857 0.99846 0.998354 0.998252 0.998155 0.998062 0.997974 0.997891 0.997812 0.997738 0.997668 0.997602 0.99754 0.997482 0.997427 0.997376 0.997328 0.997283 0.997242 0.997203 0.997166 0.997132 0.9971 0.997071 0.997043 0.997017 0.996994 0.996971 0.996951 0.996931 0.996913 0.996897 0.996881 0.996867 0.996854 0.996841 0.99683 0.996819 0.996809 0.9968 0.996791 0.996783 0.996776 0.996769 0.996763 0.996757 0.996751 0.996746 0.996741 0.996737 0.996733 0.996729 0.996725 0.996722 0.996719 0.996716 0.996713 0.996711 0.996709 0.996707 0.996705 0.996703 0.996701 0.9967 0.996698 0.996697 0.996696 0.996695 0.996694 0.996693 0.996692 0.996691 0.99669 0.996689 0.996688
 #wt and selex for gender,fleet: 1 7 7_WA_REC
 0.00896707 0.00911929 0.0348605 0.0862466 0.161133 0.256302 0.366705 0.487512 0.614714 0.745256 0.877087 1.00932 1.14227 1.27699 1.41459 1.55559 1.69971 1.84592 1.99281 2.13888 2.28274 2.42328 2.55965 2.69124 2.81764 2.93861 3.05401 3.16382 3.26806 3.3668 3.46017 3.54831 3.6314 3.70962 3.78316 3.85223 3.91703 3.97777 4.03465 4.08789 4.13767 4.18419 4.22763 4.26818 4.30602 4.34129 4.37418 4.40481 4.43334 4.45991 4.48463 4.50763 4.52903 4.54893 4.56743 4.58463 4.60061 4.61546 4.62926 4.64207 4.65397 4.66503 4.67529 4.68482 4.69366 4.70187 4.70949 4.71656 4.72312 4.72921 4.73489 4.7402 4.74512 4.74968 4.75392 4.75785 4.76149 4.76487 4.76801 4.77092 4.77361 4.77611 4.77843 4.78058 4.78258 4.78443 4.78614 4.78773 4.78921 4.79057 4.79184 4.79301 4.7941 4.79511 4.79605 4.79692 4.79773 4.79847 4.79916 4.79981 4.80074
 0 2.23986e-06 1.08294e-05 0.000164089 0.00141591 0.00755537 0.0274558 0.0736658 0.155706 0.272846 0.412571 0.555807 0.684854 0.78902 0.865699 0.918018 0.9516 0.972142 0.984252 0.9912 0.995112 0.997287 0.99849 0.999153 0.999521 0.999725 0.99984 0.999905 0.999943 0.999965 0.999978 0.999986 0.999991 0.999994 0.999996 0.999997 0.999998 0.999998 0.999999 0.999999 0.999999 0.999999 0.999999 0.999999 0.999999 0.999999 0.999999 0.999999 0.999999 0.999999 0.999999 0.999999 0.999999 0.999999 0.999999 0.999999 0.999999 0.999999 0.999999 0.999999 0.999999 0.999999 0.999999 0.999999 0.999999 0.999999 0.999999 0.999999 0.999999 0.999999 0.999999 0.999999 0.999999 0.999999 0.999999 0.999999 0.999999 0.999999 0.999999 0.999999 0.999999 0.999999 0.999999 0.999999 0.999999 0.999999 0.999999 0.999999 0.999999 0.999999 0.999999 0.999999 0.999999 0.999999 0.999999 0.999999 0.999999 0.999999 0.999999 0.999999 0.999999
# Sex ratio correction
1
# M and current age-structure in year Yinit: 2011
 # gender = 1
 0.0439034 0.0439034 0.0439034 0.0439034 0.0439034 0.0439034 0.0439034 0.0439034 0.0439034 0.0439034 0.0439034 0.0439034 0.0439034 0.0439034 0.0439034 0.0439034 0.0439034 0.0439034 0.0439034 0.0439034 0.0439034 0.0439034 0.0439034 0.0439034 0.0439034 0.0439034 0.0439034 0.0439034 0.0439034 0.0439034 0.0439034 0.0439034 0.0439034 0.0439034 0.0439034 0.0439034 0.0439034 0.0439034 0.0439034 0.0439034 0.0439034 0.0439034 0.0439034 0.0439034 0.0439034 0.0439034 0.0439034 0.0439034 0.0439034 0.0439034 0.0439034 0.0439034 0.0439034 0.0439034 0.0439034 0.0439034 0.0439034 0.0439034 0.0439034 0.0439034 0.0439034 0.0439034 0.0439034 0.0439034 0.0439034 0.0439034 0.0439034 0.0439034 0.0439034 0.0439034 0.0439034 0.0439034 0.0439034 0.0439034 0.0439034 0.0439034 0.0439034 0.0439034 0.0439034 0.0439034 0.0439034 0.0439034 0.0439034 0.0439034 0.0439034 0.0439034 0.0439034 0.0439034 0.0439034 0.0439034 0.0439034 0.0439034 0.0439034 0.0439034 0.0439034 0.0439034 0.0439034 0.0439034 0.0439034 0.0439034 0.0439034
 229.752 283.943 291.43 339.699 198.78 183.528 104.63 65.2822 92.3787 213.053 62.3606 49.842 87.3058 55.5574 34.5881 27.4652 27.3387 53.0262 57.4022 28.0381 22.4932 22.5529 21.8923 22.1688 25.1606 27.786 34.2459 33.8945 21.1161 22.0318 19.7598 16.2256 11.1896 6.88815 7.77856 7.94235 8.56012 5.06378 3.91716 4.3655 7.69279 4.80594 3.14982 2.68279 2.09615 1.64186 1.36278 1.22132 1.21495 1.30863 1.41521 1.39372 1.22269 1.03661 0.90237 0.821897 0.787115 0.792366 0.835285 0.916308 1.03302 1.16391 1.23871 1.17464 1.01754 0.864769 0.748028 0.663978 0.602922 0.556218 0.51898 0.488702 0.46425 0.444721 0.42885 0.415234 0.40252 0.389839 0.376824 0.363611 0.350574 0.338112 0.326415 0.315553 0.305313 0.295355 0.285655 0.276032 0.266346 0.256544 0.246628 0.23663 0.226629 0.216742 0.206988 0.197493 0.188327 0.179534 0.171136 0.163144 3.50362
# Age-structure at Ydeclare= 2013
 467.401 201.132 210.437 260.069 266.917 311.094 181.999 167.957 95.6811 59.6375 84.2912 194.169 56.7725 45.3353 79.3564 50.4728 31.411 24.936 24.8167 48.1288 52.0963 25.445 20.4121 20.4656 19.8657 20.116 22.8301 25.2115 31.0716 30.7514 19.157 19.9867 17.9247 14.7179 10.1494 6.24761 7.05496 7.20329 7.76334 4.5923 3.55233 3.9588 6.97591 4.35796 2.85614 2.4326 1.90063 1.48868 1.23562 1.10734 1.10156 1.18649 1.28311 1.26361 1.10854 0.939834 0.818125 0.745163 0.713627 0.718387 0.757298 0.830754 0.936572 1.05524 1.12305 1.06496 0.922526 0.784021 0.67818 0.601978 0.546622 0.504279 0.470518 0.443067 0.420898 0.403192 0.388804 0.376458 0.364932 0.353435 0.341635 0.329656 0.317836 0.306538 0.295934 0.286086 0.276802 0.267774 0.25898 0.250256 0.241475 0.232588 0.223597 0.214534 0.205466 0.196502 0.18766 0.179051 0.170742 0.162769 3.47953
# Year for Tmin Age-structure (set to Ydecl by SS)
2013
#  recruitment and biomass
# Number of historical assessment years
137
# Historical data
# year recruitment spawner in B0 in R project in R/S project
1888  1889 1890 1891 1892 1893 1894 1895 1896 1897 1898 1899 1900 1901 1902 1903 1904 1905 1906 1907 1908 1909 1910 1911 1912 1913 1914 1915 1916 1917 1918 1919 1920 1921 1922 1923 1924 1925 1926 1927 1928 1929 1930 1931 1932 1933 1934 1935 1936 1937 1938 1939 1940 1941 1942 1943 1944 1945 1946 1947 1948 1949 1950 1951 1952 1953 1954 1955 1956 1957 1958 1959 1960 1961 1962 1963 1964 1965 1966 1967 1968 1969 1970 1971 1972 1973 1974 1975 1976 1977 1978 1979 1980 1981 1982 1983 1984 1985 1986 1987 1988 1989 1990 1991 1992 1993 1994 1995 1996 1997 1998 1999 2000 2001 2002 2003 2004 2005 2006 2007 2008 2009 2010 2011 2012 2013 2014 2015 2016 2017 2018 2019 2020 2021 2022 2023 2024 #years (with first value representing R0)
223.325 227.274 227.413 227.557 227.706 227.851 228.003 228.159 228.328 228.505 228.69 228.882 229.085 229.297 229.519 229.749 229.994 230.255 230.534 230.842 231.175 231.536 231.926 232.342 232.782 233.231 233.665 234.048 234.331 234.457 234.349 233.894 233.102 231.89 230.229 228.13 225.63 222.805 219.782 216.703 213.575 210.61 207.9 205.349 202.806 200.034 196.86 193.267 189.492 185.96 183.226 181.761 181.88 183.69 187.325 193.296 202.711 217.508 239.511 268.428 295.102 296.314 265.047 223.896 188.984 163.906 147.905 139.735 138.735 144.779 158.017 176.983 191.43 184.284 161.363 141.649 134.369 141.097 159.458 190.164 226.179 245.198 342.873 498.694 254.789 203.906 232.945 344.958 278.049 234.677 177.679 244.896 299.149 304.945 283.02 224.846 298.813 250.35 169.372 128.98 96.6442 82.2384 74.1307 65.7416 74.0655 139.146 119.494 57.8223 54.8895 65.5746 100.173 149.909 81.5801 97.3696 317.575 131.549 88.8691 136.229 228.622 236.956 387.529 318.177 296.687 229.752 210.159 467.401 228.686 304.987 216.626 110.223 106.964 112.757 112.426 149.386 167.899 173.004 185.313  #recruits; first value is R0 (virgin)
1129.24  1129.24 1129.24 1129.22 1129.19 1128.73 1128.27 1127.8 1127.65 1127.58 1127.5 1127.43 1127.37 1127.32 1127.29 1127.29 1127.33 1127.4 1127.51 1127.65 1127.82 1127.9 1128.13 1128.37 1128.63 1128.9 1129.19 1129.5 1129.74 1130.07 1130.25 1128.39 1128.13 1128 1127.96 1128.23 1128.44 1128.12 1127.47 1126.05 1123.92 1121.92 1120.4 1118.57 1117.78 1117.17 1116.58 1115.45 1114.29 1112.13 1110.19 1107.9 1106.15 1103.17 1098.57 1093.48 1083.75 1073.19 1057.23 1042.33 1035.02 1026.54 1019.67 1011.97 1002.57 994.192 987.614 979.904 972.673 965.55 957.534 950.486 944.87 940.76 938.792 936.312 935.416 935.716 926.13 923.317 918.461 913.034 898.323 888.186 874.879 858.449 840.697 821.185 802.002 779.924 758.033 723.365 686.825 659.053 623.872 566.783 518.409 490.484 453.538 424.214 396.977 373.88 344.73 324.053 289.639 258.563 228.812 213.047 197.139 179.688 159.35 152.993 142.272 143.527 144.135 149.921 155.878 162.034 168.163 174.583 180.476 186.729 192.921 199.847 207.07 214.61 223.051 232.45 242.341 253.504 264.898 277.96 292.342 309.104 327.428 346.068 365.467 #spbio; first value is SSB_virgin (virgin)
1 0 0 0 0 0 0 0 0 0 0 0 0 0 0 0 0 0 0 0 0 0 0 0 0 0 0 0 0 0 0 0 0 0 0 0 0 0 0 0 0 0 0 0 0 0 0 0 0 0 0 0 0 0 0 0 0 0 0 0 0 0 0 0 0 0 0 0 0 0 0 0 0 0 0 0 0 0 0 0 0 0 0 0 0 0 0 0 0 0 0 0 0 0 0 0 0 0 0 0 0 0 0 0 0 0 0 0 0 0 0 0 0 0 0 0 0 0 0 0 0 0 0 0 0 0 0 0 0 0 0 0 0 0 0 0 0  # in Bzero
0 1 1 1 1 1 1 1 1 1 1 1 1 1 1 1 1 1 1 1 1 1 1 1 1 1 1 1 1 1 1 1 1 1 1 1 1 1 1 1 1 1 1 1 1 1 1 1 1 1 1 1 1 1 1 1 1 1 1 1 1 1 1 1 1 1 1 1 1 1 1 1 1 1 1 1 1 1 1 1 1 1 1 1 1 1 1 1 1 1 1 1 1 1 1 1 1 1 1 1 1 1 1 1 1 1 1 1 1 1 1 1 1 1 1 1 1 1 1 1 1 1 1 1 1 1 1 1 1 1 1 1 1 1  0 0 0 # in R project
0 1 1 1 1 1 1 1 1 1 1 1 1 1 1 1 1 1 1 1 1 1 1 1 1 1 1 1 1 1 1 1 1 1 1 1 1 1 1 1 1 1 1 1 1 1 1 1 1 1 1 1 1 1 1 1 1 1 1 1 1 1 1 1 1 1 1 1 1 1 1 1 1 1 1 1 1 1 1 1 1 1 1 1 1 1 1 1 1 1 1 1 1 1 1 1 1 1 1 1 1 1 1 1 1 1 1 1 1 1 1 1 1 1 1 1 1 1 1 1 1 1 1 1 1 1 1 1 1 1 1 1 1 1  0 0 0 # in R/S project
# Number of years with pre-specified catches
0
# catches for years with pre-specified catches go next
# Number of future recruitments to override
-2
# Process for overiding (-1 for average otherwise index in data list)
# Which probability to product detailed results for (1=0.5; 2=0.6; etc.)
3
# Steepness sigma-R Auto-correlation
0.718 0.5 0
# Target SPR rate (FMSY Proxy); manually change to SPR_MSY if not using SPR_target
0.5
# Discount rate (for cumulative catch)
0.1
# Truncate the series when 0.4B0 is reached (1=Yes)
0
# Set F to FMSY once 0.4B0 is reached (1=Yes)
0
# Maximum possible F for projection (-1 to set to FMSY)
-1
# Defintion of recovery (1=now only;2=now or before)
2
# Projection type
4
# Definition of the 40-10 rule
10 40
# Sigma Assessment Error (Base, Year1, Slope, MaxSigma)
1.0 2025 0.075 2.0
# Pstar
0.45
# Constrain catches by the ABC (1=yes, 2=no)
2
# Implementation Error (0=no; 1=lognormal; 2=uniform)
0
#Parameters of Implementaion Error
1 0.3
# Calculate coefficients of variation (1=Yes)
0
# Number of replicates to use
10
# Random number seed
-99004
# File with multiple parameter vectors 
rebuild.SSO
# User-specific projection (1=Yes); Output replaced (1->9)
0  5
# Catches and Fs (Year; 1/2/3 (F or C or SPR); value); Final row is -1
2024 1 1
-1 -1 -1
# Fixed catch project (1=Yes); Output replaced (1->9); Approach (-1=Read in else 1-9)
0 2 -1
# (48a) Special catch options (1-Yes) [CUT_OFF, Emsy, distribution, MAXCAT, Add, replace_code]
0 0.18 1.00 1.00 0 6
# (48b) B1Target
150000
# Split of Fs
2011  0.0173296
 0
 0.40911
 0.023173
 0.187049
 0.19074
 0.172598
-1  1 1 1 1 1 1 1 1 1 1 1 1
# Yrs to define T_target for projection type 4 (a.k.a. 5 pre-specified inputs)
2030 2031 2032 2033 2034 
# Year for probability of recovery
2034 2035 2036 2037 2038 2039 2040 2041
# Time varying weight-at-age (1=Yes;0=No)
0
# File with time series of weight-at-age data
none
# Use bisection (0) or linear interpolation (1)
1
# Target Depletion
0.4
# CV of implementation error
0
