#Title, #runnumber: 1 yelloweye_data.ss yelloweye_control.ss 6270.86 1049.84 331.246 StartTime: Thu Apr 10 15:41:45 2025
SSv3_default_rebuild.dat
# Number of sexes
1
# Age range to consider (minimum age; maximum age)
0 100
# Number of fleets
7
# First year of projection (Yinit)
2011
# First Year of rebuilding period (Ydecl)
2013
# Number of simulations
1000
# Maximum number of years
500
# Conduct projections with multiple starting values (0=No;else yes)
0
# Number of parameter vectors
1000
# Is the maximum age a plus-group (1=Yes;2=No)
1
# Generate future recruitments using historical recruitments (1)  historical recruits/spawner (2)  or a stock-recruitment (3)
3
# Constant fishing mortality (1) or constant Catch (2) projections
1
# Fishing mortality based on SPR (1) or actual rate (2)
1
# Pre-specify the year of recovery (or -1) to ignore
-1
# Fecundity-at-age
# 0 1 2 3 4 5 6 7 8 9 10 11 12 13 14 15 16 17 18 19 20 21 22 23 24 25 26 27 28 29 30 31 32 33 34 35 36 37 38 39 40 41 42 43 44 45 46 47 48 49 50 51 52 53 54 55 56 57 58 59 60 61 62 63 64 65 66 67 68 69 70 71 72 73 74 75 76 77 78 79 80 81 82 83 84 85 86 87 88 89 90 91 92 93 94 95 96 97 98 99 100 #runnumber: 1 yelloweye_data.ss yelloweye_control.ss 6270.86 1049.84 331.246
 0 0 2.7899e-08 3.55442e-07 3.21511e-06 2.23786e-05 0.000124488 0.000558093 0.00200949 0.0058462 0.0140324 0.0285975 0.0509518 0.0814566 0.119419 0.163405 0.211656 0.262446 0.314304 0.366109 0.417081 0.466729 0.514778 0.5611 0.60566 0.648472 0.689578 0.729028 0.766871 0.803156 0.837926 0.871222 0.903081 0.933539 0.962632 0.990395 1.01686 1.04208 1.06607 1.08888 1.11055 1.13112 1.15063 1.16912 1.18663 1.2032 1.21888 1.2337 1.24769 1.26091 1.27339 1.28516 1.29626 1.30672 1.31657 1.32585 1.33459 1.34282 1.35056 1.35784 1.36469 1.37113 1.37718 1.38287 1.38822 1.39324 1.39795 1.40238 1.40654 1.41045 1.41411 1.41764 1.42096 1.42407 1.42698 1.42972 1.43229 1.4347 1.43696 1.43907 1.44106 1.44293 1.44467 1.44631 1.44785 1.44929 1.45064 1.45191 1.4531 1.45421 1.45525 1.45623 1.45715 1.45801 1.45881 1.45957 1.46027 1.46094 1.46156 1.46214 1.46305 #female fecundity; weighted by N in year Y_init across morphs and areas
# Age specific selectivity and weight adjusted for discard and discard mortality
 #wt and selex for gender,fleet: 1 1 1_CA_TWL
 0.0108652 0.0215828 0.0589731 0.114629 0.188093 0.276589 0.376849 0.485873 0.601169 0.720826 0.843553 0.968682 1.09607 1.2259 1.35841 1.49369 1.63158 1.77159 1.913 2.05491 2.19638 2.33649 2.47443 2.60952 2.74119 2.86902 2.99271 3.11205 3.22689 3.33716 3.44285 3.54396 3.64054 3.73268 3.82045 3.90397 3.98336 4.05874 4.13026 4.19805 4.26226 4.32303 4.3805 4.43483 4.48614 4.53459 4.58032 4.62344 4.6641 4.70241 4.7385 4.77249 4.80449 4.8346 4.86293 4.88958 4.91464 4.93819 4.96033 4.98114 5.00068 5.01904 5.03629 5.05248 5.06769 5.08196 5.09536 5.10793 5.11973 5.1308 5.14129 5.15122 5.16054 5.16928 5.17748 5.18517 5.19238 5.19914 5.20548 5.21143 5.217 5.22223 5.22713 5.23172 5.23603 5.24006 5.24385 5.24739 5.25072 5.25383 5.25675 5.25949 5.26205 5.26446 5.26671 5.26882 5.2708 5.27265 5.27439 5.27602 5.27857
 0 0.00141019 0.00495624 0.0153026 0.0381504 0.0793889 0.142497 0.226796 0.327378 0.436479 0.5455 0.646887 0.735358 0.808302 0.86548 0.908326 0.939172 0.960603 0.975029 0.984473 0.990505 0.994277 0.996591 0.99799 0.998823 0.999315 0.999602 0.999769 0.999866 0.999922 0.999954 0.999973 0.999983 0.99999 0.999993 0.999995 0.999996 0.999997 0.999998 0.999998 0.999998 0.999998 0.999998 0.999998 0.999998 0.999998 0.999998 0.999998 0.999998 0.999998 0.999998 0.999998 0.999998 0.999998 0.999998 0.999998 0.999998 0.999998 0.999998 0.999998 0.999997 0.999997 0.999997 0.999997 0.999997 0.999997 0.999997 0.999997 0.999997 0.999997 0.999997 0.999997 0.999997 0.999997 0.999997 0.999997 0.999997 0.999997 0.999997 0.999997 0.999997 0.999997 0.999997 0.999997 0.999997 0.999997 0.999997 0.999997 0.999997 0.999997 0.999997 0.999997 0.999997 0.999997 0.999997 0.999997 0.999997 0.999997 0.999997 0.999997 0.999997
# Sex ratio correction
1
# M and current age-structure in year Yinit: 2011
 # gender = 1
 0.0439034 0.0439034 0.0439034 0.0439034 0.0439034 0.0439034 0.0439034 0.0439034 0.0439034 0.0439034 0.0439034 0.0439034 0.0439034 0.0439034 0.0439034 0.0439034 0.0439034 0.0439034 0.0439034 0.0439034 0.0439034 0.0439034 0.0439034 0.0439034 0.0439034 0.0439034 0.0439034 0.0439034 0.0439034 0.0439034 0.0439034 0.0439034 0.0439034 0.0439034 0.0439034 0.0439034 0.0439034 0.0439034 0.0439034 0.0439034 0.0439034 0.0439034 0.0439034 0.0439034 0.0439034 0.0439034 0.0439034 0.0439034 0.0439034 0.0439034 0.0439034 0.0439034 0.0439034 0.0439034 0.0439034 0.0439034 0.0439034 0.0439034 0.0439034 0.0439034 0.0439034 0.0439034 0.0439034 0.0439034 0.0439034 0.0439034 0.0439034 0.0439034 0.0439034 0.0439034 0.0439034 0.0439034 0.0439034 0.0439034 0.0439034 0.0439034 0.0439034 0.0439034 0.0439034 0.0439034 0.0439034 0.0439034 0.0439034 0.0439034 0.0439034 0.0439034 0.0439034 0.0439034 0.0439034 0.0439034 0.0439034 0.0439034 0.0439034 0.0439034 0.0439034 0.0439034 0.0439034 0.0439034 0.0439034 0.0439034 0.0439034
 300.377 287.828 232.578 283.646 146.38 101.181 71.0082 52.1417 106.331 183.344 73.7669 52.9455 89.2025 50.3978 29.6225 23.9495 24.0613 46.1197 57.0653 24.2526 17.9527 18.4106 19.7411 20.1067 20.2174 19.6346 22.2859 26.828 21.0757 22.8694 15.7143 10.5563 7.41943 5.59206 5.86347 5.3956 5.09566 3.21963 2.95468 3.52086 5.52118 3.75577 2.79684 2.052 1.55068 1.25234 0.953159 0.771128 0.725123 0.772001 0.863706 0.917109 0.862695 0.749483 0.643374 0.56751 0.525 0.512359 0.526255 0.565304 0.625455 0.69011 0.721829 0.688568 0.610705 0.529703 0.463372 0.413307 0.376344 0.348395 0.326639 0.309127 0.294647 0.282272 0.271028 0.26006 0.248775 0.237078 0.225236 0.21373 0.202991 0.193286 0.184662 0.177061 0.170306 0.164184 0.1585 0.153095 0.147837 0.142644 0.137466 0.13228 0.12709 0.12194 0.116824 0.111719 0.106764 0.101983 0.09739 0.0929965 2.04246
# Age-structure at Ydeclare= 2013
 158.752 129.919 275.123 263.623 213.005 259.736 134.001 92.5762 64.9199 47.6245 97.0117 167.088 67.1552 48.1551 81.0683 45.7733 26.8913 21.7334 21.8291 41.8331 51.7545 21.9936 16.2796 16.6941 17.9001 18.2312 18.3311 17.8023 20.2055 24.3227 19.1067 20.7318 14.2447 9.56846 6.72475 5.06819 5.31388 4.8896 4.61756 2.9174 2.6772 3.19006 5.0022 3.40258 2.53373 1.85889 1.40469 1.13441 0.863379 0.698477 0.656794 0.699242 0.782293 0.830652 0.78136 0.678816 0.582708 0.513995 0.475492 0.464042 0.476626 0.511991 0.566468 0.625024 0.653749 0.623624 0.553104 0.479741 0.419665 0.374322 0.340845 0.315532 0.295828 0.279968 0.266853 0.255646 0.245462 0.235528 0.225308 0.214714 0.203989 0.193568 0.183843 0.175054 0.167243 0.16036 0.154242 0.148697 0.14355 0.138654 0.133892 0.129189 0.1245 0.119803 0.115103 0.110438 0.105805 0.101182 0.0966944 0.0923643 2.02226
# Year for Tmin Age-structure (set to Ydecl by SS)
2013
#  recruitment and biomass
# Number of historical assessment years
137
# Historical data
# year recruitment spawner in B0 in R project in R/S project
1888  1889 1890 1891 1892 1893 1894 1895 1896 1897 1898 1899 1900 1901 1902 1903 1904 1905 1906 1907 1908 1909 1910 1911 1912 1913 1914 1915 1916 1917 1918 1919 1920 1921 1922 1923 1924 1925 1926 1927 1928 1929 1930 1931 1932 1933 1934 1935 1936 1937 1938 1939 1940 1941 1942 1943 1944 1945 1946 1947 1948 1949 1950 1951 1952 1953 1954 1955 1956 1957 1958 1959 1960 1961 1962 1963 1964 1965 1966 1967 1968 1969 1970 1971 1972 1973 1974 1975 1976 1977 1978 1979 1980 1981 1982 1983 1984 1985 1986 1987 1988 1989 1990 1991 1992 1993 1994 1995 1996 1997 1998 1999 2000 2001 2002 2003 2004 2005 2006 2007 2008 2009 2010 2011 2012 2013 2014 2015 2016 2017 2018 2019 2020 2021 2022 2023 2024 #years (with first value representing R0)
204.155 203.398 203.375 203.352 203.328 203.296 203.264 203.23 203.202 203.174 203.145 203.117 203.085 203.054 203.026 202.989 202.952 202.919 202.891 202.876 202.868 202.862 202.863 202.865 202.866 202.843 202.777 202.629 202.363 201.936 201.124 199.998 198.594 196.876 194.865 192.617 190.211 187.751 185.375 183.228 181.459 180.202 179.528 179.379 179.61 179.925 179.954 179.372 178.072 176.224 174.285 172.783 172.209 172.924 175.34 180.116 188.15 200.667 218.238 239.363 256.707 255.922 232.636 200.42 172.152 152.267 140.812 137.003 140.56 151.152 166.9 181.914 182.891 162.629 136.965 120.906 120.449 138.902 169.488 193.808 235.339 292.214 354.71 467.398 264.849 195.754 186.21 255.001 231.551 213.859 171.792 190.315 224.279 274.679 327.236 246.281 256.157 174.5 127.009 109.13 91.7095 77.1792 62.6775 54.0715 65.6591 140.96 105.32 51.3269 48.1038 56.315 91.0052 153.309 86.7273 115.261 273.471 151.5 71.01 92.4774 126.059 174.503 323.589 253.924 300.746 300.377 135.75 158.752 194.746 218.34 193.633 159.671 153.783 142.105 140.337 148.756 153.778 160.14 165.712  #recruits; first value is R0 (virgin)
1049.84  1049.84 1049.84 1049.82 1049.8 1049.33 1048.87 1048.41 1048.26 1048.18 1048.1 1048.01 1047.91 1047.78 1047.64 1047.46 1047.27 1047.03 1046.79 1046.51 1046.22 1045.78 1045.44 1045.08 1044.7 1044.3 1043.87 1043.43 1042.91 1042.43 1041.78 1039.06 1037.92 1036.89 1035.91 1035.22 1034.43 1033.09 1031.39 1028.87 1025.61 1022.44 1019.73 1016.66 1014.6 1012.68 1010.74 1008.24 1005.7 1002.15 998.854 995.234 992.23 988.069 982.393 976.38 965.878 954.754 938.456 923.486 916.355 908.546 902.504 895.757 887.508 880.548 875.427 869.323 863.649 858.011 851.287 845.295 840.361 836.558 834.567 831.913 830.943 831.293 822.111 820.17 816.605 812.756 800.434 792.934 782.217 768.242 753.234 736.21 719.294 699.519 679.938 647.904 614.105 588.812 555.933 503.262 476.016 455.355 429.167 407.289 379.843 355.557 325.377 303.602 266.36 232.995 201.094 183.17 165.549 146.282 124.172 115.661 103.372 103.747 103.243 108.037 112.984 118.33 123.73 129.592 135.026 141.013 147.018 153.709 160.893 168.439 176.833 185.855 195.25 205.412 217.238 230.055 244.055 259.345 275.902 293.57 312.11 #spbio; first value is SSB_virgin (virgin)
1 0 0 0 0 0 0 0 0 0 0 0 0 0 0 0 0 0 0 0 0 0 0 0 0 0 0 0 0 0 0 0 0 0 0 0 0 0 0 0 0 0 0 0 0 0 0 0 0 0 0 0 0 0 0 0 0 0 0 0 0 0 0 0 0 0 0 0 0 0 0 0 0 0 0 0 0 0 0 0 0 0 0 0 0 0 0 0 0 0 0 0 0 0 0 0 0 0 0 0 0 0 0 0 0 0 0 0 0 0 0 0 0 0 0 0 0 0 0 0 0 0 0 0 0 0 0 0 0 0 0 0 0 0 0 0 0  # in Bzero
0 1 1 1 1 1 1 1 1 1 1 1 1 1 1 1 1 1 1 1 1 1 1 1 1 1 1 1 1 1 1 1 1 1 1 1 1 1 1 1 1 1 1 1 1 1 1 1 1 1 1 1 1 1 1 1 1 1 1 1 1 1 1 1 1 1 1 1 1 1 1 1 1 1 1 1 1 1 1 1 1 1 1 1 1 1 1 1 1 1 1 1 1 1 1 1 1 1 1 1 1 1 1 1 1 1 1 1 1 1 1 1 1 1 1 1 1 1 1 1 1 1 1 1 1 1 1 1 1 1 1 1 1 1  0 0 0 # in R project
0 1 1 1 1 1 1 1 1 1 1 1 1 1 1 1 1 1 1 1 1 1 1 1 1 1 1 1 1 1 1 1 1 1 1 1 1 1 1 1 1 1 1 1 1 1 1 1 1 1 1 1 1 1 1 1 1 1 1 1 1 1 1 1 1 1 1 1 1 1 1 1 1 1 1 1 1 1 1 1 1 1 1 1 1 1 1 1 1 1 1 1 1 1 1 1 1 1 1 1 1 1 1 1 1 1 1 1 1 1 1 1 1 1 1 1 1 1 1 1 1 1 1 1 1 1 1 1 1 1 1 1 1 1  0 0 0 # in R/S project
# Number of years with pre-specified catches
0
# catches for years with pre-specified catches go next
# Number of future recruitments to override
-2
# Process for overiding (-1 for average otherwise index in data list)
# Which probability to product detailed results for (1=0.5; 2=0.6; etc.)
3
# Steepness sigma-R Auto-correlation
0.718 0.5 0
# Target SPR rate (FMSY Proxy); manually change to SPR_MSY if not using SPR_target
0.5
# Discount rate (for cumulative catch)
0.1
# Truncate the series when 0.4B0 is reached (1=Yes)
0
# Set F to FMSY once 0.4B0 is reached (1=Yes)
0
# Maximum possible F for projection (-1 to set to FMSY)
-1
# Defintion of recovery (1=now only;2=now or before)
2
# Projection type
4
# Definition of the 40-10 rule
10 40
# Sigma Assessment Error (Base, Year1, Slope, MaxSigma)
1.0 2025 0.075 2.0
# Pstar
0.45
# Constrain catches by the ABC (1=yes, 2=no)
2
# Implementation Error (0=no; 1=lognormal; 2=uniform)
0
#Parameters of Implementaion Error
1 0.3
# Calculate coefficients of variation (1=Yes)
0
# Number of replicates to use
10
# Random number seed
-99004
# File with multiple parameter vectors 
rebuild.SSO
# User-specific projection (1=Yes); Output replaced (1->9)
0  5
# Catches and Fs (Year; 1/2/3 (F or C or SPR); value); Final row is -1
2024 1 1
-1 -1 -1
# Fixed catch project (1=Yes); Output replaced (1->9); Approach (-1=Read in else 1-9)
0 2 -1
# (48a) Special catch options (1-Yes) [CUT_OFF, Emsy, distribution, MAXCAT, Add, replace_code]
0 0.18 1.00 1.00 0 6
# (48b) B1Target
150000
# Split of Fs
2011  1
 0
 0
 0
 0
 0
 0
-1  1 1 1 1 1 1 1 1 1 1 1 1
# Yrs to define T_target for projection type 4 (a.k.a. 5 pre-specified inputs)
2030 2031 2032 2033 2034 
# Year for probability of recovery
2034 2035 2036 2037 2038 2039 2040 2041
# Time varying weight-at-age (1=Yes;0=No)
0
# File with time series of weight-at-age data
none
# Use bisection (0) or linear interpolation (1)
1
# Target Depletion
0.4
# CV of implementation error
0
