#Title, #runnumber: 1 yelloweye_data.ss yelloweye_control.ss 7152.21 1116.73 426.962 StartTime: Thu May  1 10:20:44 2025
SSv3_default_rebuild.dat
# Number of sexes
1
# Age range to consider (minimum age; maximum age)
0 100
# Number of fleets
7
# First year of projection (Yinit)
2011
# First Year of rebuilding period (Ydecl)
2013
# Number of simulations
1000
# Maximum number of years
500
# Conduct projections with multiple starting values (0=No;else yes)
0
# Number of parameter vectors
1000
# Is the maximum age a plus-group (1=Yes;2=No)
1
# Generate future recruitments using historical recruitments (1)  historical recruits/spawner (2)  or a stock-recruitment (3)
3
# Constant fishing mortality (1) or constant Catch (2) projections
1
# Fishing mortality based on SPR (1) or actual rate (2)
1
# Pre-specify the year of recovery (or -1) to ignore
-1
# Fecundity-at-age
# 0 1 2 3 4 5 6 7 8 9 10 11 12 13 14 15 16 17 18 19 20 21 22 23 24 25 26 27 28 29 30 31 32 33 34 35 36 37 38 39 40 41 42 43 44 45 46 47 48 49 50 51 52 53 54 55 56 57 58 59 60 61 62 63 64 65 66 67 68 69 70 71 72 73 74 75 76 77 78 79 80 81 82 83 84 85 86 87 88 89 90 91 92 93 94 95 96 97 98 99 100 #runnumber: 1 yelloweye_data.ss yelloweye_control.ss 7152.21 1116.73 426.962
 0 0 2.2197e-09 4.93582e-08 6.63314e-07 6.18469e-06 4.37528e-05 0.000245559 0.00110805 0.00399886 0.0115315 0.0270145 0.0529583 0.0898207 0.135943 0.188453 0.244329 0.301096 0.357049 0.411184 0.463009 0.512349 0.559206 0.60366 0.645819 0.685795 0.723687 0.759587 0.793576 0.825728 0.856112 0.884794 0.911841 0.937317 0.961286 0.983815 1.00497 1.02481 1.0434 1.06081 1.07709 1.09232 1.10654 1.11981 1.13219 1.14374 1.15449 1.16451 1.17384 1.18252 1.19059 1.1981 1.20507 1.21156 1.21758 1.22317 1.22836 1.23318 1.23765 1.2418 1.24565 1.24922 1.25253 1.2556 1.25844 1.26108 1.26352 1.26579 1.26789 1.26983 1.27163 1.27333 1.2749 1.27636 1.27771 1.27895 1.28011 1.28118 1.28217 1.28309 1.28394 1.28473 1.28546 1.28613 1.28676 1.28734 1.28787 1.28837 1.28883 1.28925 1.28965 1.29001 1.29035 1.29066 1.29095 1.29121 1.29146 1.29169 1.2919 1.2921 1.29238 #female fecundity; weighted by N in year Y_init across morphs and areas
# Age specific selectivity and weight adjusted for discard and discard mortality
 #wt and selex for gender,fleet: 1 1 1_CA_TWL
 0.00896707 0.00901216 0.0262134 0.0677772 0.130654 0.213854 0.314257 0.428278 0.55249 0.683904 0.820159 0.959752 1.10213 1.24737 1.39552 1.54621 1.69852 1.85115 2.00269 2.15183 2.29748 2.4388 2.57519 2.70622 2.83164 2.95129 3.06513 3.17316 3.27547 3.37217 3.4634 3.54933 3.63017 3.7061 3.77734 3.84411 3.90662 3.9651 4.01976 4.0708 4.11844 4.16286 4.20428 4.24285 4.27877 4.3122 4.3433 4.37222 4.3991 4.42408 4.44729 4.46884 4.48885 4.50742 4.52466 4.54065 4.55549 4.56925 4.58201 4.59384 4.60481 4.61497 4.6244 4.63313 4.64122 4.64872 4.65567 4.6621 4.66807 4.67359 4.67873 4.68353 4.68797 4.69208 4.69589 4.69942 4.70269 4.70571 4.70851 4.7111 4.7135 4.71572 4.71778 4.71968 4.72145 4.72308 4.72459 4.72599 4.72728 4.72848 4.72959 4.73062 4.73157 4.73245 4.73326 4.73401 4.73471 4.73536 4.73595 4.73651 4.73731
 0 0.000853216 0.00184448 0.00787738 0.0256874 0.0650624 0.134167 0.234439 0.3587 0.493471 0.623613 0.736814 0.826325 0.891273 0.934978 0.962567 0.97909 0.988583 0.993863 0.996733 0.998268 0.999081 0.99951 0.999736 0.999856 0.99992 0.999955 0.999974 0.999984 0.99999 0.999993 0.999995 0.999996 0.999997 0.999997 0.999997 0.999997 0.999997 0.999997 0.999997 0.999997 0.999997 0.999997 0.999997 0.999997 0.999997 0.999997 0.999997 0.999997 0.999997 0.999997 0.999997 0.999997 0.999997 0.999997 0.999997 0.999997 0.999997 0.999997 0.999997 0.999997 0.999997 0.999997 0.999997 0.999997 0.999997 0.999997 0.999997 0.999997 0.999997 0.999997 0.999997 0.999997 0.999997 0.999997 0.999997 0.999997 0.999997 0.999997 0.999997 0.999997 0.999997 0.999997 0.999997 0.999997 0.999997 0.999997 0.999997 0.999997 0.999997 0.999997 0.999997 0.999997 0.999997 0.999997 0.999997 0.999997 0.999997 0.999997 0.999997 0.999997
 #wt and selex for gender,fleet: 1 3 3_CA_REC
 0.00896707 0.00901215 0.0251889 0.0646765 0.124676 0.204355 0.300968 0.411259 0.532051 0.660569 0.7948 0.933783 1.07737 1.22553 1.3777 1.53267 1.68887 1.84462 1.99846 2.14918 2.29586 2.43782 2.57461 2.70587 2.83143 2.95117 3.06505 3.17312 3.27545 3.37215 3.46339 3.54933 3.63016 3.70609 3.77734 3.84411 3.90662 3.9651 4.01976 4.0708 4.11844 4.16287 4.20428 4.24285 4.27877 4.3122 4.3433 4.37222 4.3991 4.42408 4.44729 4.46884 4.48885 4.50742 4.52466 4.54065 4.55549 4.56925 4.58201 4.59384 4.60481 4.61498 4.6244 4.63313 4.64122 4.64872 4.65567 4.66211 4.66807 4.67359 4.67873 4.68353 4.68797 4.69209 4.69589 4.69942 4.70269 4.70571 4.70851 4.7111 4.7135 4.71572 4.71778 4.71969 4.72145 4.72308 4.72459 4.72599 4.72728 4.72848 4.72959 4.73062 4.73157 4.73245 4.73326 4.73401 4.73471 4.73536 4.73596 4.73651 4.73731
 0 0.00369727 0.00727369 0.0239472 0.0627075 0.132718 0.236265 0.365917 0.506865 0.642215 0.758204 0.847518 0.909797 0.949548 0.973071 0.986152 0.993076 0.996606 0.998357 0.999209 0.999619 0.999816 0.99991 0.999956 0.999978 0.999988 0.999994 0.999997 0.999998 0.999999 0.999999 0.999999 0.999999 0.999999 0.999999 0.999999 0.999999 0.999999 0.999999 0.999999 0.999999 0.999999 0.999999 0.999999 0.999999 0.999999 0.999999 0.999999 0.999999 0.999999 0.999999 0.999999 0.999999 0.999999 0.999999 0.999999 0.999999 0.999999 0.999999 0.999999 0.999999 0.999999 0.999999 0.999999 0.999999 0.999999 0.999999 0.999999 0.999999 0.999999 0.999999 0.999999 0.999999 0.999999 0.999999 0.999999 0.999999 0.999999 0.999999 0.999999 0.999999 0.999999 0.999999 0.999999 0.999999 0.999999 0.999999 0.999999 0.999999 0.999999 0.999999 0.999999 0.999999 0.999999 0.999999 0.999999 0.999999 0.999999 0.999999 0.999999 0.999999
 #wt and selex for gender,fleet: 1 4 4_ORWA_TWL
 0.00896707 0.0090121 0.0214109 0.0524247 0.103302 0.175673 0.458927 1.40907 1.43855 1.46049 1.48652 1.5196 1.56172 1.61455 1.67941 1.75698 1.8471 1.94861 2.05944 2.17697 2.2984 2.42116 2.54309 2.66257 2.77842 2.88991 2.99656 3.09815 3.19456 3.28583 3.37203 3.45328 3.52974 3.6016 3.66905 3.73228 3.7915 3.8469 3.8987 3.94708 3.99225 4.03438 4.07366 4.11025 4.14433 4.17606 4.20557 4.23303 4.25855 4.28227 4.3043 4.32477 4.34378 4.36142 4.3778 4.39299 4.40709 4.42017 4.4323 4.44354 4.45397 4.46363 4.47259 4.48089 4.48858 4.49571 4.50232 4.50844 4.51411 4.51936 4.52418 4.5286 4.5327 4.53649 4.54001 4.54326 4.54627 4.54906 4.55164 4.55403 4.55624 4.55829 4.56019 4.56194 4.56357 4.56507 4.56646 4.56775 4.56895 4.57005 4.57107 4.57202 4.57289 4.57371 4.57446 4.57515 4.57579 4.57639 4.57694 4.57745 4.57818
 0 2.56265e-09 3.63702e-09 4.1943e-09 4.66512e-09 5.32509e-09 7.63127e-09 1.42916e-06 0.000128658 0.00250783 0.0183901 0.0708532 0.176716 0.326874 0.491543 0.640522 0.756636 0.836607 0.885548 0.911371 0.921498 0.921644 0.915757 0.906399 0.895169 0.883048 0.870631 0.858281 0.846218 0.834574 0.823429 0.812824 0.802779 0.793299 0.784378 0.776003 0.768155 0.760813 0.753954 0.747553 0.741587 0.73603 0.730857 0.726047 0.721575 0.71742 0.713562 0.709979 0.706655 0.70357 0.700709 0.698056 0.695596 0.693315 0.691201 0.689242 0.687427 0.685746 0.684188 0.682745 0.681408 0.68017 0.679023 0.677962 0.676978 0.676068 0.675225 0.674444 0.673722 0.673053 0.672432 0.671856 0.671322 0.670828 0.670371 0.669948 0.669557 0.669194 0.668859 0.668548 0.668261 0.667995 0.667749 0.667521 0.66731 0.667115 0.666934 0.666767 0.666612 0.666469 0.666336 0.666213 0.6661 0.665995 0.665897 0.665807 0.665724 0.665647 0.665576 0.66551 0.665414
 #wt and selex for gender,fleet: 1 5 5_ORWA_NONTWL
 0.00896707 0.00901215 0.0253152 0.0655573 0.127526 0.210894 0.313184 0.431169 0.561505 0.701066 0.847085 0.997197 1.14944 1.30224 1.45444 1.60528 1.75427 1.90113 2.0456 2.18738 2.3261 2.46133 2.59262 2.71954 2.84173 2.9589 3.07085 3.17748 3.27873 3.37464 3.46529 3.55079 3.6313 3.70698 3.77804 3.84467 3.90708 3.96547 4.02006 4.07105 4.11865 4.16305 4.20443 4.24299 4.27889 4.3123 4.34339 4.3723 4.39917 4.42415 4.44735 4.46889 4.4889 4.50747 4.5247 4.54069 4.55553 4.56928 4.58204 4.59387 4.60484 4.61501 4.62443 4.63316 4.64125 4.64875 4.65569 4.66213 4.66809 4.67361 4.67876 4.68355 4.68799 4.69211 4.69592 4.69944 4.70271 4.70573 4.70853 4.71112 4.71352 4.71575 4.7178 4.71971 4.72147 4.7231 4.72461 4.72601 4.7273 4.7285 4.72961 4.73064 4.73159 4.73247 4.73328 4.73403 4.73473 4.73538 4.73597 4.73653 4.73733
 0 0.000770934 0.00153157 0.00530494 0.0150729 0.0353527 0.0706836 0.123894 0.194912 0.28064 0.375772 0.474075 0.569602 0.657551 0.734698 0.799473 0.851751 0.892483 0.923257 0.945907 0.962221 0.973771 0.981844 0.987434 0.991283 0.993926 0.99574 0.996989 0.997852 0.998451 0.998871 0.999167 0.999378 0.99953 0.99964 0.999721 0.99978 0.999825 0.999859 0.999885 0.999906 0.999921 0.999934 0.999943 0.999951 0.999958 0.999963 0.999967 0.999971 0.999974 0.999976 0.999978 0.99998 0.999982 0.999983 0.999984 0.999985 0.999986 0.999987 0.999988 0.999988 0.999989 0.999989 0.99999 0.99999 0.99999 0.999991 0.999991 0.999991 0.999991 0.999991 0.999992 0.999992 0.999992 0.999992 0.999992 0.999992 0.999992 0.999992 0.999992 0.999992 0.999992 0.999992 0.999992 0.999992 0.999993 0.999993 0.999993 0.999993 0.999993 0.999993 0.999993 0.999993 0.999993 0.999993 0.999993 0.999993 0.999993 0.999993 0.999993 0.999993
 #wt and selex for gender,fleet: 1 6 6_OR_REC
 0.00896707 0.0090123 0.032457 0.0821512 0.152894 0.240516 0.339525 0.445353 0.555267 0.669459 0.790561 0.921196 1.06201 1.21145 1.36677 1.52509 1.68398 1.84161 1.99662 2.14801 2.29506 2.43721 2.57407 2.70537 2.83092 2.95064 3.0645 3.17254 3.27484 3.37152 3.46273 3.54864 3.62946 3.70537 3.77659 3.84334 3.90584 3.9643 4.01894 4.06997 4.11759 4.16201 4.20341 4.24197 4.27788 4.3113 4.34239 4.3713 4.39818 4.42315 4.44635 4.4679 4.4879 4.50647 4.5237 4.53969 4.55452 4.56828 4.58104 4.59286 4.60383 4.614 4.62342 4.63215 4.64024 4.64773 4.65468 4.66111 4.66707 4.67259 4.67774 4.68253 4.68697 4.69108 4.69489 4.69841 4.70168 4.7047 4.7075 4.71009 4.71249 4.71471 4.71677 4.71867 4.72043 4.72206 4.72357 4.72497 4.72626 4.72746 4.72857 4.7296 4.73055 4.73143 4.73224 4.73299 4.73369 4.73433 4.73493 4.73548 4.73628
 0 2.13989e-05 8.94296e-05 0.00143648 0.0115201 0.0520831 0.151825 0.317425 0.51688 0.700472 0.835564 0.918542 0.962805 0.984001 0.993348 0.997202 0.998686 0.999196 0.999318 0.999287 0.999196 0.999082 0.99896 0.998837 0.998714 0.998595 0.998479 0.998367 0.99826 0.998158 0.99806 0.997968 0.99788 0.997797 0.997719 0.997646 0.997577 0.997512 0.997451 0.997394 0.997341 0.997291 0.997244 0.997201 0.99716 0.997122 0.997087 0.997054 0.997024 0.996996 0.996969 0.996945 0.996922 0.996901 0.996881 0.996863 0.996846 0.99683 0.996816 0.996802 0.99679 0.996778 0.996767 0.996757 0.996748 0.996739 0.996732 0.996724 0.996717 0.996711 0.996705 0.9967 0.996694 0.99669 0.996685 0.996681 0.996678 0.996674 0.996671 0.996668 0.996665 0.996663 0.99666 0.996658 0.996656 0.996654 0.996652 0.996651 0.996649 0.996648 0.996647 0.996645 0.996644 0.996643 0.996642 0.996642 0.996641 0.99664 0.996639 0.996639 0.996638
 #wt and selex for gender,fleet: 1 7 7_WA_REC
 0.00896707 0.00901233 0.0338726 0.0869215 0.164157 0.261565 0.373287 0.494053 0.619749 0.747497 0.875832 1.00491 1.13615 1.27124 1.41121 1.55593 1.70422 1.85434 2.0044 2.15271 2.29793 2.43902 2.57529 2.70627 2.83166 2.9513 3.06513 3.17316 3.27547 3.37217 3.4634 3.54933 3.63017 3.7061 3.77734 3.84411 3.90662 3.9651 4.01976 4.0708 4.11844 4.16287 4.20428 4.24285 4.27877 4.3122 4.3433 4.37222 4.3991 4.42408 4.44729 4.46884 4.48885 4.50742 4.52466 4.54065 4.55549 4.56925 4.58201 4.59384 4.60481 4.61498 4.6244 4.63313 4.64122 4.64872 4.65567 4.66211 4.66807 4.67359 4.67873 4.68353 4.68797 4.69209 4.69589 4.69942 4.70269 4.70571 4.70851 4.7111 4.7135 4.71572 4.71778 4.71969 4.72145 4.72308 4.72459 4.72599 4.72728 4.72848 4.72959 4.73062 4.73157 4.73245 4.73326 4.73401 4.73471 4.73536 4.73596 4.73651 4.73731
 0 8.95551e-07 4.36201e-06 9.8772e-05 0.00112734 0.00721065 0.0292643 0.0834523 0.18116 0.318463 0.475646 0.627209 0.753743 0.847481 0.910488 0.949681 0.972631 0.985465 0.992402 0.996064 0.997967 0.998948 0.999452 0.999712 0.999846 0.999917 0.999954 0.999974 0.999985 0.999991 0.999995 0.999997 0.999998 0.999998 0.999999 0.999999 0.999999 0.999999 0.999999 0.999999 0.999999 0.999999 0.999999 0.999999 0.999999 0.999999 0.999999 0.999999 0.999999 0.999999 0.999999 0.999999 0.999999 0.999999 0.999999 0.999999 0.999999 0.999999 0.999999 0.999999 0.999999 0.999999 0.999999 0.999999 0.999999 0.999999 0.999999 0.999999 0.999999 0.999999 0.999999 0.999999 0.999999 0.999999 0.999999 0.999999 0.999999 0.999999 0.999999 0.999999 0.999999 0.999999 0.999999 0.999999 0.999999 0.999999 0.999999 0.999999 0.999999 0.999999 0.999999 0.999999 0.999999 0.999999 0.999999 0.999999 0.999999 0.999999 0.999999 0.999999 0.999999
# Sex ratio correction
1
# M and current age-structure in year Yinit: 2011
 # gender = 1
 0.0439034 0.0439034 0.0439034 0.0439034 0.0439034 0.0439034 0.0439034 0.0439034 0.0439034 0.0439034 0.0439034 0.0439034 0.0439034 0.0439034 0.0439034 0.0439034 0.0439034 0.0439034 0.0439034 0.0439034 0.0439034 0.0439034 0.0439034 0.0439034 0.0439034 0.0439034 0.0439034 0.0439034 0.0439034 0.0439034 0.0439034 0.0439034 0.0439034 0.0439034 0.0439034 0.0439034 0.0439034 0.0439034 0.0439034 0.0439034 0.0439034 0.0439034 0.0439034 0.0439034 0.0439034 0.0439034 0.0439034 0.0439034 0.0439034 0.0439034 0.0439034 0.0439034 0.0439034 0.0439034 0.0439034 0.0439034 0.0439034 0.0439034 0.0439034 0.0439034 0.0439034 0.0439034 0.0439034 0.0439034 0.0439034 0.0439034 0.0439034 0.0439034 0.0439034 0.0439034 0.0439034 0.0439034 0.0439034 0.0439034 0.0439034 0.0439034 0.0439034 0.0439034 0.0439034 0.0439034 0.0439034 0.0439034 0.0439034 0.0439034 0.0439034 0.0439034 0.0439034 0.0439034 0.0439034 0.0439034 0.0439034 0.0439034 0.0439034 0.0439034 0.0439034 0.0439034 0.0439034 0.0439034 0.0439034 0.0439034 0.0439034
 226.027 282.704 300.637 339.552 211.723 193.822 111.601 69.1703 99.583 232.124 66.4069 53.4033 98.0986 61.9589 38.3461 30.3673 30.2607 60.3857 64.7332 31.3764 25.391 25.2784 24.2792 24.8103 28.6073 31.6835 38.3106 38.0823 25.1515 26.4284 22.6234 18.1702 13.2011 8.8939 10.0346 9.03964 9.18048 5.63805 4.49109 5.17975 8.20514 4.90226 3.61075 3.05788 2.35833 1.97997 1.54513 1.25118 1.17579 1.25145 1.38742 1.41843 1.27533 1.10129 0.973972 0.895753 0.860008 0.862747 0.903666 0.986475 1.11171 1.25707 1.34495 1.28426 1.12098 0.958092 0.8315 0.739889 0.674376 0.626252 0.589887 0.561568 0.538958 0.520284 0.5038 0.487996 0.4717 0.454426 0.436284 0.417926 0.400172 0.383725 0.36889 0.355704 0.343817 0.332703 0.32219 0.311948 0.301723 0.29138 0.280872 0.270209 0.259462 0.248766 0.238144 0.227747 0.217663 0.207947 0.19863 0.189729 4.16224
# Age-structure at Ydeclare= 2013
 435.697 202.511 207.026 258.936 275.352 310.965 193.855 177.386 102.063 63.197 90.8824 211.612 60.4809 48.6004 89.2248 56.3313 34.8533 27.5961 27.4959 54.8639 58.8106 28.5045 23.0663 22.9633 22.0551 22.5369 25.9853 28.7787 34.7973 34.589 22.8438 24.003 20.5468 16.5021 11.9891 8.07721 9.1131 8.20942 8.33725 5.12014 4.07851 4.70386 7.45125 4.45181 3.27896 2.77688 2.1416 1.798 1.40312 1.13617 1.06771 1.13641 1.25987 1.28802 1.15808 1.00003 0.884419 0.813389 0.78093 0.783415 0.82057 0.895763 1.00948 1.14147 1.22126 1.16616 1.0179 0.869983 0.755033 0.671846 0.612357 0.568659 0.535638 0.509922 0.489391 0.472434 0.457466 0.443116 0.428318 0.412632 0.396159 0.37949 0.363368 0.348434 0.334963 0.322991 0.312197 0.302105 0.292559 0.283259 0.273974 0.264582 0.255041 0.245358 0.2356 0.225887 0.216242 0.206801 0.197645 0.188822 4.13208
# Year for Tmin Age-structure (set to Ydecl by SS)
2013
#  recruitment and biomass
# Number of historical assessment years
137
# Historical data
# year recruitment spawner in B0 in R project in R/S project
1888  1889 1890 1891 1892 1893 1894 1895 1896 1897 1898 1899 1900 1901 1902 1903 1904 1905 1906 1907 1908 1909 1910 1911 1912 1913 1914 1915 1916 1917 1918 1919 1920 1921 1922 1923 1924 1925 1926 1927 1928 1929 1930 1931 1932 1933 1934 1935 1936 1937 1938 1939 1940 1941 1942 1943 1944 1945 1946 1947 1948 1949 1950 1951 1952 1953 1954 1955 1956 1957 1958 1959 1960 1961 1962 1963 1964 1965 1966 1967 1968 1969 1970 1971 1972 1973 1974 1975 1976 1977 1978 1979 1980 1981 1982 1983 1984 1985 1986 1987 1988 1989 1990 1991 1992 1993 1994 1995 1996 1997 1998 1999 2000 2001 2002 2003 2004 2005 2006 2007 2008 2009 2010 2011 2012 2013 2014 2015 2016 2017 2018 2019 2020 2021 2022 2023 2024 #years (with first value representing R0)
221.418 223.574 223.648 223.724 223.802 223.875 223.949 224.026 224.112 224.203 224.297 224.396 224.5 224.61 224.726 224.847 224.976 225.119 225.274 225.453 225.653 225.877 226.125 226.396 226.686 226.981 227.259 227.483 227.609 227.58 227.323 226.728 225.808 224.488 222.748 220.607 218.115 215.359 212.474 209.611 206.79 204.233 202.051 200.188 198.535 196.873 194.98 192.692 190.017 187.148 184.491 182.507 181.654 182.307 184.928 190.275 199.475 214.233 235.965 264.011 289.373 290.085 259.678 220.068 187.222 164.526 150.789 144.394 144.545 151.095 164.284 182.953 195.581 183.62 158.563 142.049 143.28 166.393 198.521 217.647 256.64 272.428 329.268 487.033 270.314 205.15 224.196 315.505 266.235 251.095 187.566 232.977 266.872 275.711 267.297 211.852 268.945 229.059 162.256 126.979 96.5357 83.7097 78.0733 71.0542 80.4934 153.96 134.431 63.5198 60.3998 72.4818 111.502 168.237 87.3424 103.64 345.911 141.787 94.1537 145.298 241.44 252.382 387.36 328.229 295.393 226.027 211.6 435.697 222.674 284.07 212.311 111.989 110.871 120.217 119.628 158.496 174.584 178.706 188.753  #recruits; first value is R0 (virgin)
1116.73  1116.73 1116.73 1116.71 1116.69 1116.22 1115.77 1115.3 1115.15 1115.07 1114.99 1114.92 1114.84 1114.76 1114.69 1114.62 1114.57 1114.53 1114.5 1114.49 1114.48 1114.37 1114.38 1114.38 1114.4 1114.41 1114.43 1114.44 1114.39 1114.4 1114.26 1112.07 1111.46 1110.98 1110.58 1110.46 1110.28 1109.57 1108.51 1106.67 1104.12 1101.67 1099.7 1097.4 1096.14 1095.04 1093.94 1092.31 1090.64 1087.96 1085.51 1082.7 1080.45 1076.97 1071.9 1066.37 1056.17 1045.12 1028.66 1013.51 1006.14 997.762 991.122 983.745 974.755 966.84 960.762 953.558 946.836 940.192 932.618 926.041 920.882 917.185 915.641 913.566 913.17 913.988 904.68 902.455 898.242 893.549 879.462 870.203 857.803 842.357 825.607 807.19 789.225 768.58 748.404 715.706 681.148 654.945 621.382 565.631 517.393 491.099 455.189 427.733 402.349 380.358 351.749 332.391 298.843 268.338 239.277 224.33 208.794 192.353 173.201 168.196 158.958 161.477 163.299 170.121 177.091 184.244 191.35 198.72 205.556 212.719 219.816 227.639 235.78 244.271 253.692 264.091 274.985 287.145 299.523 313.545 328.838 346.431 365.445 384.548 404.155 #spbio; first value is SSB_virgin (virgin)
1 0 0 0 0 0 0 0 0 0 0 0 0 0 0 0 0 0 0 0 0 0 0 0 0 0 0 0 0 0 0 0 0 0 0 0 0 0 0 0 0 0 0 0 0 0 0 0 0 0 0 0 0 0 0 0 0 0 0 0 0 0 0 0 0 0 0 0 0 0 0 0 0 0 0 0 0 0 0 0 0 0 0 0 0 0 0 0 0 0 0 0 0 0 0 0 0 0 0 0 0 0 0 0 0 0 0 0 0 0 0 0 0 0 0 0 0 0 0 0 0 0 0 0 0 0 0 0 0 0 0 0 0 0 0 0 0  # in Bzero
0 1 1 1 1 1 1 1 1 1 1 1 1 1 1 1 1 1 1 1 1 1 1 1 1 1 1 1 1 1 1 1 1 1 1 1 1 1 1 1 1 1 1 1 1 1 1 1 1 1 1 1 1 1 1 1 1 1 1 1 1 1 1 1 1 1 1 1 1 1 1 1 1 1 1 1 1 1 1 1 1 1 1 1 1 1 1 1 1 1 1 1 1 1 1 1 1 1 1 1 1 1 1 1 1 1 1 1 1 1 1 1 1 1 1 1 1 1 1 1 1 1 1 1 1 1 1 1 1 1 1 1 1 1  0 0 0 # in R project
0 1 1 1 1 1 1 1 1 1 1 1 1 1 1 1 1 1 1 1 1 1 1 1 1 1 1 1 1 1 1 1 1 1 1 1 1 1 1 1 1 1 1 1 1 1 1 1 1 1 1 1 1 1 1 1 1 1 1 1 1 1 1 1 1 1 1 1 1 1 1 1 1 1 1 1 1 1 1 1 1 1 1 1 1 1 1 1 1 1 1 1 1 1 1 1 1 1 1 1 1 1 1 1 1 1 1 1 1 1 1 1 1 1 1 1 1 1 1 1 1 1 1 1 1 1 1 1 1 1 1 1 1 1  0 0 0 # in R/S project
# Number of years with pre-specified catches
0
# catches for years with pre-specified catches go next
# Number of future recruitments to override
-2
# Process for overiding (-1 for average otherwise index in data list)
# Which probability to product detailed results for (1=0.5; 2=0.6; etc.)
3
# Steepness sigma-R Auto-correlation
0.718 0.5 0
# Target SPR rate (FMSY Proxy); manually change to SPR_MSY if not using SPR_target
0.5
# Discount rate (for cumulative catch)
0.1
# Truncate the series when 0.4B0 is reached (1=Yes)
0
# Set F to FMSY once 0.4B0 is reached (1=Yes)
0
# Maximum possible F for projection (-1 to set to FMSY)
-1
# Defintion of recovery (1=now only;2=now or before)
2
# Projection type
4
# Definition of the 40-10 rule
10 40
# Sigma Assessment Error (Base, Year1, Slope, MaxSigma)
1.0 2025 0.075 2.0
# Pstar
0.45
# Constrain catches by the ABC (1=yes, 2=no)
2
# Implementation Error (0=no; 1=lognormal; 2=uniform)
0
#Parameters of Implementaion Error
1 0.3
# Calculate coefficients of variation (1=Yes)
0
# Number of replicates to use
10
# Random number seed
-99004
# File with multiple parameter vectors 
rebuild.SSO
# User-specific projection (1=Yes); Output replaced (1->9)
0  5
# Catches and Fs (Year; 1/2/3 (F or C or SPR); value); Final row is -1
2024 1 1
-1 -1 -1
# Fixed catch project (1=Yes); Output replaced (1->9); Approach (-1=Read in else 1-9)
0 2 -1
# (48a) Special catch options (1-Yes) [CUT_OFF, Emsy, distribution, MAXCAT, Add, replace_code]
0 0.18 1.00 1.00 0 6
# (48b) B1Target
150000
# Split of Fs
2011  0.0176529
 0
 0.419249
 0.032059
 0.175305
 0.186702
 0.169033
-1  1 1 1 1 1 1 1 1 1 1 1 1
# Yrs to define T_target for projection type 4 (a.k.a. 5 pre-specified inputs)
2030 2031 2032 2033 2034 
# Year for probability of recovery
2034 2035 2036 2037 2038 2039 2040 2041
# Time varying weight-at-age (1=Yes;0=No)
0
# File with time series of weight-at-age data
none
# Use bisection (0) or linear interpolation (1)
1
# Target Depletion
0.4
# CV of implementation error
0
