#Title, #runnumber: 1 yelloweye_data.ss yelloweye_control.ss 7243.79 1136.18 522.065 StartTime: Thu May  1 10:15:19 2025
SSv3_default_rebuild.dat
# Number of sexes
1
# Age range to consider (minimum age; maximum age)
0 100
# Number of fleets
7
# First year of projection (Yinit)
2011
# First Year of rebuilding period (Ydecl)
2013
# Number of simulations
1000
# Maximum number of years
500
# Conduct projections with multiple starting values (0=No;else yes)
0
# Number of parameter vectors
1000
# Is the maximum age a plus-group (1=Yes;2=No)
1
# Generate future recruitments using historical recruitments (1)  historical recruits/spawner (2)  or a stock-recruitment (3)
3
# Constant fishing mortality (1) or constant Catch (2) projections
1
# Fishing mortality based on SPR (1) or actual rate (2)
1
# Pre-specify the year of recovery (or -1) to ignore
-1
# Fecundity-at-age
# 0 1 2 3 4 5 6 7 8 9 10 11 12 13 14 15 16 17 18 19 20 21 22 23 24 25 26 27 28 29 30 31 32 33 34 35 36 37 38 39 40 41 42 43 44 45 46 47 48 49 50 51 52 53 54 55 56 57 58 59 60 61 62 63 64 65 66 67 68 69 70 71 72 73 74 75 76 77 78 79 80 81 82 83 84 85 86 87 88 89 90 91 92 93 94 95 96 97 98 99 100 #runnumber: 1 yelloweye_data.ss yelloweye_control.ss 7243.79 1136.18 522.065
 0 0 2.66208e-09 5.57584e-08 7.13384e-07 6.42626e-06 4.43335e-05 0.000244282 0.00108813 0.00389535 0.0111886 0.026188 0.0513949 0.0873637 0.132588 0.184331 0.23965 0.296086 0.351915 0.406096 0.4581 0.507721 0.554938 0.599816 0.642454 0.682953 0.72141 0.757909 0.792527 0.825333 0.856393 0.885768 0.913519 0.939708 0.964395 0.98764 1.00951 1.03005 1.04935 1.06744 1.0844 1.10028 1.11514 1.12904 1.14203 1.15416 1.16548 1.17604 1.1859 1.19508 1.20363 1.2116 1.21902 1.22592 1.23235 1.23832 1.24388 1.24904 1.25385 1.25831 1.26245 1.2663 1.26988 1.2732 1.27629 1.27915 1.28181 1.28427 1.28656 1.28869 1.29066 1.29252 1.29424 1.29584 1.29733 1.2987 1.29998 1.30117 1.30226 1.30328 1.30423 1.3051 1.30592 1.30667 1.30737 1.30801 1.30861 1.30917 1.30969 1.31017 1.31061 1.31102 1.3114 1.31175 1.31208 1.31239 1.31267 1.31293 1.31317 1.31339 1.31372 #female fecundity; weighted by N in year Y_init across morphs and areas
# Age specific selectivity and weight adjusted for discard and discard mortality
 #wt and selex for gender,fleet: 1 1 1_CA_TWL
 0.00896707 0.00908612 0.0274694 0.0688068 0.13103 0.213268 0.312702 0.425993 0.54987 0.681408 0.818167 0.958352 1.10096 1.24569 1.39255 1.54137 1.69162 1.84235 1.99241 2.14061 2.28587 2.4273 2.56422 2.69615 2.82275 2.94382 3.05927 3.16906 3.27324 3.3719 3.46517 3.55318 3.63613 3.71419 3.78756 3.85645 3.92107 3.98162 4.03831 4.09135 4.14093 4.18725 4.23051 4.27087 4.30851 4.34361 4.37631 4.40676 4.43512 4.46152 4.48608 4.50893 4.53018 4.54993 4.5683 4.58536 4.60121 4.61594 4.62962 4.64232 4.65412 4.66507 4.67523 4.68467 4.69342 4.70155 4.70909 4.71608 4.72257 4.72859 4.73421 4.73946 4.74432 4.74883 4.75302 4.7569 4.76049 4.76383 4.76692 4.76979 4.77245 4.77492 4.7772 4.77932 4.78129 4.78311 4.7848 4.78637 4.78782 4.78916 4.79041 4.79157 4.79264 4.79363 4.79455 4.79541 4.7962 4.79693 4.79761 4.79824 4.79916
 0 0.00102562 0.00229638 0.00883017 0.0265825 0.0638409 0.127376 0.218598 0.332103 0.457255 0.58154 0.69395 0.787296 0.858995 0.910359 0.944998 0.967206 0.980873 0.989017 0.993756 0.996468 0.998002 0.998866 0.999352 0.999626 0.999781 0.99987 0.999921 0.999951 0.999969 0.99998 0.999986 0.999991 0.999993 0.999995 0.999996 0.999996 0.999997 0.999997 0.999997 0.999997 0.999997 0.999997 0.999997 0.999997 0.999997 0.999997 0.999997 0.999997 0.999997 0.999997 0.999997 0.999997 0.999997 0.999997 0.999997 0.999997 0.999997 0.999997 0.999997 0.999997 0.999997 0.999997 0.999997 0.999997 0.999997 0.999997 0.999997 0.999997 0.999997 0.999997 0.999997 0.999997 0.999997 0.999997 0.999997 0.999997 0.999997 0.999997 0.999997 0.999997 0.999997 0.999997 0.999997 0.999997 0.999997 0.999997 0.999997 0.999997 0.999997 0.999997 0.999997 0.999997 0.999997 0.999997 0.999997 0.999997 0.999997 0.999997 0.999997 0.999997
 #wt and selex for gender,fleet: 1 3 3_CA_REC
 0.00896707 0.00908604 0.0265935 0.0662358 0.12601 0.205121 0.301003 0.410568 0.530754 0.658825 0.792641 0.93095 1.07336 1.21981 1.36999 1.52302 1.67757 1.83215 1.98532 2.13584 2.28274 2.42528 2.56294 2.69534 2.82224 2.9435 3.05906 3.16893 3.27316 3.37185 3.46513 3.55316 3.63611 3.71418 3.78755 3.85644 3.92106 3.98161 4.03831 4.09135 4.14093 4.18725 4.23051 4.27087 4.30851 4.34361 4.37631 4.40677 4.43513 4.46152 4.48608 4.50893 4.53018 4.54993 4.5683 4.58536 4.60121 4.61594 4.62962 4.64232 4.65412 4.66507 4.67523 4.68467 4.69342 4.70155 4.70909 4.71608 4.72257 4.72859 4.73421 4.73946 4.74432 4.74883 4.75302 4.7569 4.76049 4.76383 4.76692 4.76979 4.77245 4.77492 4.77721 4.77933 4.78129 4.78311 4.7848 4.78637 4.78782 4.78916 4.79041 4.79157 4.79264 4.79363 4.79456 4.79541 4.7962 4.79693 4.79761 4.79824 4.79916
 0 0.00375579 0.00774297 0.0242987 0.0613712 0.127097 0.223772 0.345417 0.479505 0.611174 0.727563 0.820786 0.888876 0.934623 0.963207 0.980021 0.989442 0.994528 0.997199 0.998575 0.999275 0.99963 0.99981 0.999901 0.999948 0.999972 0.999984 0.999991 0.999995 0.999997 0.999998 0.999999 0.999999 0.999999 0.999999 0.999999 0.999999 0.999999 0.999999 0.999999 0.999999 0.999999 0.999999 0.999999 0.999999 0.999999 0.999999 0.999999 0.999999 0.999999 0.999999 0.999999 0.999999 0.999999 0.999999 0.999999 0.999999 0.999999 0.999999 0.999999 0.999999 0.999999 0.999999 0.999999 0.999999 0.999999 0.999999 0.999999 0.999999 0.999999 0.999999 0.999999 0.999999 0.999999 0.999999 0.999999 0.999999 0.999999 0.999999 0.999999 0.999999 0.999999 0.999999 0.999999 0.999999 0.999999 0.999999 0.999999 0.999999 0.999999 0.999999 0.999999 0.999999 0.999999 0.999999 0.999999 0.999999 0.999999 0.999999 0.999999 0.999999
 #wt and selex for gender,fleet: 1 4 4_ORWA_TWL
 0.00896707 0.00908593 0.025371 0.0628047 0.119973 0.196448 0.290223 0.39864 0.51889 0.6483 0.78453 0.925804 1.07103 1.21961 1.37103 1.52454 1.67908 1.83341 1.98626 2.1365 2.28318 2.42557 2.56312 2.69545 2.82231 2.94354 3.05909 3.16894 3.27317 3.37185 3.46513 3.55316 3.63611 3.71418 3.78755 3.85644 3.92106 3.98161 4.03831 4.09134 4.14093 4.18725 4.23051 4.27087 4.30851 4.3436 4.37631 4.40676 4.43512 4.46152 4.48608 4.50893 4.53018 4.54993 4.56829 4.58536 4.60121 4.61594 4.62962 4.64232 4.65412 4.66507 4.67523 4.68467 4.69342 4.70155 4.70909 4.71608 4.72257 4.72859 4.73421 4.73946 4.74432 4.74883 4.75301 4.7569 4.76049 4.76383 4.76692 4.76979 4.77245 4.77492 4.7772 4.77932 4.78129 4.78311 4.7848 4.78637 4.78782 4.78916 4.79041 4.79157 4.79264 4.79363 4.79455 4.79541 4.7962 4.79693 4.79761 4.79824 4.79916
 0 0.012059 0.0222005 0.0524609 0.105686 0.184503 0.286194 0.40299 0.524399 0.639971 0.741432 0.823857 0.885968 0.929557 0.958233 0.976068 0.986655 0.992709 0.996071 0.9979 0.998881 0.999403 0.999679 0.999826 0.999904 0.999946 0.999969 0.999982 0.999989 0.999992 0.999995 0.999996 0.999996 0.999997 0.999997 0.999997 0.999997 0.999997 0.999997 0.999997 0.999997 0.999997 0.999997 0.999997 0.999997 0.999997 0.999997 0.999997 0.999997 0.999997 0.999996 0.999996 0.999996 0.999996 0.999996 0.999996 0.999996 0.999996 0.999996 0.999996 0.999996 0.999996 0.999996 0.999996 0.999996 0.999996 0.999996 0.999996 0.999996 0.999996 0.999996 0.999996 0.999996 0.999996 0.999996 0.999996 0.999996 0.999996 0.999996 0.999996 0.999996 0.999996 0.999996 0.999996 0.999996 0.999996 0.999996 0.999996 0.999996 0.999996 0.999996 0.999996 0.999996 0.999996 0.999996 0.999996 0.999996 0.999996 0.999996 0.999996 0.999996
 #wt and selex for gender,fleet: 1 5 5_ORWA_NONTWL
 0.00896707 0.00908605 0.0268015 0.0673595 0.129335 0.212435 0.314354 0.432033 0.56225 0.701953 0.84841 0.999258 1.1525 1.3065 1.45993 1.61184 1.76153 1.90858 2.0527 2.19369 2.33132 2.46535 2.59552 2.72155 2.84316 2.96011 3.07221 3.17933 3.28139 3.37839 3.47034 3.55734 3.63948 3.71691 3.78979 3.85828 3.92259 3.98289 4.03939 4.09226 4.14172 4.18794 4.2311 4.27139 4.30897 4.34402 4.37667 4.4071 4.43543 4.4618 4.48634 4.50917 4.5304 4.55014 4.56849 4.58554 4.60138 4.6161 4.62977 4.64247 4.65426 4.6652 4.67536 4.68479 4.69355 4.70167 4.7092 4.7162 4.72268 4.7287 4.73432 4.73956 4.74442 4.74893 4.75312 4.757 4.76059 4.76393 4.76702 4.76989 4.77255 4.77501 4.7773 4.77942 4.78138 4.78321 4.78489 4.78646 4.78791 4.78926 4.7905 4.79166 4.79273 4.79372 4.79465 4.7955 4.79629 4.79702 4.7977 4.79833 4.79925
 0 0.000627693 0.00131651 0.00441623 0.0122654 0.0284664 0.0568336 0.10013 0.159071 0.232009 0.315338 0.404333 0.494066 0.580151 0.659195 0.728994 0.788502 0.837662 0.877156 0.908121 0.9319 0.949851 0.963216 0.973063 0.980265 0.985506 0.989311 0.992074 0.994082 0.995546 0.996619 0.997409 0.997995 0.998433 0.998762 0.999011 0.999202 0.99935 0.999464 0.999554 0.999625 0.999682 0.999727 0.999764 0.999795 0.999819 0.99984 0.999857 0.999872 0.999884 0.999894 0.999903 0.99991 0.999917 0.999923 0.999928 0.999932 0.999936 0.999939 0.999942 0.999945 0.999947 0.999949 0.999951 0.999953 0.999954 0.999956 0.999957 0.999958 0.999959 0.99996 0.99996 0.999961 0.999961 0.999962 0.999962 0.999963 0.999963 0.999963 0.999964 0.999964 0.999964 0.999964 0.999965 0.999965 0.999965 0.999965 0.999965 0.999965 0.999966 0.999966 0.999966 0.999966 0.999966 0.999966 0.999966 0.999966 0.999966 0.999966 0.999966 0.999967
 #wt and selex for gender,fleet: 1 6 6_OR_REC
 0.00896707 0.00908705 0.0345893 0.0847403 0.155761 0.243489 0.342608 0.448627 0.558657 0.672355 0.791835 0.91976 1.05734 1.20369 1.35649 1.51299 1.67072 1.8277 1.98251 2.13405 2.28156 2.42444 2.56227 2.69476 2.82169 2.94295 3.0585 3.16834 3.27255 3.37121 3.46447 3.55247 3.6354 3.71344 3.78679 3.85567 3.92026 3.9808 4.03747 4.0905 4.14007 4.18638 4.22962 4.26997 4.3076 4.34269 4.37538 4.40583 4.43418 4.46057 4.48512 4.50797 4.52921 4.54896 4.56731 4.58437 4.60022 4.61494 4.62862 4.64132 4.65311 4.66406 4.67422 4.68365 4.69241 4.70053 4.70807 4.71506 4.72155 4.72757 4.73318 4.73842 4.74329 4.7478 4.75198 4.75586 4.75945 4.76279 4.76588 4.76875 4.77141 4.77387 4.77616 4.77827 4.78024 4.78206 4.78375 4.78531 4.78676 4.78811 4.78936 4.79051 4.79158 4.79258 4.7935 4.79435 4.79514 4.79587 4.79655 4.79718 4.7981
 0 1.71913e-05 8.38397e-05 0.00128873 0.0101031 0.0455914 0.134394 0.28631 0.476853 0.661192 0.804666 0.898139 0.95103 0.977865 0.99039 0.995865 0.998122 0.998986 0.999265 0.999306 0.999248 0.999152 0.999039 0.998922 0.998804 0.998687 0.998574 0.998464 0.998359 0.998257 0.998161 0.998069 0.997981 0.997898 0.99782 0.997746 0.997676 0.997611 0.997549 0.997491 0.997437 0.997386 0.997339 0.997294 0.997253 0.997214 0.997178 0.997144 0.997112 0.997083 0.997056 0.99703 0.997007 0.996985 0.996964 0.996945 0.996927 0.996911 0.996896 0.996881 0.996868 0.996856 0.996845 0.996834 0.996824 0.996815 0.996807 0.996799 0.996791 0.996785 0.996778 0.996772 0.996767 0.996762 0.996757 0.996753 0.996749 0.996745 0.996742 0.996738 0.996735 0.996733 0.99673 0.996728 0.996725 0.996723 0.996721 0.99672 0.996718 0.996716 0.996715 0.996714 0.996713 0.996711 0.99671 0.996709 0.996709 0.996708 0.996707 0.996706 0.996705
 #wt and selex for gender,fleet: 1 7 7_WA_REC
 0.00896707 0.00908695 0.0342254 0.0855394 0.160521 0.255993 0.366851 0.488208 0.616012 0.747176 0.879621 1.01243 1.14587 1.28099 1.41889 1.56011 1.70438 1.85072 1.99772 2.14389 2.28785 2.42848 2.56492 2.69656 2.82299 2.94397 3.05935 3.16911 3.27327 3.37192 3.46518 3.55319 3.63613 3.71419 3.78756 3.85645 3.92107 3.98162 4.03831 4.09135 4.14093 4.18726 4.23051 4.27087 4.30851 4.34361 4.37631 4.40677 4.43513 4.46152 4.48609 4.50893 4.53018 4.54993 4.5683 4.58536 4.60121 4.61594 4.62962 4.64232 4.65412 4.66507 4.67523 4.68467 4.69342 4.70155 4.70909 4.71608 4.72257 4.72859 4.73421 4.73946 4.74432 4.74883 4.75302 4.7569 4.76049 4.76383 4.76692 4.76979 4.77245 4.77492 4.77721 4.77933 4.78129 4.78311 4.7848 4.78637 4.78782 4.78916 4.79041 4.79157 4.79264 4.79363 4.79456 4.79541 4.7962 4.79693 4.79761 4.79824 4.79916
 0 2.27103e-06 1.04381e-05 0.00015893 0.00137943 0.00739276 0.0269537 0.0725089 0.153603 0.269705 0.408595 0.551447 0.680629 0.785336 0.862759 0.915837 0.950073 0.971121 0.983593 0.990786 0.994856 0.997131 0.998395 0.999096 0.999485 0.999704 0.999827 0.999897 0.999938 0.999962 0.999976 0.999984 0.99999 0.999993 0.999995 0.999997 0.999997 0.999998 0.999998 0.999999 0.999999 0.999999 0.999999 0.999999 0.999999 0.999999 0.999999 0.999999 0.999999 0.999999 0.999999 0.999999 0.999999 0.999999 0.999999 0.999999 0.999999 0.999999 0.999999 0.999999 0.999999 0.999999 0.999999 0.999999 0.999999 0.999999 0.999999 0.999999 0.999999 0.999999 0.999999 0.999999 0.999999 0.999999 0.999999 0.999999 0.999999 0.999999 0.999999 0.999999 0.999999 0.999999 0.999999 0.999999 0.999999 0.999999 0.999999 0.999999 0.999999 0.999999 0.999999 0.999999 0.999999 0.999999 0.999999 0.999999 0.999999 0.999999 0.999999 0.999999 0.999999
# Sex ratio correction
1
# M and current age-structure in year Yinit: 2011
 # gender = 1
 0.0439034 0.0439034 0.0439034 0.0439034 0.0439034 0.0439034 0.0439034 0.0439034 0.0439034 0.0439034 0.0439034 0.0439034 0.0439034 0.0439034 0.0439034 0.0439034 0.0439034 0.0439034 0.0439034 0.0439034 0.0439034 0.0439034 0.0439034 0.0439034 0.0439034 0.0439034 0.0439034 0.0439034 0.0439034 0.0439034 0.0439034 0.0439034 0.0439034 0.0439034 0.0439034 0.0439034 0.0439034 0.0439034 0.0439034 0.0439034 0.0439034 0.0439034 0.0439034 0.0439034 0.0439034 0.0439034 0.0439034 0.0439034 0.0439034 0.0439034 0.0439034 0.0439034 0.0439034 0.0439034 0.0439034 0.0439034 0.0439034 0.0439034 0.0439034 0.0439034 0.0439034 0.0439034 0.0439034 0.0439034 0.0439034 0.0439034 0.0439034 0.0439034 0.0439034 0.0439034 0.0439034 0.0439034 0.0439034 0.0439034 0.0439034 0.0439034 0.0439034 0.0439034 0.0439034 0.0439034 0.0439034 0.0439034 0.0439034 0.0439034 0.0439034 0.0439034 0.0439034 0.0439034 0.0439034 0.0439034 0.0439034 0.0439034 0.0439034 0.0439034 0.0439034 0.0439034 0.0439034 0.0439034 0.0439034 0.0439034 0.0439034
 308.625 379.572 393.199 448.299 268.008 241.61 139.148 88.3372 126.458 273.699 86.235 68.4069 112.385 74.1446 45.7513 36.1196 35.8784 69.2862 74.1692 36.1271 28.8973 28.9713 28.1447 28.6863 32.7652 36.3587 44.5927 43.2525 27.4352 29.4007 25.0804 20.3776 14.278 9.70572 11.1947 10.0804 10.3584 6.38735 5.18363 6.0925 9.67028 5.92893 4.43573 3.75426 2.90862 2.45074 1.93253 1.573 1.47281 1.55261 1.70099 1.72921 1.55787 1.34492 1.18469 1.08325 1.03329 1.02986 1.07215 1.16337 1.30294 1.46478 1.56229 1.49336 1.30582 1.1154 0.966425 0.858571 0.781241 0.72435 0.681028 0.646967 0.619474 0.596501 0.576146 0.55676 0.537186 0.517011 0.496474 0.476219 0.45693 0.439102 0.422907 0.408268 0.394788 0.381935 0.369589 0.357432 0.345233 0.332869 0.320307 0.307582 0.294785 0.282046 0.269469 0.257185 0.245294 0.233862 0.222925 0.212502 4.5378
# Age-structure at Ydeclare= 2013
 628.355 271.413 282.68 347.66 360.132 410.567 245.408 221.16 127.297 80.751 115.494 249.74 78.6213 62.3243 102.337 67.4886 41.6322 32.8611 32.6371 63.0208 67.4577 32.8565 26.2804 26.3471 25.5949 26.0869 29.7957 33.0627 40.5493 39.3293 24.9458 26.7321 22.803 18.5266 12.9805 8.82349 10.1769 9.16366 9.41611 5.80617 4.71187 5.53789 8.78978 5.38897 4.03169 3.41223 2.64359 2.2274 1.75639 1.42961 1.33855 1.41107 1.54591 1.57155 1.41583 1.22229 1.07667 0.984471 0.939069 0.935953 0.974386 1.05729 1.18412 1.3312 1.41982 1.35718 1.18674 1.01368 0.878292 0.780273 0.709995 0.658292 0.61892 0.587965 0.56298 0.542101 0.523603 0.505984 0.488195 0.46986 0.451196 0.432788 0.415258 0.399056 0.384338 0.371034 0.358784 0.347103 0.335883 0.324835 0.313748 0.302512 0.291096 0.279531 0.267901 0.256324 0.244894 0.23373 0.222924 0.212535 4.51968
# Year for Tmin Age-structure (set to Ydecl by SS)
2013
#  recruitment and biomass
# Number of historical assessment years
137
# Historical data
# year recruitment spawner in B0 in R project in R/S project
1888  1889 1890 1891 1892 1893 1894 1895 1896 1897 1898 1899 1900 1901 1902 1903 1904 1905 1906 1907 1908 1909 1910 1911 1912 1913 1914 1915 1916 1917 1918 1919 1920 1921 1922 1923 1924 1925 1926 1927 1928 1929 1930 1931 1932 1933 1934 1935 1936 1937 1938 1939 1940 1941 1942 1943 1944 1945 1946 1947 1948 1949 1950 1951 1952 1953 1954 1955 1956 1957 1958 1959 1960 1961 1962 1963 1964 1965 1966 1967 1968 1969 1970 1971 1972 1973 1974 1975 1976 1977 1978 1979 1980 1981 1982 1983 1984 1985 1986 1987 1988 1989 1990 1991 1992 1993 1994 1995 1996 1997 1998 1999 2000 2001 2002 2003 2004 2005 2006 2007 2008 2009 2010 2011 2012 2013 2014 2015 2016 2017 2018 2019 2020 2021 2022 2023 2024 #years (with first value representing R0)
224.374 229.321 229.522 229.731 229.947 230.169 230.399 230.637 230.884 231.141 231.407 231.682 231.968 232.265 232.571 232.886 233.213 233.556 233.913 234.295 234.699 235.128 235.577 236.044 236.525 237.001 237.447 237.822 238.075 238.14 237.94 237.386 236.429 235.014 233.119 230.769 228.024 224.996 221.839 218.732 215.716 213.033 210.811 208.997 207.433 205.847 203.943 201.507 198.527 195.237 192.083 189.59 188.249 188.485 190.786 195.912 205.059 219.869 241.741 269.593 293.655 292.551 261.148 221.12 187.9 164.778 150.584 143.711 143.27 148.952 160.682 176.763 186.204 173.678 150.142 134.692 135.783 157.037 186.882 207.291 248.817 271.698 333.221 494.583 281.059 213.758 233.396 332.628 282.281 271.392 202.287 254.174 308.046 320.39 316.145 247.713 328.069 284.986 197.062 151.965 115.106 98.9132 90.4185 81.2244 92.7404 176.125 153.847 75.0786 71.6189 86.2292 133.094 192.339 111.703 134.433 407.567 179.977 120.219 181.148 300.961 319.473 511.417 429.286 396.608 308.625 283.594 628.355 310.124 412.01 293.247 146.887 141.331 146.972 144.549 189.41 209.071 212.623 216.932  #recruits; first value is R0 (virgin)
1136.18  1136.18 1136.18 1136.16 1136.13 1135.67 1135.21 1134.74 1134.59 1134.52 1134.44 1134.38 1134.32 1134.29 1134.29 1134.33 1134.42 1134.56 1134.75 1135 1135.28 1135.5 1135.86 1136.25 1136.68 1137.13 1137.61 1138.11 1138.56 1139.11 1139.51 1137.89 1137.87 1137.99 1138.21 1138.74 1139.22 1139.17 1138.8 1137.65 1135.8 1134.07 1132.83 1131.26 1130.73 1130.36 1129.99 1129.08 1128.11 1126.11 1124.31 1122.14 1120.5 1117.6 1113.08 1108.08 1098.46 1088.03 1072.26 1057.6 1050.59 1042.46 1036 1028.75 1019.81 1011.89 1005.75 998.446 991.568 984.74 976.953 970.06 964.514 960.383 958.305 955.629 954.471 954.469 944.546 941.414 936.254 930.538 915.526 905.071 891.384 874.492 856.211 836.149 816.476 794.055 772.036 737.516 701.36 674.131 639.61 583.305 535.653 508.39 472.09 443.381 416.797 394.434 366.131 346.384 313.04 283.154 254.733 240.442 226.206 210.589 192.215 187.896 179.251 182.583 185.249 193.085 201.091 209.314 217.536 226.074 234.103 242.53 250.964 260.255 270.032 280.38 291.924 304.734 318.355 333.608 349.543 367.709 387.852 411.062 436.496 462.851 490.504 #spbio; first value is SSB_virgin (virgin)
1 0 0 0 0 0 0 0 0 0 0 0 0 0 0 0 0 0 0 0 0 0 0 0 0 0 0 0 0 0 0 0 0 0 0 0 0 0 0 0 0 0 0 0 0 0 0 0 0 0 0 0 0 0 0 0 0 0 0 0 0 0 0 0 0 0 0 0 0 0 0 0 0 0 0 0 0 0 0 0 0 0 0 0 0 0 0 0 0 0 0 0 0 0 0 0 0 0 0 0 0 0 0 0 0 0 0 0 0 0 0 0 0 0 0 0 0 0 0 0 0 0 0 0 0 0 0 0 0 0 0 0 0 0 0 0 0  # in Bzero
0 1 1 1 1 1 1 1 1 1 1 1 1 1 1 1 1 1 1 1 1 1 1 1 1 1 1 1 1 1 1 1 1 1 1 1 1 1 1 1 1 1 1 1 1 1 1 1 1 1 1 1 1 1 1 1 1 1 1 1 1 1 1 1 1 1 1 1 1 1 1 1 1 1 1 1 1 1 1 1 1 1 1 1 1 1 1 1 1 1 1 1 1 1 1 1 1 1 1 1 1 1 1 1 1 1 1 1 1 1 1 1 1 1 1 1 1 1 1 1 1 1 1 1 1 1 1 1 1 1 1 1 1 1  0 0 0 # in R project
0 1 1 1 1 1 1 1 1 1 1 1 1 1 1 1 1 1 1 1 1 1 1 1 1 1 1 1 1 1 1 1 1 1 1 1 1 1 1 1 1 1 1 1 1 1 1 1 1 1 1 1 1 1 1 1 1 1 1 1 1 1 1 1 1 1 1 1 1 1 1 1 1 1 1 1 1 1 1 1 1 1 1 1 1 1 1 1 1 1 1 1 1 1 1 1 1 1 1 1 1 1 1 1 1 1 1 1 1 1 1 1 1 1 1 1 1 1 1 1 1 1 1 1 1 1 1 1 1 1 1 1 1 1  0 0 0 # in R/S project
# Number of years with pre-specified catches
0
# catches for years with pre-specified catches go next
# Number of future recruitments to override
-2
# Process for overiding (-1 for average otherwise index in data list)
# Which probability to product detailed results for (1=0.5; 2=0.6; etc.)
3
# Steepness sigma-R Auto-correlation
0.905564 0.5 0
# Target SPR rate (FMSY Proxy); manually change to SPR_MSY if not using SPR_target
0.5
# Discount rate (for cumulative catch)
0.1
# Truncate the series when 0.4B0 is reached (1=Yes)
0
# Set F to FMSY once 0.4B0 is reached (1=Yes)
0
# Maximum possible F for projection (-1 to set to FMSY)
-1
# Defintion of recovery (1=now only;2=now or before)
2
# Projection type
4
# Definition of the 40-10 rule
10 40
# Sigma Assessment Error (Base, Year1, Slope, MaxSigma)
1.0 2025 0.075 2.0
# Pstar
0.45
# Constrain catches by the ABC (1=yes, 2=no)
2
# Implementation Error (0=no; 1=lognormal; 2=uniform)
0
#Parameters of Implementaion Error
1 0.3
# Calculate coefficients of variation (1=Yes)
0
# Number of replicates to use
10
# Random number seed
-99004
# File with multiple parameter vectors 
rebuild.SSO
# User-specific projection (1=Yes); Output replaced (1->9)
0  5
# Catches and Fs (Year; 1/2/3 (F or C or SPR); value); Final row is -1
2024 1 1
-1 -1 -1
# Fixed catch project (1=Yes); Output replaced (1->9); Approach (-1=Read in else 1-9)
0 2 -1
# (48a) Special catch options (1-Yes) [CUT_OFF, Emsy, distribution, MAXCAT, Add, replace_code]
0 0.18 1.00 1.00 0 6
# (48b) B1Target
150000
# Split of Fs
2011  0.0175767
 0
 0.414602
 0.0228982
 0.185422
 0.188652
 0.17085
-1  1 1 1 1 1 1 1 1 1 1 1 1
# Yrs to define T_target for projection type 4 (a.k.a. 5 pre-specified inputs)
2030 2031 2032 2033 2034 
# Year for probability of recovery
2034 2035 2036 2037 2038 2039 2040 2041
# Time varying weight-at-age (1=Yes;0=No)
0
# File with time series of weight-at-age data
none
# Use bisection (0) or linear interpolation (1)
1
# Target Depletion
0.4
# CV of implementation error
0
