#Title, #runnumber: 1 yelloweye_data.ss yelloweye_control.ss 6195.71 1044.99 310.473 StartTime: Tue Apr 22 22:12:01 2025
SSv3_default_rebuild.dat
# Number of sexes
1
# Age range to consider (minimum age; maximum age)
0 100
# Number of fleets
7
# First year of projection (Yinit)
2011
# First Year of rebuilding period (Ydecl)
2013
# Number of simulations
1000
# Maximum number of years
500
# Conduct projections with multiple starting values (0=No;else yes)
0
# Number of parameter vectors
1000
# Is the maximum age a plus-group (1=Yes;2=No)
1
# Generate future recruitments using historical recruitments (1)  historical recruits/spawner (2)  or a stock-recruitment (3)
3
# Constant fishing mortality (1) or constant Catch (2) projections
1
# Fishing mortality based on SPR (1) or actual rate (2)
1
# Pre-specify the year of recovery (or -1) to ignore
-1
# Fecundity-at-age
# 0 1 2 3 4 5 6 7 8 9 10 11 12 13 14 15 16 17 18 19 20 21 22 23 24 25 26 27 28 29 30 31 32 33 34 35 36 37 38 39 40 41 42 43 44 45 46 47 48 49 50 51 52 53 54 55 56 57 58 59 60 61 62 63 64 65 66 67 68 69 70 71 72 73 74 75 76 77 78 79 80 81 82 83 84 85 86 87 88 89 90 91 92 93 94 95 96 97 98 99 100 #runnumber: 1 yelloweye_data.ss yelloweye_control.ss 6195.71 1044.99 310.473
 0 0 2.7841e-08 3.55378e-07 3.21896e-06 2.24277e-05 0.00012484 0.000559797 0.0020154 0.00586155 0.0140639 0.0286515 0.0510323 0.0815652 0.119556 0.163567 0.211841 0.262651 0.314527 0.366345 0.417328 0.466983 0.515037 0.561362 0.605923 0.648735 0.689838 0.729284 0.767123 0.803403 0.838167 0.871456 0.903307 0.933758 0.962842 0.990596 1.01706 1.04226 1.06624 1.08904 1.1107 1.13126 1.15076 1.16924 1.18674 1.2033 1.21897 1.23378 1.24777 1.26098 1.27344 1.2852 1.29629 1.30674 1.31659 1.32586 1.33459 1.34281 1.35054 1.35782 1.36466 1.37109 1.37714 1.38282 1.38816 1.39317 1.39788 1.40231 1.40646 1.41036 1.41402 1.41755 1.42086 1.42396 1.42687 1.42961 1.43217 1.43458 1.43683 1.43895 1.44093 1.44279 1.44454 1.44617 1.44771 1.44915 1.45049 1.45176 1.45294 1.45405 1.4551 1.45607 1.45699 1.45784 1.45865 1.4594 1.46011 1.46077 1.46139 1.46197 1.46288 #female fecundity; weighted by N in year Y_init across morphs and areas
# Age specific selectivity and weight adjusted for discard and discard mortality
 #wt and selex for gender,fleet: 1 1 1_CA_TWL
 0.0108622 0.0215541 0.0589651 0.114662 0.188182 0.276735 0.377051 0.486122 0.601454 0.72114 0.843892 0.969044 1.09646 1.22632 1.35886 1.49418 1.63211 1.77216 1.91361 2.05556 2.19706 2.3372 2.47517 2.61027 2.74195 2.8698 2.99349 3.11282 3.22766 3.33792 3.44359 3.54469 3.64125 3.73337 3.82112 3.90461 3.98397 4.05933 4.13082 4.19858 4.26276 4.3235 4.38094 4.43524 4.48653 4.53495 4.58064 4.62374 4.66437 4.70265 4.73872 4.77268 4.80465 4.83474 4.86305 4.88967 4.9147 4.93824 4.96035 4.98114 5.00066 5.019 5.03623 5.0524 5.06759 5.08185 5.09523 5.10778 5.11957 5.13063 5.1411 5.15102 5.16033 5.16905 5.17724 5.18492 5.19212 5.19887 5.2052 5.21114 5.2167 5.22192 5.22681 5.2314 5.2357 5.23973 5.2435 5.24704 5.25036 5.25347 5.25639 5.25912 5.26168 5.26408 5.26632 5.26843 5.2704 5.27225 5.27399 5.27561 5.27816
 0 0.00140788 0.00495025 0.0152954 0.0381505 0.0794103 0.142554 0.226898 0.327524 0.436659 0.545701 0.647093 0.735556 0.808484 0.865641 0.908463 0.939286 0.960694 0.9751 0.984527 0.990545 0.994306 0.996612 0.998004 0.998833 0.999321 0.999607 0.999772 0.999868 0.999923 0.999955 0.999973 0.999984 0.99999 0.999993 0.999995 0.999997 0.999997 0.999998 0.999998 0.999998 0.999998 0.999998 0.999998 0.999998 0.999998 0.999998 0.999998 0.999998 0.999998 0.999998 0.999998 0.999998 0.999998 0.999998 0.999998 0.999998 0.999998 0.999998 0.999998 0.999998 0.999997 0.999997 0.999997 0.999997 0.999997 0.999997 0.999997 0.999997 0.999997 0.999997 0.999997 0.999997 0.999997 0.999997 0.999997 0.999997 0.999997 0.999997 0.999997 0.999997 0.999997 0.999997 0.999997 0.999997 0.999997 0.999997 0.999997 0.999997 0.999997 0.999997 0.999997 0.999997 0.999997 0.999997 0.999997 0.999997 0.999997 0.999997 0.999997 0.999997
 #wt and selex for gender,fleet: 1 3 3_CA_REC
 0.0108066 0.0205495 0.0549306 0.106808 0.175687 0.259261 0.354703 0.459327 0.570858 0.687571 0.808399 0.932913 1.06113 1.19319 1.32912 1.46861 1.61103 1.75548 1.9009 2.04621 2.1904 2.3326 2.47206 2.60822 2.74062 2.86895 2.99295 3.11249 3.22745 3.33779 3.44351 3.54464 3.64123 3.73335 3.82111 3.90461 3.98397 4.05933 4.13082 4.19858 4.26276 4.3235 4.38094 4.43524 4.48653 4.53495 4.58064 4.62374 4.66437 4.70265 4.73872 4.77268 4.80465 4.83474 4.86305 4.88967 4.9147 4.93824 4.96035 4.98114 5.00066 5.019 5.03623 5.0524 5.06759 5.08185 5.09523 5.10779 5.11957 5.13063 5.1411 5.15102 5.16033 5.16906 5.17724 5.18492 5.19212 5.19887 5.2052 5.21114 5.2167 5.22192 5.22681 5.2314 5.2357 5.23973 5.2435 5.24704 5.25036 5.25347 5.25639 5.25912 5.26168 5.26408 5.26632 5.26843 5.27041 5.27226 5.27399 5.27561 5.27816
 0 0.00580436 0.0161233 0.0401572 0.0839052 0.151035 0.240583 0.346861 0.461098 0.573775 0.676748 0.764614 0.835094 0.888569 0.927175 0.953835 0.971534 0.982878 0.989927 0.994189 0.996704 0.998157 0.998982 0.999443 0.999698 0.999837 0.999912 0.999952 0.999974 0.999986 0.999992 0.999996 0.999997 0.999998 0.999999 0.999999 0.999999 0.999999 0.999999 0.999999 0.999999 0.999999 0.999999 0.999999 0.999999 0.999999 0.999999 0.999999 0.999999 0.999999 0.999999 0.999999 0.999999 0.999999 0.999999 0.999999 0.999999 0.999999 0.999999 0.999999 0.999999 0.999999 0.999999 0.999999 0.999999 0.999999 0.999999 0.999999 0.999999 0.999999 0.999999 0.999999 0.999999 0.999999 0.999999 0.999999 0.999999 0.999999 0.999999 0.999999 0.999999 0.999999 0.999999 0.999999 0.999999 0.999999 0.999999 0.999999 0.999999 0.999999 0.999999 0.999999 0.999999 0.999999 0.999999 0.999999 0.999999 0.999999 0.999999 0.999999 0.999999
 #wt and selex for gender,fleet: 1 4 4_ORWA_TWL
 0.0107382 0.0192969 0.0497017 0.0973222 0.162097 0.242625 0.336806 0.44236 0.557104 0.679077 0.806595 0.93829 1.07312 1.21035 1.34947 1.4901 1.63188 1.7744 1.91715 2.05952 2.20089 2.34057 2.47796 2.61247 2.74362 2.87103 2.99438 3.11345 3.2281 3.33822 3.4438 3.54483 3.64135 3.73343 3.82116 3.90464 3.984 4.05935 4.13083 4.19859 4.26277 4.3235 4.38095 4.43524 4.48653 4.53495 4.58064 4.62374 4.66437 4.70265 4.73872 4.77268 4.80465 4.83474 4.86305 4.88967 4.9147 4.93824 4.96035 4.98114 5.00066 5.019 5.03623 5.0524 5.06759 5.08185 5.09523 5.10778 5.11957 5.13063 5.1411 5.15102 5.16033 5.16905 5.17724 5.18492 5.19212 5.19887 5.2052 5.21114 5.2167 5.22192 5.22681 5.2314 5.2357 5.23973 5.2435 5.24704 5.25036 5.25347 5.25639 5.25912 5.26168 5.26408 5.26632 5.26843 5.2704 5.27225 5.27399 5.27561 5.27816
 0 0.0176923 0.036108 0.0681239 0.115442 0.178275 0.254634 0.340741 0.431834 0.523021 0.609949 0.689237 0.758667 0.817194 0.864802 0.902258 0.930827 0.952004 0.967294 0.978074 0.985513 0.99055 0.993902 0.9961 0.997524 0.998436 0.999016 0.999382 0.999612 0.999756 0.999846 0.999902 0.999938 0.99996 0.999974 0.999982 0.999988 0.999992 0.999994 0.999995 0.999996 0.999997 0.999997 0.999998 0.999998 0.999998 0.999998 0.999998 0.999998 0.999998 0.999998 0.999998 0.999998 0.999998 0.999998 0.999998 0.999998 0.999998 0.999998 0.999998 0.999998 0.999998 0.999998 0.999998 0.999998 0.999998 0.999998 0.999998 0.999998 0.999998 0.999998 0.999998 0.999998 0.999998 0.999998 0.999998 0.999998 0.999998 0.999998 0.999998 0.999998 0.999998 0.999998 0.999998 0.999998 0.999998 0.999998 0.999998 0.999998 0.999998 0.999998 0.999998 0.999998 0.999998 0.999998 0.999998 0.999998 0.999998 0.999998 0.999998 0.999998
 #wt and selex for gender,fleet: 1 5 5_ORWA_NONTWL
 0.0108122 0.0206774 0.0559958 0.110337 0.183878 0.274647 0.379823 0.496482 0.621938 0.753868 0.890341 1.02978 1.17091 1.31271 1.45442 1.59541 1.73528 1.87369 2.01044 2.14534 2.27826 2.40903 2.53748 2.66341 2.78661 2.90686 3.02392 3.13758 3.24766 3.35399 3.45645 3.55494 3.64942 3.73986 3.82629 3.90874 3.98727 4.06197 4.13295 4.2003 4.26415 4.32464 4.38188 4.43601 4.48717 4.53548 4.58109 4.62412 4.66469 4.70293 4.73896 4.77289 4.80483 4.8349 4.86319 4.88979 4.91481 4.93834 4.96044 4.98122 5.00074 5.01907 5.03629 5.05246 5.06764 5.0819 5.09527 5.10783 5.11961 5.13067 5.14114 5.15106 5.16036 5.16909 5.17728 5.18495 5.19215 5.19891 5.20524 5.21117 5.21674 5.22195 5.22684 5.23143 5.23573 5.23976 5.24353 5.24707 5.25039 5.2535 5.25641 5.25914 5.2617 5.2641 5.26635 5.26846 5.27043 5.27228 5.27402 5.27564 5.27818
 0 0.000928004 0.00269399 0.00722961 0.0166187 0.0333564 0.0597133 0.0971334 0.145858 0.204868 0.272106 0.344851 0.420134 0.495099 0.567262 0.634672 0.695967 0.750362 0.797579 0.837752 0.871314 0.898894 0.921226 0.939068 0.953157 0.964168 0.972698 0.979255 0.984265 0.988074 0.990959 0.993138 0.994781 0.996019 0.996953 0.997658 0.998191 0.998595 0.998902 0.999137 0.999317 0.999456 0.999563 0.999647 0.999712 0.999764 0.999805 0.999837 0.999864 0.999885 0.999902 0.999916 0.999927 0.999937 0.999944 0.999951 0.999957 0.999961 0.999965 0.999969 0.999972 0.999974 0.999976 0.999978 0.99998 0.999981 0.999982 0.999983 0.999984 0.999985 0.999986 0.999986 0.999987 0.999987 0.999987 0.999988 0.999988 0.999988 0.999988 0.999989 0.999989 0.999989 0.999989 0.999989 0.99999 0.99999 0.99999 0.99999 0.99999 0.99999 0.99999 0.99999 0.99999 0.99999 0.99999 0.999991 0.999991 0.999991 0.999991 0.999991 0.999991
 #wt and selex for gender,fleet: 1 6 6_OR_REC
 0.0113417 0.0288841 0.0791104 0.146962 0.229525 0.321112 0.417294 0.51539 0.614651 0.716068 0.821606 0.933279 1.05245 1.17951 1.31387 1.45421 1.5988 1.74586 1.89377 2.04114 2.18689 2.33018 2.47038 2.60699 2.73967 2.86815 2.99224 3.1118 3.22677 3.33711 3.44282 3.54393 3.64049 3.7326 3.82034 3.90382 3.98317 4.05851 4.12999 4.19774 4.26191 4.32263 4.38007 4.43436 4.48564 4.53405 4.57974 4.62283 4.66345 4.70173 4.73779 4.77175 4.80372 4.8338 4.8621 4.88872 4.91375 4.93729 4.9594 4.98018 4.99971 5.01804 5.03527 5.05144 5.06663 5.08088 5.09426 5.10682 5.1186 5.12966 5.14013 5.15004 5.15935 5.16807 5.17626 5.18393 5.19113 5.19788 5.2042 5.21014 5.2157 5.22092 5.22581 5.23039 5.23469 5.23871 5.24249 5.24603 5.24934 5.25245 5.25537 5.2581 5.26066 5.26305 5.2653 5.26741 5.26938 5.27123 5.27296 5.27459 5.27713
 0 4.09457e-05 0.000542357 0.00430997 0.0203532 0.0642832 0.149499 0.275598 0.42604 0.576995 0.70872 0.811374 0.884326 0.932374 0.962067 0.979445 0.989144 0.994324 0.996974 0.998262 0.998842 0.999064 0.99911 0.999071 0.998993 0.998896 0.998791 0.998685 0.998579 0.998474 0.998373 0.998274 0.998178 0.998087 0.997998 0.997914 0.997832 0.997755 0.997681 0.997611 0.997544 0.99748 0.99742 0.997363 0.997309 0.997257 0.997209 0.997163 0.99712 0.997079 0.99704 0.997004 0.99697 0.996937 0.996907 0.996878 0.996851 0.996826 0.996802 0.996779 0.996758 0.996738 0.99672 0.996702 0.996686 0.99667 0.996656 0.996642 0.996629 0.996617 0.996606 0.996595 0.996585 0.996575 0.996567 0.996558 0.99655 0.996543 0.996536 0.99653 0.996523 0.996518 0.996512 0.996507 0.996503 0.996498 0.996494 0.99649 0.996487 0.996483 0.99648 0.996477 0.996474 0.996472 0.996469 0.996467 0.996465 0.996463 0.996461 0.996459 0.996456
 #wt and selex for gender,fleet: 1 7 7_WA_REC
 0.0111648 0.0265489 0.0750607 0.14424 0.232833 0.335826 0.448405 0.566724 0.687996 0.810366 0.932802 1.05499 1.17719 1.30004 1.42427 1.55054 1.67924 1.81039 1.94371 2.07858 2.21419 2.34963 2.48398 2.61639 2.74612 2.8726 2.99535 3.11404 3.22845 3.33843 3.44392 3.5449 3.64139 3.73346 3.82118 3.90465 3.984 4.05935 4.13083 4.19859 4.26277 4.3235 4.38095 4.43524 4.48653 4.53495 4.58064 4.62374 4.66437 4.70265 4.73872 4.77268 4.80465 4.83474 4.86305 4.88967 4.9147 4.93824 4.96035 4.98114 5.00066 5.019 5.03623 5.0524 5.06759 5.08185 5.09523 5.10779 5.11957 5.13063 5.1411 5.15102 5.16033 5.16906 5.17724 5.18492 5.19212 5.19887 5.2052 5.21114 5.2167 5.22192 5.22681 5.2314 5.2357 5.23973 5.2435 5.24704 5.25036 5.25347 5.25639 5.25912 5.26168 5.26408 5.26632 5.26843 5.27041 5.27226 5.27399 5.27561 5.27816
 0 1.3707e-05 0.000129761 0.000896 0.00417883 0.0141482 0.0370939 0.0793896 0.144617 0.231661 0.334791 0.445428 0.554554 0.654734 0.741187 0.811903 0.867113 0.908495 0.938425 0.959406 0.973716 0.983246 0.989462 0.993445 0.995959 0.997525 0.998492 0.999084 0.999444 0.999662 0.999794 0.999874 0.999922 0.999952 0.99997 0.999981 0.999988 0.999992 0.999995 0.999996 0.999997 0.999998 0.999999 0.999999 0.999999 0.999999 0.999999 0.999999 0.999999 0.999999 0.999999 0.999999 0.999999 0.999999 0.999999 0.999999 0.999999 0.999999 0.999999 0.999999 0.999999 0.999999 0.999999 0.999999 0.999999 0.999999 0.999999 0.999999 0.999999 0.999999 0.999999 0.999999 0.999999 0.999999 0.999999 0.999999 0.999999 0.999999 0.999999 0.999999 0.999999 0.999999 0.999999 0.999999 0.999999 0.999999 0.999999 0.999999 0.999999 0.999999 0.999999 0.999999 0.999999 0.999999 0.999999 0.999999 0.999999 0.999999 0.999999 0.999999 0.999999
# Sex ratio correction
1
# M and current age-structure in year Yinit: 2011
 # gender = 1
 0.0439034 0.0439034 0.0439034 0.0439034 0.0439034 0.0439034 0.0439034 0.0439034 0.0439034 0.0439034 0.0439034 0.0439034 0.0439034 0.0439034 0.0439034 0.0439034 0.0439034 0.0439034 0.0439034 0.0439034 0.0439034 0.0439034 0.0439034 0.0439034 0.0439034 0.0439034 0.0439034 0.0439034 0.0439034 0.0439034 0.0439034 0.0439034 0.0439034 0.0439034 0.0439034 0.0439034 0.0439034 0.0439034 0.0439034 0.0439034 0.0439034 0.0439034 0.0439034 0.0439034 0.0439034 0.0439034 0.0439034 0.0439034 0.0439034 0.0439034 0.0439034 0.0439034 0.0439034 0.0439034 0.0439034 0.0439034 0.0439034 0.0439034 0.0439034 0.0439034 0.0439034 0.0439034 0.0439034 0.0439034 0.0439034 0.0439034 0.0439034 0.0439034 0.0439034 0.0439034 0.0439034 0.0439034 0.0439034 0.0439034 0.0439034 0.0439034 0.0439034 0.0439034 0.0439034 0.0439034 0.0439034 0.0439034 0.0439034 0.0439034 0.0439034 0.0439034 0.0439034 0.0439034 0.0439034 0.0439034 0.0439034 0.0439034 0.0439034 0.0439034 0.0439034 0.0439034 0.0439034 0.0439034 0.0439034 0.0439034 0.0439034
 294.415 284.728 231.459 281.727 146.544 101.268 71.1688 52.3927 106.814 182.751 74.1898 53.2186 88.8981 50.4434 29.6519 23.9694 24.0977 46.0897 56.9647 24.3097 17.9897 18.4399 19.7711 20.1417 20.2567 19.6876 22.3411 26.8474 21.1909 22.8702 15.7894 10.6493 7.40756 5.60639 5.88588 5.41766 5.11971 3.23091 2.96608 3.53322 5.55955 3.76991 2.81095 2.06222 1.55839 1.25859 0.95751 0.774495 0.728359 0.775699 0.868329 0.922452 0.867588 0.753361 0.646438 0.570077 0.527324 0.514626 0.528627 0.567969 0.628663 0.694108 0.726446 0.692896 0.61417 0.532416 0.465593 0.415221 0.378061 0.349976 0.328122 0.310535 0.295996 0.283574 0.272286 0.26127 0.249928 0.238161 0.226244 0.214663 0.203855 0.194091 0.185416 0.177773 0.170983 0.16483 0.159119 0.153688 0.148404 0.143185 0.13798 0.132766 0.127547 0.122367 0.117221 0.112087 0.107103 0.102294 0.0976748 0.0932567 2.04378
# Age-structure at Ydeclare= 2013
 156.528 128.934 269.663 260.784 211.981 257.979 134.151 92.6563 65.0667 47.8539 97.4534 166.549 67.5409 48.4041 80.7929 45.8156 26.9185 21.7519 21.8625 41.8066 51.6642 22.0457 16.3134 16.7209 17.9275 18.2631 18.367 17.8505 20.2558 24.3406 19.2114 20.7328 14.3129 9.65288 6.71408 5.08125 5.33427 4.90968 4.63943 2.92767 2.68757 3.20131 5.03706 3.41547 2.54657 1.86819 1.41171 1.1401 0.867341 0.701545 0.659741 0.702609 0.7865 0.835513 0.785813 0.682348 0.585499 0.516334 0.47761 0.466108 0.478788 0.514419 0.569389 0.628662 0.657949 0.627562 0.556258 0.482211 0.421689 0.376066 0.34241 0.316973 0.297179 0.28125 0.268082 0.256832 0.246608 0.236631 0.226358 0.215701 0.204908 0.194419 0.184631 0.175788 0.167931 0.161008 0.154859 0.149286 0.144114 0.139195 0.134409 0.129683 0.124969 0.120246 0.11552 0.110828 0.106168 0.101517 0.0970039 0.0926486 2.02401
# Year for Tmin Age-structure (set to Ydecl by SS)
2013
#  recruitment and biomass
# Number of historical assessment years
137
# Historical data
# year recruitment spawner in B0 in R project in R/S project
1888  1889 1890 1891 1892 1893 1894 1895 1896 1897 1898 1899 1900 1901 1902 1903 1904 1905 1906 1907 1908 1909 1910 1911 1912 1913 1914 1915 1916 1917 1918 1919 1920 1921 1922 1923 1924 1925 1926 1927 1928 1929 1930 1931 1932 1933 1934 1935 1936 1937 1938 1939 1940 1941 1942 1943 1944 1945 1946 1947 1948 1949 1950 1951 1952 1953 1954 1955 1956 1957 1958 1959 1960 1961 1962 1963 1964 1965 1966 1967 1968 1969 1970 1971 1972 1973 1974 1975 1976 1977 1978 1979 1980 1981 1982 1983 1984 1985 1986 1987 1988 1989 1990 1991 1992 1993 1994 1995 1996 1997 1998 1999 2000 2001 2002 2003 2004 2005 2006 2007 2008 2009 2010 2011 2012 2013 2014 2015 2016 2017 2018 2019 2020 2021 2022 2023 2024 #years (with first value representing R0)
203.172 202.785 202.774 202.764 202.753 202.735 202.717 202.698 202.684 202.672 202.659 202.648 202.632 202.619 202.61 202.59 202.573 202.561 202.553 202.559 202.572 202.588 202.611 202.636 202.659 202.66 202.616 202.49 202.246 201.839 201.045 199.934 198.543 196.835 194.832 192.589 190.188 187.73 185.357 183.214 181.45 180.202 179.539 179.404 179.653 179.984 180.028 179.455 178.158 176.306 174.36 172.85 172.272 172.984 175.4 180.181 188.228 200.783 218.433 239.708 257.232 256.472 232.996 200.597 172.232 152.305 140.834 137.024 140.594 151.224 167.046 182.162 183.167 162.797 137.029 120.922 120.453 138.933 169.599 193.933 235.495 292.433 354.535 468.668 264.674 195.704 186.11 255.193 231.604 213.879 171.619 189.368 225.54 275.186 326.379 247.039 255.804 174.613 127.152 109.199 91.7702 77.2306 62.7364 54.1572 65.7918 140.68 105.236 51.3995 48.1407 56.3685 91.085 152.783 87.1738 115.921 272.586 152.189 71.3519 92.6866 126.168 174.697 321.4 252.703 297.507 294.415 134.721 156.528 190.191 212.597 186.959 155.908 150.38 139.315 137.731 146.199 151.189 157.219 162.387  #recruits; first value is R0 (virgin)
1044.99  1044.99 1044.99 1044.97 1044.95 1044.48 1044.02 1043.56 1043.41 1043.33 1043.25 1043.17 1043.07 1042.95 1042.81 1042.65 1042.47 1042.26 1042.04 1041.79 1041.53 1041.13 1040.84 1040.52 1040.18 1039.83 1039.46 1039.08 1038.6 1038.19 1037.6 1034.94 1033.87 1032.9 1032 1031.37 1030.66 1029.39 1027.76 1025.32 1022.15 1019.06 1016.43 1013.44 1011.46 1009.62 1007.77 1005.36 1002.9 999.435 996.219 992.683 989.761 985.682 980.088 974.155 963.734 952.69 936.472 921.58 914.526 906.791 900.822 894.148 885.97 879.079 874.028 867.99 862.384 856.813 850.157 844.235 839.372 835.64 833.72 831.137 830.237 830.652 821.534 819.653 816.144 812.348 800.078 792.626 781.956 768.025 753.06 736.075 719.197 699.457 679.91 647.912 614.147 588.886 556.042 503.407 476.189 455.555 429.39 407.534 380.106 355.835 325.668 303.906 266.676 233.321 201.425 183.51 165.898 146.639 124.536 116.033 103.751 104.136 103.639 108.445 113.401 118.755 124.16 130.028 135.464 141.453 147.459 154.151 161.336 168.884 177.281 186.306 195.706 205.871 215.755 226.681 238.229 251.477 265.654 279.561 293.61 #spbio; first value is SSB_virgin (virgin)
1 0 0 0 0 0 0 0 0 0 0 0 0 0 0 0 0 0 0 0 0 0 0 0 0 0 0 0 0 0 0 0 0 0 0 0 0 0 0 0 0 0 0 0 0 0 0 0 0 0 0 0 0 0 0 0 0 0 0 0 0 0 0 0 0 0 0 0 0 0 0 0 0 0 0 0 0 0 0 0 0 0 0 0 0 0 0 0 0 0 0 0 0 0 0 0 0 0 0 0 0 0 0 0 0 0 0 0 0 0 0 0 0 0 0 0 0 0 0 0 0 0 0 0 0 0 0 0 0 0 0 0 0 0 0 0 0  # in Bzero
0 1 1 1 1 1 1 1 1 1 1 1 1 1 1 1 1 1 1 1 1 1 1 1 1 1 1 1 1 1 1 1 1 1 1 1 1 1 1 1 1 1 1 1 1 1 1 1 1 1 1 1 1 1 1 1 1 1 1 1 1 1 1 1 1 1 1 1 1 1 1 1 1 1 1 1 1 1 1 1 1 1 1 1 1 1 1 1 1 1 1 1 1 1 1 1 1 1 1 1 1 1 1 1 1 1 1 1 1 1 1 1 1 1 1 1 1 1 1 1 1 1 1 1 1 1 1 1 1 1 1 1 1 1  0 0 0 # in R project
0 1 1 1 1 1 1 1 1 1 1 1 1 1 1 1 1 1 1 1 1 1 1 1 1 1 1 1 1 1 1 1 1 1 1 1 1 1 1 1 1 1 1 1 1 1 1 1 1 1 1 1 1 1 1 1 1 1 1 1 1 1 1 1 1 1 1 1 1 1 1 1 1 1 1 1 1 1 1 1 1 1 1 1 1 1 1 1 1 1 1 1 1 1 1 1 1 1 1 1 1 1 1 1 1 1 1 1 1 1 1 1 1 1 1 1 1 1 1 1 1 1 1 1 1 1 1 1 1 1 1 1 1 1  0 0 0 # in R/S project
# Number of years with pre-specified catches
0
# catches for years with pre-specified catches go next
# Number of future recruitments to override
-2
# Process for overiding (-1 for average otherwise index in data list)
# Which probability to product detailed results for (1=0.5; 2=0.6; etc.)
3
# Steepness sigma-R Auto-correlation
0.718 0.5 0
# Target SPR rate (FMSY Proxy); manually change to SPR_MSY if not using SPR_target
0.5
# Discount rate (for cumulative catch)
0.1
# Truncate the series when 0.4B0 is reached (1=Yes)
0
# Set F to FMSY once 0.4B0 is reached (1=Yes)
0
# Maximum possible F for projection (-1 to set to FMSY)
-1
# Defintion of recovery (1=now only;2=now or before)
2
# Projection type
4
# Definition of the 40-10 rule
10 40
# Sigma Assessment Error (Base, Year1, Slope, MaxSigma)
1.0 2025 0.075 2.0
# Pstar
0.45
# Constrain catches by the ABC (1=yes, 2=no)
2
# Implementation Error (0=no; 1=lognormal; 2=uniform)
0
#Parameters of Implementaion Error
1 0.3
# Calculate coefficients of variation (1=Yes)
0
# Number of replicates to use
10
# Random number seed
-99004
# File with multiple parameter vectors 
rebuild.SSO
# User-specific projection (1=Yes); Output replaced (1->9)
0  5
# Catches and Fs (Year; 1/2/3 (F or C or SPR); value); Final row is -1
2024 1 1
-1 -1 -1
# Fixed catch project (1=Yes); Output replaced (1->9); Approach (-1=Read in else 1-9)
0 2 -1
# (48a) Special catch options (1-Yes) [CUT_OFF, Emsy, distribution, MAXCAT, Add, replace_code]
0 0.18 1.00 1.00 0 6
# (48b) B1Target
150000
# Split of Fs
2011  0.0153529
 0
 0.363169
 0.024907
 0.201772
 0.201577
 0.193222
-1  1 1 1 1 1 1 1 1 1 1 1 1
# Yrs to define T_target for projection type 4 (a.k.a. 5 pre-specified inputs)
2030 2031 2032 2033 2034 
# Year for probability of recovery
2034 2035 2036 2037 2038 2039 2040 2041
# Time varying weight-at-age (1=Yes;0=No)
0
# File with time series of weight-at-age data
none
# Use bisection (0) or linear interpolation (1)
1
# Target Depletion
0.4
# CV of implementation error
0
