#Title, #runnumber: 1 yelloweye_data.ss yelloweye_control.ss 6484.31 1066.82 338.466 StartTime: Wed Apr 16 00:33:24 2025
SSv3_default_rebuild.dat
# Number of sexes
1
# Age range to consider (minimum age; maximum age)
0 100
# Number of fleets
7
# First year of projection (Yinit)
2011
# First Year of rebuilding period (Ydecl)
2013
# Number of simulations
1000
# Maximum number of years
500
# Conduct projections with multiple starting values (0=No;else yes)
0
# Number of parameter vectors
1000
# Is the maximum age a plus-group (1=Yes;2=No)
1
# Generate future recruitments using historical recruitments (1)  historical recruits/spawner (2)  or a stock-recruitment (3)
3
# Constant fishing mortality (1) or constant Catch (2) projections
1
# Fishing mortality based on SPR (1) or actual rate (2)
1
# Pre-specify the year of recovery (or -1) to ignore
-1
# Fecundity-at-age
# 0 1 2 3 4 5 6 7 8 9 10 11 12 13 14 15 16 17 18 19 20 21 22 23 24 25 26 27 28 29 30 31 32 33 34 35 36 37 38 39 40 41 42 43 44 45 46 47 48 49 50 51 52 53 54 55 56 57 58 59 60 61 62 63 64 65 66 67 68 69 70 71 72 73 74 75 76 77 78 79 80 81 82 83 84 85 86 87 88 89 90 91 92 93 94 95 96 97 98 99 100 #runnumber: 1 yelloweye_data.ss yelloweye_control.ss 6484.31 1066.82 338.466
 0 0 3.24394e-09 5.99905e-08 6.98495e-07 5.87063e-06 3.84525e-05 0.000204253 0.000891754 0.0031846 0.0092558 0.0220981 0.0443515 0.0770402 0.119194 0.168443 0.221973 0.277277 0.332498 0.386452 0.438494 0.488339 0.535915 0.581261 0.624459 0.665605 0.70479 0.742095 0.77759 0.811341 0.843404 0.873835 0.902687 0.930013 0.955864 0.980296 1.00336 1.02511 1.04561 1.06491 1.08306 1.10011 1.11613 1.13116 1.14526 1.15847 1.17084 1.18243 1.19326 1.2034 1.21288 1.22173 1.23 1.23773 1.24494 1.25166 1.25794 1.26379 1.26925 1.27434 1.27908 1.2835 1.28761 1.29145 1.29502 1.29835 1.30144 1.30432 1.30701 1.30951 1.31183 1.31403 1.31607 1.31797 1.31974 1.32139 1.32292 1.32435 1.32567 1.3269 1.32805 1.32911 1.33011 1.33103 1.33188 1.33268 1.33342 1.33411 1.33475 1.33535 1.3359 1.33642 1.3369 1.33734 1.33775 1.33814 1.3385 1.33883 1.33914 1.33942 1.33985 #female fecundity; weighted by N in year Y_init across morphs and areas
# Age specific selectivity and weight adjusted for discard and discard mortality
 #wt and selex for gender,fleet: 1 1 1_CA_TWL
 0.00909099 0.00938176 0.029266 0.0700465 0.13062 0.210229 0.306393 0.416115 0.536395 0.664494 0.798075 0.935341 1.07521 1.21732 1.36165 1.50818 1.65651 1.80582 1.95506 2.10306 2.24874 2.39117 2.52964 2.6636 2.79265 2.91655 3.03514 3.14836 3.25619 3.35869 3.45593 3.54805 3.63517 3.71745 3.79507 3.8682 3.93704 4.00178 4.0626 4.11969 4.17325 4.22346 4.2705 4.31454 4.35575 4.39429 4.43033 4.464 4.49546 4.52483 4.55224 4.57783 4.6017 4.62395 4.64471 4.66406 4.68209 4.69889 4.71455 4.72913 4.74271 4.75535 4.76713 4.77809 4.78829 4.79779 4.80663 4.81485 4.8225 4.82962 4.83629 4.84252 4.84832 4.85372 4.85873 4.8634 4.86774 4.87178 4.87553 4.87902 4.88227 4.88529 4.88809 4.8907 4.89313 4.89538 4.89748 4.89943 4.90124 4.90293 4.90449 4.90595 4.9073 4.90856 4.90973 4.91082 4.91183 4.91277 4.91364 4.91445 4.91566
 0 0.000978824 0.00234598 0.00873837 0.0256995 0.0609835 0.121169 0.208148 0.317529 0.439762 0.56303 0.676411 0.77224 0.847156 0.90173 0.9391 0.96338 0.978492 0.987583 0.992913 0.99598 0.997724 0.998708 0.999262 0.999575 0.999753 0.999854 0.999912 0.999946 0.999966 0.999978 0.999986 0.99999 0.999993 0.999995 0.999996 0.999997 0.999997 0.999997 0.999998 0.999998 0.999998 0.999998 0.999998 0.999998 0.999998 0.999998 0.999998 0.999998 0.999998 0.999998 0.999998 0.999998 0.999998 0.999998 0.999998 0.999998 0.999998 0.999998 0.999998 0.999998 0.999998 0.999998 0.999998 0.999998 0.999998 0.999998 0.999998 0.999998 0.999998 0.999998 0.999998 0.999998 0.999998 0.999998 0.999998 0.999998 0.999998 0.999998 0.999998 0.999998 0.999998 0.999998 0.999998 0.999998 0.999998 0.999998 0.999998 0.999998 0.999998 0.999998 0.999998 0.999998 0.999998 0.999998 0.999998 0.999998 0.999998 0.999998 0.999998 0.999998
 #wt and selex for gender,fleet: 1 3 3_CA_REC
 0.00909099 0.00938129 0.0282096 0.0671911 0.125214 0.201626 0.294212 0.400231 0.516897 0.641648 0.772387 0.907771 1.04729 1.19088 1.33833 1.48896 1.64162 1.79489 1.94737 2.09785 2.2453 2.38895 2.52822 2.6627 2.79209 2.91619 3.03491 3.14821 3.2561 3.35863 3.45589 3.54802 3.63515 3.71744 3.79506 3.8682 3.93704 4.00178 4.0626 4.11969 4.17325 4.22346 4.2705 4.31454 4.35575 4.39429 4.43033 4.464 4.49546 4.52483 4.55224 4.57783 4.6017 4.62396 4.64471 4.66406 4.68209 4.69889 4.71455 4.72913 4.74271 4.75535 4.76713 4.77809 4.78829 4.79779 4.80663 4.81485 4.8225 4.82962 4.83629 4.84252 4.84832 4.85372 4.85873 4.8634 4.86774 4.87178 4.87553 4.87902 4.88227 4.88529 4.88809 4.8907 4.89313 4.89538 4.89748 4.89943 4.90124 4.90293 4.90449 4.90595 4.9073 4.90856 4.90973 4.91082 4.91183 4.91277 4.91364 4.91445 4.91566
 0 0.004059 0.0087583 0.0260648 0.0632477 0.127683 0.22146 0.339265 0.469765 0.599213 0.715288 0.809895 0.880329 0.92857 0.959265 0.977618 0.988051 0.993753 0.996779 0.998352 0.999158 0.999569 0.999778 0.999884 0.999939 0.999967 0.999982 0.99999 0.999994 0.999996 0.999998 0.999998 0.999999 0.999999 0.999999 0.999999 0.999999 0.999999 0.999999 0.999999 0.999999 0.999999 0.999999 0.999999 0.999999 0.999999 0.999999 0.999999 0.999999 0.999999 0.999999 0.999999 0.999999 0.999999 0.999999 0.999999 0.999999 0.999999 0.999999 0.999999 0.999999 0.999999 0.999999 0.999999 0.999999 0.999999 0.999999 0.999999 0.999999 0.999999 0.999999 0.999999 0.999999 0.999999 0.999999 0.999999 0.999999 0.999999 0.999999 0.999999 0.999999 0.999999 0.999999 0.999999 0.999999 0.999999 0.999999 0.999999 0.999999 0.999999 0.999999 0.999999 0.999999 0.999999 0.999999 0.999999 0.999999 0.999999 0.999999 0.999999 0.999999
 #wt and selex for gender,fleet: 1 4 4_ORWA_TWL
 0.00909099 0.00938041 0.0260669 0.0616539 0.115944 0.188971 0.279498 0.385544 0.504784 0.634812 0.773303 0.918098 1.06725 1.21907 1.3721 1.52518 1.6774 1.82809 1.9767 2.12275 2.26581 2.40544 2.54124 2.67283 2.7999 2.92218 3.03949 3.1517 3.25877 3.36067 3.45747 3.54924 3.6361 3.71819 3.79565 3.86867 3.93742 4.00209 4.06285 4.11991 4.17343 4.22361 4.27063 4.31465 4.35584 4.39438 4.4304 4.46407 4.49551 4.52488 4.55229 4.57787 4.60173 4.62399 4.64474 4.66409 4.68212 4.69892 4.71457 4.72915 4.74273 4.75538 4.76715 4.77811 4.78831 4.79781 4.80664 4.81487 4.82252 4.82964 4.8363 4.84254 4.84834 4.85373 4.85875 4.86341 4.86776 4.87179 4.87554 4.87904 4.88228 4.8853 4.88811 4.89071 4.89314 4.8954 4.89749 4.89944 4.90125 4.90294 4.9045 4.90596 4.90731 4.90857 4.90974 4.91083 4.91184 4.91278 4.91365 4.91446 4.91567
 0 0.0175597 0.0308233 0.0579942 0.0983361 0.152559 0.219525 0.296485 0.379667 0.464967 0.548547 0.627232 0.698702 0.761517 0.815038 0.859306 0.894892 0.922738 0.943993 0.959862 0.971486 0.979866 0.985833 0.990043 0.992993 0.995053 0.996491 0.997494 0.998197 0.998691 0.999041 0.999289 0.999468 0.999597 0.999691 0.999761 0.999812 0.999851 0.99988 0.999903 0.99992 0.999934 0.999944 0.999953 0.999959 0.999965 0.999969 0.999973 0.999976 0.999978 0.99998 0.999982 0.999984 0.999985 0.999986 0.999987 0.999988 0.999988 0.999989 0.999989 0.99999 0.99999 0.999991 0.999991 0.999991 0.999992 0.999992 0.999992 0.999992 0.999992 0.999993 0.999993 0.999993 0.999993 0.999993 0.999993 0.999993 0.999993 0.999993 0.999993 0.999993 0.999993 0.999993 0.999993 0.999993 0.999993 0.999993 0.999993 0.999993 0.999993 0.999993 0.999993 0.999994 0.999994 0.999994 0.999994 0.999994 0.999994 0.999994 0.999994 0.999994
 #wt and selex for gender,fleet: 1 5 5_ORWA_NONTWL
 0.00909099 0.00938132 0.02835 0.0680975 0.128071 0.208113 0.306314 0.420023 0.546364 0.682533 0.825963 0.974383 1.12584 1.27867 1.4315 1.58326 1.73311 1.8805 2.02504 2.16648 2.30465 2.43936 2.57041 2.69759 2.82068 2.93949 3.05381 3.1635 3.26846 3.36864 3.46402 3.55464 3.64056 3.72189 3.79874 3.87126 3.93961 4.00394 4.06444 4.12127 4.17461 4.22464 4.27153 4.31545 4.35655 4.39501 4.43097 4.46458 4.49599 4.52531 4.55269 4.57824 4.60208 4.62431 4.64504 4.66437 4.68239 4.69917 4.71481 4.72938 4.74295 4.75559 4.76735 4.77831 4.7885 4.79799 4.80682 4.81504 4.82269 4.82981 4.83647 4.8427 4.8485 4.85389 4.8589 4.86357 4.86791 4.87194 4.87569 4.87918 4.88243 4.88545 4.88825 4.89086 4.89328 4.89554 4.89763 4.89958 4.90139 4.90308 4.90464 4.9061 4.90745 4.90871 4.90988 4.91097 4.91198 4.91292 4.91379 4.9146 4.9158
 0 0.000668864 0.00145896 0.00455795 0.0119779 0.0267765 0.0522022 0.0907277 0.14325 0.208768 0.2846 0.366966 0.451699 0.534867 0.613206 0.684339 0.746833 0.800123 0.844361 0.880219 0.908686 0.930887 0.947951 0.960913 0.970672 0.977974 0.983414 0.987461 0.99047 0.992711 0.994385 0.99564 0.996586 0.997303 0.997849 0.998269 0.998594 0.998847 0.999045 0.999202 0.999327 0.999428 0.999509 0.999575 0.999629 0.999674 0.999711 0.999743 0.999769 0.999791 0.99981 0.999826 0.99984 0.999852 0.999862 0.999872 0.99988 0.999887 0.999893 0.999898 0.999903 0.999907 0.999911 0.999915 0.999918 0.999921 0.999923 0.999925 0.999927 0.999929 0.999931 0.999932 0.999933 0.999934 0.999935 0.999936 0.999936 0.999937 0.999938 0.999938 0.999939 0.999939 0.99994 0.99994 0.999941 0.999941 0.999941 0.999942 0.999942 0.999942 0.999943 0.999943 0.999943 0.999943 0.999943 0.999944 0.999944 0.999944 0.999944 0.999944 0.999944
 #wt and selex for gender,fleet: 1 6 6_OR_REC
 0.00909099 0.00938631 0.0361713 0.0848184 0.153349 0.238187 0.334645 0.43857 0.546987 0.658951 0.775896 0.900312 1.0338 1.17607 1.32527 1.47891 1.63455 1.79021 1.94438 2.09594 2.24405 2.38807 2.52755 2.66212 2.79154 2.91565 3.03436 3.14764 3.2555 3.358 3.45524 3.54734 3.63444 3.71671 3.7943 3.86742 3.93624 4.00096 4.06176 4.11884 4.17238 4.22258 4.2696 4.31362 4.35482 4.39336 4.42938 4.46304 4.49449 4.52385 4.55126 4.57684 4.6007 4.62295 4.6437 4.66304 4.68107 4.69787 4.71351 4.72809 4.74167 4.75431 4.76608 4.77704 4.78724 4.79673 4.80557 4.81379 4.82144 4.82856 4.83522 4.84145 4.84725 4.85264 4.85766 4.86232 4.86666 4.87069 4.87445 4.87793 4.88118 4.88419 4.887 4.88961 4.89203 4.89429 4.89638 4.89833 4.90014 4.90183 4.90339 4.90485 4.9062 4.90746 4.90863 4.90971 4.91072 4.91166 4.91254 4.91335 4.91455
 0 2.01029e-05 0.000106813 0.00140428 0.0100079 0.0430418 0.124662 0.265841 0.447876 0.630914 0.779767 0.88114 0.940955 0.972496 0.98775 0.994649 0.997599 0.998785 0.999212 0.999319 0.999293 0.999212 0.999107 0.998994 0.998878 0.998763 0.998649 0.998539 0.998432 0.998329 0.99823 0.998136 0.998046 0.99796 0.997878 0.997801 0.997728 0.997659 0.997594 0.997533 0.997475 0.997421 0.99737 0.997322 0.997277 0.997235 0.997196 0.997159 0.997125 0.997093 0.997062 0.997034 0.997008 0.996984 0.996961 0.996939 0.99692 0.996901 0.996884 0.996868 0.996853 0.996839 0.996826 0.996813 0.996802 0.996792 0.996782 0.996773 0.996764 0.996756 0.996749 0.996742 0.996735 0.996729 0.996724 0.996719 0.996714 0.996709 0.996705 0.996701 0.996698 0.996694 0.996691 0.996688 0.996686 0.996683 0.996681 0.996679 0.996677 0.996675 0.996673 0.996671 0.99667 0.996668 0.996667 0.996666 0.996665 0.996664 0.996663 0.996662 0.99666
 #wt and selex for gender,fleet: 1 7 7_WA_REC
 0.00909099 0.00938468 0.0343219 0.0822862 0.152359 0.242463 0.348648 0.466781 0.593161 0.724724 0.859086 0.994593 1.13045 1.26672 1.404 1.54295 1.68387 1.82652 1.97016 2.11374 2.25611 2.39616 2.53296 2.66579 2.79409 2.91749 3.03576 3.14877 3.25646 3.35887 3.45606 3.54813 3.63522 3.71749 3.7951 3.86823 3.93706 4.00179 4.06261 4.1197 4.17326 4.22347 4.2705 4.31454 4.35575 4.3943 4.43033 4.464 4.49546 4.52483 4.55224 4.57783 4.6017 4.62396 4.64471 4.66406 4.68209 4.69889 4.71455 4.72913 4.74271 4.75535 4.76713 4.77809 4.78829 4.79779 4.80663 4.81485 4.8225 4.82962 4.83629 4.84252 4.84832 4.85372 4.85873 4.8634 4.86774 4.87178 4.87553 4.87902 4.88227 4.88529 4.88809 4.8907 4.89313 4.89538 4.89748 4.89943 4.90124 4.90293 4.90449 4.90595 4.9073 4.90856 4.90973 4.91082 4.91183 4.91277 4.91364 4.91445 4.91566
 0 6.90978e-06 2.87811e-05 0.000286617 0.00184299 0.00808754 0.025978 0.064866 0.132307 0.229458 0.349389 0.479293 0.604976 0.715182 0.803912 0.870325 0.917086 0.948402 0.96855 0.981114 0.988768 0.993353 0.99607 0.99767 0.998611 0.999165 0.999493 0.999688 0.999805 0.999877 0.999921 0.999948 0.999965 0.999977 0.999984 0.999989 0.999992 0.999994 0.999995 0.999997 0.999997 0.999998 0.999998 0.999998 0.999999 0.999999 0.999999 0.999999 0.999999 0.999999 0.999999 0.999999 0.999999 0.999999 0.999999 0.999999 0.999999 0.999999 0.999999 0.999999 0.999999 0.999999 0.999999 0.999999 0.999999 0.999999 0.999999 0.999999 0.999999 0.999999 0.999999 0.999999 0.999999 0.999999 0.999999 0.999999 0.999999 0.999999 0.999999 0.999999 0.999999 0.999999 0.999999 0.999999 0.999999 0.999999 0.999999 0.999999 0.999999 0.999999 0.999999 0.999999 0.999999 0.999999 0.999999 0.999999 0.999999 0.999999 0.999999 0.999999 0.999999
# Sex ratio correction
1
# M and current age-structure in year Yinit: 2011
 # gender = 1
 0.0439034 0.0439034 0.0439034 0.0439034 0.0439034 0.0439034 0.0439034 0.0439034 0.0439034 0.0439034 0.0439034 0.0439034 0.0439034 0.0439034 0.0439034 0.0439034 0.0439034 0.0439034 0.0439034 0.0439034 0.0439034 0.0439034 0.0439034 0.0439034 0.0439034 0.0439034 0.0439034 0.0439034 0.0439034 0.0439034 0.0439034 0.0439034 0.0439034 0.0439034 0.0439034 0.0439034 0.0439034 0.0439034 0.0439034 0.0439034 0.0439034 0.0439034 0.0439034 0.0439034 0.0439034 0.0439034 0.0439034 0.0439034 0.0439034 0.0439034 0.0439034 0.0439034 0.0439034 0.0439034 0.0439034 0.0439034 0.0439034 0.0439034 0.0439034 0.0439034 0.0439034 0.0439034 0.0439034 0.0439034 0.0439034 0.0439034 0.0439034 0.0439034 0.0439034 0.0439034 0.0439034 0.0439034 0.0439034 0.0439034 0.0439034 0.0439034 0.0439034 0.0439034 0.0439034 0.0439034 0.0439034 0.0439034 0.0439034 0.0439034 0.0439034 0.0439034 0.0439034 0.0439034 0.0439034 0.0439034 0.0439034 0.0439034 0.0439034 0.0439034 0.0439034 0.0439034 0.0439034 0.0439034 0.0439034 0.0439034 0.0439034
 235.86 237.4 238.847 289.188 189.34 164.701 101.556 61.3415 84.4581 173.054 61.8084 49.3066 91.3303 46.9929 31.1192 25.9223 25.0597 40.27 50.2498 30.683 23.5489 22.3541 21.4944 21.4579 23.1451 25.2791 31.1585 32.972 20.957 18.3385 17.6271 14.9827 11.2851 7.43464 7.11954 6.77275 6.18422 4.4345 3.60137 3.8052 4.9141 4.22696 3.16075 2.60936 2.01095 1.66698 1.38765 1.17864 1.09257 1.09474 1.1229 1.10766 1.024 0.916545 0.824342 0.757931 0.718168 0.703176 0.709952 0.734379 0.767248 0.791533 0.788646 0.752862 0.695311 0.633149 0.576524 0.528931 0.490452 0.459151 0.433403 0.411716 0.393018 0.376456 0.361178 0.346539 0.332084 0.317722 0.303558 0.289846 0.276827 0.264678 0.25341 0.242997 0.233321 0.224229 0.215589 0.207295 0.199254 0.191414 0.183743 0.176222 0.168857 0.161686 0.15468 0.147778 0.141133 0.134757 0.128657 0.122835 2.68296
# Age-structure at Ydeclare= 2013
 371.58 194.751 216.032 217.439 218.757 264.837 173.357 150.731 92.8744 56.0419 77.0722 157.735 56.2769 44.8536 83.0234 42.6959 28.2628 23.5367 22.7493 36.553 45.6082 27.8475 21.372 20.2872 19.5067 19.4732 21.0039 22.94 28.2745 29.9192 19.0158 16.6391 15.9929 13.593 10.2379 6.74448 6.45838 6.14358 5.60953 4.02227 3.26649 3.45124 4.45685 3.83353 2.86647 2.36636 1.82363 1.51167 1.25834 1.06879 0.99073 0.992687 1.01821 1.00438 0.928521 0.831077 0.74747 0.687249 0.651193 0.637597 0.64374 0.665888 0.695691 0.717709 0.71509 0.682643 0.630458 0.574093 0.522749 0.479595 0.444704 0.416323 0.392976 0.373312 0.356358 0.34134 0.327488 0.314214 0.301107 0.288085 0.275242 0.262809 0.251005 0.239989 0.229772 0.220331 0.211558 0.203314 0.19548 0.18796 0.180668 0.173559 0.166604 0.159785 0.153107 0.146605 0.140252 0.133995 0.12797 0.122188 2.66077
# Year for Tmin Age-structure (set to Ydecl by SS)
2013
#  recruitment and biomass
# Number of historical assessment years
137
# Historical data
# year recruitment spawner in B0 in R project in R/S project
1888  1889 1890 1891 1892 1893 1894 1895 1896 1897 1898 1899 1900 1901 1902 1903 1904 1905 1906 1907 1908 1909 1910 1911 1912 1913 1914 1915 1916 1917 1918 1919 1920 1921 1922 1923 1924 1925 1926 1927 1928 1929 1930 1931 1932 1933 1934 1935 1936 1937 1938 1939 1940 1941 1942 1943 1944 1945 1946 1947 1948 1949 1950 1951 1952 1953 1954 1955 1956 1957 1958 1959 1960 1961 1962 1963 1964 1965 1966 1967 1968 1969 1970 1971 1972 1973 1974 1975 1976 1977 1978 1979 1980 1981 1982 1983 1984 1985 1986 1987 1988 1989 1990 1991 1992 1993 1994 1995 1996 1997 1998 1999 2000 2001 2002 2003 2004 2005 2006 2007 2008 2009 2010 2011 2012 2013 2014 2015 2016 2017 2018 2019 2020 2021 2022 2023 2024 #years (with first value representing R0)
212.566 213.387 213.416 213.445 213.475 213.497 213.521 213.545 213.576 213.61 213.645 213.681 213.718 213.756 213.795 213.832 213.87 213.91 213.952 214 214.051 214.103 214.159 214.215 214.266 214.301 214.308 214.264 214.144 213.92 213.389 212.651 211.754 210.657 209.361 207.889 206.273 204.553 202.8 201.083 199.479 198.066 196.883 195.889 195.028 194.147 193.087 191.718 190.027 188.116 186.25 184.742 183.926 184.064 185.442 188.426 193.341 200.52 209.552 218.975 225.584 224.796 214.592 197.811 180.027 165.456 155.765 151.174 151.557 156.509 165.119 174.897 179.153 171.738 158.019 148.481 150.351 165.498 185.067 206.706 246.827 273.219 331.402 346.623 239.496 200.607 216.866 263.41 249.213 224.405 198.964 254.186 281.747 274.884 235.935 221.883 287.454 224.527 151.724 116.894 92.342 79.9312 72.9686 68.5389 80.8774 121.69 90.7014 52.9723 51.7685 58.948 84.6603 156.711 80.6667 96.4794 257.914 120.262 83.503 132.227 205.171 225.703 329.907 260.769 248.054 235.86 203.492 371.58 210.832 259.227 185.672 121.138 121.916 114.374 112.798 145.866 162.105 167.819 172.828  #recruits; first value is R0 (virgin)
1066.82  1066.82 1066.82 1066.8 1066.77 1066.31 1065.86 1065.39 1065.24 1065.17 1065.09 1065.01 1064.92 1064.82 1064.71 1064.59 1064.47 1064.33 1064.2 1064.06 1063.91 1063.64 1063.48 1063.31 1063.14 1062.95 1062.76 1062.56 1062.28 1062.06 1061.67 1059.24 1058.37 1057.63 1056.94 1056.54 1056.06 1055.02 1053.63 1051.44 1048.52 1045.7 1043.34 1040.64 1038.96 1037.44 1035.94 1033.91 1031.88 1028.88 1026.18 1023.19 1020.85 1017.4 1012.46 1007.19 997.451 987.078 971.542 957.294 950.777 943.546 938.017 931.731 923.89 917.249 912.344 906.337 900.6 894.696 887.466 880.713 874.768 869.739 866.373 862.252 859.801 858.681 848.023 844.704 839.799 834.65 821.075 812.432 800.707 785.916 770.305 752.891 735.762 715.913 696.314 664.229 630.227 604.491 570.966 517.231 489.061 467.523 440.461 418.012 390.175 365.728 335.686 314.396 277.807 245.029 213.729 196.45 179.578 161.259 140.185 132.792 121.558 122.987 123.403 129.064 134.759 140.749 146.673 152.929 158.559 164.558 170.366 176.687 183.344 190.257 198.008 206.433 215.333 225.167 234.948 246.082 258.173 272.295 287.671 303.127 319.151 #spbio; first value is SSB_virgin (virgin)
1 0 0 0 0 0 0 0 0 0 0 0 0 0 0 0 0 0 0 0 0 0 0 0 0 0 0 0 0 0 0 0 0 0 0 0 0 0 0 0 0 0 0 0 0 0 0 0 0 0 0 0 0 0 0 0 0 0 0 0 0 0 0 0 0 0 0 0 0 0 0 0 0 0 0 0 0 0 0 0 0 0 0 0 0 0 0 0 0 0 0 0 0 0 0 0 0 0 0 0 0 0 0 0 0 0 0 0 0 0 0 0 0 0 0 0 0 0 0 0 0 0 0 0 0 0 0 0 0 0 0 0 0 0 0 0 0  # in Bzero
0 1 1 1 1 1 1 1 1 1 1 1 1 1 1 1 1 1 1 1 1 1 1 1 1 1 1 1 1 1 1 1 1 1 1 1 1 1 1 1 1 1 1 1 1 1 1 1 1 1 1 1 1 1 1 1 1 1 1 1 1 1 1 1 1 1 1 1 1 1 1 1 1 1 1 1 1 1 1 1 1 1 1 1 1 1 1 1 1 1 1 1 1 1 1 1 1 1 1 1 1 1 1 1 1 1 1 1 1 1 1 1 1 1 1 1 1 1 1 1 1 1 1 1 1 1 1 1 1 1 1 1 1 1  0 0 0 # in R project
0 1 1 1 1 1 1 1 1 1 1 1 1 1 1 1 1 1 1 1 1 1 1 1 1 1 1 1 1 1 1 1 1 1 1 1 1 1 1 1 1 1 1 1 1 1 1 1 1 1 1 1 1 1 1 1 1 1 1 1 1 1 1 1 1 1 1 1 1 1 1 1 1 1 1 1 1 1 1 1 1 1 1 1 1 1 1 1 1 1 1 1 1 1 1 1 1 1 1 1 1 1 1 1 1 1 1 1 1 1 1 1 1 1 1 1 1 1 1 1 1 1 1 1 1 1 1 1 1 1 1 1 1 1  0 0 0 # in R/S project
# Number of years with pre-specified catches
0
# catches for years with pre-specified catches go next
# Number of future recruitments to override
-2
# Process for overiding (-1 for average otherwise index in data list)
# Which probability to product detailed results for (1=0.5; 2=0.6; etc.)
3
# Steepness sigma-R Auto-correlation
0.718 0.5 0
# Target SPR rate (FMSY Proxy); manually change to SPR_MSY if not using SPR_target
0.5
# Discount rate (for cumulative catch)
0.1
# Truncate the series when 0.4B0 is reached (1=Yes)
0
# Set F to FMSY once 0.4B0 is reached (1=Yes)
0
# Maximum possible F for projection (-1 to set to FMSY)
-1
# Defintion of recovery (1=now only;2=now or before)
2
# Projection type
4
# Definition of the 40-10 rule
10 40
# Sigma Assessment Error (Base, Year1, Slope, MaxSigma)
1.0 2025 0.075 2.0
# Pstar
0.45
# Constrain catches by the ABC (1=yes, 2=no)
2
# Implementation Error (0=no; 1=lognormal; 2=uniform)
0
#Parameters of Implementaion Error
1 0.3
# Calculate coefficients of variation (1=Yes)
0
# Number of replicates to use
10
# Random number seed
-99004
# File with multiple parameter vectors 
rebuild.SSO
# User-specific projection (1=Yes); Output replaced (1->9)
0  5
# Catches and Fs (Year; 1/2/3 (F or C or SPR); value); Final row is -1
2024 1 1
-1 -1 -1
# Fixed catch project (1=Yes); Output replaced (1->9); Approach (-1=Read in else 1-9)
0 2 -1
# (48a) Special catch options (1-Yes) [CUT_OFF, Emsy, distribution, MAXCAT, Add, replace_code]
0 0.18 1.00 1.00 0 6
# (48b) B1Target
150000
# Split of Fs
2011  0.0158204
 0
 0.372972
 0.0256047
 0.199116
 0.199308
 0.187179
-1  1 1 1 1 1 1 1 1 1 1 1 1
# Yrs to define T_target for projection type 4 (a.k.a. 5 pre-specified inputs)
2030 2031 2032 2033 2034 
# Year for probability of recovery
2034 2035 2036 2037 2038 2039 2040 2041
# Time varying weight-at-age (1=Yes;0=No)
0
# File with time series of weight-at-age data
none
# Use bisection (0) or linear interpolation (1)
1
# Target Depletion
0.4
# CV of implementation error
0
