#Title, #runnumber: 1 yelloweye_data.ss yelloweye_control.ss 6159.15 1053.26 339.797 StartTime: Thu Apr 10 15:12:37 2025
SSv3_default_rebuild.dat
# Number of sexes
1
# Age range to consider (minimum age; maximum age)
0 100
# Number of fleets
7
# First year of projection (Yinit)
2011
# First Year of rebuilding period (Ydecl)
2013
# Number of simulations
1000
# Maximum number of years
500
# Conduct projections with multiple starting values (0=No;else yes)
0
# Number of parameter vectors
1000
# Is the maximum age a plus-group (1=Yes;2=No)
1
# Generate future recruitments using historical recruitments (1)  historical recruits/spawner (2)  or a stock-recruitment (3)
3
# Constant fishing mortality (1) or constant Catch (2) projections
1
# Fishing mortality based on SPR (1) or actual rate (2)
1
# Pre-specify the year of recovery (or -1) to ignore
-1
# Fecundity-at-age
# 0 1 2 3 4 5 6 7 8 9 10 11 12 13 14 15 16 17 18 19 20 21 22 23 24 25 26 27 28 29 30 31 32 33 34 35 36 37 38 39 40 41 42 43 44 45 46 47 48 49 50 51 52 53 54 55 56 57 58 59 60 61 62 63 64 65 66 67 68 69 70 71 72 73 74 75 76 77 78 79 80 81 82 83 84 85 86 87 88 89 90 91 92 93 94 95 96 97 98 99 100 #runnumber: 1 yelloweye_data.ss yelloweye_control.ss 6159.15 1053.26 339.797
 0 0 2.72076e-08 3.4958e-07 3.18266e-06 2.22648e-05 0.00012431 0.000558489 0.0020124 0.00585388 0.0140444 0.0286092 0.0509579 0.0814575 0.119426 0.163438 0.211743 0.262615 0.314581 0.366513 0.417626 0.467424 0.515628 0.562109 0.606828 0.649801 0.691069 0.730681 0.768688 0.805138 0.840074 0.873535 0.90556 0.936183 0.96544 0.993365 1.01999 1.04536 1.06951 1.09247 1.11429 1.13501 1.15466 1.17329 1.19093 1.20763 1.22343 1.23837 1.25248 1.26581 1.2784 1.29027 1.30147 1.31202 1.32197 1.33133 1.34016 1.34846 1.35628 1.36363 1.37055 1.37705 1.38317 1.38892 1.39432 1.39939 1.40416 1.40864 1.41285 1.4168 1.4205 1.42407 1.42742 1.43057 1.43352 1.43629 1.43889 1.44133 1.44362 1.44576 1.44778 1.44966 1.45143 1.4531 1.45465 1.45611 1.45748 1.45876 1.45997 1.4611 1.46215 1.46315 1.46408 1.46495 1.46576 1.46653 1.46725 1.46792 1.46855 1.46914 1.47007 #female fecundity; weighted by N in year Y_init across morphs and areas
# Age specific selectivity and weight adjusted for discard and discard mortality
 #wt and selex for gender,fleet: 1 1 1_CA_TWL
 0.010838 0.0213086 0.0586418 0.114288 0.187768 0.27628 0.376534 0.485517 0.600736 0.720294 0.842922 0.967979 1.09535 1.22522 1.35785 1.49334 1.6315 1.77186 1.91367 2.05602 2.19797 2.33859 2.47706 2.61268 2.74489 2.87327 2.9975 3.11738 3.23276 3.34357 3.44979 3.55143 3.64854 3.74118 3.82946 3.91347 3.99333 4.06919 4.14116 4.20939 4.27403 4.33521 4.39309 4.4478 4.49949 4.5483 4.59437 4.63783 4.6788 4.71743 4.75382 4.78809 4.82035 4.85072 4.8793 4.90618 4.93146 4.95523 4.97758 4.99858 5.01831 5.03685 5.05426 5.07061 5.08597 5.10039 5.11392 5.12662 5.13855 5.14974 5.16034 5.17038 5.1798 5.18864 5.19693 5.20471 5.212 5.21884 5.22526 5.23127 5.23692 5.24221 5.24716 5.25181 5.25617 5.26026 5.26409 5.26768 5.27105 5.27421 5.27717 5.27994 5.28254 5.28497 5.28726 5.2894 5.2914 5.29328 5.29504 5.29669 5.29928
 0 0.00141265 0.00495267 0.0153211 0.0382466 0.0796409 0.142979 0.227548 0.32839 0.437692 0.546826 0.648233 0.736645 0.809475 0.866507 0.909195 0.939886 0.961172 0.975471 0.984808 0.990753 0.994455 0.996718 0.998077 0.998883 0.999355 0.999629 0.999787 0.999877 0.999929 0.999959 0.999976 0.999985 0.999991 0.999994 0.999996 0.999997 0.999997 0.999998 0.999998 0.999998 0.999998 0.999998 0.999998 0.999998 0.999998 0.999998 0.999998 0.999998 0.999998 0.999998 0.999998 0.999998 0.999998 0.999998 0.999998 0.999998 0.999998 0.999998 0.999998 0.999998 0.999997 0.999997 0.999997 0.999997 0.999997 0.999997 0.999997 0.999997 0.999997 0.999997 0.999997 0.999997 0.999997 0.999997 0.999997 0.999997 0.999997 0.999997 0.999997 0.999997 0.999997 0.999997 0.999997 0.999997 0.999997 0.999997 0.999997 0.999997 0.999997 0.999997 0.999997 0.999997 0.999997 0.999997 0.999997 0.999997 0.999997 0.999997 0.999997 0.999997
# Sex ratio correction
1
# M and current age-structure in year Yinit: 2011
 # gender = 1
 0.0439034 0.0439034 0.0439034 0.0439034 0.0439034 0.0439034 0.0439034 0.0439034 0.0439034 0.0439034 0.0439034 0.0439034 0.0439034 0.0439034 0.0439034 0.0439034 0.0439034 0.0439034 0.0439034 0.0439034 0.0439034 0.0439034 0.0439034 0.0439034 0.0439034 0.0439034 0.0439034 0.0439034 0.0439034 0.0439034 0.0439034 0.0439034 0.0439034 0.0439034 0.0439034 0.0439034 0.0439034 0.0439034 0.0439034 0.0439034 0.0439034 0.0439034 0.0439034 0.0439034 0.0439034 0.0439034 0.0439034 0.0439034 0.0439034 0.0439034 0.0439034 0.0439034 0.0439034 0.0439034 0.0439034 0.0439034 0.0439034 0.0439034 0.0439034 0.0439034 0.0439034 0.0439034 0.0439034 0.0439034 0.0439034 0.0439034 0.0439034 0.0439034 0.0439034 0.0439034 0.0439034 0.0439034 0.0439034 0.0439034 0.0439034 0.0439034 0.0439034 0.0439034 0.0439034 0.0439034 0.0439034 0.0439034 0.0439034 0.0439034 0.0439034 0.0439034 0.0439034 0.0439034 0.0439034 0.0439034 0.0439034 0.0439034 0.0439034 0.0439034 0.0439034 0.0439034 0.0439034 0.0439034 0.0439034 0.0439034 0.0439034
 313.334 302.12 240.804 295.365 151.878 104.74 73.3702 53.6109 109.012 190.038 75.0672 53.8377 91.2309 50.9764 29.8517 24.1241 24.2241 46.5105 57.7242 24.4408 18.1194 18.6295 20.0126 20.3818 20.5095 19.9478 22.6643 27.4073 21.4739 23.444 16.0647 10.7707 7.60575 5.73722 6.01269 5.54592 5.23968 3.30914 3.04116 3.62466 5.69923 3.87284 2.88573 2.11876 1.60219 1.29443 0.985678 0.797856 0.75062 0.799487 0.894716 0.950001 0.893347 0.775911 0.666034 0.587596 0.543741 0.530822 0.54539 0.586001 0.648413 0.715293 0.747682 0.712657 0.631802 0.547978 0.47944 0.427745 0.389586 0.360723 0.338246 0.320148 0.305185 0.292402 0.280782 0.269432 0.257733 0.245588 0.233285 0.221334 0.210186 0.200121 0.191185 0.183317 0.176329 0.169999 0.164125 0.158538 0.153102 0.147732 0.142378 0.137013 0.131643 0.126313 0.121017 0.115733 0.110604 0.105655 0.100899 0.0963496 2.11695
# Age-structure at Ydeclare= 2013
 149.405 129.938 286.991 276.713 220.539 270.469 139.035 95.8341 67.0813 48.9687 99.4645 173.204 68.3465 48.973 82.924 46.3064 27.1041 21.8959 21.981 42.1958 52.3626 22.1688 16.4341 16.8961 18.15 18.4845 18.5999 18.09 20.5529 24.8532 19.4718 21.2571 14.5654 9.76489 6.89513 5.20089 5.45032 5.02695 4.74912 2.99919 2.75618 3.28485 5.16471 3.50946 2.61487 1.91982 1.4517 1.17281 0.893049 0.722862 0.680052 0.724314 0.810578 0.860654 0.809321 0.702926 0.603381 0.532319 0.492587 0.480883 0.494079 0.530868 0.587407 0.647992 0.677333 0.645601 0.572353 0.496415 0.434326 0.387494 0.352926 0.326778 0.306416 0.290021 0.276466 0.264886 0.254359 0.244078 0.233479 0.222477 0.211332 0.200505 0.190406 0.181289 0.173194 0.166066 0.159736 0.154002 0.14868 0.143619 0.138695 0.133831 0.12898 0.12412 0.119256 0.114427 0.10963 0.104843 0.100197 0.0957131 2.09646
# Year for Tmin Age-structure (set to Ydecl by SS)
2013
#  recruitment and biomass
# Number of historical assessment years
137
# Historical data
# year recruitment spawner in B0 in R project in R/S project
1888  1889 1890 1891 1892 1893 1894 1895 1896 1897 1898 1899 1900 1901 1902 1903 1904 1905 1906 1907 1908 1909 1910 1911 1912 1913 1914 1915 1916 1917 1918 1919 1920 1921 1922 1923 1924 1925 1926 1927 1928 1929 1930 1931 1932 1933 1934 1935 1936 1937 1938 1939 1940 1941 1942 1943 1944 1945 1946 1947 1948 1949 1950 1951 1952 1953 1954 1955 1956 1957 1958 1959 1960 1961 1962 1963 1964 1965 1966 1967 1968 1969 1970 1971 1972 1973 1974 1975 1976 1977 1978 1979 1980 1981 1982 1983 1984 1985 1986 1987 1988 1989 1990 1991 1992 1993 1994 1995 1996 1997 1998 1999 2000 2001 2002 2003 2004 2005 2006 2007 2008 2009 2010 2011 2012 2013 2014 2015 2016 2017 2018 2019 2020 2021 2022 2023 2024 #years (with first value representing R0)
204.167 203.33 203.305 203.28 203.254 203.22 203.185 203.149 203.118 203.088 203.058 203.028 202.993 202.96 202.93 202.89 202.852 202.817 202.787 202.77 202.76 202.751 202.75 202.75 202.747 202.721 202.651 202.498 202.228 201.797 200.98 199.849 198.44 196.715 194.697 192.444 190.032 187.566 185.185 183.036 181.268 180.019 179.359 179.232 179.494 179.844 179.908 179.354 178.067 176.217 174.266 172.747 172.158 172.856 175.249 179.991 187.977 200.439 217.961 239.08 256.525 255.958 232.833 200.642 172.336 152.401 140.9 137.053 140.58 151.162 166.934 182.022 183.085 162.838 137.131 121.034 120.557 139.006 169.608 193.977 235.529 292.435 355.036 468.701 265.108 196.086 186.442 255.694 232.34 214.332 172.472 191.168 224.558 275.992 330.26 247.479 258.545 175.64 127.929 109.935 92.4521 77.9099 63.2239 54.4497 66.0617 142.423 106.123 51.6412 48.4306 56.7287 92.0223 156.76 88.175 117.28 283.436 155.314 73.0093 95.5525 130.492 181.056 336.959 262.905 315.68 313.334 135.77 149.405 166.585 190.601 179.054 156.472 151.6 138.703 137.739 147.973 157.364 163.031 166.716  #recruits; first value is R0 (virgin)
1053.26  1053.26 1053.26 1053.24 1053.21 1052.75 1052.29 1051.83 1051.67 1051.6 1051.51 1051.43 1051.32 1051.2 1051.05 1050.87 1050.67 1050.43 1050.18 1049.9 1049.6 1049.16 1048.81 1048.43 1048.04 1047.63 1047.2 1046.74 1046.2 1045.72 1045.06 1042.32 1041.16 1040.12 1039.13 1038.42 1037.62 1036.26 1034.54 1032.01 1028.74 1025.55 1022.82 1019.73 1017.65 1015.72 1013.76 1011.24 1008.68 1005.12 1001.8 998.155 995.131 990.948 985.249 979.213 968.685 957.535 941.206 926.208 919.057 911.227 905.168 898.405 890.138 883.162 878.027 871.905 866.215 860.559 853.814 847.8 842.845 839.023 837.017 834.35 833.373 833.722 824.536 822.599 819.04 815.198 802.877 795.382 784.668 770.693 755.685 738.659 721.742 701.963 682.377 650.33 616.515 591.213 558.313 505.614 478.359 457.693 431.502 409.622 382.174 357.897 327.725 305.965 268.728 235.377 203.494 185.604 168.022 148.796 126.721 118.263 106.02 106.467 106.028 110.909 115.937 121.36 126.832 132.766 138.267 144.326 150.41 157.194 164.492 172.18 180.749 189.981 199.627 210.084 222.257 235.483 249.958 265.79 282.931 301.186 320.253 #spbio; first value is SSB_virgin (virgin)
1 0 0 0 0 0 0 0 0 0 0 0 0 0 0 0 0 0 0 0 0 0 0 0 0 0 0 0 0 0 0 0 0 0 0 0 0 0 0 0 0 0 0 0 0 0 0 0 0 0 0 0 0 0 0 0 0 0 0 0 0 0 0 0 0 0 0 0 0 0 0 0 0 0 0 0 0 0 0 0 0 0 0 0 0 0 0 0 0 0 0 0 0 0 0 0 0 0 0 0 0 0 0 0 0 0 0 0 0 0 0 0 0 0 0 0 0 0 0 0 0 0 0 0 0 0 0 0 0 0 0 0 0 0 0 0 0  # in Bzero
0 1 1 1 1 1 1 1 1 1 1 1 1 1 1 1 1 1 1 1 1 1 1 1 1 1 1 1 1 1 1 1 1 1 1 1 1 1 1 1 1 1 1 1 1 1 1 1 1 1 1 1 1 1 1 1 1 1 1 1 1 1 1 1 1 1 1 1 1 1 1 1 1 1 1 1 1 1 1 1 1 1 1 1 1 1 1 1 1 1 1 1 1 1 1 1 1 1 1 1 1 1 1 1 1 1 1 1 1 1 1 1 1 1 1 1 1 1 1 1 1 1 1 1 1 1 1 1 1 1 1 1 1 1  0 0 0 # in R project
0 1 1 1 1 1 1 1 1 1 1 1 1 1 1 1 1 1 1 1 1 1 1 1 1 1 1 1 1 1 1 1 1 1 1 1 1 1 1 1 1 1 1 1 1 1 1 1 1 1 1 1 1 1 1 1 1 1 1 1 1 1 1 1 1 1 1 1 1 1 1 1 1 1 1 1 1 1 1 1 1 1 1 1 1 1 1 1 1 1 1 1 1 1 1 1 1 1 1 1 1 1 1 1 1 1 1 1 1 1 1 1 1 1 1 1 1 1 1 1 1 1 1 1 1 1 1 1 1 1 1 1 1 1  0 0 0 # in R/S project
# Number of years with pre-specified catches
0
# catches for years with pre-specified catches go next
# Number of future recruitments to override
-2
# Process for overiding (-1 for average otherwise index in data list)
# Which probability to product detailed results for (1=0.5; 2=0.6; etc.)
3
# Steepness sigma-R Auto-correlation
0.718 0.5 0
# Target SPR rate (FMSY Proxy); manually change to SPR_MSY if not using SPR_target
0.5
# Discount rate (for cumulative catch)
0.1
# Truncate the series when 0.4B0 is reached (1=Yes)
0
# Set F to FMSY once 0.4B0 is reached (1=Yes)
0
# Maximum possible F for projection (-1 to set to FMSY)
-1
# Defintion of recovery (1=now only;2=now or before)
2
# Projection type
4
# Definition of the 40-10 rule
10 40
# Sigma Assessment Error (Base, Year1, Slope, MaxSigma)
1.0 2025 0.075 2.0
# Pstar
0.45
# Constrain catches by the ABC (1=yes, 2=no)
2
# Implementation Error (0=no; 1=lognormal; 2=uniform)
0
#Parameters of Implementaion Error
1 0.3
# Calculate coefficients of variation (1=Yes)
0
# Number of replicates to use
10
# Random number seed
-99004
# File with multiple parameter vectors 
rebuild.SSO
# User-specific projection (1=Yes); Output replaced (1->9)
0  5
# Catches and Fs (Year; 1/2/3 (F or C or SPR); value); Final row is -1
2024 1 1
-1 -1 -1
# Fixed catch project (1=Yes); Output replaced (1->9); Approach (-1=Read in else 1-9)
0 2 -1
# (48a) Special catch options (1-Yes) [CUT_OFF, Emsy, distribution, MAXCAT, Add, replace_code]
0 0.18 1.00 1.00 0 6
# (48b) B1Target
150000
# Split of Fs
2011  1
 0
 0
 0
 0
 0
 0
-1  1 1 1 1 1 1 1 1 1 1 1 1
# Yrs to define T_target for projection type 4 (a.k.a. 5 pre-specified inputs)
2030 2031 2032 2033 2034 
# Year for probability of recovery
2034 2035 2036 2037 2038 2039 2040 2041
# Time varying weight-at-age (1=Yes;0=No)
0
# File with time series of weight-at-age data
none
# Use bisection (0) or linear interpolation (1)
1
# Target Depletion
0.4
# CV of implementation error
0
