#Title, #runnumber: 1 yelloweye_data.ss yelloweye_control.ss 6013.15 1085.08 359.258 StartTime: Thu Apr 10 23:59:52 2025
SSv3_default_rebuild.dat
# Number of sexes
1
# Age range to consider (minimum age; maximum age)
0 100
# Number of fleets
7
# First year of projection (Yinit)
2011
# First Year of rebuilding period (Ydecl)
2013
# Number of simulations
1000
# Maximum number of years
500
# Conduct projections with multiple starting values (0=No;else yes)
0
# Number of parameter vectors
1000
# Is the maximum age a plus-group (1=Yes;2=No)
1
# Generate future recruitments using historical recruitments (1)  historical recruits/spawner (2)  or a stock-recruitment (3)
3
# Constant fishing mortality (1) or constant Catch (2) projections
1
# Fishing mortality based on SPR (1) or actual rate (2)
1
# Pre-specify the year of recovery (or -1) to ignore
-1
# Fecundity-at-age
# 0 1 2 3 4 5 6 7 8 9 10 11 12 13 14 15 16 17 18 19 20 21 22 23 24 25 26 27 28 29 30 31 32 33 34 35 36 37 38 39 40 41 42 43 44 45 46 47 48 49 50 51 52 53 54 55 56 57 58 59 60 61 62 63 64 65 66 67 68 69 70 71 72 73 74 75 76 77 78 79 80 81 82 83 84 85 86 87 88 89 90 91 92 93 94 95 96 97 98 99 100 #runnumber: 1 yelloweye_data.ss yelloweye_control.ss 6013.15 1085.08 359.258
 0 0 9.50299e-09 1.37412e-07 1.34333e-06 9.91496e-06 5.85837e-05 0.000285422 0.00115467 0.00385368 0.0105796 0.024156 0.0469206 0.0796639 0.121382 0.169843 0.22243 0.276801 0.331204 0.384499 0.436049 0.485559 0.532943 0.578224 0.621475 0.662782 0.702227 0.739886 0.775823 0.810095 0.842753 0.873845 0.903418 0.931515 0.958183 0.983467 1.00742 1.03008 1.0515 1.07173 1.09082 1.10883 1.12579 1.14175 1.15678 1.1709 1.18417 1.19664 1.20834 1.21931 1.22961 1.23925 1.2483 1.25676 1.26469 1.27211 1.27906 1.28555 1.29163 1.29731 1.30262 1.30759 1.31222 1.31656 1.32061 1.32439 1.32792 1.33121 1.33429 1.33716 1.33984 1.34238 1.34476 1.34697 1.34904 1.35096 1.35276 1.35444 1.356 1.35746 1.35882 1.36009 1.36127 1.36237 1.3634 1.36436 1.36526 1.36609 1.36687 1.36759 1.36827 1.3689 1.36949 1.37004 1.37055 1.37102 1.37147 1.37188 1.37227 1.37262 1.37317 #female fecundity; weighted by N in year Y_init across morphs and areas
# Age specific selectivity and weight adjusted for discard and discard mortality
 #wt and selex for gender,fleet: 1 1 1_CA_TWL
 0.00926753 0.0129052 0.0408682 0.086619 0.151262 0.233412 0.330602 0.440049 0.559037 0.685119 0.816217 0.950755 1.0878 1.22705 1.36852 1.5122 1.65776 1.80449 1.95142 2.09748 2.24164 2.38299 2.52082 2.65456 2.78379 2.90824 3.02773 3.14215 3.25148 3.35572 3.45492 3.54919 3.63863 3.72337 3.80355 3.87935 3.95092 4.01843 4.08206 4.14199 4.19837 4.2514 4.30123 4.34803 4.39196 4.43317 4.47182 4.50805 4.54199 4.57378 4.60355 4.63141 4.65748 4.68186 4.70467 4.72599 4.74592 4.76455 4.78195 4.79821 4.8134 4.82758 4.84083 4.85319 4.86474 4.87551 4.88557 4.89495 4.90371 4.91188 4.91955 4.92675 4.93346 4.93973 4.94557 4.95102 4.9561 4.96084 4.96526 4.96938 4.97322 4.97681 4.98015 4.98326 4.98617 4.98887 4.9914 4.99375 4.99595 4.99799 4.9999 5.00168 5.00333 5.00488 5.00632 5.00766 5.00891 5.01007 5.01116 5.01217 5.0137
 0 0.00109352 0.00358824 0.0120507 0.0323159 0.071504 0.134884 0.223107 0.331295 0.450326 0.569413 0.678759 0.77152 0.844653 0.898599 0.936117 0.960928 0.976662 0.986308 0.992069 0.995442 0.99739 0.998505 0.999141 0.999503 0.99971 0.999829 0.999898 0.999938 0.999961 0.999975 0.999984 0.999989 0.999993 0.999995 0.999996 0.999997 0.999997 0.999997 0.999998 0.999998 0.999998 0.999998 0.999998 0.999998 0.999998 0.999998 0.999998 0.999998 0.999998 0.999998 0.999998 0.999998 0.999998 0.999998 0.999998 0.999998 0.999998 0.999998 0.999998 0.999998 0.999998 0.999998 0.999998 0.999998 0.999998 0.999998 0.999998 0.999998 0.999998 0.999998 0.999998 0.999998 0.999998 0.999998 0.999998 0.999998 0.999998 0.999998 0.999998 0.999998 0.999998 0.999998 0.999998 0.999998 0.999998 0.999998 0.999998 0.999998 0.999998 0.999997 0.999997 0.999997 0.999997 0.999997 0.999997 0.999997 0.999997 0.999997 0.999997 0.999997
# Sex ratio correction
1
# M and current age-structure in year Yinit: 2011
 # gender = 1
 0.0439034 0.0439034 0.0439034 0.0439034 0.0439034 0.0439034 0.0439034 0.0439034 0.0439034 0.0439034 0.0439034 0.0439034 0.0439034 0.0439034 0.0439034 0.0439034 0.0439034 0.0439034 0.0439034 0.0439034 0.0439034 0.0439034 0.0439034 0.0439034 0.0439034 0.0439034 0.0439034 0.0439034 0.0439034 0.0439034 0.0439034 0.0439034 0.0439034 0.0439034 0.0439034 0.0439034 0.0439034 0.0439034 0.0439034 0.0439034 0.0439034 0.0439034 0.0439034 0.0439034 0.0439034 0.0439034 0.0439034 0.0439034 0.0439034 0.0439034 0.0439034 0.0439034 0.0439034 0.0439034 0.0439034 0.0439034 0.0439034 0.0439034 0.0439034 0.0439034 0.0439034 0.0439034 0.0439034 0.0439034 0.0439034 0.0439034 0.0439034 0.0439034 0.0439034 0.0439034 0.0439034 0.0439034 0.0439034 0.0439034 0.0439034 0.0439034 0.0439034 0.0439034 0.0439034 0.0439034 0.0439034 0.0439034 0.0439034 0.0439034 0.0439034 0.0439034 0.0439034 0.0439034 0.0439034 0.0439034 0.0439034 0.0439034 0.0439034 0.0439034 0.0439034 0.0439034 0.0439034 0.0439034 0.0439034 0.0439034 0.0439034
 219.912 256.713 262.982 274.432 185.657 172.249 99.1682 63.9289 88.6848 166.422 61.6405 51.1193 95.596 47.34 31.0793 25.6119 25.3016 40.4513 50.7891 31.0176 23.0812 21.5468 21.4428 21.8815 23.6148 24.6904 30.2863 31.6675 20.0324 18.3 17.221 14.2158 10.5897 7.02109 6.93341 6.45595 5.76274 4.11913 3.44014 3.71035 4.74486 3.98661 3.02805 2.47358 1.91103 1.589 1.32442 1.12664 1.04449 1.04478 1.06797 1.049 0.966483 0.863136 0.775094 0.711772 0.673685 0.658882 0.664415 0.686334 0.716066 0.737999 0.735258 0.702539 0.649705 0.592307 0.539746 0.495372 0.459356 0.429966 0.405728 0.385285 0.367657 0.35206 0.337697 0.323953 0.310396 0.296937 0.283677 0.270858 0.258708 0.247388 0.236906 0.227231 0.218248 0.209811 0.201793 0.194097 0.186634 0.17936 0.172242 0.165264 0.158431 0.151778 0.145277 0.138871 0.132699 0.126772 0.121097 0.115676 2.54553
# Age-structure at Ydeclare= 2013
 441.444 147.824 201.424 235.127 240.857 251.312 169.972 157.621 90.6785 58.3981 80.9206 151.68 56.1219 46.5019 86.9006 43.011 28.2261 23.2542 22.968 36.7158 46.095 28.1493 20.9461 19.5532 19.4585 19.8563 21.4288 22.4043 27.4812 28.7335 18.1756 16.603 15.6232 12.8963 9.60629 6.36878 6.28897 5.85565 5.2267 3.73583 3.11991 3.36483 4.30285 3.6151 2.74578 2.24292 1.73278 1.44075 1.20083 1.02149 0.946988 0.947235 0.968254 0.951044 0.876225 0.782525 0.702702 0.645291 0.61076 0.597338 0.602353 0.622223 0.649176 0.669059 0.666572 0.636909 0.589009 0.536973 0.489321 0.449092 0.416441 0.389796 0.367822 0.349288 0.333307 0.319167 0.306146 0.293686 0.281396 0.269194 0.257173 0.245552 0.234537 0.224275 0.214772 0.206002 0.197858 0.190209 0.182941 0.175963 0.169198 0.162603 0.15615 0.149824 0.14363 0.137599 0.131705 0.125897 0.120302 0.11493 2.5224
# Year for Tmin Age-structure (set to Ydecl by SS)
2013
#  recruitment and biomass
# Number of historical assessment years
137
# Historical data
# year recruitment spawner in B0 in R project in R/S project
1888  1889 1890 1891 1892 1893 1894 1895 1896 1897 1898 1899 1900 1901 1902 1903 1904 1905 1906 1907 1908 1909 1910 1911 1912 1913 1914 1915 1916 1917 1918 1919 1920 1921 1922 1923 1924 1925 1926 1927 1928 1929 1930 1931 1932 1933 1934 1935 1936 1937 1938 1939 1940 1941 1942 1943 1944 1945 1946 1947 1948 1949 1950 1951 1952 1953 1954 1955 1956 1957 1958 1959 1960 1961 1962 1963 1964 1965 1966 1967 1968 1969 1970 1971 1972 1973 1974 1975 1976 1977 1978 1979 1980 1981 1982 1983 1984 1985 1986 1987 1988 1989 1990 1991 1992 1993 1994 1995 1996 1997 1998 1999 2000 2001 2002 2003 2004 2005 2006 2007 2008 2009 2010 2011 2012 2013 2014 2015 2016 2017 2018 2019 2020 2021 2022 2023 2024 #years (with first value representing R0)
214.344 213.771 213.751 213.731 213.711 213.681 213.651 213.619 213.593 213.566 213.539 213.511 213.481 213.45 213.416 213.378 213.337 213.296 213.252 213.212 213.173 213.13 213.089 213.043 212.991 212.92 212.819 212.666 212.437 212.107 211.476 210.645 209.66 208.482 207.113 205.574 203.899 202.128 200.331 198.578 196.946 195.517 194.328 193.345 192.512 191.675 190.673 189.371 187.75 185.911 184.121 182.688 181.943 182.139 183.547 186.516 191.351 198.365 207.126 216.171 222.378 221.375 211.317 194.959 177.647 163.461 154.041 149.629 150.127 155.166 163.887 173.889 178.621 171.836 158.524 149.075 150.776 165.528 184.642 205.336 244.244 272.84 325.333 347.85 242.338 198.525 208.312 253.312 244.624 224.54 192.647 244.087 273.12 274.02 240.031 216.125 281.231 222.245 150.841 121.318 95.6982 80.95 71.299 67.9753 82.552 123.907 91.5854 53.6659 51.2549 58.9457 85.3515 164.124 83.6717 96.2566 248.116 126.314 87.0416 129.133 214.586 221.318 313.075 287.119 268.235 219.912 154.459 441.444 225.278 181.64 233.093 155.488 147.268 145.726 153.227 158.725 163.728 170.505 176.079  #recruits; first value is R0 (virgin)
1085.08  1085.08 1085.07 1085.05 1085.03 1084.56 1084.11 1083.65 1083.49 1083.42 1083.34 1083.26 1083.15 1083.03 1082.89 1082.73 1082.54 1082.32 1082.08 1081.82 1081.54 1081.13 1080.8 1080.46 1080.1 1079.72 1079.32 1078.9 1078.4 1077.95 1077.32 1074.63 1073.51 1072.51 1071.55 1070.87 1070.11 1068.78 1067.09 1064.59 1061.35 1058.2 1055.51 1052.47 1050.45 1048.59 1046.73 1044.35 1041.95 1038.58 1035.5 1032.14 1029.43 1025.6 1020.28 1014.64 1004.53 993.784 977.876 963.265 956.418 948.863 943.024 936.437 928.304 921.389 916.23 909.98 904.015 897.892 890.445 883.469 877.289 872.005 868.362 863.943 861.184 859.761 848.801 845.221 840.088 834.751 821.014 812.25 800.429 785.568 769.918 752.502 735.415 715.649 696.166 664.221 630.356 604.743 571.264 517.511 489.28 467.614 440.365 417.682 389.548 364.805 334.439 312.789 275.768 242.613 210.978 193.4 176.246 157.614 136.271 128.684 117.296 118.606 118.952 124.544 130.204 136.184 142.124 148.415 154.12 160.235 166.211 172.744 179.648 186.825 194.836 203.518 212.684 222.807 234.861 248.217 263.076 279.526 297.522 316.933 337.586 #spbio; first value is SSB_virgin (virgin)
1 0 0 0 0 0 0 0 0 0 0 0 0 0 0 0 0 0 0 0 0 0 0 0 0 0 0 0 0 0 0 0 0 0 0 0 0 0 0 0 0 0 0 0 0 0 0 0 0 0 0 0 0 0 0 0 0 0 0 0 0 0 0 0 0 0 0 0 0 0 0 0 0 0 0 0 0 0 0 0 0 0 0 0 0 0 0 0 0 0 0 0 0 0 0 0 0 0 0 0 0 0 0 0 0 0 0 0 0 0 0 0 0 0 0 0 0 0 0 0 0 0 0 0 0 0 0 0 0 0 0 0 0 0 0 0 0  # in Bzero
0 1 1 1 1 1 1 1 1 1 1 1 1 1 1 1 1 1 1 1 1 1 1 1 1 1 1 1 1 1 1 1 1 1 1 1 1 1 1 1 1 1 1 1 1 1 1 1 1 1 1 1 1 1 1 1 1 1 1 1 1 1 1 1 1 1 1 1 1 1 1 1 1 1 1 1 1 1 1 1 1 1 1 1 1 1 1 1 1 1 1 1 1 1 1 1 1 1 1 1 1 1 1 1 1 1 1 1 1 1 1 1 1 1 1 1 1 1 1 1 1 1 1 1 1 1 1 1 1 1 1 1 1 1  0 0 0 # in R project
0 1 1 1 1 1 1 1 1 1 1 1 1 1 1 1 1 1 1 1 1 1 1 1 1 1 1 1 1 1 1 1 1 1 1 1 1 1 1 1 1 1 1 1 1 1 1 1 1 1 1 1 1 1 1 1 1 1 1 1 1 1 1 1 1 1 1 1 1 1 1 1 1 1 1 1 1 1 1 1 1 1 1 1 1 1 1 1 1 1 1 1 1 1 1 1 1 1 1 1 1 1 1 1 1 1 1 1 1 1 1 1 1 1 1 1 1 1 1 1 1 1 1 1 1 1 1 1 1 1 1 1 1 1  0 0 0 # in R/S project
# Number of years with pre-specified catches
0
# catches for years with pre-specified catches go next
# Number of future recruitments to override
-2
# Process for overiding (-1 for average otherwise index in data list)
# Which probability to product detailed results for (1=0.5; 2=0.6; etc.)
3
# Steepness sigma-R Auto-correlation
0.718 0.5 0
# Target SPR rate (FMSY Proxy); manually change to SPR_MSY if not using SPR_target
0.5
# Discount rate (for cumulative catch)
0.1
# Truncate the series when 0.4B0 is reached (1=Yes)
0
# Set F to FMSY once 0.4B0 is reached (1=Yes)
0
# Maximum possible F for projection (-1 to set to FMSY)
-1
# Defintion of recovery (1=now only;2=now or before)
2
# Projection type
4
# Definition of the 40-10 rule
10 40
# Sigma Assessment Error (Base, Year1, Slope, MaxSigma)
1.0 2025 0.075 2.0
# Pstar
0.45
# Constrain catches by the ABC (1=yes, 2=no)
2
# Implementation Error (0=no; 1=lognormal; 2=uniform)
0
#Parameters of Implementaion Error
1 0.3
# Calculate coefficients of variation (1=Yes)
0
# Number of replicates to use
10
# Random number seed
-99004
# File with multiple parameter vectors 
rebuild.SSO
# User-specific projection (1=Yes); Output replaced (1->9)
0  5
# Catches and Fs (Year; 1/2/3 (F or C or SPR); value); Final row is -1
2024 1 1
-1 -1 -1
# Fixed catch project (1=Yes); Output replaced (1->9); Approach (-1=Read in else 1-9)
0 2 -1
# (48a) Special catch options (1-Yes) [CUT_OFF, Emsy, distribution, MAXCAT, Add, replace_code]
0 0.18 1.00 1.00 0 6
# (48b) B1Target
150000
# Split of Fs
2011  1
 0
 0
 0
 0
 0
 0
-1  1 1 1 1 1 1 1 1 1 1 1 1
# Yrs to define T_target for projection type 4 (a.k.a. 5 pre-specified inputs)
2030 2031 2032 2033 2034 
# Year for probability of recovery
2034 2035 2036 2037 2038 2039 2040 2041
# Time varying weight-at-age (1=Yes;0=No)
0
# File with time series of weight-at-age data
none
# Use bisection (0) or linear interpolation (1)
1
# Target Depletion
0.4
# CV of implementation error
0
