#Title, #runnumber: 1 yelloweye_data.ss yelloweye_control.ss 5012.02 1126.8 448.832 StartTime: Thu Apr 24 07:31:50 2025
SSv3_default_rebuild.dat
# Number of sexes
1
# Age range to consider (minimum age; maximum age)
0 100
# Number of fleets
7
# First year of projection (Yinit)
2011
# First Year of rebuilding period (Ydecl)
2013
# Number of simulations
1000
# Maximum number of years
500
# Conduct projections with multiple starting values (0=No;else yes)
0
# Number of parameter vectors
1000
# Is the maximum age a plus-group (1=Yes;2=No)
1
# Generate future recruitments using historical recruitments (1)  historical recruits/spawner (2)  or a stock-recruitment (3)
3
# Constant fishing mortality (1) or constant Catch (2) projections
1
# Fishing mortality based on SPR (1) or actual rate (2)
1
# Pre-specify the year of recovery (or -1) to ignore
-1
# Fecundity-at-age
# 0 1 2 3 4 5 6 7 8 9 10 11 12 13 14 15 16 17 18 19 20 21 22 23 24 25 26 27 28 29 30 31 32 33 34 35 36 37 38 39 40 41 42 43 44 45 46 47 48 49 50 51 52 53 54 55 56 57 58 59 60 61 62 63 64 65 66 67 68 69 70 71 72 73 74 75 76 77 78 79 80 81 82 83 84 85 86 87 88 89 90 91 92 93 94 95 96 97 98 99 100 #runnumber: 1 yelloweye_data.ss yelloweye_control.ss 5012.02 1126.8 448.832
 0 0 3.17401e-08 4.274e-07 4.03516e-06 2.89985e-05 0.000164294 0.000736514 0.0026049 0.00736046 0.0170886 0.0337092 0.0583144 0.0908833 0.130424 0.175359 0.22393 0.274511 0.325764 0.376694 0.426621 0.475119 0.521947 0.566994 0.610225 0.651652 0.691312 0.729251 0.765519 0.800166 0.83324 0.864788 0.894855 0.923484 0.950722 0.976611 1.0012 1.02452 1.04663 1.06758 1.0874 1.10614 1.12386 1.14059 1.15637 1.17126 1.18529 1.19851 1.21096 1.22267 1.23369 1.24405 1.25378 1.26293 1.27152 1.27959 1.28716 1.29426 1.30093 1.30718 1.31304 1.31853 1.32368 1.3285 1.33302 1.33726 1.34122 1.34493 1.34841 1.35166 1.35471 1.35764 1.36038 1.36295 1.36535 1.3676 1.3697 1.37167 1.37351 1.37523 1.37684 1.37835 1.37976 1.38107 1.3823 1.38346 1.38453 1.38554 1.38648 1.38736 1.38818 1.38895 1.38967 1.39034 1.39097 1.39156 1.39211 1.39262 1.3931 1.39355 1.39424 #female fecundity; weighted by N in year Y_init across morphs and areas
# Age specific selectivity and weight adjusted for discard and discard mortality
 #wt and selex for gender,fleet: 1 1 1_CA_TWL
 0.00901202 0.0223172 0.0620012 0.121549 0.200338 0.295189 0.402407 0.518605 0.640972 0.767318 0.896042 1.0261 1.15696 1.28844 1.42058 1.55349 1.68716 1.82145 1.95604 2.09043 2.22402 2.35618 2.48624 2.61361 2.73777 2.85827 2.97478 3.08706 3.19493 3.29831 3.39715 3.49146 3.5813 3.66675 3.7479 3.82487 3.8978 3.96684 4.03211 4.09379 4.15201 4.20694 4.25872 4.30751 4.35346 4.3967 4.43737 4.47561 4.51156 4.54533 4.57704 4.60682 4.63476 4.66099 4.68558 4.70865 4.73027 4.75054 4.76954 4.78734 4.80401 4.81963 4.83425 4.84795 4.86077 4.87278 4.88401 4.89453 4.90437 4.91358 4.92228 4.93051 4.93822 4.94542 4.95216 4.95846 4.96435 4.96987 4.97502 4.97984 4.98435 4.98856 4.9925 4.99619 4.99963 5.00285 5.00587 5.00868 5.01131 5.01377 5.01607 5.01822 5.02023 5.02211 5.02386 5.0255 5.02704 5.02847 5.02981 5.03106 5.03298
 0 0.000810338 0.00301516 0.00975504 0.0253696 0.0548787 0.102111 0.16811 0.250604 0.344607 0.44371 0.541464 0.632494 0.713106 0.781413 0.8371 0.880985 0.914562 0.939598 0.957855 0.970915 0.980106 0.986488 0.990869 0.99385 0.995865 0.997219 0.998127 0.998735 0.999142 0.999415 0.999598 0.999722 0.999806 0.999863 0.999902 0.99993 0.999949 0.999962 0.999971 0.999978 0.999983 0.999986 0.999989 0.999991 0.999992 0.999993 0.999994 0.999995 0.999995 0.999995 0.999996 0.999996 0.999996 0.999996 0.999996 0.999996 0.999996 0.999997 0.999997 0.999997 0.999997 0.999997 0.999997 0.999997 0.999997 0.999997 0.999997 0.999997 0.999997 0.999997 0.999997 0.999997 0.999997 0.999997 0.999997 0.999997 0.999997 0.999997 0.999997 0.999997 0.999997 0.999997 0.999997 0.999997 0.999997 0.999997 0.999997 0.999997 0.999997 0.999997 0.999997 0.999997 0.999997 0.999997 0.999997 0.999997 0.999997 0.999997 0.999997 0.999997
 #wt and selex for gender,fleet: 1 3 3_CA_REC
 0.0090119 0.0209371 0.0564955 0.110601 0.182599 0.269959 0.369605 0.47862 0.594512 0.715339 0.839776 0.967105 1.09707 1.22964 1.36477 1.50226 1.64164 1.78224 1.92322 2.06368 2.20275 2.33961 2.47358 2.60409 2.7307 2.85308 2.971 3.08432 3.19295 3.29688 3.39612 3.49072 3.58077 3.66636 3.74761 3.82466 3.89765 3.96672 4.03203 4.09372 4.15196 4.2069 4.25869 4.30749 4.35344 4.39668 4.43736 4.4756 4.51155 4.54532 4.57704 4.60682 4.63476 4.66098 4.68558 4.70864 4.73027 4.75054 4.76954 4.78734 4.80401 4.81963 4.83425 4.84795 4.86077 4.87278 4.88401 4.89453 4.90437 4.91358 4.92228 4.93052 4.93822 4.94542 4.95216 4.95846 4.96435 4.96987 4.97502 4.97984 4.98435 4.98856 4.99251 4.99619 4.99963 5.00286 5.00587 5.00868 5.01131 5.01377 5.01607 5.01822 5.02023 5.02211 5.02386 5.0255 5.02704 5.02847 5.02981 5.03106 5.03299
 0 0.00572167 0.0156932 0.0384165 0.0792617 0.141506 0.224402 0.32315 0.430276 0.537556 0.637752 0.725732 0.798865 0.856769 0.900688 0.932765 0.955432 0.970997 0.981421 0.988255 0.992656 0.995447 0.997195 0.998279 0.998946 0.999355 0.999605 0.999757 0.99985 0.999906 0.999941 0.999963 0.999976 0.999984 0.99999 0.999993 0.999995 0.999997 0.999998 0.999998 0.999999 0.999999 0.999999 0.999999 0.999999 0.999999 0.999999 0.999999 0.999999 0.999999 0.999999 0.999999 0.999999 0.999999 0.999999 0.999999 0.999999 0.999999 0.999999 0.999999 0.999999 0.999999 0.999999 0.999999 0.999999 0.999999 0.999999 0.999999 0.999999 0.999999 0.999999 0.999999 0.999999 0.999999 0.999999 0.999999 0.999999 0.999999 0.999999 0.999999 0.999999 0.999999 0.999999 0.999999 0.999999 0.999999 0.999999 0.999999 0.999999 0.999999 0.999999 0.999999 0.999999 0.999999 0.999999 0.999999 0.999999 0.999999 0.999999 0.999999 0.999999
 #wt and selex for gender,fleet: 1 4 4_ORWA_TWL
 0.00901179 0.0196299 0.0511129 0.10078 0.168519 0.252778 0.351254 0.46145 0.580972 0.707662 0.839655 0.975385 1.11358 1.25326 1.39368 1.53428 1.67463 1.81435 1.95305 2.09035 2.22583 2.35904 2.48956 2.61698 2.74094 2.8611 2.97723 3.08912 3.19663 3.29969 3.39826 3.49236 3.58202 3.66731 3.74835 3.82523 3.89809 3.96706 4.03229 4.09393 4.15213 4.20704 4.2588 4.30758 4.35351 4.39674 4.43741 4.47565 4.51159 4.54535 4.57706 4.60684 4.63478 4.661 4.68559 4.70866 4.73028 4.75055 4.76954 4.78734 4.80402 4.81963 4.83426 4.84796 4.86078 4.87278 4.88402 4.89453 4.90437 4.91358 4.92229 4.93052 4.93822 4.94542 4.95216 4.95846 4.96436 4.96987 4.97502 4.97984 4.98435 4.98857 4.99251 4.99619 4.99964 5.00286 5.00587 5.00868 5.01131 5.01377 5.01607 5.01822 5.02023 5.02211 5.02386 5.0255 5.02704 5.02847 5.02981 5.03106 5.03299
 0 0.0157989 0.0320015 0.0598033 0.100766 0.155274 0.221957 0.297983 0.379656 0.463061 0.544587 0.621272 0.690964 0.752356 0.804916 0.848753 0.884449 0.912888 0.935105 0.952156 0.965041 0.974644 0.981717 0.986876 0.990608 0.99329 0.995207 0.996574 0.997545 0.998236 0.998727 0.999076 0.999326 0.999505 0.999633 0.999726 0.999794 0.999843 0.999879 0.999906 0.999926 0.999942 0.999953 0.999962 0.999969 0.999974 0.999978 0.999981 0.999984 0.999986 0.999987 0.999989 0.99999 0.99999 0.999991 0.999992 0.999992 0.999993 0.999993 0.999993 0.999994 0.999994 0.999994 0.999994 0.999994 0.999994 0.999994 0.999995 0.999995 0.999995 0.999995 0.999995 0.999995 0.999995 0.999995 0.999995 0.999995 0.999995 0.999995 0.999995 0.999995 0.999995 0.999995 0.999995 0.999995 0.999995 0.999995 0.999995 0.999995 0.999995 0.999995 0.999995 0.999995 0.999995 0.999995 0.999995 0.999995 0.999995 0.999995 0.999995 0.999995
 #wt and selex for gender,fleet: 1 5 5_ORWA_NONTWL
 0.00901193 0.0212622 0.058207 0.114989 0.191411 0.285041 0.392673 0.511121 0.637547 0.769568 0.90525 1.04306 1.18184 1.32071 1.45908 1.59656 1.7329 1.86794 2.00152 2.13348 2.26362 2.39169 2.51739 2.64042 2.76046 2.87722 2.99044 3.09987 3.20534 3.30672 3.40393 3.49691 3.58569 3.67027 3.75074 3.82717 3.89966 3.96835 4.03335 4.0948 4.15285 4.20764 4.25931 4.30801 4.35388 4.39705 4.43768 4.47588 4.51179 4.54553 4.57722 4.60698 4.63491 4.66111 4.6857 4.70875 4.73037 4.75063 4.76962 4.78741 4.80408 4.81969 4.83432 4.84801 4.86083 4.87283 4.88406 4.89458 4.90441 4.91362 4.92233 4.93056 4.93826 4.94546 4.9522 4.9585 4.96439 4.9699 4.97506 4.97988 4.98438 4.9886 4.99254 4.99622 4.99967 5.00289 5.0059 5.00871 5.01134 5.0138 5.0161 5.01825 5.02026 5.02214 5.02389 5.02553 5.02707 5.0285 5.02984 5.03109 5.03302
 0 0.00129959 0.00387163 0.0104575 0.0239163 0.0473774 0.0832606 0.132516 0.194332 0.26634 0.345137 0.426906 0.507979 0.585236 0.656333 0.719771 0.77484 0.821486 0.860148 0.891581 0.916705 0.936491 0.951876 0.963708 0.972726 0.979548 0.984678 0.988519 0.991386 0.993522 0.995113 0.996298 0.997183 0.997844 0.99834 0.998713 0.998996 0.99921 0.999374 0.9995 0.999598 0.999674 0.999733 0.99978 0.999817 0.999846 0.99987 0.999889 0.999905 0.999918 0.999928 0.999937 0.999945 0.999951 0.999956 0.99996 0.999964 0.999967 0.99997 0.999972 0.999975 0.999976 0.999978 0.999979 0.999981 0.999982 0.999983 0.999984 0.999984 0.999985 0.999985 0.999986 0.999986 0.999986 0.999987 0.999987 0.999987 0.999987 0.999988 0.999988 0.999988 0.999988 0.999988 0.999988 0.999988 0.999988 0.999989 0.999989 0.999989 0.999989 0.999989 0.999989 0.999989 0.999989 0.999989 0.999989 0.999989 0.999989 0.999989 0.999989 0.999989
 #wt and selex for gender,fleet: 1 6 6_OR_REC
 0.0090128 0.0298764 0.0818544 0.15196 0.236419 0.329111 0.425528 0.523313 0.622367 0.724265 0.831183 0.944941 1.06646 1.19562 1.33143 1.4723 1.61645 1.76214 1.90783 2.05228 2.19449 2.33372 2.46939 2.60108 2.72848 2.85139 2.96965 3.08318 3.19194 3.29594 3.39522 3.48984 3.57989 3.66547 3.74672 3.82376 3.89673 3.96579 4.03108 4.09276 4.15099 4.20592 4.2577 4.30648 4.35242 4.39566 4.43633 4.47457 4.5105 4.54427 4.57598 4.60575 4.63369 4.65991 4.6845 4.70756 4.72918 4.74945 4.76844 4.78624 4.80291 4.81853 4.83315 4.84685 4.85967 4.87167 4.8829 4.89342 4.90326 4.91246 4.92117 4.92939 4.93709 4.94429 4.95103 4.95732 4.96322 4.96873 4.97388 4.9787 4.9832 4.98742 4.99135 4.99504 4.99848 5.0017 5.00471 5.00752 5.01015 5.01261 5.01491 5.01706 5.01906 5.02094 5.0227 5.02434 5.02587 5.0273 5.02864 5.02989 5.03181
 0 6.25534e-05 0.000827852 0.00632321 0.0283369 0.0846016 0.186217 0.326296 0.482488 0.629834 0.751675 0.842462 0.904728 0.94467 0.968924 0.982989 0.990828 0.99504 0.99722 0.998296 0.998788 0.998979 0.999016 0.998976 0.998899 0.998804 0.998702 0.998598 0.998494 0.998393 0.998294 0.998199 0.998107 0.998019 0.997935 0.997854 0.997777 0.997705 0.997635 0.997569 0.997507 0.997448 0.997392 0.99734 0.99729 0.997243 0.997199 0.997157 0.997118 0.997081 0.997046 0.997014 0.996983 0.996954 0.996927 0.996902 0.996878 0.996855 0.996834 0.996815 0.996796 0.996779 0.996763 0.996748 0.996734 0.99672 0.996708 0.996696 0.996685 0.996675 0.996665 0.996656 0.996648 0.99664 0.996632 0.996625 0.996618 0.996612 0.996606 0.996601 0.996596 0.996591 0.996587 0.996583 0.996579 0.996575 0.996572 0.996569 0.996566 0.996563 0.996561 0.996558 0.996556 0.996554 0.996552 0.99655 0.996548 0.996547 0.996545 0.996544 0.996542
 #wt and selex for gender,fleet: 1 7 7_WA_REC
 0.00901287 0.0307567 0.0861092 0.16365 0.260031 0.368579 0.483721 0.6015 0.719455 0.836427 0.952366 1.06803 1.18458 1.30319 1.42478 1.54983 1.67831 1.80976 1.94336 2.07808 2.21283 2.34654 2.47827 2.60722 2.73276 2.85443 2.97188 3.08489 3.19333 3.29713 3.39628 3.49083 3.58084 3.66641 3.74765 3.82469 3.89767 3.96673 4.03203 4.09373 4.15197 4.2069 4.2587 4.30749 4.35344 4.39668 4.43736 4.47561 4.51155 4.54532 4.57704 4.60682 4.63476 4.66098 4.68558 4.70864 4.73027 4.75054 4.76954 4.78734 4.80401 4.81963 4.83425 4.84795 4.86077 4.87278 4.88401 4.89453 4.90437 4.91358 4.92228 4.93052 4.93822 4.94542 4.95216 4.95846 4.96435 4.96987 4.97502 4.97984 4.98435 4.98856 4.99251 4.99619 4.99963 5.00286 5.00587 5.00868 5.01131 5.01377 5.01607 5.01822 5.02023 5.02211 5.02386 5.0255 5.02704 5.02847 5.02981 5.03106 5.03299
 0 4.5517e-06 7.25217e-05 0.000698971 0.00403613 0.0155595 0.043867 0.097147 0.178477 0.283564 0.402273 0.522464 0.633688 0.729238 0.806401 0.865573 0.909017 0.939767 0.960867 0.974974 0.984201 0.990128 0.993879 0.996225 0.99768 0.998575 0.999124 0.99946 0.999666 0.999792 0.99987 0.999917 0.999947 0.999966 0.999978 0.999985 0.99999 0.999993 0.999995 0.999996 0.999997 0.999998 0.999998 0.999999 0.999999 0.999999 0.999999 0.999999 0.999999 0.999999 0.999999 0.999999 0.999999 0.999999 0.999999 0.999999 0.999999 0.999999 0.999999 0.999999 0.999999 0.999999 0.999999 0.999999 0.999999 0.999999 0.999999 0.999999 0.999999 0.999999 0.999999 0.999999 0.999999 0.999999 0.999999 0.999999 0.999999 0.999999 0.999999 0.999999 0.999999 0.999999 0.999999 0.999999 0.999999 0.999999 0.999999 0.999999 0.999999 0.999999 0.999999 0.999999 0.999999 0.999999 0.999999 0.999999 0.999999 0.999999 0.999999 0.999999 0.999999
# Sex ratio correction
1
# M and current age-structure in year Yinit: 2011
 # gender = 1
 0.0439034 0.0439034 0.0439034 0.0439034 0.0439034 0.0439034 0.0439034 0.0439034 0.0439034 0.0439034 0.0439034 0.0439034 0.0439034 0.0439034 0.0439034 0.0439034 0.0439034 0.0439034 0.0439034 0.0439034 0.0439034 0.0439034 0.0439034 0.0439034 0.0439034 0.0439034 0.0439034 0.0439034 0.0439034 0.0439034 0.0439034 0.0439034 0.0439034 0.0439034 0.0439034 0.0439034 0.0439034 0.0439034 0.0439034 0.0439034 0.0439034 0.0439034 0.0439034 0.0439034 0.0439034 0.0439034 0.0439034 0.0439034 0.0439034 0.0439034 0.0439034 0.0439034 0.0439034 0.0439034 0.0439034 0.0439034 0.0439034 0.0439034 0.0439034 0.0439034 0.0439034 0.0439034 0.0439034 0.0439034 0.0439034 0.0439034 0.0439034 0.0439034 0.0439034 0.0439034 0.0439034 0.0439034 0.0439034 0.0439034 0.0439034 0.0439034 0.0439034 0.0439034 0.0439034 0.0439034 0.0439034 0.0439034 0.0439034 0.0439034 0.0439034 0.0439034 0.0439034 0.0439034 0.0439034 0.0439034 0.0439034 0.0439034 0.0439034 0.0439034 0.0439034 0.0439034 0.0439034 0.0439034 0.0439034 0.0439034 0.0439034
 211.765 236.134 215.962 306.84 199.258 136.131 98.9284 77.1208 153.08 354.126 82.0602 59.134 108.912 71.167 37.6408 31.7873 34.0102 82.3454 86.7326 32.8881 25.7674 26.9533 28.8389 29.5918 31.1521 32.9941 41.9556 43.821 28.6243 35.4183 24.0052 16.7881 11.9685 9.51978 11.0335 11.5406 10.136 5.74406 5.40333 6.83499 9.70362 5.64995 4.44642 3.53997 2.74223 2.23877 1.7529 1.45026 1.37666 1.46062 1.60156 1.63722 1.49972 1.31292 1.1611 1.05832 1.00398 0.996194 1.03461 1.12145 1.2539 1.40367 1.48878 1.42167 1.24703 1.06864 0.9274 0.824106 0.74985 0.69512 0.653563 0.620967 0.594752 0.573021 0.553904 0.535761 0.517319 0.498088 0.478232 0.458414 0.439385 0.421741 0.405689 0.391229 0.378088 0.365835 0.353862 0.342146 0.330449 0.318653 0.306721 0.294671 0.282577 0.27058 0.258701 0.247096 0.235859 0.225044 0.214683 0.204797 4.42013
# Age-structure at Ydeclare= 2013
 124.194 111.718 193.962 216.278 197.794 280.997 182.437 124.593 90.4959 70.5003 139.836 323.252 74.8554 53.9108 99.2445 64.826 34.2774 28.941 30.9604 74.9537 78.9416 29.9324 23.4509 24.5296 26.2453 26.9302 28.3497 30.0256 38.1803 39.8773 26.0478 32.2297 21.8437 15.2762 10.8905 8.66219 10.0395 10.5007 9.22254 5.22635 4.91627 6.21881 8.82874 5.1405 4.04546 3.22072 2.49491 2.03684 1.59478 1.31944 1.25247 1.32885 1.45707 1.48951 1.36442 1.19446 1.05635 0.962835 0.913399 0.906311 0.941258 1.02026 1.14076 1.27702 1.35445 1.29339 1.13451 0.972218 0.843721 0.749747 0.682191 0.632399 0.594592 0.564937 0.541087 0.521317 0.503925 0.487419 0.470641 0.453146 0.435081 0.417051 0.399739 0.383687 0.369084 0.355929 0.343973 0.332825 0.321933 0.311275 0.300633 0.289901 0.279046 0.268083 0.257081 0.246166 0.235359 0.224801 0.214577 0.204739 4.40295
# Year for Tmin Age-structure (set to Ydecl by SS)
2013
#  recruitment and biomass
# Number of historical assessment years
137
# Historical data
# year recruitment spawner in B0 in R project in R/S project
1888  1889 1890 1891 1892 1893 1894 1895 1896 1897 1898 1899 1900 1901 1902 1903 1904 1905 1906 1907 1908 1909 1910 1911 1912 1913 1914 1915 1916 1917 1918 1919 1920 1921 1922 1923 1924 1925 1926 1927 1928 1929 1930 1931 1932 1933 1934 1935 1936 1937 1938 1939 1940 1941 1942 1943 1944 1945 1946 1947 1948 1949 1950 1951 1952 1953 1954 1955 1956 1957 1958 1959 1960 1961 1962 1963 1964 1965 1966 1967 1968 1969 1970 1971 1972 1973 1974 1975 1976 1977 1978 1979 1980 1981 1982 1983 1984 1985 1986 1987 1988 1989 1990 1991 1992 1993 1994 1995 1996 1997 1998 1999 2000 2001 2002 2003 2004 2005 2006 2007 2008 2009 2010 2011 2012 2013 2014 2015 2016 2017 2018 2019 2020 2021 2022 2023 2024 #years (with first value representing R0)
222.379 225.598 225.712 225.83 225.953 226.072 226.195 226.323 226.462 226.607 226.759 226.916 227.08 227.251 227.428 227.609 227.798 227.999 228.209 228.444 228.694 228.961 229.241 229.529 229.825 230.109 230.36 230.535 230.589 230.465 230.085 229.337 228.237 226.713 224.75 222.379 219.657 216.686 213.617 210.459 207.527 204.992 202.913 201.21 199.722 198.156 196.218 193.71 190.663 187.335 184.196 181.74 180.428 180.623 182.782 187.651 196.315 210.322 230.751 256.379 278.268 277.402 248.943 211.633 180.102 158.072 144.766 138.732 139.008 144.898 155.575 168.607 174.455 161.53 139.199 123.704 122.54 138.793 165.466 188.291 224.6 259.097 300.415 467.513 296.258 209.199 197.267 306.68 305.587 253.995 189.25 204.12 244.118 296.066 369.07 251.559 324.982 263.408 176.497 143.233 118.21 101.299 84.3389 72.7491 84.8408 206.826 183.351 71.2582 63.0341 70.9054 127.659 186.29 96.5356 127.924 527.424 217.918 104.978 128.809 169.586 237.53 350.046 235.784 246.732 211.765 116.732 124.194 126.351 144.636 149.718 169.523 173.381 177.288 181.15 185.077 188.944 190.801 192.18  #recruits; first value is R0 (virgin)
1126.8  1126.8 1126.8 1126.78 1126.75 1126.29 1125.83 1125.37 1125.22 1125.14 1125.07 1125 1124.94 1124.88 1124.84 1124.81 1124.81 1124.81 1124.85 1124.91 1124.98 1124.96 1125.07 1125.2 1125.33 1125.48 1125.63 1125.8 1125.9 1126.08 1126.11 1124.09 1123.67 1123.38 1123.17 1123.25 1123.27 1122.75 1121.89 1120.23 1117.87 1115.6 1113.8 1111.65 1110.53 1109.55 1108.56 1107.02 1105.42 1102.81 1100.41 1097.65 1095.45 1092.03 1087.01 1081.56 1071.5 1060.66 1044.46 1029.45 1022.14 1013.98 1007.43 1000 990.91 982.972 976.769 969.497 962.61 955.743 947.809 940.655 934.618 929.743 926.688 922.907 920.751 919.815 909.091 905.59 900.299 894.569 880.093 870.382 857.287 840.806 823.248 803.655 784.201 761.903 739.875 705.144 668.778 641.102 605.891 550.266 521.242 499.39 472.481 450.525 423.47 399.842 370.658 350.405 315.072 283.594 253.674 237.884 222.485 205.754 186.27 180.431 170.834 173.992 176.238 183.883 191.702 199.944 208.236 216.971 225.214 233.965 242.726 252.277 262.551 273.516 285.701 298.846 312.612 327.291 341.644 356.817 372.105 388.406 404.674 419.48 433.224 #spbio; first value is SSB_virgin (virgin)
1 0 0 0 0 0 0 0 0 0 0 0 0 0 0 0 0 0 0 0 0 0 0 0 0 0 0 0 0 0 0 0 0 0 0 0 0 0 0 0 0 0 0 0 0 0 0 0 0 0 0 0 0 0 0 0 0 0 0 0 0 0 0 0 0 0 0 0 0 0 0 0 0 0 0 0 0 0 0 0 0 0 0 0 0 0 0 0 0 0 0 0 0 0 0 0 0 0 0 0 0 0 0 0 0 0 0 0 0 0 0 0 0 0 0 0 0 0 0 0 0 0 0 0 0 0 0 0 0 0 0 0 0 0 0 0 0  # in Bzero
0 1 1 1 1 1 1 1 1 1 1 1 1 1 1 1 1 1 1 1 1 1 1 1 1 1 1 1 1 1 1 1 1 1 1 1 1 1 1 1 1 1 1 1 1 1 1 1 1 1 1 1 1 1 1 1 1 1 1 1 1 1 1 1 1 1 1 1 1 1 1 1 1 1 1 1 1 1 1 1 1 1 1 1 1 1 1 1 1 1 1 1 1 1 1 1 1 1 1 1 1 1 1 1 1 1 1 1 1 1 1 1 1 1 1 1 1 1 1 1 1 1 1 1 1 1 1 1 1 1 1 1 1 1  0 0 0 # in R project
0 1 1 1 1 1 1 1 1 1 1 1 1 1 1 1 1 1 1 1 1 1 1 1 1 1 1 1 1 1 1 1 1 1 1 1 1 1 1 1 1 1 1 1 1 1 1 1 1 1 1 1 1 1 1 1 1 1 1 1 1 1 1 1 1 1 1 1 1 1 1 1 1 1 1 1 1 1 1 1 1 1 1 1 1 1 1 1 1 1 1 1 1 1 1 1 1 1 1 1 1 1 1 1 1 1 1 1 1 1 1 1 1 1 1 1 1 1 1 1 1 1 1 1 1 1 1 1 1 1 1 1 1 1  0 0 0 # in R/S project
# Number of years with pre-specified catches
0
# catches for years with pre-specified catches go next
# Number of future recruitments to override
-2
# Process for overiding (-1 for average otherwise index in data list)
# Which probability to product detailed results for (1=0.5; 2=0.6; etc.)
3
# Steepness sigma-R Auto-correlation
0.718 0.5 0
# Target SPR rate (FMSY Proxy); manually change to SPR_MSY if not using SPR_target
0.5
# Discount rate (for cumulative catch)
0.1
# Truncate the series when 0.4B0 is reached (1=Yes)
0
# Set F to FMSY once 0.4B0 is reached (1=Yes)
0
# Maximum possible F for projection (-1 to set to FMSY)
-1
# Defintion of recovery (1=now only;2=now or before)
2
# Projection type
4
# Definition of the 40-10 rule
10 40
# Sigma Assessment Error (Base, Year1, Slope, MaxSigma)
1.0 2025 0.075 2.0
# Pstar
0.45
# Constrain catches by the ABC (1=yes, 2=no)
2
# Implementation Error (0=no; 1=lognormal; 2=uniform)
0
#Parameters of Implementaion Error
1 0.3
# Calculate coefficients of variation (1=Yes)
0
# Number of replicates to use
10
# Random number seed
-99004
# File with multiple parameter vectors 
rebuild.SSO
# User-specific projection (1=Yes); Output replaced (1->9)
0  5
# Catches and Fs (Year; 1/2/3 (F or C or SPR); value); Final row is -1
2024 1 1
-1 -1 -1
# Fixed catch project (1=Yes); Output replaced (1->9); Approach (-1=Read in else 1-9)
0 2 -1
# (48a) Special catch options (1-Yes) [CUT_OFF, Emsy, distribution, MAXCAT, Add, replace_code]
0 0.18 1.00 1.00 0 6
# (48b) B1Target
150000
# Split of Fs
2011  0.0172217
 0
 0.40383
 0.02368
 0.17445
 0.189686
 0.191133
-1  1 1 1 1 1 1 1 1 1 1 1 1
# Yrs to define T_target for projection type 4 (a.k.a. 5 pre-specified inputs)
2030 2031 2032 2033 2034 
# Year for probability of recovery
2034 2035 2036 2037 2038 2039 2040 2041
# Time varying weight-at-age (1=Yes;0=No)
0
# File with time series of weight-at-age data
none
# Use bisection (0) or linear interpolation (1)
1
# Target Depletion
0.4
# CV of implementation error
0
