#Title, #runnumber: 1 yelloweye_data.ss yelloweye_control.ss 7229.01 1077.95 344.089 StartTime: Wed Apr 23 00:12:08 2025
SSv3_default_rebuild.dat
# Number of sexes
1
# Age range to consider (minimum age; maximum age)
0 100
# Number of fleets
7
# First year of projection (Yinit)
2011
# First Year of rebuilding period (Ydecl)
2013
# Number of simulations
1000
# Maximum number of years
500
# Conduct projections with multiple starting values (0=No;else yes)
0
# Number of parameter vectors
1000
# Is the maximum age a plus-group (1=Yes;2=No)
1
# Generate future recruitments using historical recruitments (1)  historical recruits/spawner (2)  or a stock-recruitment (3)
3
# Constant fishing mortality (1) or constant Catch (2) projections
1
# Fishing mortality based on SPR (1) or actual rate (2)
1
# Pre-specify the year of recovery (or -1) to ignore
-1
# Fecundity-at-age
# 0 1 2 3 4 5 6 7 8 9 10 11 12 13 14 15 16 17 18 19 20 21 22 23 24 25 26 27 28 29 30 31 32 33 34 35 36 37 38 39 40 41 42 43 44 45 46 47 48 49 50 51 52 53 54 55 56 57 58 59 60 61 62 63 64 65 66 67 68 69 70 71 72 73 74 75 76 77 78 79 80 81 82 83 84 85 86 87 88 89 90 91 92 93 94 95 96 97 98 99 100 #runnumber: 1 yelloweye_data.ss yelloweye_control.ss 7229.01 1077.95 344.089
 0 0 2.57312e-09 5.43649e-08 7.00563e-07 6.34427e-06 4.39531e-05 0.00024305 0.00108599 0.00389764 0.0112161 0.0262818 0.0516056 0.0877297 0.133121 0.185017 0.240459 0.296986 0.352876 0.407097 0.459125 0.50876 0.555983 0.600862 0.643495 0.683985 0.722427 0.758908 0.793503 0.826282 0.85731 0.88665 0.914363 0.94051 0.965153 0.988353 1.01017 1.03067 1.04991 1.06796 1.08487 1.1007 1.11551 1.12936 1.1423 1.15438 1.16565 1.17617 1.18598 1.19512 1.20363 1.21156 1.21894 1.2258 1.23219 1.23813 1.24366 1.24879 1.25356 1.25799 1.26211 1.26594 1.26949 1.27278 1.27585 1.27869 1.28132 1.28377 1.28604 1.28815 1.2901 1.29195 1.29366 1.29524 1.29671 1.29808 1.29934 1.30051 1.3016 1.30261 1.30355 1.30441 1.30522 1.30596 1.30665 1.30729 1.30789 1.30844 1.30895 1.30942 1.30986 1.31026 1.31064 1.31099 1.31131 1.31161 1.31189 1.31215 1.31239 1.31261 1.31293 #female fecundity; weighted by N in year Y_init across morphs and areas
# Age specific selectivity and weight adjusted for discard and discard mortality
 #wt and selex for gender,fleet: 1 1 1_CA_TWL
 0.00908562 0.00918411 0.0274167 0.0689668 0.131627 0.214557 0.314925 0.429364 0.554563 0.687557 0.825864 0.967655 1.1119 1.25828 1.40678 1.55723 1.70907 1.86134 2.01288 2.16248 2.30906 2.45174 2.58983 2.72284 2.85046 2.97247 3.08878 3.19937 3.30429 3.40362 3.4975 3.58607 3.66953 3.74805 3.82184 3.89111 3.95607 4.01693 4.0739 4.12718 4.17699 4.22351 4.26694 4.30746 4.34524 4.38045 4.41326 4.44382 4.47226 4.49873 4.52335 4.54625 4.56755 4.58734 4.60574 4.62283 4.6387 4.65345 4.66715 4.67986 4.69166 4.70262 4.71279 4.72223 4.73098 4.73911 4.74664 4.75363 4.76012 4.76614 4.77175 4.77699 4.78184 4.78635 4.79052 4.7944 4.79799 4.80132 4.8044 4.80726 4.80992 4.81238 4.81466 4.81677 4.81873 4.82054 4.82223 4.82379 4.82523 4.82657 4.82781 4.82896 4.83003 4.83102 4.83194 4.83278 4.83357 4.8343 4.83498 4.8356 4.83652
 0 0.00109027 0.00239719 0.0091291 0.0272872 0.0651614 0.129421 0.221303 0.335238 0.460505 0.584601 0.696597 0.789417 0.86058 0.91147 0.945734 0.967669 0.981152 0.989179 0.993847 0.996517 0.998029 0.99888 0.999359 0.999629 0.999783 0.999871 0.999922 0.999951 0.999969 0.99998 0.999986 0.99999 0.999993 0.999995 0.999996 0.999996 0.999997 0.999997 0.999997 0.999997 0.999997 0.999997 0.999997 0.999997 0.999997 0.999997 0.999997 0.999997 0.999997 0.999997 0.999997 0.999997 0.999997 0.999997 0.999997 0.999997 0.999997 0.999997 0.999997 0.999997 0.999997 0.999997 0.999997 0.999997 0.999997 0.999997 0.999997 0.999997 0.999997 0.999997 0.999997 0.999997 0.999997 0.999997 0.999997 0.999997 0.999997 0.999997 0.999997 0.999997 0.999997 0.999997 0.999997 0.999997 0.999997 0.999997 0.999997 0.999997 0.999997 0.999997 0.999997 0.999997 0.999997 0.999997 0.999997 0.999997 0.999997 0.999997 0.999997 0.999997
 #wt and selex for gender,fleet: 1 3 3_CA_REC
 0.00908562 0.00918406 0.0265446 0.0663801 0.126574 0.206359 0.303164 0.413879 0.535406 0.664967 0.800375 0.940335 1.08442 1.23254 1.38436 1.53901 1.69513 1.85123 2.00584 2.15775 2.30596 2.44974 2.58856 2.72204 2.84995 2.97215 3.08857 3.19924 3.3042 3.40356 3.49746 3.58605 3.66951 3.74804 3.82183 3.8911 3.95606 4.01692 4.07389 4.12718 4.17699 4.22351 4.26694 4.30746 4.34524 4.38045 4.41326 4.44382 4.47226 4.49873 4.52335 4.54626 4.56755 4.58734 4.60574 4.62283 4.63871 4.65345 4.66715 4.67986 4.69166 4.70262 4.71279 4.72223 4.73098 4.73911 4.74664 4.75364 4.76012 4.76614 4.77175 4.77699 4.78184 4.78635 4.79053 4.7944 4.79799 4.80132 4.8044 4.80727 4.80992 4.81238 4.81466 4.81677 4.81873 4.82054 4.82223 4.82379 4.82523 4.82657 4.82781 4.82896 4.83003 4.83102 4.83194 4.83279 4.83357 4.8343 4.83498 4.83561 4.83652
 0 0.00399235 0.00809586 0.0251151 0.0628867 0.129372 0.226624 0.348485 0.482396 0.613597 0.729395 0.822048 0.889675 0.93509 0.96346 0.980146 0.989499 0.99455 0.997205 0.998575 0.999274 0.999628 0.999808 0.9999 0.999947 0.999971 0.999984 0.999991 0.999995 0.999997 0.999998 0.999999 0.999999 0.999999 0.999999 0.999999 0.999999 0.999999 0.999999 0.999999 0.999999 0.999999 0.999999 0.999999 0.999999 0.999999 0.999999 0.999999 0.999999 0.999999 0.999999 0.999999 0.999999 0.999999 0.999999 0.999999 0.999999 0.999999 0.999999 0.999999 0.999999 0.999999 0.999999 0.999999 0.999999 0.999999 0.999999 0.999999 0.999999 0.999999 0.999999 0.999999 0.999999 0.999999 0.999999 0.999999 0.999999 0.999999 0.999999 0.999999 0.999999 0.999999 0.999999 0.999999 0.999999 0.999999 0.999999 0.999999 0.999999 0.999999 0.999999 0.999999 0.999999 0.999999 0.999999 0.999999 0.999999 0.999999 0.999999 0.999999 0.999999
 #wt and selex for gender,fleet: 1 4 4_ORWA_TWL
 0.00908562 0.00918397 0.0251899 0.0625331 0.119843 0.196785 0.291449 0.401229 0.523323 0.655018 0.793876 0.937902 1.08569 1.2364 1.38942 1.54411 1.69957 1.85473 2.00841 2.15954 2.30716 2.45053 2.58906 2.72236 2.85015 2.97228 3.08865 3.19929 3.30423 3.40358 3.49747 3.58606 3.66952 3.74804 3.82184 3.89111 3.95607 4.01692 4.07389 4.12718 4.17699 4.22351 4.26694 4.30746 4.34524 4.38045 4.41326 4.44382 4.47226 4.49873 4.52335 4.54625 4.56755 4.58734 4.60574 4.62283 4.6387 4.65345 4.66715 4.67986 4.69166 4.70262 4.71279 4.72222 4.73098 4.73911 4.74664 4.75363 4.76012 4.76613 4.77175 4.77699 4.78184 4.78635 4.79052 4.7944 4.79799 4.80132 4.8044 4.80726 4.80992 4.81238 4.81466 4.81677 4.81873 4.82054 4.82223 4.82379 4.82523 4.82657 4.82781 4.82896 4.83003 4.83102 4.83194 4.83278 4.83357 4.8343 4.83498 4.8356 4.83652
 0 0.0138834 0.0248899 0.0561013 0.108998 0.185473 0.282798 0.39401 0.509907 0.621316 0.720829 0.803734 0.86828 0.915362 0.947685 0.968713 0.98178 0.989601 0.994148 0.996735 0.998184 0.998989 0.999434 0.999681 0.999818 0.999894 0.999938 0.999962 0.999977 0.999985 0.99999 0.999993 0.999995 0.999996 0.999997 0.999997 0.999997 0.999997 0.999997 0.999998 0.999998 0.999998 0.999998 0.999997 0.999997 0.999997 0.999997 0.999997 0.999997 0.999997 0.999997 0.999997 0.999997 0.999997 0.999997 0.999997 0.999997 0.999997 0.999997 0.999997 0.999997 0.999997 0.999997 0.999997 0.999997 0.999997 0.999997 0.999997 0.999997 0.999997 0.999997 0.999997 0.999997 0.999997 0.999997 0.999997 0.999997 0.999997 0.999997 0.999997 0.999997 0.999997 0.999997 0.999997 0.999997 0.999997 0.999997 0.999997 0.999997 0.999997 0.999997 0.999997 0.999997 0.999997 0.999997 0.999997 0.999997 0.999997 0.999997 0.999997 0.999997
 #wt and selex for gender,fleet: 1 5 5_ORWA_NONTWL
 0.00908562 0.00918407 0.0267947 0.0676193 0.130097 0.213949 0.316851 0.435705 0.567248 0.708386 0.856349 1.00874 1.16354 1.31908 1.47403 1.62742 1.77857 1.92705 2.07256 2.21491 2.35386 2.48917 2.62056 2.74774 2.87042 2.98837 3.1014 3.20937 3.31222 3.40992 3.50253 3.59011 3.67278 3.75069 3.824 3.89289 3.95755 4.01817 4.07494 4.12807 4.17775 4.22417 4.26752 4.30796 4.34569 4.38085 4.41362 4.44414 4.47255 4.499 4.5236 4.54648 4.56776 4.58754 4.60592 4.623 4.63887 4.65361 4.6673 4.68 4.6918 4.70275 4.71292 4.72235 4.7311 4.73922 4.74676 4.75375 4.76023 4.76624 4.77185 4.77709 4.78195 4.78645 4.79062 4.7945 4.79809 4.80141 4.8045 4.80736 4.81001 4.81247 4.81475 4.81686 4.81882 4.82064 4.82232 4.82388 4.82532 4.82666 4.8279 4.82905 4.83012 4.83111 4.83203 4.83287 4.83366 4.83439 4.83507 4.83569 4.83661
 0 0.000650629 0.00134734 0.00451309 0.012522 0.029027 0.0578753 0.101821 0.16152 0.235237 0.319265 0.408796 0.498851 0.585023 0.663937 0.733424 0.79249 0.841136 0.880094 0.910543 0.933854 0.951399 0.964426 0.973998 0.980982 0.986053 0.989728 0.992391 0.994324 0.995731 0.996761 0.997519 0.998081 0.9985 0.998815 0.999054 0.999236 0.999377 0.999487 0.999573 0.999641 0.999695 0.999738 0.999774 0.999803 0.999826 0.999846 0.999863 0.999876 0.999888 0.999898 0.999906 0.999914 0.99992 0.999925 0.99993 0.999934 0.999938 0.999941 0.999944 0.999946 0.999949 0.999951 0.999952 0.999954 0.999956 0.999957 0.999958 0.999959 0.99996 0.999961 0.999961 0.999962 0.999962 0.999963 0.999963 0.999964 0.999964 0.999964 0.999965 0.999965 0.999965 0.999965 0.999966 0.999966 0.999966 0.999966 0.999966 0.999966 0.999967 0.999967 0.999967 0.999967 0.999967 0.999967 0.999967 0.999967 0.999967 0.999967 0.999967 0.999967
 #wt and selex for gender,fleet: 1 6 6_OR_REC
 0.00908562 0.00918478 0.034498 0.0849246 0.156413 0.244796 0.344695 0.451569 0.562522 0.677315 0.79819 0.92783 1.06733 1.21567 1.37039 1.5287 1.68811 1.84668 2.00297 2.15593 2.30475 2.44888 2.58787 2.72144 2.84938 2.97158 3.088 3.19864 3.30358 3.40291 3.49678 3.58535 3.66878 3.74729 3.82106 3.89031 3.95525 4.01609 4.07305 4.12632 4.17611 4.22262 4.26603 4.30654 4.34431 4.37952 4.41232 4.44286 4.4713 4.49776 4.52237 4.54527 4.56656 4.58635 4.60474 4.62182 4.63769 4.65244 4.66613 4.67884 4.69064 4.70159 4.71176 4.72119 4.72994 4.73807 4.7456 4.75259 4.75908 4.76509 4.7707 4.77594 4.78079 4.78529 4.78947 4.79334 4.79693 4.80026 4.80334 4.8062 4.80885 4.81131 4.81359 4.8157 4.81766 4.81947 4.82115 4.82271 4.82416 4.8255 4.82674 4.82789 4.82896 4.82994 4.83086 4.83171 4.83249 4.83322 4.8339 4.83453 4.83544
 0 1.87008e-05 8.80203e-05 0.00135001 0.0105521 0.0474 0.138943 0.294178 0.486854 0.671001 0.812422 0.903296 0.954026 0.979434 0.991149 0.996209 0.998268 0.99904 0.999279 0.999301 0.999235 0.999134 0.999019 0.9989 0.99878 0.998662 0.998548 0.998437 0.998331 0.998229 0.998131 0.998039 0.997951 0.997868 0.997789 0.997714 0.997644 0.997579 0.997517 0.997459 0.997404 0.997353 0.997306 0.997261 0.99722 0.997181 0.997145 0.997111 0.997079 0.99705 0.997023 0.996997 0.996973 0.996951 0.996931 0.996912 0.996894 0.996878 0.996862 0.996848 0.996835 0.996823 0.996811 0.996801 0.996791 0.996782 0.996773 0.996766 0.996758 0.996752 0.996745 0.996739 0.996734 0.996729 0.996724 0.99672 0.996716 0.996712 0.996709 0.996705 0.996702 0.9967 0.996697 0.996695 0.996693 0.99669 0.996689 0.996687 0.996685 0.996684 0.996682 0.996681 0.99668 0.996679 0.996678 0.996677 0.996676 0.996675 0.996674 0.996674 0.996672
 #wt and selex for gender,fleet: 1 7 7_WA_REC
 0.00908562 0.00918471 0.0341273 0.0857213 0.161224 0.257481 0.369342 0.491862 0.620932 0.75342 0.887219 1.02141 1.15629 1.29293 1.43243 1.57531 1.72126 1.86925 2.01784 2.1655 2.31087 2.4528 2.59045 2.72321 2.85067 2.97259 3.08885 3.19941 3.30431 3.40363 3.49751 3.58608 3.66953 3.74805 3.82184 3.89111 3.95607 4.01693 4.0739 4.12718 4.17699 4.22351 4.26694 4.30746 4.34524 4.38046 4.41326 4.44382 4.47226 4.49873 4.52335 4.54626 4.56755 4.58734 4.60574 4.62283 4.63871 4.65345 4.66715 4.67986 4.69166 4.70262 4.71279 4.72223 4.73098 4.73911 4.74664 4.75364 4.76012 4.76614 4.77175 4.77699 4.78184 4.78635 4.79053 4.7944 4.79799 4.80132 4.8044 4.80727 4.80992 4.81238 4.81466 4.81677 4.81873 4.82054 4.82223 4.82379 4.82523 4.82657 4.82781 4.82896 4.83003 4.83102 4.83194 4.83279 4.83357 4.8343 4.83498 4.83561 4.83652
 0 2.43208e-06 1.07951e-05 0.000163825 0.00141902 0.00758727 0.0275923 0.0740265 0.156384 0.273828 0.413722 0.556938 0.685804 0.789712 0.866137 0.918256 0.951704 0.972169 0.984243 0.991177 0.995087 0.997266 0.998473 0.999141 0.999512 0.999719 0.999836 0.999902 0.999941 0.999964 0.999977 0.999985 0.99999 0.999993 0.999995 0.999997 0.999998 0.999998 0.999999 0.999999 0.999999 0.999999 0.999999 0.999999 0.999999 0.999999 0.999999 0.999999 0.999999 0.999999 0.999999 0.999999 0.999999 0.999999 0.999999 0.999999 0.999999 0.999999 0.999999 0.999999 0.999999 0.999999 0.999999 0.999999 0.999999 0.999999 0.999999 0.999999 0.999999 0.999999 0.999999 0.999999 0.999999 0.999999 0.999999 0.999999 0.999999 0.999999 0.999999 0.999999 0.999999 0.999999 0.999999 0.999999 0.999999 0.999999 0.999999 0.999999 0.999999 0.999999 0.999999 0.999999 0.999999 0.999999 0.999999 0.999999 0.999999 0.999999 0.999999 0.999999 0.999999
# Sex ratio correction
1
# M and current age-structure in year Yinit: 2011
 # gender = 1
 0.0439034 0.0439034 0.0439034 0.0439034 0.0439034 0.0439034 0.0439034 0.0439034 0.0439034 0.0439034 0.0439034 0.0439034 0.0439034 0.0439034 0.0439034 0.0439034 0.0439034 0.0439034 0.0439034 0.0439034 0.0439034 0.0439034 0.0439034 0.0439034 0.0439034 0.0439034 0.0439034 0.0439034 0.0439034 0.0439034 0.0439034 0.0439034 0.0439034 0.0439034 0.0439034 0.0439034 0.0439034 0.0439034 0.0439034 0.0439034 0.0439034 0.0439034 0.0439034 0.0439034 0.0439034 0.0439034 0.0439034 0.0439034 0.0439034 0.0439034 0.0439034 0.0439034 0.0439034 0.0439034 0.0439034 0.0439034 0.0439034 0.0439034 0.0439034 0.0439034 0.0439034 0.0439034 0.0439034 0.0439034 0.0439034 0.0439034 0.0439034 0.0439034 0.0439034 0.0439034 0.0439034 0.0439034 0.0439034 0.0439034 0.0439034 0.0439034 0.0439034 0.0439034 0.0439034 0.0439034 0.0439034 0.0439034 0.0439034 0.0439034 0.0439034 0.0439034 0.0439034 0.0439034 0.0439034 0.0439034 0.0439034 0.0439034 0.0439034 0.0439034 0.0439034 0.0439034 0.0439034 0.0439034 0.0439034 0.0439034 0.0439034
 203.834 252.449 260.647 301.277 176.309 163.525 92.4272 57.5435 81.9199 190.141 54.9122 43.7832 77.848 49.1839 30.6488 24.3618 24.2772 47.358 50.9952 24.8738 20.008 20.0722 19.4749 19.7739 22.5149 24.8813 30.6282 29.8164 18.1827 19.9125 17.0825 13.2404 10.0009 6.56559 7.52202 6.80007 6.96112 4.33922 3.53181 4.15295 6.51993 4.05994 3.02963 2.55844 1.98223 1.66887 1.31831 1.07411 1.00558 1.05872 1.15726 1.17533 1.06086 0.918069 0.810012 0.741235 0.707249 0.704881 0.733526 0.795295 0.889203 0.996372 1.0588 1.01217 0.887903 0.761208 0.661193 0.588104 0.535473 0.496514 0.466778 0.443316 0.424311 0.408411 0.394305 0.380892 0.367364 0.353464 0.339334 0.325412 0.312156 0.299914 0.288771 0.278693 0.269475 0.260813 0.252284 0.24389 0.235474 0.226961 0.218335 0.209615 0.200863 0.192185 0.183598 0.175219 0.167116 0.159331 0.151888 0.144799 3.11039
# Age-structure at Ydeclare= 2013
 416.441 178.123 186.698 231.223 238.723 275.906 161.422 149.644 84.5138 52.5596 74.7318 173.243 49.9774 39.8133 70.7421 44.6732 27.829 22.1158 22.0361 42.9826 46.2814 22.5738 18.1576 18.2156 17.6734 17.9444 20.4315 22.5784 27.7928 27.0553 16.4984 18.0673 15.4989 12.0125 9.07314 5.95635 6.82383 6.16873 6.31467 3.93616 3.20367 3.76702 5.91391 3.6825 2.74793 2.32051 1.79786 1.51363 1.19566 0.974176 0.912014 0.960202 1.04956 1.06595 0.962131 0.832628 0.734625 0.672248 0.641425 0.639277 0.665255 0.721274 0.806441 0.903634 0.960249 0.917959 0.805259 0.690356 0.59965 0.533364 0.485631 0.450299 0.42333 0.402052 0.384815 0.370396 0.357603 0.345438 0.333169 0.320563 0.307748 0.295122 0.2831 0.271998 0.261892 0.252752 0.244392 0.236536 0.228801 0.221188 0.213556 0.205835 0.198013 0.190104 0.182167 0.174296 0.166509 0.158909 0.151561 0.144501 3.08996
# Year for Tmin Age-structure (set to Ydecl by SS)
2013
#  recruitment and biomass
# Number of historical assessment years
137
# Historical data
# year recruitment spawner in B0 in R project in R/S project
1888  1889 1890 1891 1892 1893 1894 1895 1896 1897 1898 1899 1900 1901 1902 1903 1904 1905 1906 1907 1908 1909 1910 1911 1912 1913 1914 1915 1916 1917 1918 1919 1920 1921 1922 1923 1924 1925 1926 1927 1928 1929 1930 1931 1932 1933 1934 1935 1936 1937 1938 1939 1940 1941 1942 1943 1944 1945 1946 1947 1948 1949 1950 1951 1952 1953 1954 1955 1956 1957 1958 1959 1960 1961 1962 1963 1964 1965 1966 1967 1968 1969 1970 1971 1972 1973 1974 1975 1976 1977 1978 1979 1980 1981 1982 1983 1984 1985 1986 1987 1988 1989 1990 1991 1992 1993 1994 1995 1996 1997 1998 1999 2000 2001 2002 2003 2004 2005 2006 2007 2008 2009 2010 2011 2012 2013 2014 2015 2016 2017 2018 2019 2020 2021 2022 2023 2024 #years (with first value representing R0)
212.724 216.294 216.42 216.55 216.686 216.818 216.955 217.097 217.251 217.413 217.581 217.757 217.942 218.137 218.34 218.551 218.775 219.015 219.27 219.551 219.855 220.183 220.536 220.908 221.298 221.688 222.054 222.358 222.552 222.579 222.363 221.792 220.882 219.557 217.797 215.625 213.091 210.288 207.358 204.301 201.425 198.899 196.79 195.04 193.52 191.973 190.134 187.804 184.987 181.888 178.931 176.589 175.323 175.507 177.584 182.263 190.571 204.007 223.652 248.41 269.607 268.463 240.432 204.165 173.714 152.396 139.268 132.862 132.366 137.457 147.992 162.363 170.673 159.311 138.008 123.935 124.914 144.251 171.245 189.921 227.704 248.901 305.718 446.449 256.477 195.123 212.775 300.652 256.707 246.194 184.66 239.419 267.207 287.988 278.141 209.185 281.746 237.907 159.706 120.446 89.1899 75.096 67.256 59.2633 66.2822 124.278 107.052 51.4368 48.7371 58.1451 88.7256 133.723 71.6884 85.7627 283.477 116.669 78.3388 120.344 203.706 210.17 343.698 284.569 263.779 203.834 186.117 416.441 204.213 267.667 199.723 102.695 100.884 107.878 108.414 145.061 163.068 168.511 173.157  #recruits; first value is R0 (virgin)
1077.95  1077.95 1077.94 1077.93 1077.9 1077.44 1076.98 1076.52 1076.37 1076.3 1076.22 1076.15 1076.09 1076.03 1075.99 1075.99 1076.01 1076.05 1076.14 1076.25 1076.39 1076.44 1076.62 1076.81 1077.03 1077.25 1077.49 1077.74 1077.93 1078.2 1078.32 1076.42 1076.09 1075.91 1075.81 1076 1076.14 1075.76 1075.04 1073.54 1071.35 1069.27 1067.67 1065.75 1064.86 1064.14 1063.42 1062.16 1060.86 1058.56 1056.47 1054.03 1052.13 1049.01 1044.29 1039.12 1029.38 1018.87 1003.08 988.41 981.339 973.417 967.072 959.85 950.961 943.194 937.119 929.949 923.134 916.338 908.522 901.57 895.868 891.493 889.066 886.017 884.558 884.218 874.062 870.809 865.59 859.774 845.223 835.352 822.186 805.744 788.299 768.873 749.604 727.518 705.689 671.392 635.452 608.231 573.664 519.404 491.043 469.557 442.894 420.865 393.688 369.998 340.749 319.978 284.031 251.747 220.737 203.605 186.815 168.374 146.946 139.063 127.178 128.038 127.818 132.959 138.14 143.642 149.125 155.001 160.3 166.008 171.559 177.64 184.093 190.855 198.519 206.912 215.829 225.745 235.714 247.183 259.782 274.557 290.698 306.986 323.88 #spbio; first value is SSB_virgin (virgin)
1 0 0 0 0 0 0 0 0 0 0 0 0 0 0 0 0 0 0 0 0 0 0 0 0 0 0 0 0 0 0 0 0 0 0 0 0 0 0 0 0 0 0 0 0 0 0 0 0 0 0 0 0 0 0 0 0 0 0 0 0 0 0 0 0 0 0 0 0 0 0 0 0 0 0 0 0 0 0 0 0 0 0 0 0 0 0 0 0 0 0 0 0 0 0 0 0 0 0 0 0 0 0 0 0 0 0 0 0 0 0 0 0 0 0 0 0 0 0 0 0 0 0 0 0 0 0 0 0 0 0 0 0 0 0 0 0  # in Bzero
0 1 1 1 1 1 1 1 1 1 1 1 1 1 1 1 1 1 1 1 1 1 1 1 1 1 1 1 1 1 1 1 1 1 1 1 1 1 1 1 1 1 1 1 1 1 1 1 1 1 1 1 1 1 1 1 1 1 1 1 1 1 1 1 1 1 1 1 1 1 1 1 1 1 1 1 1 1 1 1 1 1 1 1 1 1 1 1 1 1 1 1 1 1 1 1 1 1 1 1 1 1 1 1 1 1 1 1 1 1 1 1 1 1 1 1 1 1 1 1 1 1 1 1 1 1 1 1 1 1 1 1 1 1  0 0 0 # in R project
0 1 1 1 1 1 1 1 1 1 1 1 1 1 1 1 1 1 1 1 1 1 1 1 1 1 1 1 1 1 1 1 1 1 1 1 1 1 1 1 1 1 1 1 1 1 1 1 1 1 1 1 1 1 1 1 1 1 1 1 1 1 1 1 1 1 1 1 1 1 1 1 1 1 1 1 1 1 1 1 1 1 1 1 1 1 1 1 1 1 1 1 1 1 1 1 1 1 1 1 1 1 1 1 1 1 1 1 1 1 1 1 1 1 1 1 1 1 1 1 1 1 1 1 1 1 1 1 1 1 1 1 1 1  0 0 0 # in R/S project
# Number of years with pre-specified catches
0
# catches for years with pre-specified catches go next
# Number of future recruitments to override
-2
# Process for overiding (-1 for average otherwise index in data list)
# Which probability to product detailed results for (1=0.5; 2=0.6; etc.)
3
# Steepness sigma-R Auto-correlation
0.718 0.5 0
# Target SPR rate (FMSY Proxy); manually change to SPR_MSY if not using SPR_target
0.5
# Discount rate (for cumulative catch)
0.1
# Truncate the series when 0.4B0 is reached (1=Yes)
0
# Set F to FMSY once 0.4B0 is reached (1=Yes)
0
# Maximum possible F for projection (-1 to set to FMSY)
-1
# Defintion of recovery (1=now only;2=now or before)
2
# Projection type
4
# Definition of the 40-10 rule
10 40
# Sigma Assessment Error (Base, Year1, Slope, MaxSigma)
1.0 2025 0.075 2.0
# Pstar
0.45
# Constrain catches by the ABC (1=yes, 2=no)
2
# Implementation Error (0=no; 1=lognormal; 2=uniform)
0
#Parameters of Implementaion Error
1 0.3
# Calculate coefficients of variation (1=Yes)
0
# Number of replicates to use
10
# Random number seed
-99004
# File with multiple parameter vectors 
rebuild.SSO
# User-specific projection (1=Yes); Output replaced (1->9)
0  5
# Catches and Fs (Year; 1/2/3 (F or C or SPR); value); Final row is -1
2024 1 1
-1 -1 -1
# Fixed catch project (1=Yes); Output replaced (1->9); Approach (-1=Read in else 1-9)
0 2 -1
# (48a) Special catch options (1-Yes) [CUT_OFF, Emsy, distribution, MAXCAT, Add, replace_code]
0 0.18 1.00 1.00 0 6
# (48b) B1Target
150000
# Split of Fs
2011  0.0165413
 0
 0.390298
 0.0239852
 0.192848
 0.196546
 0.179782
-1  1 1 1 1 1 1 1 1 1 1 1 1
# Yrs to define T_target for projection type 4 (a.k.a. 5 pre-specified inputs)
2030 2031 2032 2033 2034 
# Year for probability of recovery
2034 2035 2036 2037 2038 2039 2040 2041
# Time varying weight-at-age (1=Yes;0=No)
0
# File with time series of weight-at-age data
none
# Use bisection (0) or linear interpolation (1)
1
# Target Depletion
0.4
# CV of implementation error
0
