#Title, #runnumber: 1 yelloweye_data.ss yelloweye_control.ss 7087.19 1155.8 411.11 StartTime: Thu May  1 10:23:13 2025
SSv3_default_rebuild.dat
# Number of sexes
1
# Age range to consider (minimum age; maximum age)
0 100
# Number of fleets
7
# First year of projection (Yinit)
2011
# First Year of rebuilding period (Ydecl)
2013
# Number of simulations
1000
# Maximum number of years
500
# Conduct projections with multiple starting values (0=No;else yes)
0
# Number of parameter vectors
1000
# Is the maximum age a plus-group (1=Yes;2=No)
1
# Generate future recruitments using historical recruitments (1)  historical recruits/spawner (2)  or a stock-recruitment (3)
3
# Constant fishing mortality (1) or constant Catch (2) projections
1
# Fishing mortality based on SPR (1) or actual rate (2)
1
# Pre-specify the year of recovery (or -1) to ignore
-1
# Fecundity-at-age
# 0 1 2 3 4 5 6 7 8 9 10 11 12 13 14 15 16 17 18 19 20 21 22 23 24 25 26 27 28 29 30 31 32 33 34 35 36 37 38 39 40 41 42 43 44 45 46 47 48 49 50 51 52 53 54 55 56 57 58 59 60 61 62 63 64 65 66 67 68 69 70 71 72 73 74 75 76 77 78 79 80 81 82 83 84 85 86 87 88 89 90 91 92 93 94 95 96 97 98 99 100 #runnumber: 1 yelloweye_data.ss yelloweye_control.ss 7087.19 1155.8 411.11
 0 0 2.82513e-09 5.84528e-08 7.39763e-07 6.61191e-06 4.53426e-05 0.00024867 0.00110353 0.00393886 0.0112878 0.0263734 0.0516867 0.0877624 0.133075 0.184877 0.240225 0.296667 0.352488 0.406654 0.458642 0.50825 0.555459 0.600336 0.642976 0.683484 0.721954 0.75847 0.793109 0.825939 0.857025 0.886429 0.914211 0.940431 0.96515 0.98843 1.01033 1.03091 1.05024 1.06837 1.08536 1.10128 1.11617 1.1301 1.14312 1.15528 1.16663 1.17723 1.18711 1.19632 1.2049 1.21289 1.22034 1.22726 1.23371 1.23971 1.24528 1.25047 1.25529 1.25977 1.26393 1.2678 1.27139 1.27473 1.27783 1.28071 1.28338 1.28586 1.28816 1.29029 1.29227 1.29414 1.29588 1.29749 1.29898 1.30036 1.30165 1.30284 1.30394 1.30497 1.30592 1.3068 1.30762 1.30838 1.30908 1.30973 1.31033 1.31089 1.31141 1.3119 1.31234 1.31276 1.31314 1.3135 1.31383 1.31413 1.31442 1.31468 1.31492 1.31515 1.31548 #female fecundity; weighted by N in year Y_init across morphs and areas
# Age specific selectivity and weight adjusted for discard and discard mortality
 #wt and selex for gender,fleet: 1 1 1_CA_TWL
 0.00896707 0.00911919 0.0279912 0.0695036 0.131855 0.214146 0.313583 0.426861 0.55073 0.68228 0.819077 0.959323 1.10201 1.24683 1.39378 1.54269 1.693 1.84379 1.99389 2.14211 2.28738 2.42883 2.56578 2.69773 2.82437 2.94548 3.06098 3.17083 3.27508 3.37381 3.46715 3.55524 3.63827 3.71642 3.78988 3.85886 3.92357 3.98422 4.041 4.09413 4.14381 4.19023 4.23357 4.27402 4.31175 4.34693 4.37971 4.41025 4.43869 4.46516 4.48979 4.51271 4.53402 4.55384 4.57227 4.58939 4.6053 4.62008 4.63381 4.64656 4.65841 4.6694 4.67961 4.68908 4.69788 4.70604 4.71361 4.72064 4.72716 4.73321 4.73886 4.74413 4.74902 4.75355 4.75776 4.76166 4.76528 4.76863 4.77174 4.77463 4.77731 4.77979 4.78209 4.78422 4.7862 4.78803 4.78973 4.79131 4.79277 4.79412 4.79538 4.79654 4.79762 4.79862 4.79955 4.80041 4.80121 4.80195 4.80263 4.80327 4.80419
 0 0.00107352 0.00245254 0.00930047 0.0276388 0.0657223 0.130144 0.222078 0.335941 0.461047 0.584948 0.696769 0.789462 0.860553 0.911415 0.945677 0.967623 0.981119 0.989158 0.993834 0.99651 0.998024 0.998878 0.999358 0.999629 0.999782 0.99987 0.999921 0.999951 0.999969 0.99998 0.999986 0.99999 0.999993 0.999994 0.999995 0.999996 0.999997 0.999997 0.999997 0.999997 0.999997 0.999997 0.999997 0.999997 0.999997 0.999997 0.999997 0.999997 0.999997 0.999997 0.999997 0.999997 0.999997 0.999997 0.999997 0.999997 0.999997 0.999997 0.999997 0.999997 0.999997 0.999997 0.999997 0.999997 0.999997 0.999997 0.999997 0.999997 0.999997 0.999997 0.999997 0.999997 0.999997 0.999997 0.999997 0.999997 0.999997 0.999997 0.999997 0.999997 0.999997 0.999997 0.999997 0.999997 0.999997 0.999997 0.999997 0.999997 0.999997 0.999997 0.999997 0.999997 0.999997 0.999997 0.999997 0.999997 0.999997 0.999997 0.999997 0.999997
 #wt and selex for gender,fleet: 1 3 3_CA_REC
 0.00896707 0.00911917 0.0278417 0.06886 0.130136 0.210589 0.307355 0.41715 0.536821 0.663665 0.795787 0.93239 1.07352 1.21934 1.36944 1.52274 1.67772 1.8327 1.98619 2.13695 2.28401 2.42667 2.56441 2.69687 2.82383 2.94514 3.06076 3.17069 3.27499 3.37375 3.46711 3.55522 3.63826 3.71641 3.78987 3.85886 3.92357 3.98421 4.041 4.09413 4.14381 4.19023 4.23357 4.27402 4.31175 4.34693 4.37971 4.41025 4.43869 4.46516 4.48979 4.51271 4.53402 4.55384 4.57227 4.58939 4.6053 4.62008 4.63381 4.64656 4.65841 4.6694 4.67961 4.68908 4.69788 4.70604 4.71361 4.72064 4.72716 4.73321 4.73886 4.74413 4.74902 4.75355 4.75776 4.76166 4.76528 4.76863 4.77175 4.77463 4.77731 4.77979 4.78209 4.78422 4.7862 4.78803 4.78973 4.79131 4.79277 4.79412 4.79538 4.79655 4.79762 4.79863 4.79955 4.80041 4.80121 4.80195 4.80263 4.80327 4.8042
 0 0.00213511 0.00481318 0.017518 0.0494815 0.111189 0.207437 0.333131 0.474391 0.613646 0.735525 0.831047 0.898713 0.942552 0.968883 0.983749 0.991743 0.995884 0.997973 0.999007 0.999514 0.999761 0.999881 0.99994 0.999969 0.999984 0.999991 0.999995 0.999997 0.999998 0.999999 0.999999 0.999999 0.999999 0.999999 0.999999 0.999999 0.999999 0.999999 0.999999 0.999999 0.999999 0.999999 0.999999 0.999999 0.999999 0.999999 0.999999 0.999999 0.999999 0.999999 0.999999 0.999999 0.999999 0.999999 0.999999 0.999999 0.999999 0.999999 0.999999 0.999999 0.999999 0.999999 0.999999 0.999999 0.999999 0.999999 0.999999 0.999999 0.999999 0.999999 0.999999 0.999999 0.999999 0.999999 0.999999 0.999999 0.999999 0.999999 0.999999 0.999999 0.999999 0.999999 0.999999 0.999999 0.999999 0.999999 0.999999 0.999999 0.999999 0.999999 0.999999 0.999999 0.999999 0.999999 0.999999 0.999999 0.999999 0.999999 0.999999 0.999999
 #wt and selex for gender,fleet: 1 4 4_ORWA_TWL
 0.00896707 0.0091189 0.025854 0.063489 0.120778 0.197255 0.290915 0.399116 0.519069 0.648123 0.783984 0.924956 1.07005 1.21873 1.37045 1.52437 1.67934 1.83405 1.98719 2.13764 2.28447 2.42696 2.56459 2.69698 2.8239 2.94518 3.06079 3.17071 3.275 3.37376 3.46711 3.55522 3.63826 3.71641 3.78987 3.85886 3.92357 3.98421 4.041 4.09413 4.14381 4.19023 4.23357 4.27402 4.31175 4.34693 4.37971 4.41025 4.43869 4.46516 4.48979 4.51271 4.53402 4.55384 4.57227 4.58939 4.6053 4.62008 4.63381 4.64656 4.65841 4.6694 4.67961 4.68908 4.69788 4.70604 4.71361 4.72064 4.72716 4.73321 4.73886 4.74413 4.74902 4.75355 4.75776 4.76166 4.76528 4.76863 4.77174 4.77463 4.77731 4.77979 4.78209 4.78422 4.7862 4.78803 4.78973 4.79131 4.79277 4.79412 4.79538 4.79654 4.79762 4.79862 4.79955 4.80041 4.80121 4.80195 4.80263 4.80327 4.80419
 0 0.0129837 0.0242264 0.0566757 0.113003 0.19544 0.300603 0.420035 0.542756 0.658132 0.758005 0.837828 0.896871 0.93747 0.963615 0.979532 0.988785 0.993972 0.9968 0.998313 0.999112 0.999531 0.999751 0.999866 0.999927 0.999959 0.999977 0.999986 0.999991 0.999994 0.999996 0.999997 0.999997 0.999997 0.999998 0.999998 0.999998 0.999998 0.999998 0.999998 0.999997 0.999997 0.999997 0.999997 0.999997 0.999997 0.999997 0.999997 0.999997 0.999997 0.999997 0.999997 0.999997 0.999997 0.999997 0.999997 0.999997 0.999997 0.999997 0.999997 0.999997 0.999997 0.999997 0.999997 0.999997 0.999997 0.999997 0.999997 0.999997 0.999997 0.999997 0.999997 0.999997 0.999997 0.999997 0.999997 0.999997 0.999997 0.999997 0.999997 0.999997 0.999997 0.999997 0.999997 0.999997 0.999997 0.999997 0.999997 0.999997 0.999997 0.999997 0.999997 0.999997 0.999997 0.999997 0.999997 0.999997 0.999997 0.999997 0.999997 0.999997
 #wt and selex for gender,fleet: 1 5 5_ORWA_NONTWL
 0.00896707 0.00911909 0.0273351 0.0681118 0.13024 0.213377 0.315222 0.432731 0.562707 0.702118 0.84825 0.998753 1.15164 1.30529 1.4584 1.61003 1.75952 1.90648 2.05062 2.19174 2.3296 2.46394 2.59445 2.72083 2.84279 2.96008 3.0725 3.17991 3.28224 3.37947 3.47164 3.55883 3.64115 3.71874 3.79177 3.86042 3.92486 3.98529 4.0419 4.0949 4.14446 4.19079 4.23406 4.27445 4.31213 4.34726 4.38001 4.41052 4.43893 4.46538 4.49 4.5129 4.5342 4.55401 4.57242 4.58953 4.60544 4.62021 4.63393 4.64668 4.65852 4.66951 4.67971 4.68918 4.69797 4.70613 4.71371 4.72073 4.72725 4.7333 4.73894 4.74421 4.7491 4.75363 4.75784 4.76174 4.76536 4.76871 4.77182 4.77471 4.77738 4.77986 4.78216 4.7843 4.78627 4.78811 4.78981 4.79138 4.79284 4.7942 4.79545 4.79662 4.7977 4.7987 4.79962 4.80048 4.80128 4.80202 4.80271 4.80334 4.80427
 0 0.00067203 0.00143815 0.00478705 0.0131775 0.030342 0.0601532 0.105315 0.166365 0.24141 0.326595 0.416989 0.507545 0.593836 0.672511 0.74146 0.799773 0.847538 0.885574 0.915126 0.937614 0.954436 0.966849 0.975916 0.98249 0.987236 0.990654 0.993117 0.994895 0.996183 0.99712 0.997806 0.998311 0.998687 0.998968 0.99918 0.999341 0.999465 0.999561 0.999636 0.999695 0.999742 0.99978 0.99981 0.999835 0.999855 0.999872 0.999886 0.999898 0.999908 0.999916 0.999923 0.999929 0.999935 0.999939 0.999943 0.999947 0.99995 0.999952 0.999955 0.999957 0.999959 0.99996 0.999962 0.999963 0.999964 0.999965 0.999966 0.999967 0.999968 0.999969 0.999969 0.99997 0.99997 0.99997 0.999971 0.999971 0.999971 0.999972 0.999972 0.999972 0.999972 0.999972 0.999973 0.999973 0.999973 0.999973 0.999973 0.999973 0.999973 0.999973 0.999974 0.999974 0.999974 0.999974 0.999974 0.999974 0.999974 0.999974 0.999974 0.999974
 #wt and selex for gender,fleet: 1 6 6_OR_REC
 0.00896707 0.00912063 0.0351346 0.0852852 0.156184 0.243672 0.342504 0.448244 0.558062 0.671718 0.7914 0.919734 1.0578 1.20459 1.35771 1.5144 1.67222 1.82925 1.98406 2.13561 2.28311 2.426 2.56384 2.69635 2.82331 2.94461 3.0602 3.17011 3.27437 3.37311 3.46644 3.55452 3.63754 3.71567 3.78911 3.85807 3.92276 3.98339 4.04016 4.09328 4.14294 4.18934 4.23267 4.27311 4.31083 4.346 4.37877 4.4093 4.43773 4.46419 4.48882 4.51173 4.53304 4.55285 4.57127 4.58839 4.6043 4.61907 4.6328 4.64555 4.65739 4.66838 4.67858 4.68806 4.69685 4.70501 4.71258 4.71961 4.72612 4.73217 4.73782 4.74309 4.74797 4.75251 4.75671 4.76061 4.76422 4.76758 4.77069 4.77357 4.77625 4.77873 4.78103 4.78316 4.78513 4.78697 4.78867 4.79024 4.7917 4.79306 4.79431 4.79548 4.79656 4.79756 4.79848 4.79934 4.80014 4.80088 4.80156 4.8022 4.80312
 0 1.95863e-05 9.9009e-05 0.00146314 0.0111069 0.0489136 0.141527 0.297185 0.489383 0.672601 0.813202 0.903587 0.954098 0.979435 0.991136 0.996199 0.998263 0.999039 0.99928 0.999304 0.999238 0.999137 0.999023 0.998904 0.998784 0.998667 0.998553 0.998442 0.998335 0.998233 0.998136 0.998043 0.997955 0.997872 0.997793 0.997718 0.997648 0.997582 0.99752 0.997461 0.997407 0.997356 0.997308 0.997263 0.997221 0.997182 0.997146 0.997112 0.99708 0.99705 0.997023 0.996997 0.996973 0.996951 0.99693 0.996911 0.996893 0.996877 0.996861 0.996847 0.996834 0.996821 0.99681 0.996799 0.996789 0.99678 0.996771 0.996763 0.996756 0.996749 0.996743 0.996737 0.996731 0.996726 0.996721 0.996717 0.996713 0.996709 0.996706 0.996702 0.996699 0.996697 0.996694 0.996692 0.996689 0.996687 0.996685 0.996683 0.996682 0.99668 0.996679 0.996678 0.996676 0.996675 0.996674 0.996673 0.996672 0.996671 0.996671 0.99667 0.996669
 #wt and selex for gender,fleet: 1 7 7_WA_REC
 0.00896707 0.00912064 0.0354113 0.0875094 0.163255 0.259189 0.37009 0.491041 0.618012 0.747984 0.879018 1.01045 1.14284 1.27744 1.41538 1.55709 1.70211 1.84927 1.99704 2.14384 2.2883 2.4293 2.566 2.69783 2.82441 2.9455 3.06098 3.17082 3.27507 3.3738 3.46714 3.55524 3.63827 3.71642 3.78988 3.85886 3.92357 3.98422 4.041 4.09414 4.14381 4.19023 4.23357 4.27402 4.31175 4.34693 4.37971 4.41025 4.43869 4.46516 4.48979 4.51271 4.53403 4.55384 4.57227 4.58939 4.6053 4.62008 4.63381 4.64656 4.65841 4.6694 4.67961 4.68908 4.69788 4.70604 4.71361 4.72064 4.72716 4.73321 4.73886 4.74413 4.74902 4.75355 4.75776 4.76166 4.76528 4.76863 4.77175 4.77463 4.77731 4.77979 4.78209 4.78422 4.7862 4.78803 4.78973 4.79131 4.79277 4.79412 4.79538 4.79655 4.79762 4.79863 4.79955 4.80041 4.80121 4.80195 4.80263 4.80327 4.8042
 0 1.74182e-06 8.95248e-06 0.00014747 0.0013473 0.00746588 0.0277795 0.0755498 0.160713 0.282012 0.425568 0.570951 0.699929 0.802236 0.876161 0.925659 0.956839 0.975565 0.98641 0.992526 0.995912 0.997765 0.998774 0.999322 0.999621 0.999786 0.999877 0.999928 0.999957 0.999974 0.999984 0.99999 0.999993 0.999995 0.999997 0.999998 0.999998 0.999999 0.999999 0.999999 0.999999 0.999999 0.999999 0.999999 0.999999 0.999999 0.999999 0.999999 0.999999 0.999999 0.999999 0.999999 0.999999 0.999999 0.999999 0.999999 0.999999 0.999999 0.999999 0.999999 0.999999 0.999999 0.999999 0.999999 0.999999 0.999999 0.999999 0.999999 0.999999 0.999999 0.999999 0.999999 0.999999 0.999999 0.999999 0.999999 0.999999 0.999999 0.999999 0.999999 0.999999 0.999999 0.999999 0.999999 0.999999 0.999999 0.999999 0.999999 0.999999 0.999999 0.999999 0.999999 0.999999 0.999999 0.999999 0.999999 0.999999 0.999999 0.999999 0.999999 0.999999
# Sex ratio correction
1
# M and current age-structure in year Yinit: 2011
 # gender = 1
 0.0439034 0.0439034 0.0439034 0.0439034 0.0439034 0.0439034 0.0439034 0.0439034 0.0439034 0.0439034 0.0439034 0.0439034 0.0439034 0.0439034 0.0439034 0.0439034 0.0439034 0.0439034 0.0439034 0.0439034 0.0439034 0.0439034 0.0439034 0.0439034 0.0439034 0.0439034 0.0439034 0.0439034 0.0439034 0.0439034 0.0439034 0.0439034 0.0439034 0.0439034 0.0439034 0.0439034 0.0439034 0.0439034 0.0439034 0.0439034 0.0439034 0.0439034 0.0439034 0.0439034 0.0439034 0.0439034 0.0439034 0.0439034 0.0439034 0.0439034 0.0439034 0.0439034 0.0439034 0.0439034 0.0439034 0.0439034 0.0439034 0.0439034 0.0439034 0.0439034 0.0439034 0.0439034 0.0439034 0.0439034 0.0439034 0.0439034 0.0439034 0.0439034 0.0439034 0.0439034 0.0439034 0.0439034 0.0439034 0.0439034 0.0439034 0.0439034 0.0439034 0.0439034 0.0439034 0.0439034 0.0439034 0.0439034 0.0439034 0.0439034 0.0439034 0.0439034 0.0439034 0.0439034 0.0439034 0.0439034 0.0439034 0.0439034 0.0439034 0.0439034 0.0439034 0.0439034 0.0439034 0.0439034 0.0439034 0.0439034 0.0439034
 238.684 291.644 293.284 363.898 208.054 191.846 110.133 67.9301 94.9484 229.303 65.2552 52.3731 94.1835 57.7816 35.7504 28.2993 28.0188 55.6196 62.448 28.2471 22.1742 22.9416 23.8192 24.4861 26.0703 26.383 31.6523 44.9172 24.8803 26.2563 18.7307 13.9748 10.6522 7.38095 8.57841 7.86206 8.02728 5.00017 4.07669 4.81641 7.47 4.66679 3.4967 2.95924 2.30621 1.94988 1.54673 1.26438 1.18657 1.2519 1.37145 1.39629 1.26282 1.09422 0.966412 0.88531 0.845672 0.843777 0.878997 0.954012 1.06787 1.19819 1.27506 1.21985 1.07002 0.917009 0.796303 0.708207 0.644824 0.597952 0.562198 0.534019 0.511231 0.492211 0.475377 0.459393 0.44328 0.426714 0.409865 0.393258 0.377442 0.362832 0.349533 0.337498 0.326398 0.315786 0.305569 0.2955 0.285395 0.275165 0.264793 0.254304 0.243773 0.233328 0.222992 0.212903 0.203143 0.193762 0.184788 0.176238 3.80552
# Age-structure at Ydeclare= 2013
 508.245 211.22 218.619 267.125 268.619 333.266 190.5 175.583 100.724 62.0653 86.6519 209.027 59.4237 47.6523 85.6378 52.5133 32.4797 25.7041 25.4451 50.5049 56.7011 25.6462 20.1317 20.8278 21.6241 22.229 23.6666 23.9497 28.7322 40.7718 22.5832 23.831 16.9998 12.6828 9.66702 6.69804 7.78445 7.1342 7.28393 4.53703 3.699 4.37009 6.77766 4.23418 3.17251 2.68483 2.09233 1.76903 1.40326 1.14708 1.07649 1.13575 1.24421 1.26673 1.14565 0.992689 0.876737 0.80316 0.767199 0.765479 0.79743 0.865484 0.968772 1.087 1.15674 1.10665 0.970725 0.83191 0.722406 0.642485 0.584984 0.542461 0.510025 0.484461 0.463788 0.446532 0.43126 0.41676 0.402142 0.387114 0.371828 0.356762 0.342414 0.32916 0.317095 0.306177 0.296107 0.28648 0.277211 0.268077 0.258909 0.249629 0.24022 0.230703 0.22115 0.211674 0.202297 0.193145 0.18429 0.17578 3.77988
# Year for Tmin Age-structure (set to Ydecl by SS)
2013
#  recruitment and biomass
# Number of historical assessment years
137
# Historical data
# year recruitment spawner in B0 in R project in R/S project
1888  1889 1890 1891 1892 1893 1894 1895 1896 1897 1898 1899 1900 1901 1902 1903 1904 1905 1906 1907 1908 1909 1910 1911 1912 1913 1914 1915 1916 1917 1918 1919 1920 1921 1922 1923 1924 1925 1926 1927 1928 1929 1930 1931 1932 1933 1934 1935 1936 1937 1938 1939 1940 1941 1942 1943 1944 1945 1946 1947 1948 1949 1950 1951 1952 1953 1954 1955 1956 1957 1958 1959 1960 1961 1962 1963 1964 1965 1966 1967 1968 1969 1970 1971 1972 1973 1974 1975 1976 1977 1978 1979 1980 1981 1982 1983 1984 1985 1986 1987 1988 1989 1990 1991 1992 1993 1994 1995 1996 1997 1998 1999 2000 2001 2002 2003 2004 2005 2006 2007 2008 2009 2010 2011 2012 2013 2014 2015 2016 2017 2018 2019 2020 2021 2022 2023 2024 #years (with first value representing R0)
227.992 231.075 231.184 231.295 231.411 231.525 231.64 231.76 231.892 232.03 232.174 232.325 232.482 232.65 232.825 233.005 233.198 233.406 233.628 233.875 234.146 234.44 234.759 235.098 235.455 235.811 236.143 236.411 236.565 236.545 236.272 235.632 234.635 233.204 231.317 228.996 226.295 223.31 220.191 217.104 214.09 211.394 209.147 207.29 205.688 204.069 202.148 199.712 196.758 193.505 190.405 187.963 186.67 186.927 189.209 194.274 203.231 217.694 238.849 265.529 288.365 287.082 256.89 217.969 185.356 162.533 148.459 141.556 140.951 146.303 157.455 172.642 181.245 168.9 146.127 131.1 132.002 152.206 180.334 199.69 238.767 261.329 320.779 468.317 272.883 206.717 224.706 316.662 269.745 253.733 186.612 228.387 252.27 282.938 330.172 259.474 388.238 227.223 158.245 131.815 105.548 88.6856 74.9009 64.4825 74.3335 150.93 125.043 59.1501 56.4737 67.7028 104.096 161.618 85.6829 101.853 341.704 135.181 92.4607 143.382 238.973 248.006 415.132 320.202 304.734 238.684 220.699 508.245 231.739 323.105 211.939 100.378 97.6123 110.563 111.761 148.639 166.471 171.038 190.792  #recruits; first value is R0 (virgin)
1155.8  1155.8 1155.8 1155.78 1155.75 1155.29 1154.83 1154.36 1154.21 1154.13 1154.05 1153.99 1153.91 1153.85 1153.8 1153.77 1153.77 1153.78 1153.83 1153.89 1153.98 1153.97 1154.09 1154.22 1154.36 1154.51 1154.67 1154.84 1154.94 1155.13 1155.16 1153.13 1152.71 1152.42 1152.21 1152.3 1152.33 1151.83 1150.99 1149.36 1147.03 1144.81 1143.06 1141 1139.96 1139.1 1138.23 1136.81 1135.35 1132.86 1130.58 1127.94 1125.83 1122.49 1117.52 1112.1 1102.05 1091.21 1075.01 1059.96 1052.58 1044.09 1037.3 1029.71 1020.45 1012.23 1005.8 998.205 991.048 983.941 975.866 968.67 962.802 958.326 955.883 952.825 951.28 950.896 940.594 937.104 931.6 925.553 910.21 899.429 885.408 868.17 849.535 829.105 809.056 786.236 763.793 728.771 692.05 664.216 628.888 571.779 523.285 495.18 457.948 428.228 400.552 377.008 347.351 326.174 291.293 260.086 230.475 215.197 200.051 183.547 164.142 158.491 148.447 150.24 151.336 157.567 163.952 170.519 177.05 183.865 190.146 196.782 203.37 210.714 218.402 226.466 235.494 245.537 256.122 268.031 280.234 294.176 309.51 327.284 346.672 366.426 387.007 #spbio; first value is SSB_virgin (virgin)
1 0 0 0 0 0 0 0 0 0 0 0 0 0 0 0 0 0 0 0 0 0 0 0 0 0 0 0 0 0 0 0 0 0 0 0 0 0 0 0 0 0 0 0 0 0 0 0 0 0 0 0 0 0 0 0 0 0 0 0 0 0 0 0 0 0 0 0 0 0 0 0 0 0 0 0 0 0 0 0 0 0 0 0 0 0 0 0 0 0 0 0 0 0 0 0 0 0 0 0 0 0 0 0 0 0 0 0 0 0 0 0 0 0 0 0 0 0 0 0 0 0 0 0 0 0 0 0 0 0 0 0 0 0 0 0 0  # in Bzero
0 1 1 1 1 1 1 1 1 1 1 1 1 1 1 1 1 1 1 1 1 1 1 1 1 1 1 1 1 1 1 1 1 1 1 1 1 1 1 1 1 1 1 1 1 1 1 1 1 1 1 1 1 1 1 1 1 1 1 1 1 1 1 1 1 1 1 1 1 1 1 1 1 1 1 1 1 1 1 1 1 1 1 1 1 1 1 1 1 1 1 1 1 1 1 1 1 1 1 1 1 1 1 1 1 1 1 1 1 1 1 1 1 1 1 1 1 1 1 1 1 1 1 1 1 1 1 1 1 1 1 1 1 1  0 0 0 # in R project
0 1 1 1 1 1 1 1 1 1 1 1 1 1 1 1 1 1 1 1 1 1 1 1 1 1 1 1 1 1 1 1 1 1 1 1 1 1 1 1 1 1 1 1 1 1 1 1 1 1 1 1 1 1 1 1 1 1 1 1 1 1 1 1 1 1 1 1 1 1 1 1 1 1 1 1 1 1 1 1 1 1 1 1 1 1 1 1 1 1 1 1 1 1 1 1 1 1 1 1 1 1 1 1 1 1 1 1 1 1 1 1 1 1 1 1 1 1 1 1 1 1 1 1 1 1 1 1 1 1 1 1 1 1  0 0 0 # in R/S project
# Number of years with pre-specified catches
0
# catches for years with pre-specified catches go next
# Number of future recruitments to override
-2
# Process for overiding (-1 for average otherwise index in data list)
# Which probability to product detailed results for (1=0.5; 2=0.6; etc.)
3
# Steepness sigma-R Auto-correlation
0.718 0.5 0
# Target SPR rate (FMSY Proxy); manually change to SPR_MSY if not using SPR_target
0.5
# Discount rate (for cumulative catch)
0.1
# Truncate the series when 0.4B0 is reached (1=Yes)
0
# Set F to FMSY once 0.4B0 is reached (1=Yes)
0
# Maximum possible F for projection (-1 to set to FMSY)
-1
# Defintion of recovery (1=now only;2=now or before)
2
# Projection type
4
# Definition of the 40-10 rule
10 40
# Sigma Assessment Error (Base, Year1, Slope, MaxSigma)
1.0 2025 0.075 2.0
# Pstar
0.45
# Constrain catches by the ABC (1=yes, 2=no)
2
# Implementation Error (0=no; 1=lognormal; 2=uniform)
0
#Parameters of Implementaion Error
1 0.3
# Calculate coefficients of variation (1=Yes)
0
# Number of replicates to use
10
# Random number seed
-99004
# File with multiple parameter vectors 
rebuild.SSO
# User-specific projection (1=Yes); Output replaced (1->9)
0  5
# Catches and Fs (Year; 1/2/3 (F or C or SPR); value); Final row is -1
2024 1 1
-1 -1 -1
# Fixed catch project (1=Yes); Output replaced (1->9); Approach (-1=Read in else 1-9)
0 2 -1
# (48a) Special catch options (1-Yes) [CUT_OFF, Emsy, distribution, MAXCAT, Add, replace_code]
0 0.18 1.00 1.00 0 6
# (48b) B1Target
150000
# Split of Fs
2011  0.0177524
 0
 0.418324
 0.0227809
 0.183256
 0.188051
 0.169836
-1  1 1 1 1 1 1 1 1 1 1 1 1
# Yrs to define T_target for projection type 4 (a.k.a. 5 pre-specified inputs)
2030 2031 2032 2033 2034 
# Year for probability of recovery
2034 2035 2036 2037 2038 2039 2040 2041
# Time varying weight-at-age (1=Yes;0=No)
0
# File with time series of weight-at-age data
none
# Use bisection (0) or linear interpolation (1)
1
# Target Depletion
0.4
# CV of implementation error
0
