#Title, #runnumber: 1 yelloweye_data.ss yelloweye_control.ss 5807.21 1067.51 392.133 StartTime: Mon Apr 14 22:16:25 2025
SSv3_default_rebuild.dat
# Number of sexes
1
# Age range to consider (minimum age; maximum age)
0 100
# Number of fleets
7
# First year of projection (Yinit)
2011
# First Year of rebuilding period (Ydecl)
2013
# Number of simulations
1000
# Maximum number of years
500
# Conduct projections with multiple starting values (0=No;else yes)
0
# Number of parameter vectors
1000
# Is the maximum age a plus-group (1=Yes;2=No)
1
# Generate future recruitments using historical recruitments (1)  historical recruits/spawner (2)  or a stock-recruitment (3)
3
# Constant fishing mortality (1) or constant Catch (2) projections
1
# Fishing mortality based on SPR (1) or actual rate (2)
1
# Pre-specify the year of recovery (or -1) to ignore
-1
# Fecundity-at-age
# 0 1 2 3 4 5 6 7 8 9 10 11 12 13 14 15 16 17 18 19 20 21 22 23 24 25 26 27 28 29 30 31 32 33 34 35 36 37 38 39 40 41 42 43 44 45 46 47 48 49 50 51 52 53 54 55 56 57 58 59 60 61 62 63 64 65 66 67 68 69 70 71 72 73 74 75 76 77 78 79 80 81 82 83 84 85 86 87 88 89 90 91 92 93 94 95 96 97 98 99 100 #runnumber: 1 yelloweye_data.ss yelloweye_control.ss 5807.21 1067.51 392.133
 0 0 3.25568e-08 4.06274e-07 3.62018e-06 2.48862e-05 0.000136759 0.000604909 0.00214711 0.0061625 0.0146212 0.0295236 0.0522322 0.0830672 0.121315 0.165538 0.213987 0.264947 0.316959 0.368907 0.420017 0.469802 0.517989 0.564453 0.609161 0.65213 0.693401 0.733026 0.771055 0.807535 0.842509 0.876017 0.908096 0.938779 0.968101 0.996097 1.0228 1.04825 1.07248 1.09553 1.11743 1.13823 1.15797 1.17669 1.19442 1.21121 1.2271 1.24213 1.25633 1.26974 1.28241 1.29436 1.30564 1.31627 1.3263 1.33574 1.34464 1.35301 1.3609 1.36832 1.3753 1.38186 1.38804 1.39384 1.3993 1.40443 1.40925 1.41378 1.41803 1.42202 1.42578 1.42939 1.43278 1.43597 1.43896 1.44176 1.44439 1.44687 1.44918 1.45136 1.4534 1.45532 1.45711 1.4588 1.46038 1.46186 1.46325 1.46455 1.46578 1.46692 1.468 1.46901 1.46995 1.47084 1.47167 1.47245 1.47318 1.47386 1.47451 1.47511 1.47605 #female fecundity; weighted by N in year Y_init across morphs and areas
# Age specific selectivity and weight adjusted for discard and discard mortality
 #wt and selex for gender,fleet: 1 1 1_CA_TWL
 0.0111858 0.023456 0.0627932 0.120975 0.197524 0.289538 0.393638 0.506717 0.626185 0.750005 0.876678 1.00521 1.13508 1.26615 1.39849 1.53225 1.66751 1.80417 1.9419 2.08019 2.2184 2.35577 2.49158 2.62511 2.75576 2.88302 3.0065 3.12589 3.24099 3.35167 3.45787 3.55956 3.65678 3.74957 3.83803 3.92225 4.00233 4.07842 4.15063 4.21911 4.284 4.34543 4.40356 4.45853 4.51048 4.55954 4.60586 4.64956 4.69078 4.72964 4.76626 4.80076 4.83325 4.86384 4.89263 4.91972 4.9452 4.96917 4.9917 5.01288 5.03279 5.05149 5.06907 5.08558 5.10109 5.11565 5.12932 5.14216 5.15422 5.16553 5.17625 5.18641 5.19594 5.20488 5.21328 5.22115 5.22854 5.23547 5.24197 5.24806 5.25378 5.25914 5.26417 5.26889 5.27331 5.27746 5.28135 5.28499 5.28841 5.29162 5.29463 5.29744 5.30008 5.30256 5.30488 5.30706 5.3091 5.31101 5.31281 5.31449 5.31713
 0 0.000767159 0.0028585 0.00922825 0.0240548 0.0523152 0.0980379 0.162682 0.244445 0.338673 0.439027 0.538866 0.632428 0.715573 0.786035 0.843255 0.887972 0.921734 0.946446 0.964038 0.976253 0.98455 0.990076 0.993695 0.99603 0.997518 0.998456 0.999043 0.999408 0.999633 0.999773 0.999858 0.999911 0.999944 0.999964 0.999977 0.999985 0.999989 0.999993 0.999995 0.999996 0.999997 0.999997 0.999997 0.999998 0.999998 0.999998 0.999998 0.999998 0.999998 0.999998 0.999998 0.999998 0.999998 0.999998 0.999998 0.999998 0.999998 0.999998 0.999998 0.999998 0.999998 0.999998 0.999998 0.999998 0.999998 0.999998 0.999998 0.999998 0.999998 0.999997 0.999997 0.999997 0.999997 0.999997 0.999997 0.999997 0.999997 0.999997 0.999997 0.999997 0.999997 0.999997 0.999997 0.999997 0.999997 0.999997 0.999997 0.999997 0.999997 0.999997 0.999997 0.999997 0.999997 0.999997 0.999997 0.999997 0.999997 0.999997 0.999997 0.999997
 #wt and selex for gender,fleet: 1 3 3_CA_REC
 0.0110839 0.0218276 0.0568254 0.109433 0.179166 0.263797 0.360576 0.46686 0.580361 0.699256 0.822258 0.948631 1.0781 1.21066 1.34631 1.48492 1.6261 1.76919 1.91335 2.05764 2.2011 2.34288 2.4822 2.61844 2.75111 2.87983 3.00434 3.12444 3.24003 3.35104 3.45745 3.55929 3.6566 3.74946 3.83796 3.9222 4.0023 4.0784 4.15062 4.2191 4.28399 4.34543 4.40356 4.45853 4.51048 4.55954 4.60586 4.64956 4.69078 4.72964 4.76626 4.80076 4.83326 4.86384 4.89263 4.91972 4.9452 4.96917 4.9917 5.01288 5.03279 5.05149 5.06907 5.08558 5.10109 5.11565 5.12933 5.14216 5.15422 5.16553 5.17625 5.18641 5.19594 5.20488 5.21328 5.22115 5.22854 5.23547 5.24197 5.24806 5.25378 5.25914 5.26417 5.26889 5.27331 5.27746 5.28135 5.285 5.28841 5.29162 5.29463 5.29744 5.30009 5.30256 5.30488 5.30706 5.3091 5.31101 5.31281 5.31449 5.31713
 0 0.00602179 0.0161352 0.0386627 0.0787371 0.13962 0.220869 0.318184 0.424558 0.53202 0.633285 0.722925 0.797895 0.857439 0.902562 0.935331 0.958228 0.973681 0.983788 0.990215 0.9942 0.996616 0.998052 0.998892 0.999375 0.99965 0.999805 0.999892 0.99994 0.999966 0.999981 0.999989 0.999994 0.999996 0.999998 0.999999 0.999999 0.999999 0.999999 0.999999 0.999999 0.999999 0.999999 0.999999 0.999999 0.999999 0.999999 0.999999 0.999999 0.999999 0.999999 0.999999 0.999999 0.999999 0.999999 0.999999 0.999999 0.999999 0.999999 0.999999 0.999999 0.999999 0.999999 0.999999 0.999999 0.999999 0.999999 0.999999 0.999999 0.999999 0.999999 0.999999 0.999999 0.999999 0.999999 0.999999 0.999999 0.999999 0.999999 0.999999 0.999999 0.999999 0.999999 0.999999 0.999999 0.999999 0.999999 0.999999 0.999999 0.999999 0.999999 0.999999 0.999999 0.999999 0.999999 0.999999 0.999999 0.999999 0.999999 0.999999 0.999999
 #wt and selex for gender,fleet: 1 4 4_ORWA_TWL
 0.0109897 0.0202933 0.0509979 0.0991644 0.164938 0.247155 0.343902 0.452985 0.572213 0.699544 0.833147 0.971415 1.11296 1.2566 1.40133 1.54632 1.69088 1.83445 1.97658 2.1169 2.25509 2.39086 2.52395 2.65412 2.78113 2.90476 3.0248 3.14109 3.25347 3.36182 3.46606 3.56614 3.66204 3.75377 3.84138 3.92491 4.00446 4.08012 4.15199 4.22021 4.28488 4.34615 4.40415 4.45901 4.51087 4.55987 4.60613 4.64979 4.69098 4.72981 4.76641 4.80089 4.83336 4.86394 4.89271 4.91979 4.94527 4.96922 4.99175 5.01292 5.03283 5.05153 5.0691 5.08561 5.10112 5.11568 5.12935 5.14219 5.15424 5.16555 5.17627 5.18643 5.19596 5.2049 5.21329 5.22117 5.22855 5.23548 5.24198 5.24808 5.2538 5.25916 5.26419 5.2689 5.27333 5.27747 5.28136 5.28501 5.28843 5.29163 5.29464 5.29746 5.3001 5.30258 5.3049 5.30707 5.30911 5.31103 5.31282 5.3145 5.31714
 0 0.0134044 0.0258807 0.0464896 0.0764879 0.116558 0.166371 0.224648 0.289402 0.358265 0.428788 0.498693 0.566032 0.629274 0.687325 0.739512 0.785533 0.825396 0.859353 0.887828 0.911361 0.930547 0.945993 0.958286 0.967967 0.975522 0.981368 0.98586 0.989291 0.991898 0.993871 0.99536 0.996482 0.997327 0.997962 0.99844 0.998801 0.999074 0.99928 0.999438 0.999558 0.99965 0.999721 0.999775 0.999818 0.999852 0.999878 0.999899 0.999915 0.999929 0.99994 0.999948 0.999955 0.999961 0.999966 0.99997 0.999973 0.999976 0.999979 0.999981 0.999982 0.999984 0.999985 0.999986 0.999987 0.999988 0.999989 0.999989 0.99999 0.99999 0.999991 0.999991 0.999991 0.999991 0.999991 0.999992 0.999992 0.999992 0.999992 0.999992 0.999992 0.999992 0.999992 0.999992 0.999992 0.999992 0.999993 0.999993 0.999993 0.999993 0.999993 0.999993 0.999993 0.999993 0.999993 0.999993 0.999993 0.999993 0.999993 0.999993 0.999993
 #wt and selex for gender,fleet: 1 5 5_ORWA_NONTWL
 0.0111009 0.0221298 0.0583963 0.113566 0.187635 0.278524 0.383396 0.499368 0.623817 0.754501 0.889567 1.02751 1.16713 1.3075 1.44789 1.58781 1.72687 1.86485 2.00155 2.13682 2.27048 2.40235 2.53219 2.65974 2.78472 2.90682 3.02577 3.1413 3.25319 3.36124 3.46533 3.56535 3.66126 3.75304 3.8407 3.92431 4.00393 4.07966 4.1516 4.21987 4.28459 4.3459 4.40394 4.45883 4.51072 4.55974 4.60602 4.6497 4.69089 4.72973 4.76634 4.80083 4.83331 4.86389 4.89267 4.91976 4.94523 4.96919 4.99172 5.0129 5.03281 5.05151 5.06909 5.0856 5.1011 5.11566 5.12934 5.14218 5.15423 5.16554 5.17626 5.18642 5.19595 5.20489 5.21329 5.22116 5.22855 5.23547 5.24197 5.24807 5.25379 5.25915 5.26418 5.2689 5.27332 5.27747 5.28136 5.285 5.28842 5.29163 5.29463 5.29745 5.30009 5.30257 5.30489 5.30707 5.30911 5.31102 5.31281 5.31449 5.31713
 0 0.00121178 0.00349308 0.00917255 0.0206444 0.040627 0.0714129 0.114227 0.168893 0.23387 0.306575 0.383845 0.462403 0.539232 0.611835 0.678366 0.73766 0.789184 0.832932 0.869301 0.898956 0.922715 0.94145 0.956014 0.967191 0.975673 0.982048 0.986799 0.990316 0.992905 0.994803 0.996189 0.997201 0.997938 0.998475 0.998868 0.999155 0.999365 0.99952 0.999635 0.99972 0.999784 0.999832 0.999868 0.999895 0.999917 0.999933 0.999945 0.999955 0.999963 0.999969 0.999974 0.999978 0.999981 0.999984 0.999986 0.999988 0.999989 0.999991 0.999992 0.999992 0.999993 0.999994 0.999994 0.999995 0.999995 0.999996 0.999996 0.999996 0.999996 0.999997 0.999997 0.999997 0.999997 0.999997 0.999997 0.999997 0.999997 0.999997 0.999997 0.999997 0.999997 0.999997 0.999997 0.999997 0.999997 0.999998 0.999998 0.999998 0.999998 0.999998 0.999998 0.999998 0.999998 0.999998 0.999998 0.999998 0.999998 0.999998 0.999998 0.999998
 #wt and selex for gender,fleet: 1 6 6_OR_REC
 0.011763 0.0310146 0.0816155 0.149659 0.23189 0.322766 0.418044 0.515258 0.613889 0.715096 0.820897 0.93325 1.0534 1.18158 1.31708 1.45847 1.60398 1.75183 1.90041 2.04837 2.19467 2.33849 2.47922 2.61638 2.74963 2.87871 3.00342 3.12364 3.23928 3.35031 3.45673 3.55856 3.65586 3.7487 3.83718 3.92141 4.0015 4.07758 4.14979 4.21826 4.28314 4.34457 4.40269 4.45766 4.5096 4.55865 4.60496 4.64866 4.68988 4.72873 4.76535 4.79985 4.83233 4.86292 4.89171 4.91879 4.94427 4.96823 4.99076 5.01194 5.03185 5.05055 5.06813 5.08464 5.10014 5.1147 5.12838 5.14122 5.15327 5.16458 5.1753 5.18545 5.19498 5.20392 5.21231 5.22018 5.22756 5.23449 5.24099 5.24708 5.2528 5.25816 5.26319 5.2679 5.27232 5.27647 5.28036 5.284 5.28742 5.29062 5.29363 5.29644 5.29908 5.30156 5.30388 5.30606 5.3081 5.31001 5.3118 5.31348 5.31612
 0 6.44603e-05 0.000784658 0.00570186 0.0251205 0.0752256 0.167948 0.300056 0.452855 0.602285 0.729883 0.827473 0.895669 0.939881 0.966781 0.982277 0.990776 0.99523 0.997456 0.998504 0.998951 0.999102 0.999109 0.999049 0.998958 0.998853 0.998744 0.998633 0.998524 0.998417 0.998313 0.998211 0.998114 0.99802 0.997929 0.997842 0.997759 0.99768 0.997604 0.997532 0.997464 0.997398 0.997337 0.997278 0.997222 0.99717 0.99712 0.997073 0.997028 0.996986 0.996947 0.996909 0.996874 0.996841 0.996809 0.99678 0.996752 0.996726 0.996701 0.996678 0.996656 0.996636 0.996616 0.996598 0.996581 0.996565 0.99655 0.996536 0.996523 0.996511 0.996499 0.996488 0.996477 0.996467 0.996458 0.996449 0.996441 0.996433 0.996426 0.996419 0.996413 0.996407 0.996402 0.996396 0.996392 0.996387 0.996383 0.996379 0.996375 0.996371 0.996368 0.996365 0.996362 0.996359 0.996357 0.996354 0.996352 0.99635 0.996348 0.996346 0.996343
 #wt and selex for gender,fleet: 1 7 7_WA_REC
 0.0117068 0.0305936 0.082686 0.155771 0.247522 0.352326 0.465189 0.582345 0.701227 0.820306 0.938967 1.05737 1.17623 1.29651 1.41915 1.54484 1.67387 1.80611 1.94103 2.07779 2.21537 2.35272 2.48883 2.62282 2.75395 2.88164 3.00548 3.12516 3.24047 3.35131 3.45762 3.55939 3.65666 3.7495 3.83798 3.92221 4.00231 4.0784 4.15062 4.2191 4.28399 4.34543 4.40356 4.45853 4.51048 4.55954 4.60586 4.64956 4.69078 4.72964 4.76626 4.80076 4.83326 4.86384 4.89263 4.91972 4.9452 4.96917 4.9917 5.01288 5.03279 5.05149 5.06907 5.08558 5.10109 5.11565 5.12933 5.14216 5.15422 5.16553 5.17625 5.18641 5.19594 5.20488 5.21328 5.22115 5.22854 5.23547 5.24197 5.24806 5.25378 5.25914 5.26417 5.26889 5.27331 5.27746 5.28135 5.285 5.28841 5.29162 5.29463 5.29744 5.30009 5.30256 5.30488 5.30706 5.3091 5.31101 5.31281 5.31449 5.31713
 0 7.83256e-06 9.45487e-05 0.000754422 0.00387756 0.0139922 0.0381939 0.0837272 0.154443 0.248522 0.358782 0.47508 0.58734 0.68784 0.772191 0.839157 0.889814 0.926553 0.952232 0.969607 0.981034 0.988364 0.992964 0.995798 0.997515 0.998542 0.99915 0.999506 0.999714 0.999834 0.999903 0.999944 0.999967 0.99998 0.999988 0.999993 0.999996 0.999997 0.999998 0.999999 0.999999 0.999999 0.999999 0.999999 0.999999 0.999999 0.999999 0.999999 0.999999 0.999999 0.999999 0.999999 0.999999 0.999999 0.999999 0.999999 0.999999 0.999999 0.999999 0.999999 0.999999 0.999999 0.999999 0.999999 0.999999 0.999999 0.999999 0.999999 0.999999 0.999999 0.999999 0.999999 0.999999 0.999999 0.999999 0.999999 0.999999 0.999999 0.999999 0.999999 0.999999 0.999999 0.999999 0.999999 0.999999 0.999999 0.999999 0.999999 0.999999 0.999999 0.999999 0.999999 0.999999 0.999999 0.999999 0.999999 0.999999 0.999999 0.999999 0.999999 0.999999
# Sex ratio correction
1
# M and current age-structure in year Yinit: 2011
 # gender = 1
 0.0439034 0.0439034 0.0439034 0.0439034 0.0439034 0.0439034 0.0439034 0.0439034 0.0439034 0.0439034 0.0439034 0.0439034 0.0439034 0.0439034 0.0439034 0.0439034 0.0439034 0.0439034 0.0439034 0.0439034 0.0439034 0.0439034 0.0439034 0.0439034 0.0439034 0.0439034 0.0439034 0.0439034 0.0439034 0.0439034 0.0439034 0.0439034 0.0439034 0.0439034 0.0439034 0.0439034 0.0439034 0.0439034 0.0439034 0.0439034 0.0439034 0.0439034 0.0439034 0.0439034 0.0439034 0.0439034 0.0439034 0.0439034 0.0439034 0.0439034 0.0439034 0.0439034 0.0439034 0.0439034 0.0439034 0.0439034 0.0439034 0.0439034 0.0439034 0.0439034 0.0439034 0.0439034 0.0439034 0.0439034 0.0439034 0.0439034 0.0439034 0.0439034 0.0439034 0.0439034 0.0439034 0.0439034 0.0439034 0.0439034 0.0439034 0.0439034 0.0439034 0.0439034 0.0439034 0.0439034 0.0439034 0.0439034 0.0439034 0.0439034 0.0439034 0.0439034 0.0439034 0.0439034 0.0439034 0.0439034 0.0439034 0.0439034 0.0439034 0.0439034 0.0439034 0.0439034 0.0439034 0.0439034 0.0439034 0.0439034 0.0439034
 205.983 208.266 189.627 243.656 156.217 118.233 88.4761 66.0781 137.829 256.435 96.3185 68.8027 124.893 65.8938 38.2745 31.0454 31.1129 62.0017 80.2705 31.8414 23.8701 24.9744 27.2099 27.8682 28.033 26.9901 30.6937 37.1907 29.1141 32.6925 22.3363 15.0499 10.4633 8.06851 8.56103 7.93862 7.49583 4.72785 4.38038 5.23234 8.10413 5.43671 4.04369 2.95992 2.23915 1.80875 1.37828 1.11594 1.04974 1.11802 1.25151 1.32942 1.24988 1.08469 0.930495 0.820879 0.759963 0.742428 0.763392 0.820887 0.909071 1.00363 1.04936 0.999446 0.885062 0.767045 0.670878 0.598506 0.545154 0.504842 0.473483 0.448275 0.427472 0.409715 0.393548 0.377687 0.361248 0.344104 0.326686 0.309735 0.293913 0.279622 0.266936 0.25577 0.245864 0.236904 0.228605 0.22073 0.213084 0.205545 0.198039 0.190529 0.18302 0.175574 0.168182 0.160813 0.153666 0.146772 0.140152 0.133822 2.93646
# Age-structure at Ydeclare= 2013
 111.966 103.853 188.666 190.753 173.673 223.132 143.026 108.208 80.9289 60.3985 125.881 234.014 87.8297 62.6966 113.745 59.985 34.8304 28.2446 28.3007 56.3903 72.9991 28.9552 21.7055 22.7091 24.7411 25.3392 25.4885 24.5398 27.9064 33.8126 26.4688 29.7212 20.3056 13.6813 9.51153 7.33441 7.78194 7.21602 6.8134 4.29733 3.98143 4.7557 7.36574 4.94126 3.67512 2.69009 2.03499 1.64382 1.25259 1.01415 0.953985 1.01603 1.13734 1.20813 1.13584 0.985717 0.845591 0.745975 0.690616 0.67468 0.69373 0.745977 0.826114 0.912045 0.953597 0.908238 0.804292 0.697044 0.609653 0.543885 0.495402 0.458768 0.430272 0.407364 0.388459 0.372322 0.357631 0.343217 0.328279 0.3127 0.296871 0.281467 0.267089 0.254103 0.242574 0.232427 0.223426 0.215284 0.207742 0.200586 0.193638 0.186787 0.179966 0.173141 0.166318 0.159551 0.152833 0.146137 0.139642 0.133378 2.91746
# Year for Tmin Age-structure (set to Ydecl by SS)
2013
#  recruitment and biomass
# Number of historical assessment years
137
# Historical data
# year recruitment spawner in B0 in R project in R/S project
1888  1889 1890 1891 1892 1893 1894 1895 1896 1897 1898 1899 1900 1901 1902 1903 1904 1905 1906 1907 1908 1909 1910 1911 1912 1913 1914 1915 1916 1917 1918 1919 1920 1921 1922 1923 1924 1925 1926 1927 1928 1929 1930 1931 1932 1933 1934 1935 1936 1937 1938 1939 1940 1941 1942 1943 1944 1945 1946 1947 1948 1949 1950 1951 1952 1953 1954 1955 1956 1957 1958 1959 1960 1961 1962 1963 1964 1965 1966 1967 1968 1969 1970 1971 1972 1973 1974 1975 1976 1977 1978 1979 1980 1981 1982 1983 1984 1985 1986 1987 1988 1989 1990 1991 1992 1993 1994 1995 1996 1997 1998 1999 2000 2001 2002 2003 2004 2005 2006 2007 2008 2009 2010 2011 2012 2013 2014 2015 2016 2017 2018 2019 2020 2021 2022 2023 2024 #years (with first value representing R0)
206.098 205.696 205.685 205.675 205.665 205.647 205.629 205.61 205.597 205.586 205.574 205.564 205.549 205.538 205.53 205.514 205.499 205.49 205.486 205.497 205.515 205.536 205.565 205.596 205.626 205.632 205.594 205.471 205.229 204.822 204.022 202.899 201.488 199.752 197.711 195.425 192.972 190.459 188.029 185.832 184.022 182.742 182.067 181.941 182.22 182.597 182.686 182.141 180.839 178.951 176.951 175.39 174.775 175.467 177.877 182.66 190.732 203.359 221.176 242.764 260.753 260.38 236.815 203.944 175.062 154.72 142.956 138.966 142.468 153.162 169.171 184.473 185.391 164.579 138.308 121.806 121.022 139.1 169.064 192.755 233.215 289.629 351.474 469.356 269.441 199.087 188.301 259.808 237.831 220.202 176.995 194.508 235.73 293.454 359.196 267.317 285.855 198.35 147.748 131.259 112.918 96.6368 78.8204 67.8494 82.5861 192.256 138.542 65.3708 61.6962 72.2147 118.336 213.794 112.379 150.202 382.005 196.231 89.953 115.204 147.292 186.224 277.966 207.031 217.613 205.983 108.514 111.966 117.21 137.297 155.529 159.188 162.493 165.497 168.007 170.181 172.02 173.528 174.835  #recruits; first value is R0 (virgin)
1067.51  1067.51 1067.5 1067.49 1067.46 1067 1066.54 1066.07 1065.92 1065.84 1065.76 1065.68 1065.57 1065.45 1065.31 1065.15 1064.97 1064.75 1064.53 1064.29 1064.02 1063.62 1063.32 1063 1062.66 1062.3 1061.93 1061.54 1061.07 1060.65 1060.06 1057.4 1056.32 1055.36 1054.45 1053.82 1053.1 1051.83 1050.2 1047.75 1044.57 1041.48 1038.83 1035.83 1033.84 1031.99 1030.12 1027.68 1025.2 1021.71 1018.46 1014.89 1011.93 1007.8 1002.15 996.165 985.664 974.512 958.162 943.194 936.1 928.345 922.365 915.681 907.494 900.598 895.549 889.519 883.922 878.357 871.707 865.809 860.989 857.311 855.468 852.964 852.178 852.711 843.595 841.822 838.398 834.675 822.385 814.966 804.287 790.324 775.315 758.268 741.29 721.418 701.718 669.376 635.309 609.727 576.636 523.21 495.82 475.317 449.318 427.955 400.998 377.072 347.293 326.445 290.3 258.085 227.517 211.138 195.115 177.804 157.809 151.434 141.38 143.949 145.631 152.619 159.776 167.353 174.996 183.114 190.816 199.11 207.496 216.697 226.569 237.007 248.49 260.74 273.396 286.719 299.443 312.716 325.876 339.926 353.923 366.552 378.297 #spbio; first value is SSB_virgin (virgin)
1 0 0 0 0 0 0 0 0 0 0 0 0 0 0 0 0 0 0 0 0 0 0 0 0 0 0 0 0 0 0 0 0 0 0 0 0 0 0 0 0 0 0 0 0 0 0 0 0 0 0 0 0 0 0 0 0 0 0 0 0 0 0 0 0 0 0 0 0 0 0 0 0 0 0 0 0 0 0 0 0 0 0 0 0 0 0 0 0 0 0 0 0 0 0 0 0 0 0 0 0 0 0 0 0 0 0 0 0 0 0 0 0 0 0 0 0 0 0 0 0 0 0 0 0 0 0 0 0 0 0 0 0 0 0 0 0  # in Bzero
0 1 1 1 1 1 1 1 1 1 1 1 1 1 1 1 1 1 1 1 1 1 1 1 1 1 1 1 1 1 1 1 1 1 1 1 1 1 1 1 1 1 1 1 1 1 1 1 1 1 1 1 1 1 1 1 1 1 1 1 1 1 1 1 1 1 1 1 1 1 1 1 1 1 1 1 1 1 1 1 1 1 1 1 1 1 1 1 1 1 1 1 1 1 1 1 1 1 1 1 1 1 1 1 1 1 1 1 1 1 1 1 1 1 1 1 1 1 1 1 1 1 1 1 1 1 1 1 1 1 1 1 1 1  0 0 0 # in R project
0 1 1 1 1 1 1 1 1 1 1 1 1 1 1 1 1 1 1 1 1 1 1 1 1 1 1 1 1 1 1 1 1 1 1 1 1 1 1 1 1 1 1 1 1 1 1 1 1 1 1 1 1 1 1 1 1 1 1 1 1 1 1 1 1 1 1 1 1 1 1 1 1 1 1 1 1 1 1 1 1 1 1 1 1 1 1 1 1 1 1 1 1 1 1 1 1 1 1 1 1 1 1 1 1 1 1 1 1 1 1 1 1 1 1 1 1 1 1 1 1 1 1 1 1 1 1 1 1 1 1 1 1 1  0 0 0 # in R/S project
# Number of years with pre-specified catches
0
# catches for years with pre-specified catches go next
# Number of future recruitments to override
-2
# Process for overiding (-1 for average otherwise index in data list)
# Which probability to product detailed results for (1=0.5; 2=0.6; etc.)
3
# Steepness sigma-R Auto-correlation
0.718 0.5 0
# Target SPR rate (FMSY Proxy); manually change to SPR_MSY if not using SPR_target
0.5
# Discount rate (for cumulative catch)
0.1
# Truncate the series when 0.4B0 is reached (1=Yes)
0
# Set F to FMSY once 0.4B0 is reached (1=Yes)
0
# Maximum possible F for projection (-1 to set to FMSY)
-1
# Defintion of recovery (1=now only;2=now or before)
2
# Projection type
4
# Definition of the 40-10 rule
10 40
# Sigma Assessment Error (Base, Year1, Slope, MaxSigma)
1.0 2025 0.075 2.0
# Pstar
0.45
# Constrain catches by the ABC (1=yes, 2=no)
2
# Implementation Error (0=no; 1=lognormal; 2=uniform)
0
#Parameters of Implementaion Error
1 0.3
# Calculate coefficients of variation (1=Yes)
0
# Number of replicates to use
10
# Random number seed
-99004
# File with multiple parameter vectors 
rebuild.SSO
# User-specific projection (1=Yes); Output replaced (1->9)
0  5
# Catches and Fs (Year; 1/2/3 (F or C or SPR); value); Final row is -1
2024 1 1
-1 -1 -1
# Fixed catch project (1=Yes); Output replaced (1->9); Approach (-1=Read in else 1-9)
0 2 -1
# (48a) Special catch options (1-Yes) [CUT_OFF, Emsy, distribution, MAXCAT, Add, replace_code]
0 0.18 1.00 1.00 0 6
# (48b) B1Target
150000
# Split of Fs
2011  0.0163023
 0
 0.382689
 0.0252407
 0.181223
 0.194085
 0.20046
-1  1 1 1 1 1 1 1 1 1 1 1 1
# Yrs to define T_target for projection type 4 (a.k.a. 5 pre-specified inputs)
2030 2031 2032 2033 2034 
# Year for probability of recovery
2034 2035 2036 2037 2038 2039 2040 2041
# Time varying weight-at-age (1=Yes;0=No)
0
# File with time series of weight-at-age data
none
# Use bisection (0) or linear interpolation (1)
1
# Target Depletion
0.4
# CV of implementation error
0
