#Title, #runnumber: 1 yelloweye_data.ss yelloweye_control.ss 5735.95 1093.21 401.7 StartTime: Tue May 13 16:15:27 2025
SSv3_default_rebuild.dat
# Number of sexes
1
# Age range to consider (minimum age; maximum age)
0 100
# Number of fleets
7
# First year of projection (Yinit)
2011
# First Year of rebuilding period (Ydecl)
2013
# Number of simulations
1000
# Maximum number of years
500
# Conduct projections with multiple starting values (0=No;else yes)
0
# Number of parameter vectors
1000
# Is the maximum age a plus-group (1=Yes;2=No)
1
# Generate future recruitments using historical recruitments (1)  historical recruits/spawner (2)  or a stock-recruitment (3)
3
# Constant fishing mortality (1) or constant Catch (2) projections
1
# Fishing mortality based on SPR (1) or actual rate (2)
1
# Pre-specify the year of recovery (or -1) to ignore
-1
# Fecundity-at-age
# 0 1 2 3 4 5 6 7 8 9 10 11 12 13 14 15 16 17 18 19 20 21 22 23 24 25 26 27 28 29 30 31 32 33 34 35 36 37 38 39 40 41 42 43 44 45 46 47 48 49 50 51 52 53 54 55 56 57 58 59 60 61 62 63 64 65 66 67 68 69 70 71 72 73 74 75 76 77 78 79 80 81 82 83 84 85 86 87 88 89 90 91 92 93 94 95 96 97 98 99 100 #runnumber: 1 yelloweye_data.ss yelloweye_control.ss 5735.95 1093.21 401.7
 0 0 3.15869e-08 3.97391e-07 3.56218e-06 2.4601e-05 0.000135697 0.000602039 0.00214199 0.00615835 0.0146284 0.0295601 0.0523199 0.0832261 0.121558 0.16587 0.214404 0.265441 0.317516 0.369514 0.420662 0.470473 0.518677 0.565151 0.609861 0.652827 0.69409 0.733702 0.771714 0.808173 0.843123 0.876603 0.90865 0.939299 0.968585 0.996542 1.0232 1.04861 1.07279 1.0958 1.11765 1.13841 1.1581 1.17677 1.19445 1.21119 1.22703 1.24201 1.25616 1.26953 1.28215 1.29406 1.30529 1.31588 1.32586 1.33527 1.34412 1.35246 1.36031 1.36769 1.37463 1.38117 1.38731 1.39308 1.39851 1.40361 1.4084 1.4129 1.41712 1.42109 1.42482 1.42841 1.43178 1.43494 1.43791 1.4407 1.44331 1.44576 1.44807 1.45023 1.45225 1.45415 1.45593 1.4576 1.45917 1.46064 1.46202 1.46331 1.46452 1.46566 1.46673 1.46772 1.46866 1.46954 1.47036 1.47113 1.47186 1.47254 1.47317 1.47377 1.4747 #female fecundity; weighted by N in year Y_init across morphs and areas
# Age specific selectivity and weight adjusted for discard and discard mortality
 #wt and selex for gender,fleet: 1 1 1_CA_TWL
 0.0111306 0.0232445 0.0627581 0.121174 0.197994 0.290231 0.394441 0.50748 0.626749 0.750225 0.876442 1.00447 1.13385 1.26452 1.39663 1.53034 1.66574 1.80269 1.94083 2.0796 2.2183 2.35614 2.49236 2.62623 2.75715 2.88462 3.00822 3.12769 3.24282 3.35349 3.45965 3.56129 3.65842 3.75112 3.83947 3.92356 4.00353 4.07948 4.15155 4.21989 4.28463 4.34592 4.40391 4.45873 4.51053 4.55945 4.60562 4.64918 4.69026 4.72899 4.76548 4.79984 4.83221 4.86267 4.89134 4.91831 4.94367 4.96753 4.98995 5.01103 5.03084 5.04945 5.06693 5.08335 5.09877 5.11325 5.12684 5.13961 5.15158 5.16283 5.17348 5.18357 5.19304 5.20192 5.21026 5.21808 5.22541 5.23229 5.23874 5.24479 5.25047 5.25579 5.26078 5.26545 5.26984 5.27395 5.27781 5.28143 5.28482 5.28799 5.29097 5.29376 5.29638 5.29883 5.30113 5.30329 5.30531 5.30721 5.30898 5.31064 5.31325
 0 0.000701356 0.00268775 0.00890248 0.0236438 0.0521049 0.0985275 0.164455 0.24797 0.344144 0.44629 0.547463 0.641718 0.724885 0.79479 0.851046 0.894581 0.927111 0.950662 0.967238 0.978615 0.98625 0.991273 0.994522 0.996592 0.997895 0.998707 0.999208 0.999515 0.999703 0.999818 0.999888 0.99993 0.999956 0.999972 0.999982 0.999988 0.999992 0.999994 0.999996 0.999996 0.999997 0.999997 0.999998 0.999998 0.999998 0.999998 0.999998 0.999998 0.999998 0.999998 0.999998 0.999998 0.999998 0.999998 0.999998 0.999998 0.999998 0.999998 0.999998 0.999998 0.999998 0.999998 0.999998 0.999998 0.999998 0.999998 0.999997 0.999997 0.999997 0.999997 0.999997 0.999997 0.999997 0.999997 0.999997 0.999997 0.999997 0.999997 0.999997 0.999997 0.999997 0.999997 0.999997 0.999997 0.999997 0.999997 0.999997 0.999997 0.999997 0.999997 0.999997 0.999997 0.999997 0.999997 0.999997 0.999997 0.999997 0.999997 0.999997 0.999997
 #wt and selex for gender,fleet: 1 3 3_CA_REC
 0.0110254 0.0215341 0.0564255 0.108981 0.178719 0.263403 0.360262 0.466637 0.580231 0.699215 0.822305 0.948774 1.07836 1.21106 1.34688 1.48569 1.62708 1.77039 1.91475 2.05923 2.20285 2.34475 2.48417 2.62048 2.75319 2.88193 3.00643 3.1265 3.24204 3.35299 3.45932 3.56107 3.65828 3.75103 3.83941 3.92353 4.0035 4.07946 4.15154 4.21988 4.28463 4.34592 4.40391 4.45873 4.51053 4.55945 4.60562 4.64918 4.69027 4.72899 4.76548 4.79985 4.83221 4.86267 4.89134 4.91831 4.94367 4.96753 4.98995 5.01103 5.03084 5.04945 5.06693 5.08335 5.09877 5.11325 5.12684 5.13961 5.15159 5.16283 5.17348 5.18357 5.19304 5.20192 5.21026 5.21808 5.22541 5.23229 5.23874 5.24479 5.25047 5.25579 5.26078 5.26546 5.26984 5.27395 5.27781 5.28143 5.28482 5.28799 5.29097 5.29376 5.29638 5.29884 5.30114 5.30329 5.30531 5.30721 5.30898 5.31065 5.31325
 0 0.00591547 0.0159077 0.0383183 0.0783428 0.139308 0.220796 0.318471 0.425254 0.533086 0.634612 0.72437 0.79932 0.858735 0.903665 0.936218 0.958908 0.974181 0.984141 0.990457 0.99436 0.99672 0.998118 0.998933 0.9994 0.999665 0.999814 0.999897 0.999943 0.999968 0.999982 0.99999 0.999994 0.999997 0.999998 0.999999 0.999999 0.999999 0.999999 0.999999 0.999999 0.999999 0.999999 0.999999 0.999999 0.999999 0.999999 0.999999 0.999999 0.999999 0.999999 0.999999 0.999999 0.999999 0.999999 0.999999 0.999999 0.999999 0.999999 0.999999 0.999999 0.999999 0.999999 0.999999 0.999999 0.999999 0.999999 0.999999 0.999999 0.999999 0.999999 0.999999 0.999999 0.999999 0.999999 0.999999 0.999999 0.999999 0.999999 0.999999 0.999999 0.999999 0.999999 0.999999 0.999999 0.999999 0.999999 0.999999 0.999999 0.999999 0.999999 0.999999 0.999999 0.999999 0.999999 0.999999 0.999999 0.999999 0.999999 0.999999 0.999999
 #wt and selex for gender,fleet: 1 4 4_ORWA_TWL
 0.0109547 0.0203651 0.0519777 0.101217 0.168093 0.2512 0.348399 0.457351 0.575798 0.701697 0.833266 0.968985 1.10759 1.24806 1.38959 1.53158 1.67355 1.81514 1.95602 2.09586 2.2343 2.37098 2.50549 2.63743 2.76641 2.89208 3.01411 3.13226 3.24632 3.35614 3.46164 3.56276 3.65952 3.75194 3.84007 3.92401 4.00386 4.07972 4.15174 4.22003 4.28474 4.346 4.40397 4.45878 4.51057 4.55948 4.60565 4.6492 4.69028 4.729 4.76549 4.79985 4.83221 4.86268 4.89134 4.91831 4.94368 4.96753 4.98995 5.01103 5.03084 5.04945 5.06693 5.08335 5.09877 5.11325 5.12684 5.13961 5.15159 5.16283 5.17348 5.18357 5.19304 5.20192 5.21026 5.21808 5.22541 5.23229 5.23874 5.24479 5.25047 5.25579 5.26078 5.26545 5.26984 5.27395 5.27781 5.28143 5.28482 5.28799 5.29097 5.29376 5.29638 5.29883 5.30113 5.30329 5.30531 5.30721 5.30898 5.31064 5.31325
 0 0.0109288 0.0228017 0.0440582 0.0766761 0.121821 0.179184 0.247011 0.322471 0.402181 0.482694 0.560897 0.634255 0.700929 0.759793 0.810381 0.852772 0.887466 0.915243 0.93703 0.953798 0.966482 0.975927 0.982859 0.987885 0.991488 0.994048 0.995851 0.997114 0.997993 0.998604 0.999027 0.99932 0.999523 0.999664 0.999761 0.999829 0.999877 0.999911 0.999934 0.999951 0.999963 0.999972 0.999978 0.999983 0.999986 0.999989 0.999991 0.999992 0.999993 0.999994 0.999995 0.999995 0.999996 0.999996 0.999996 0.999996 0.999997 0.999997 0.999997 0.999997 0.999997 0.999997 0.999997 0.999997 0.999997 0.999997 0.999997 0.999997 0.999997 0.999997 0.999997 0.999997 0.999997 0.999997 0.999997 0.999997 0.999997 0.999997 0.999997 0.999997 0.999997 0.999997 0.999997 0.999997 0.999997 0.999997 0.999997 0.999997 0.999997 0.999997 0.999997 0.999997 0.999997 0.999997 0.999997 0.999997 0.999997 0.999997 0.999997 0.999997
 #wt and selex for gender,fleet: 1 5 5_ORWA_NONTWL
 0.0110447 0.0218772 0.0581571 0.113391 0.187561 0.278544 0.383459 0.499391 0.623706 0.754161 0.88891 1.02646 1.16564 1.30554 1.44548 1.58498 1.72372 1.86149 1.99812 2.13345 2.26731 2.39948 2.52971 2.65771 2.78314 2.9057 3.02508 3.14099 3.25321 3.36154 3.46584 3.56602 3.66204 3.75388 3.84157 3.92517 4.00475 4.08041 4.15227 4.22045 4.28507 4.34626 4.40418 4.45894 4.5107 4.55959 4.60573 4.64927 4.69034 4.72905 4.76553 4.79989 4.83224 4.8627 4.89136 4.91833 4.94369 4.96755 4.98997 5.01104 5.03085 5.04946 5.06694 5.08336 5.09878 5.11326 5.12685 5.13961 5.15159 5.16283 5.17349 5.18358 5.19305 5.20193 5.21026 5.21808 5.22542 5.23229 5.23875 5.2448 5.25047 5.25579 5.26078 5.26546 5.26985 5.27396 5.27782 5.28143 5.28482 5.288 5.29098 5.29377 5.29639 5.29884 5.30114 5.3033 5.30532 5.30721 5.30899 5.31065 5.31326
 0 0.00118229 0.00345526 0.00920014 0.0209183 0.0414593 0.073219 0.117451 0.17391 0.240907 0.315662 0.394808 0.474892 0.552776 0.625903 0.692431 0.751251 0.801918 0.844538 0.879618 0.907924 0.930355 0.947843 0.961279 0.971468 0.979106 0.984775 0.988947 0.991997 0.994212 0.995816 0.996972 0.997805 0.998404 0.998836 0.999146 0.999371 0.999534 0.999652 0.999738 0.999802 0.999849 0.999884 0.99991 0.999929 0.999944 0.999955 0.999964 0.999971 0.999976 0.99998 0.999984 0.999986 0.999988 0.99999 0.999991 0.999993 0.999993 0.999994 0.999995 0.999995 0.999996 0.999996 0.999997 0.999997 0.999997 0.999997 0.999998 0.999998 0.999998 0.999998 0.999998 0.999998 0.999998 0.999998 0.999998 0.999998 0.999998 0.999998 0.999998 0.999998 0.999998 0.999998 0.999998 0.999998 0.999998 0.999998 0.999998 0.999998 0.999999 0.999999 0.999999 0.999999 0.999999 0.999999 0.999999 0.999999 0.999999 0.999999 0.999999 0.999999
 #wt and selex for gender,fleet: 1 6 6_OR_REC
 0.0116699 0.0304873 0.0809891 0.148954 0.231188 0.32212 0.417482 0.514792 0.613529 0.71486 0.820812 0.93335 1.05371 1.18214 1.31788 1.45951 1.60525 1.7533 1.90204 2.05015 2.19656 2.34048 2.48127 2.61848 2.75175 2.88083 3.00552 3.12571 3.2413 3.35226 3.4586 3.56034 3.65754 3.75028 3.83864 3.92274 4.0027 4.07865 4.15072 4.21905 4.28378 4.34506 4.40304 4.45786 4.50965 4.55856 4.60473 4.64829 4.68936 4.72808 4.76456 4.79893 4.83129 4.86175 4.89041 4.91738 4.94275 4.9666 4.98902 5.01009 5.0299 5.04851 5.06599 5.08241 5.09783 5.11231 5.1259 5.13866 5.15064 5.16188 5.17253 5.18262 5.19208 5.20096 5.20929 5.21711 5.22444 5.23132 5.23777 5.24381 5.24949 5.2548 5.25979 5.26447 5.26885 5.27297 5.27682 5.28043 5.28382 5.287 5.28998 5.29277 5.29538 5.29784 5.30014 5.30229 5.30431 5.3062 5.30798 5.30964 5.31225
 0 6.31518e-05 0.000771984 0.00565044 0.0250122 0.0751202 0.167995 0.300396 0.453515 0.603161 0.730814 0.828318 0.89635 0.94038 0.967121 0.982493 0.990906 0.995304 0.997495 0.998524 0.99896 0.999104 0.999108 0.999047 0.998955 0.99885 0.99874 0.998629 0.99852 0.998413 0.998308 0.998207 0.99811 0.998015 0.997925 0.997838 0.997755 0.997676 0.9976 0.997528 0.99746 0.997395 0.997333 0.997275 0.997219 0.997167 0.997117 0.99707 0.997026 0.996984 0.996944 0.996907 0.996872 0.996838 0.996807 0.996778 0.99675 0.996724 0.9967 0.996677 0.996655 0.996634 0.996615 0.996597 0.99658 0.996564 0.99655 0.996536 0.996522 0.99651 0.996498 0.996487 0.996477 0.996467 0.996458 0.996449 0.996441 0.996433 0.996426 0.996419 0.996413 0.996407 0.996402 0.996397 0.996392 0.996387 0.996383 0.996379 0.996375 0.996372 0.996368 0.996365 0.996362 0.99636 0.996357 0.996355 0.996353 0.99635 0.996348 0.996347 0.996344
 #wt and selex for gender,fleet: 1 7 7_WA_REC
 0.0116589 0.0305809 0.0832113 0.15688 0.24912 0.354143 0.466877 0.583554 0.701654 0.81974 0.937329 1.05473 1.1728 1.29259 1.41508 1.54097 1.67048 1.80341 1.93911 2.07666 2.215 2.353 2.48964 2.62403 2.75546 2.88335 3.00731 3.12705 3.24237 3.35319 3.45945 3.56115 3.65833 3.75106 3.83943 3.92354 4.00351 4.07946 4.15154 4.21988 4.28463 4.34592 4.40391 4.45873 4.51053 4.55945 4.60562 4.64919 4.69027 4.72899 4.76548 4.79985 4.83221 4.86267 4.89134 4.91831 4.94367 4.96753 4.98995 5.01103 5.03084 5.04945 5.06693 5.08335 5.09877 5.11325 5.12684 5.13961 5.15159 5.16283 5.17348 5.18357 5.19304 5.20192 5.21026 5.21808 5.22541 5.23229 5.23874 5.24479 5.25047 5.25579 5.26078 5.26546 5.26984 5.27395 5.27781 5.28143 5.28482 5.28799 5.29097 5.29376 5.29638 5.29884 5.30114 5.30329 5.30531 5.30721 5.30898 5.31065 5.31325
 0 6.42098e-06 8.37201e-05 0.000707159 0.00377722 0.0139767 0.0387535 0.0857254 0.158829 0.255884 0.369041 0.487488 0.600747 0.701049 0.784243 0.849462 0.89815 0.932982 0.956989 0.973003 0.983383 0.989946 0.994004 0.996468 0.99794 0.998808 0.999314 0.999606 0.999774 0.999871 0.999926 0.999957 0.999975 0.999985 0.999991 0.999995 0.999997 0.999998 0.999998 0.999999 0.999999 0.999999 0.999999 0.999999 0.999999 0.999999 0.999999 0.999999 0.999999 0.999999 0.999999 0.999999 0.999999 0.999999 0.999999 0.999999 0.999999 0.999999 0.999999 0.999999 0.999999 0.999999 0.999999 0.999999 0.999999 0.999999 0.999999 0.999999 0.999999 0.999999 0.999999 0.999999 0.999999 0.999999 0.999999 0.999999 0.999999 0.999999 0.999999 0.999999 0.999999 0.999999 0.999999 0.999999 0.999999 0.999999 0.999999 0.999999 0.999999 0.999999 0.999999 0.999999 0.999999 0.999999 0.999999 0.999999 0.999999 0.999999 0.999999 0.999999 0.999999
# Sex ratio correction
1
# M and current age-structure in year Yinit: 2011
 # gender = 1
 0.0439034 0.0439034 0.0439034 0.0439034 0.0439034 0.0439034 0.0439034 0.0439034 0.0439034 0.0439034 0.0439034 0.0439034 0.0439034 0.0439034 0.0439034 0.0439034 0.0439034 0.0439034 0.0439034 0.0439034 0.0439034 0.0439034 0.0439034 0.0439034 0.0439034 0.0439034 0.0439034 0.0439034 0.0439034 0.0439034 0.0439034 0.0439034 0.0439034 0.0439034 0.0439034 0.0439034 0.0439034 0.0439034 0.0439034 0.0439034 0.0439034 0.0439034 0.0439034 0.0439034 0.0439034 0.0439034 0.0439034 0.0439034 0.0439034 0.0439034 0.0439034 0.0439034 0.0439034 0.0439034 0.0439034 0.0439034 0.0439034 0.0439034 0.0439034 0.0439034 0.0439034 0.0439034 0.0439034 0.0439034 0.0439034 0.0439034 0.0439034 0.0439034 0.0439034 0.0439034 0.0439034 0.0439034 0.0439034 0.0439034 0.0439034 0.0439034 0.0439034 0.0439034 0.0439034 0.0439034 0.0439034 0.0439034 0.0439034 0.0439034 0.0439034 0.0439034 0.0439034 0.0439034 0.0439034 0.0439034 0.0439034 0.0439034 0.0439034 0.0439034 0.0439034 0.0439034 0.0439034 0.0439034 0.0439034 0.0439034 0.0439034
 213.112 215.354 195.174 249.206 160.275 120.952 90.4831 67.7194 141.127 258.461 98.5606 70.3748 125.794 66.9631 38.9189 31.5947 31.693 63.1744 81.8457 32.4531 24.3049 25.4026 27.6887 28.3467 28.5144 27.5877 31.4406 37.75 30.3843 33.4426 23.1784 15.7255 10.8177 8.39402 8.92194 8.28774 7.82425 4.92952 4.56565 5.45151 8.46436 5.65468 4.21369 3.08808 2.33861 1.89063 1.43982 1.16597 1.09795 1.17115 1.31328 1.39652 1.31233 1.13781 0.975494 0.860381 0.79653 0.778254 0.800433 0.861117 0.954372 1.05484 1.10388 1.05098 0.92963 0.804924 0.703643 0.627597 0.571603 0.529323 0.496435 0.469992 0.448161 0.429516 0.412529 0.395856 0.378579 0.360573 0.342298 0.324536 0.307979 0.293046 0.279808 0.268171 0.257859 0.248538 0.239907 0.231713 0.223751 0.215892 0.208057 0.200208 0.192354 0.184557 0.176813 0.16909 0.161595 0.154364 0.147419 0.140776 3.09159
# Age-structure at Ydeclare= 2013
 116.55 107.871 195.196 197.245 178.753 228.212 146.738 110.693 82.76 61.8935 128.879 235.829 89.8575 64.1148 114.535 60.9402 35.4049 28.7336 28.8167 57.432 74.3976 29.4973 22.0899 23.0864 25.163 25.76 25.9115 25.0686 28.5686 34.3003 27.6066 30.3841 21.0578 14.2863 9.82736 7.62532 8.10469 7.52841 7.10723 4.47768 4.14707 4.95161 7.68801 5.13593 3.82705 2.80467 2.12395 1.71706 1.30762 1.0589 0.997113 1.06358 1.19264 1.26823 1.19177 1.03328 0.885869 0.78133 0.723344 0.706745 0.726886 0.781992 0.866677 0.957913 1.00244 0.954406 0.844204 0.730957 0.638983 0.569924 0.519075 0.48068 0.450814 0.4268 0.406976 0.390044 0.374617 0.359477 0.343788 0.327436 0.310841 0.294712 0.279676 0.266115 0.254094 0.243527 0.234162 0.225698 0.21786 0.210419 0.203189 0.196052 0.188937 0.18181 0.174678 0.167597 0.160565 0.153551 0.146745 0.140179 3.0692
# Year for Tmin Age-structure (set to Ydecl by SS)
2013
#  recruitment and biomass
# Number of historical assessment years
137
# Historical data
# year recruitment spawner in B0 in R project in R/S project
1888  1889 1890 1891 1892 1893 1894 1895 1896 1897 1898 1899 1900 1901 1902 1903 1904 1905 1906 1907 1908 1909 1910 1911 1912 1913 1914 1915 1916 1917 1918 1919 1920 1921 1922 1923 1924 1925 1926 1927 1928 1929 1930 1931 1932 1933 1934 1935 1936 1937 1938 1939 1940 1941 1942 1943 1944 1945 1946 1947 1948 1949 1950 1951 1952 1953 1954 1955 1956 1957 1958 1959 1960 1961 1962 1963 1964 1965 1966 1967 1968 1969 1970 1971 1972 1973 1974 1975 1976 1977 1978 1979 1980 1981 1982 1983 1984 1985 1986 1987 1988 1989 1990 1991 1992 1993 1994 1995 1996 1997 1998 1999 2000 2001 2002 2003 2004 2005 2006 2007 2008 2009 2010 2011 2012 2013 2014 2015 2016 2017 2018 2019 2020 2021 2022 2023 2024 #years (with first value representing R0)
211.006 210.638 210.629 210.619 210.609 210.592 210.574 210.556 210.543 210.532 210.52 210.51 210.496 210.484 210.477 210.46 210.446 210.437 210.434 210.445 210.466 210.489 210.521 210.556 210.59 210.601 210.568 210.451 210.213 209.808 209.003 207.87 206.444 204.687 202.62 200.304 197.819 195.276 192.822 190.61 188.799 187.536 186.898 186.828 187.178 187.631 187.791 187.296 186.018 184.13 182.121 180.561 179.974 180.738 183.277 188.271 196.674 209.813 228.388 250.986 269.97 269.753 245.182 210.961 180.984 159.917 147.757 143.653 147.321 158.475 175.221 191.355 192.526 170.863 143.465 126.278 125.462 144.322 175.664 200.234 242.046 300.127 363.16 486.152 277.723 204.66 192.958 265.53 242.21 223.129 178.584 194.744 238.467 295.088 356.74 271.513 283.212 198.904 148.275 131.467 113.414 97.363 79.5742 68.7266 83.8972 195.685 141.067 66.5915 62.8123 73.4704 120.322 215.434 114.983 153.731 385.075 200.943 92.1909 117.82 150.68 191.061 284.297 213.088 225.02 213.112 112.713 116.55 122.042 142.817 159.292 162.999 166.363 169.428 171.992 174.212 176.094 177.648 179.001  #recruits; first value is R0 (virgin)
1093.21  1093.21 1093.21 1093.19 1093.16 1092.7 1092.24 1091.78 1091.62 1091.54 1091.46 1091.38 1091.27 1091.15 1091.01 1090.85 1090.67 1090.46 1090.24 1090 1089.74 1089.34 1089.04 1088.72 1088.39 1088.04 1087.67 1087.28 1086.81 1086.4 1085.82 1083.16 1082.08 1081.12 1080.21 1079.59 1078.88 1077.61 1075.98 1073.54 1070.37 1067.28 1064.64 1061.64 1059.65 1057.8 1055.93 1053.5 1051.01 1047.52 1044.27 1040.69 1037.72 1033.58 1027.93 1021.93 1011.42 1000.27 983.921 968.943 961.831 953.828 947.694 940.967 932.755 925.75 920.676 914.569 908.972 903.431 896.856 891.014 886.292 882.743 881.078 878.759 878.062 878.731 869.79 868.037 864.36 860.705 847.971 839.889 828.545 813.928 797.793 779.896 762.829 742.976 723.438 691.327 657.401 632.103 599.324 544.099 497.078 470.496 434.512 406.055 379.36 356.317 326.992 307.035 275.013 246.129 218.808 204.75 190.411 174.769 156.567 152.509 144.29 147.934 151.313 158.454 165.855 173.623 181.383 189.462 197.191 205.441 213.86 223.258 233.198 243.655 255.095 267.447 280.116 293.624 306.569 320.095 333.542 347.902 362.248 375.263 387.426 #spbio; first value is SSB_virgin (virgin)
1 0 0 0 0 0 0 0 0 0 0 0 0 0 0 0 0 0 0 0 0 0 0 0 0 0 0 0 0 0 0 0 0 0 0 0 0 0 0 0 0 0 0 0 0 0 0 0 0 0 0 0 0 0 0 0 0 0 0 0 0 0 0 0 0 0 0 0 0 0 0 0 0 0 0 0 0 0 0 0 0 0 0 0 0 0 0 0 0 0 0 0 0 0 0 0 0 0 0 0 0 0 0 0 0 0 0 0 0 0 0 0 0 0 0 0 0 0 0 0 0 0 0 0 0 0 0 0 0 0 0 0 0 0 0 0 0  # in Bzero
0 1 1 1 1 1 1 1 1 1 1 1 1 1 1 1 1 1 1 1 1 1 1 1 1 1 1 1 1 1 1 1 1 1 1 1 1 1 1 1 1 1 1 1 1 1 1 1 1 1 1 1 1 1 1 1 1 1 1 1 1 1 1 1 1 1 1 1 1 1 1 1 1 1 1 1 1 1 1 1 1 1 1 1 1 1 1 1 1 1 1 1 1 1 1 1 1 1 1 1 1 1 1 1 1 1 1 1 1 1 1 1 1 1 1 1 1 1 1 1 1 1 1 1 1 1 1 1 1 1 1 1 1 1  0 0 0 # in R project
0 1 1 1 1 1 1 1 1 1 1 1 1 1 1 1 1 1 1 1 1 1 1 1 1 1 1 1 1 1 1 1 1 1 1 1 1 1 1 1 1 1 1 1 1 1 1 1 1 1 1 1 1 1 1 1 1 1 1 1 1 1 1 1 1 1 1 1 1 1 1 1 1 1 1 1 1 1 1 1 1 1 1 1 1 1 1 1 1 1 1 1 1 1 1 1 1 1 1 1 1 1 1 1 1 1 1 1 1 1 1 1 1 1 1 1 1 1 1 1 1 1 1 1 1 1 1 1 1 1 1 1 1 1  0 0 0 # in R/S project
# Number of years with pre-specified catches
0
# catches for years with pre-specified catches go next
# Number of future recruitments to override
-2
# Process for overiding (-1 for average otherwise index in data list)
# Which probability to product detailed results for (1=0.5; 2=0.6; etc.)
3
# Steepness sigma-R Auto-correlation
0.718 0.5 0
# Target SPR rate (FMSY Proxy); manually change to SPR_MSY if not using SPR_target
0.5
# Discount rate (for cumulative catch)
0.1
# Truncate the series when 0.4B0 is reached (1=Yes)
0
# Set F to FMSY once 0.4B0 is reached (1=Yes)
0
# Maximum possible F for projection (-1 to set to FMSY)
-1
# Defintion of recovery (1=now only;2=now or before)
2
# Projection type
4
# Definition of the 40-10 rule
10 40
# Sigma Assessment Error (Base, Year1, Slope, MaxSigma)
1.0 2025 0.075 2.0
# Pstar
0.45
# Constrain catches by the ABC (1=yes, 2=no)
2
# Implementation Error (0=no; 1=lognormal; 2=uniform)
0
#Parameters of Implementaion Error
1 0.3
# Calculate coefficients of variation (1=Yes)
0
# Number of replicates to use
10
# Random number seed
-99004
# File with multiple parameter vectors 
rebuild.SSO
# User-specific projection (1=Yes); Output replaced (1->9)
0  5
# Catches and Fs (Year; 1/2/3 (F or C or SPR); value); Final row is -1
2024 1 1
-1 -1 -1
# Fixed catch project (1=Yes); Output replaced (1->9); Approach (-1=Read in else 1-9)
0 2 -1
# (48a) Special catch options (1-Yes) [CUT_OFF, Emsy, distribution, MAXCAT, Add, replace_code]
0 0.18 1.00 1.00 0 6
# (48b) B1Target
150000
# Split of Fs
2011  0.017169
 0
 0.403644
 0.0241754
 0.177433
 0.191088
 0.18649
-1  1 1 1 1 1 1 1 1 1 1 1 1
# Yrs to define T_target for projection type 4 (a.k.a. 5 pre-specified inputs)
2030 2031 2032 2033 2034 
# Year for probability of recovery
2034 2035 2036 2037 2038 2039 2040 2041
# Time varying weight-at-age (1=Yes;0=No)
0
# File with time series of weight-at-age data
none
# Use bisection (0) or linear interpolation (1)
1
# Target Depletion
0.4
# CV of implementation error
0
