#Title, #runnumber: 1 yelloweye_data.ss control_modified.ss 7227.82 1094.51 387.991 StartTime: Wed Apr 23 21:17:37 2025
SSv3_default_rebuild.dat
# Number of sexes
1
# Age range to consider (minimum age; maximum age)
0 100
# Number of fleets
7
# First year of projection (Yinit)
2011
# First Year of rebuilding period (Ydecl)
2013
# Number of simulations
1000
# Maximum number of years
500
# Conduct projections with multiple starting values (0=No;else yes)
0
# Number of parameter vectors
1000
# Is the maximum age a plus-group (1=Yes;2=No)
1
# Generate future recruitments using historical recruitments (1)  historical recruits/spawner (2)  or a stock-recruitment (3)
3
# Constant fishing mortality (1) or constant Catch (2) projections
1
# Fishing mortality based on SPR (1) or actual rate (2)
1
# Pre-specify the year of recovery (or -1) to ignore
-1
# Fecundity-at-age
# 0 1 2 3 4 5 6 7 8 9 10 11 12 13 14 15 16 17 18 19 20 21 22 23 24 25 26 27 28 29 30 31 32 33 34 35 36 37 38 39 40 41 42 43 44 45 46 47 48 49 50 51 52 53 54 55 56 57 58 59 60 61 62 63 64 65 66 67 68 69 70 71 72 73 74 75 76 77 78 79 80 81 82 83 84 85 86 87 88 89 90 91 92 93 94 95 96 97 98 99 100 #runnumber: 1 yelloweye_data.ss control_modified.ss 7227.82 1094.51 387.991
 0 0 2.77715e-09 5.76427e-08 7.31736e-07 6.55482e-06 4.50287e-05 0.000247277 0.00109841 0.0039231 0.0112475 0.0262882 0.0515363 0.0875356 0.132774 0.184516 0.239824 0.296245 0.35206 0.406232 0.458231 0.507855 0.555081 0.599974 0.642631 0.683155 0.72164 0.758172 0.792825 0.82567 0.85677 0.886187 0.913982 0.940216 0.964948 0.98824 1.01015 1.03075 1.05008 1.06823 1.08523 1.10116 1.11606 1.13 1.14303 1.1552 1.16656 1.17716 1.18705 1.19627 1.20486 1.21286 1.22031 1.22724 1.23369 1.2397 1.24528 1.25047 1.2553 1.25978 1.26395 1.26782 1.27142 1.27476 1.27786 1.28074 1.28341 1.28589 1.2882 1.29034 1.29232 1.29419 1.29593 1.29754 1.29903 1.30042 1.3017 1.3029 1.304 1.30503 1.30598 1.30686 1.30768 1.30844 1.30915 1.3098 1.3104 1.31096 1.31149 1.31197 1.31241 1.31283 1.31321 1.31357 1.3139 1.31421 1.31449 1.31475 1.315 1.31523 1.31556 #female fecundity; weighted by N in year Y_init across morphs and areas
# Age specific selectivity and weight adjusted for discard and discard mortality
 #wt and selex for gender,fleet: 1 1 1_CA_TWL
 0.00896707 0.00910987 0.0278135 0.0692359 0.131498 0.213718 0.313106 0.426352 0.550207 0.681759 0.81857 0.958834 1.10153 1.24633 1.39322 1.54204 1.69226 1.84295 1.99296 2.14112 2.28636 2.4278 2.56474 2.69671 2.82337 2.94452 3.06005 3.16994 3.27422 3.373 3.46638 3.55452 3.63759 3.71578 3.78929 3.85831 3.92306 3.98374 4.04056 4.09373 4.14344 4.18989 4.23327 4.27375 4.31151 4.34671 4.37952 4.41009 4.43855 4.46505 4.4897 4.51264 4.53397 4.55381 4.57225 4.58939 4.60532 4.62011 4.63386 4.64662 4.65848 4.66949 4.6797 4.68919 4.69799 4.70616 4.71375 4.72078 4.72731 4.73337 4.73902 4.7443 4.7492 4.75374 4.75795 4.76185 4.76548 4.76884 4.77195 4.77484 4.77752 4.78001 4.78231 4.78445 4.78643 4.78826 4.78997 4.79154 4.79301 4.79436 4.79562 4.79679 4.79787 4.79887 4.7998 4.80066 4.80146 4.8022 4.80289 4.80352 4.80445
 0 0.00107982 0.00244509 0.00925246 0.0274747 0.0653092 0.129323 0.220726 0.334036 0.458689 0.582346 0.694175 0.787106 0.858586 0.90989 0.944568 0.966858 0.980613 0.988835 0.993633 0.996387 0.99795 0.998833 0.999331 0.999613 0.999773 0.999865 0.999918 0.999949 0.999968 0.999979 0.999986 0.99999 0.999993 0.999994 0.999996 0.999996 0.999997 0.999997 0.999997 0.999997 0.999997 0.999997 0.999997 0.999997 0.999997 0.999997 0.999997 0.999997 0.999997 0.999997 0.999997 0.999997 0.999997 0.999997 0.999997 0.999997 0.999997 0.999997 0.999997 0.999997 0.999997 0.999997 0.999997 0.999997 0.999997 0.999997 0.999997 0.999997 0.999997 0.999997 0.999997 0.999997 0.999997 0.999997 0.999997 0.999997 0.999997 0.999997 0.999997 0.999997 0.999997 0.999997 0.999997 0.999997 0.999997 0.999997 0.999997 0.999997 0.999997 0.999997 0.999997 0.999997 0.999997 0.999997 0.999997 0.999997 0.999997 0.999997 0.999997 0.999997
 #wt and selex for gender,fleet: 1 3 3_CA_REC
 0.00896707 0.00910976 0.0269301 0.0666707 0.126501 0.205616 0.301472 0.41101 0.531186 0.659274 0.793131 0.931493 1.07394 1.22041 1.37058 1.52357 1.67809 1.83263 1.98576 2.13627 2.28317 2.42573 2.56343 2.69588 2.82284 2.94418 3.05983 3.1698 3.27414 3.37294 3.46634 3.5545 3.63758 3.71577 3.78928 3.8583 3.92305 3.98374 4.04056 4.09373 4.14344 4.18989 4.23327 4.27375 4.31151 4.34672 4.37953 4.41009 4.43855 4.46505 4.4897 4.51264 4.53397 4.55381 4.57225 4.58939 4.60532 4.62012 4.63386 4.64663 4.65848 4.66949 4.6797 4.68919 4.69799 4.70617 4.71375 4.72078 4.72731 4.73337 4.73902 4.7443 4.7492 4.75374 4.75795 4.76186 4.76548 4.76884 4.77195 4.77484 4.77752 4.78001 4.78231 4.78445 4.78643 4.78826 4.78997 4.79154 4.79301 4.79437 4.79562 4.79679 4.79787 4.79887 4.7998 4.80066 4.80146 4.8022 4.80289 4.80352 4.80445
 0 0.00392238 0.00816644 0.0252794 0.0631069 0.129557 0.226647 0.348249 0.48188 0.612865 0.728564 0.821244 0.888993 0.934571 0.9631 0.979915 0.989359 0.99447 0.997161 0.998551 0.999261 0.999622 0.999805 0.999898 0.999946 0.999971 0.999984 0.999991 0.999995 0.999997 0.999998 0.999999 0.999999 0.999999 0.999999 0.999999 0.999999 0.999999 0.999999 0.999999 0.999999 0.999999 0.999999 0.999999 0.999999 0.999999 0.999999 0.999999 0.999999 0.999999 0.999999 0.999999 0.999999 0.999999 0.999999 0.999999 0.999999 0.999999 0.999999 0.999999 0.999999 0.999999 0.999999 0.999999 0.999999 0.999999 0.999999 0.999999 0.999999 0.999999 0.999999 0.999999 0.999999 0.999999 0.999999 0.999999 0.999999 0.999999 0.999999 0.999999 0.999999 0.999999 0.999999 0.999999 0.999999 0.999999 0.999999 0.999999 0.999999 0.999999 0.999999 0.999999 0.999999 0.999999 0.999999 0.999999 0.999999 0.999999 0.999999 0.999999 0.999999
 #wt and selex for gender,fleet: 1 4 4_ORWA_TWL
 0.00896707 0.0091096 0.025523 0.0627799 0.119727 0.196001 0.289712 0.398295 0.518994 0.649152 0.786376 0.928717 1.07482 1.22385 1.37524 1.52833 1.68225 1.83592 1.98818 2.13796 2.28431 2.42648 2.56391 2.69618 2.82304 2.9443 3.05991 3.16985 3.27417 3.37296 3.46636 3.5545 3.63758 3.71577 3.78928 3.85831 3.92306 3.98374 4.04056 4.09373 4.14344 4.18989 4.23327 4.27375 4.31151 4.34671 4.37952 4.41009 4.43855 4.46505 4.4897 4.51264 4.53397 4.55381 4.57225 4.58939 4.60532 4.62011 4.63386 4.64662 4.65848 4.66949 4.6797 4.68919 4.69799 4.70616 4.71375 4.72078 4.72731 4.73337 4.73902 4.7443 4.74919 4.75374 4.75795 4.76185 4.76548 4.76884 4.77195 4.77484 4.77752 4.78001 4.78231 4.78445 4.78643 4.78826 4.78997 4.79154 4.79301 4.79436 4.79562 4.79679 4.79787 4.79887 4.7998 4.80066 4.80146 4.8022 4.80289 4.80352 4.80445
 0 0.0138304 0.0252556 0.0567793 0.110024 0.186835 0.284422 0.395786 0.511709 0.623032 0.722364 0.805025 0.869302 0.916127 0.94823 0.969086 0.982027 0.989761 0.994249 0.996798 0.998224 0.999014 0.99945 0.999691 0.999824 0.999898 0.99994 0.999964 0.999978 0.999986 0.99999 0.999993 0.999995 0.999996 0.999997 0.999997 0.999997 0.999997 0.999997 0.999997 0.999997 0.999997 0.999997 0.999997 0.999997 0.999997 0.999997 0.999997 0.999997 0.999997 0.999997 0.999997 0.999997 0.999997 0.999997 0.999997 0.999997 0.999997 0.999997 0.999997 0.999997 0.999997 0.999997 0.999997 0.999997 0.999997 0.999997 0.999997 0.999997 0.999997 0.999997 0.999997 0.999997 0.999997 0.999997 0.999997 0.999997 0.999997 0.999997 0.999997 0.999997 0.999997 0.999997 0.999997 0.999997 0.999997 0.999997 0.999997 0.999997 0.999997 0.999997 0.999997 0.999997 0.999997 0.999997 0.999997 0.999997 0.999997 0.999997 0.999997 0.999997
 #wt and selex for gender,fleet: 1 5 5_ORWA_NONTWL
 0.00896707 0.00910979 0.0271692 0.0678724 0.129952 0.21309 0.31499 0.432611 0.562749 0.702366 0.848739 0.999514 1.1527 1.30665 1.46005 1.61194 1.76164 1.9087 2.05286 2.19388 2.33156 2.46566 2.5959 2.72201 2.8437 2.96075 3.07295 3.18018 3.28236 3.37947 3.47155 3.55867 3.64094 3.7185 3.79151 3.86014 3.92458 3.98502 4.04164 4.09465 4.14423 4.19058 4.23386 4.27427 4.31197 4.34713 4.37989 4.41042 4.43885 4.46532 4.48996 4.51288 4.53419 4.55402 4.57244 4.58957 4.60549 4.62028 4.63401 4.64677 4.65862 4.66962 4.67983 4.68932 4.69812 4.70628 4.71386 4.7209 4.72742 4.73348 4.73913 4.7444 4.7493 4.75384 4.75805 4.76195 4.76558 4.76894 4.77205 4.77494 4.77762 4.7801 4.78241 4.78454 4.78652 4.78836 4.79006 4.79164 4.7931 4.79446 4.79571 4.79688 4.79796 4.79896 4.79989 4.80075 4.80155 4.80229 4.80298 4.80361 4.80454
 0 0.000647011 0.00137457 0.00457469 0.0126098 0.0290902 0.0578046 0.101463 0.160717 0.233872 0.317298 0.40627 0.495882 0.581776 0.660593 0.730154 0.789435 0.838392 0.877713 0.908537 0.932205 0.95007 0.963372 0.973174 0.980342 0.98556 0.989349 0.992099 0.9941 0.995559 0.996628 0.997415 0.997999 0.998436 0.998764 0.999013 0.999203 0.99935 0.999465 0.999554 0.999625 0.999682 0.999728 0.999765 0.999795 0.999819 0.99984 0.999857 0.999872 0.999884 0.999894 0.999903 0.999911 0.999917 0.999923 0.999928 0.999932 0.999936 0.999939 0.999942 0.999945 0.999947 0.999949 0.999951 0.999953 0.999954 0.999956 0.999957 0.999958 0.999959 0.99996 0.99996 0.999961 0.999961 0.999962 0.999962 0.999963 0.999963 0.999963 0.999964 0.999964 0.999964 0.999964 0.999965 0.999965 0.999965 0.999965 0.999965 0.999965 0.999966 0.999966 0.999966 0.999966 0.999966 0.999966 0.999966 0.999966 0.999966 0.999966 0.999967 0.999967
 #wt and selex for gender,fleet: 1 6 6_OR_REC
 0.00896707 0.00911119 0.0350512 0.0852886 0.156305 0.243912 0.342827 0.448594 0.558376 0.671919 0.791405 0.919481 1.05727 1.20383 1.35677 1.51334 1.67109 1.82809 1.98289 2.13444 2.28196 2.42488 2.56275 2.69529 2.82228 2.94363 3.05926 3.16921 3.27352 3.3723 3.46567 3.5538 3.63686 3.71503 3.78851 3.85752 3.92225 3.98292 4.03972 4.09288 4.14257 4.18901 4.23237 4.27284 4.31059 4.34579 4.37859 4.40914 4.4376 4.46408 4.48873 4.51167 4.53299 4.55282 4.57126 4.58839 4.60432 4.61911 4.63285 4.64561 4.65746 4.66847 4.67868 4.68817 4.69697 4.70514 4.71272 4.71975 4.72628 4.73233 4.73798 4.74326 4.74815 4.75269 4.7569 4.76081 4.76443 4.76778 4.7709 4.77379 4.77647 4.77895 4.78125 4.78339 4.78537 4.7872 4.7889 4.79048 4.79194 4.7933 4.79456 4.79572 4.7968 4.79781 4.79873 4.7996 4.80039 4.80113 4.80182 4.80246 4.80338
 0 1.81812e-05 9.15674e-05 0.00138158 0.0106558 0.0474735 0.13853 0.292727 0.484329 0.668032 0.809781 0.901392 0.952853 0.978793 0.990828 0.99606 0.998203 0.999016 0.999273 0.999303 0.999241 0.999142 0.999028 0.998909 0.99879 0.998673 0.998559 0.998449 0.998342 0.99824 0.998143 0.99805 0.997962 0.997879 0.9978 0.997726 0.997656 0.99759 0.997528 0.997469 0.997415 0.997364 0.997316 0.997271 0.997229 0.99719 0.997154 0.99712 0.997088 0.997058 0.997031 0.997005 0.996981 0.996959 0.996939 0.996919 0.996901 0.996885 0.996869 0.996855 0.996842 0.996829 0.996818 0.996807 0.996797 0.996788 0.99678 0.996772 0.996764 0.996757 0.996751 0.996745 0.99674 0.996734 0.99673 0.996725 0.996721 0.996717 0.996714 0.996711 0.996708 0.996705 0.996702 0.9967 0.996697 0.996695 0.996693 0.996692 0.99669 0.996689 0.996687 0.996686 0.996685 0.996683 0.996682 0.996681 0.99668 0.99668 0.996679 0.996678 0.996677
 #wt and selex for gender,fleet: 1 7 7_WA_REC
 0.00896707 0.00911103 0.0345938 0.0859111 0.160819 0.256152 0.366868 0.488126 0.615897 0.7471 0.879645 1.01259 1.14618 1.28142 1.41941 1.56067 1.70494 1.85126 1.99823 2.14438 2.28833 2.42897 2.56544 2.69712 2.82361 2.94466 3.06013 3.16999 3.27426 3.37302 3.46639 3.55453 3.6376 3.71579 3.78929 3.85831 3.92306 3.98374 4.04057 4.09373 4.14345 4.18989 4.23327 4.27375 4.31151 4.34672 4.37953 4.41009 4.43855 4.46505 4.4897 4.51264 4.53397 4.55381 4.57225 4.58939 4.60532 4.62012 4.63386 4.64663 4.65848 4.66949 4.6797 4.68919 4.69799 4.70617 4.71375 4.72078 4.72731 4.73337 4.73902 4.7443 4.7492 4.75374 4.75795 4.76186 4.76548 4.76884 4.77195 4.77484 4.77752 4.78001 4.78231 4.78445 4.78643 4.78826 4.78997 4.79154 4.79301 4.79437 4.79562 4.79679 4.79787 4.79887 4.7998 4.80066 4.80146 4.8022 4.80289 4.80353 4.80445
 0 2.51834e-06 1.18037e-05 0.000173654 0.00146723 0.00771153 0.0277275 0.0738624 0.155406 0.271602 0.410204 0.55254 0.681189 0.78549 0.862672 0.915647 0.949869 0.970944 0.983457 0.990688 0.994789 0.997086 0.998365 0.999077 0.999473 0.999696 0.999822 0.999894 0.999936 0.99996 0.999975 0.999984 0.999989 0.999993 0.999995 0.999996 0.999997 0.999998 0.999998 0.999999 0.999999 0.999999 0.999999 0.999999 0.999999 0.999999 0.999999 0.999999 0.999999 0.999999 0.999999 0.999999 0.999999 0.999999 0.999999 0.999999 0.999999 0.999999 0.999999 0.999999 0.999999 0.999999 0.999999 0.999999 0.999999 0.999999 0.999999 0.999999 0.999999 0.999999 0.999999 0.999999 0.999999 0.999999 0.999999 0.999999 0.999999 0.999999 0.999999 0.999999 0.999999 0.999999 0.999999 0.999999 0.999999 0.999999 0.999999 0.999999 0.999999 0.999999 0.999999 0.999999 0.999999 0.999999 0.999999 0.999999 0.999999 0.999999 0.999999 0.999999 0.999999
# Sex ratio correction
1
# M and current age-structure in year Yinit: 2011
 # gender = 1
 0.0445 0.0445 0.0445 0.0445 0.0445 0.0445 0.0445 0.0445 0.0445 0.0445 0.0445 0.0445 0.0445 0.0445 0.0445 0.0445 0.0445 0.0445 0.0445 0.0445 0.0445 0.0445 0.0445 0.0445 0.0445 0.0445 0.0445 0.0445 0.0445 0.0445 0.0445 0.0445 0.0445 0.0445 0.0445 0.0445 0.0445 0.0445 0.0445 0.0445 0.0445 0.0445 0.0445 0.0445 0.0445 0.0445 0.0445 0.0445 0.0445 0.0445 0.0445 0.0445 0.0445 0.0445 0.0445 0.0445 0.0445 0.0445 0.0445 0.0445 0.0445 0.0445 0.0445 0.0445 0.0445 0.0445 0.0445 0.0445 0.0445 0.0445 0.0445 0.0445 0.0445 0.0445 0.0445 0.0445 0.0445 0.0445 0.0445 0.0445 0.0445 0.0445 0.0445 0.0445 0.0445 0.0445 0.0445 0.0445 0.0445 0.0445 0.0445 0.0445 0.0445 0.0445 0.0445 0.0445 0.0445 0.0445 0.0445 0.0445 0.0445
 232.002 286.751 294.179 341.957 199.987 184.169 104.58 65.3848 93.0031 213.622 62.2103 49.7303 87.4003 55.5356 34.464 27.3618 27.293 53.3359 57.3107 27.9288 22.435 22.4832 21.8792 22.2709 25.3998 28.0812 34.5375 33.4499 20.7807 22.5322 19.1668 15.3022 11.0609 7.40687 8.49967 7.69313 7.8524 4.89978 3.99586 4.70784 7.33155 4.58443 3.41973 2.88281 2.23512 1.88181 1.48791 1.21284 1.1351 1.19422 1.30434 1.32446 1.196 1.03531 0.91345 0.8358 0.797346 0.794501 0.826547 0.89579 1.00104 1.12102 1.19085 1.1387 0.999373 0.856975 0.744421 0.662127 0.602852 0.558977 0.525489 0.499072 0.477678 0.459782 0.443898 0.428777 0.413504 0.397788 0.381797 0.366035 0.35103 0.337177 0.324577 0.313189 0.302784 0.293011 0.283391 0.27392 0.264419 0.2548 0.245043 0.235169 0.22525 0.215407 0.205662 0.19615 0.186949 0.17811 0.16966 0.161613 3.41024
# Age-structure at Ydeclare= 2013
 472.072 201.99 212.245 262.328 269.115 312.792 182.89 168.352 95.5299 59.6688 84.7788 194.518 56.5915 45.2029 79.3958 50.4278 31.2851 24.8333 24.7677 48.3974 52.0017 25.341 20.3558 20.3993 19.851 20.2062 23.0448 25.4771 31.334 30.3466 18.8522 20.4406 17.387 13.8807 10.0331 6.71845 7.70949 6.97776 7.12206 4.44396 3.62406 4.26971 6.64911 4.15762 3.1013 2.61434 2.02694 1.70652 1.3493 1.09985 1.02934 1.08294 1.1828 1.20104 1.08455 0.938825 0.828325 0.75791 0.723038 0.720458 0.749516 0.812306 0.907744 1.01655 1.07986 1.03258 0.906232 0.777105 0.67504 0.600416 0.546665 0.506879 0.476512 0.452557 0.433157 0.416929 0.402525 0.388814 0.374964 0.360713 0.346212 0.33192 0.318313 0.305751 0.294325 0.283999 0.274563 0.265702 0.256978 0.24839 0.239774 0.231052 0.222205 0.213251 0.204257 0.195331 0.186494 0.177868 0.169525 0.16151 3.3928
# Year for Tmin Age-structure (set to Ydecl by SS)
2013
#  recruitment and biomass
# Number of historical assessment years
137
# Historical data
# year recruitment spawner in B0 in R project in R/S project
1888  1889 1890 1891 1892 1893 1894 1895 1896 1897 1898 1899 1900 1901 1902 1903 1904 1905 1906 1907 1908 1909 1910 1911 1912 1913 1914 1915 1916 1917 1918 1919 1920 1921 1922 1923 1924 1925 1926 1927 1928 1929 1930 1931 1932 1933 1934 1935 1936 1937 1938 1939 1940 1941 1942 1943 1944 1945 1946 1947 1948 1949 1950 1951 1952 1953 1954 1955 1956 1957 1958 1959 1960 1961 1962 1963 1964 1965 1966 1967 1968 1969 1970 1971 1972 1973 1974 1975 1976 1977 1978 1979 1980 1981 1982 1983 1984 1985 1986 1987 1988 1989 1990 1991 1992 1993 1994 1995 1996 1997 1998 1999 2000 2001 2002 2003 2004 2005 2006 2007 2008 2009 2010 2011 2012 2013 2014 2015 2016 2017 2018 2019 2020 2021 2022 2023 2024 #years (with first value representing R0)
221.796 226.298 226.461 226.629 226.804 226.976 227.156 227.342 227.542 227.752 227.971 228.2 228.44 228.692 228.955 229.228 229.517 229.824 230.149 230.503 230.882 231.286 231.715 232.165 232.631 233.093 233.526 233.886 234.122 234.172 233.952 233.344 232.362 230.927 229.017 226.661 223.916 220.883 217.717 214.421 211.324 208.605 206.335 204.45 202.814 201.152 199.179 196.684 193.668 190.348 187.172 184.638 183.229 183.334 185.417 190.213 198.789 212.698 233.047 258.651 280.445 279.039 249.862 212.19 180.545 158.372 144.697 138.001 137.437 142.664 153.516 168.285 176.723 164.896 142.876 128.326 129.306 149.173 176.828 196.014 234.744 256.958 315.661 459.013 265.859 201.918 219.854 310.542 266.162 255.261 191.459 243.892 285.256 299.579 293.152 223.933 298.005 254.794 172.547 131.145 97.7437 82.727 74.3832 65.9977 74.2547 139.818 120.958 58.091 55.0272 65.7486 100.751 150.974 81.8705 97.6692 320.052 133.052 89.3749 136.648 230.104 238.963 390.804 321.562 299.799 232.002 211.181 472.072 230.662 307.665 217.671 110.182 106.777 112.346 111.848 148.398 166.696 171.792 185.455  #recruits; first value is R0 (virgin)
1094.51  1094.51 1094.5 1094.49 1094.46 1094 1093.54 1093.07 1092.92 1092.85 1092.77 1092.71 1092.65 1092.61 1092.59 1092.62 1092.69 1092.79 1092.94 1093.13 1093.36 1093.51 1093.79 1094.11 1094.44 1094.8 1095.18 1095.57 1095.91 1096.33 1096.61 1094.86 1094.71 1094.7 1094.77 1095.16 1095.49 1095.29 1094.77 1093.47 1091.48 1089.6 1088.2 1086.48 1085.8 1085.29 1084.77 1083.7 1082.59 1080.45 1078.51 1076.19 1074.42 1071.39 1066.73 1061.61 1051.86 1041.32 1025.44 1010.67 1003.54 995.539 989.107 981.776 972.75 964.842 958.624 951.296 944.318 937.359 929.373 922.263 916.415 911.906 909.358 906.174 904.579 904.093 893.696 890.231 884.762 878.671 863.763 853.557 840.02 823.174 805.311 785.449 765.75 743.215 720.951 686.129 649.673 622.033 587.01 532.198 503.527 481.823 454.93 432.73 405.371 381.561 352.2 331.414 295.421 263.2 232.352 215.546 199.171 181.192 160.26 153.024 141.765 143.352 143.844 149.708 155.6 161.812 168.003 174.581 180.57 186.97 193.216 200.022 207.247 214.847 223.433 232.836 242.853 253.975 265.275 278.244 292.536 309.209 327.438 345.975 365.26 #spbio; first value is SSB_virgin (virgin)
1 0 0 0 0 0 0 0 0 0 0 0 0 0 0 0 0 0 0 0 0 0 0 0 0 0 0 0 0 0 0 0 0 0 0 0 0 0 0 0 0 0 0 0 0 0 0 0 0 0 0 0 0 0 0 0 0 0 0 0 0 0 0 0 0 0 0 0 0 0 0 0 0 0 0 0 0 0 0 0 0 0 0 0 0 0 0 0 0 0 0 0 0 0 0 0 0 0 0 0 0 0 0 0 0 0 0 0 0 0 0 0 0 0 0 0 0 0 0 0 0 0 0 0 0 0 0 0 0 0 0 0 0 0 0 0 0  # in Bzero
0 1 1 1 1 1 1 1 1 1 1 1 1 1 1 1 1 1 1 1 1 1 1 1 1 1 1 1 1 1 1 1 1 1 1 1 1 1 1 1 1 1 1 1 1 1 1 1 1 1 1 1 1 1 1 1 1 1 1 1 1 1 1 1 1 1 1 1 1 1 1 1 1 1 1 1 1 1 1 1 1 1 1 1 1 1 1 1 1 1 1 1 1 1 1 1 1 1 1 1 1 1 1 1 1 1 1 1 1 1 1 1 1 1 1 1 1 1 1 1 1 1 1 1 1 1 1 1 1 1 1 1 1 1  0 0 0 # in R project
0 1 1 1 1 1 1 1 1 1 1 1 1 1 1 1 1 1 1 1 1 1 1 1 1 1 1 1 1 1 1 1 1 1 1 1 1 1 1 1 1 1 1 1 1 1 1 1 1 1 1 1 1 1 1 1 1 1 1 1 1 1 1 1 1 1 1 1 1 1 1 1 1 1 1 1 1 1 1 1 1 1 1 1 1 1 1 1 1 1 1 1 1 1 1 1 1 1 1 1 1 1 1 1 1 1 1 1 1 1 1 1 1 1 1 1 1 1 1 1 1 1 1 1 1 1 1 1 1 1 1 1 1 1  0 0 0 # in R/S project
# Number of years with pre-specified catches
0
# catches for years with pre-specified catches go next
# Number of future recruitments to override
-2
# Process for overiding (-1 for average otherwise index in data list)
# Which probability to product detailed results for (1=0.5; 2=0.6; etc.)
3
# Steepness sigma-R Auto-correlation
0.718 0.5 0
# Target SPR rate (FMSY Proxy); manually change to SPR_MSY if not using SPR_target
0.5
# Discount rate (for cumulative catch)
0.1
# Truncate the series when 0.4B0 is reached (1=Yes)
0
# Set F to FMSY once 0.4B0 is reached (1=Yes)
0
# Maximum possible F for projection (-1 to set to FMSY)
-1
# Defintion of recovery (1=now only;2=now or before)
2
# Projection type
4
# Definition of the 40-10 rule
10 40
# Sigma Assessment Error (Base, Year1, Slope, MaxSigma)
1.0 2025 0.075 2.0
# Pstar
0.45
# Constrain catches by the ABC (1=yes, 2=no)
2
# Implementation Error (0=no; 1=lognormal; 2=uniform)
0
#Parameters of Implementaion Error
1 0.3
# Calculate coefficients of variation (1=Yes)
0
# Number of replicates to use
10
# Random number seed
-99004
# File with multiple parameter vectors 
rebuild.SSO
# User-specific projection (1=Yes); Output replaced (1->9)
0  5
# Catches and Fs (Year; 1/2/3 (F or C or SPR); value); Final row is -1
2024 1 1
-1 -1 -1
# Fixed catch project (1=Yes); Output replaced (1->9); Approach (-1=Read in else 1-9)
0 2 -1
# (48a) Special catch options (1-Yes) [CUT_OFF, Emsy, distribution, MAXCAT, Add, replace_code]
0 0.18 1.00 1.00 0 6
# (48b) B1Target
150000
# Split of Fs
2011  0.01666
 0
 0.392992
 0.0239056
 0.192529
 0.195988
 0.177926
-1  1 1 1 1 1 1 1 1 1 1 1 1
# Yrs to define T_target for projection type 4 (a.k.a. 5 pre-specified inputs)
2030 2031 2032 2033 2034 
# Year for probability of recovery
2034 2035 2036 2037 2038 2039 2040 2041
# Time varying weight-at-age (1=Yes;0=No)
0
# File with time series of weight-at-age data
none
# Use bisection (0) or linear interpolation (1)
1
# Target Depletion
0.4
# CV of implementation error
0
