#Title, #runnumber: 3 yelloweye_data.ss yelloweye_control.ss 7227.24 1125.24 375.202 StartTime: Mon Apr 28 00:33:54 2025
SSv3_default_rebuild.dat
# Number of sexes
1
# Age range to consider (minimum age; maximum age)
0 100
# Number of fleets
7
# First year of projection (Yinit)
2011
# First Year of rebuilding period (Ydecl)
2013
# Number of simulations
1000
# Maximum number of years
500
# Conduct projections with multiple starting values (0=No;else yes)
0
# Number of parameter vectors
1000
# Is the maximum age a plus-group (1=Yes;2=No)
1
# Generate future recruitments using historical recruitments (1)  historical recruits/spawner (2)  or a stock-recruitment (3)
3
# Constant fishing mortality (1) or constant Catch (2) projections
1
# Fishing mortality based on SPR (1) or actual rate (2)
1
# Pre-specify the year of recovery (or -1) to ignore
-1
# Fecundity-at-age
# 0 1 2 3 4 5 6 7 8 9 10 11 12 13 14 15 16 17 18 19 20 21 22 23 24 25 26 27 28 29 30 31 32 33 34 35 36 37 38 39 40 41 42 43 44 45 46 47 48 49 50 51 52 53 54 55 56 57 58 59 60 61 62 63 64 65 66 67 68 69 70 71 72 73 74 75 76 77 78 79 80 81 82 83 84 85 86 87 88 89 90 91 92 93 94 95 96 97 98 99 100 #runnumber: 3 yelloweye_data.ss yelloweye_control.ss 7227.24 1125.24 375.202
 0 0 2.56435e-09 5.42115e-08 6.99e-07 6.33244e-06 4.38806e-05 0.000242674 0.00108435 0.00389193 0.0112006 0.0262493 0.051551 0.0876537 0.13303 0.184919 0.240362 0.296895 0.352795 0.407026 0.459062 0.508705 0.555936 0.60082 0.643459 0.683954 0.722401 0.758887 0.793487 0.826271 0.857305 0.886651 0.91437 0.940523 0.965172 0.988378 1.0102 1.03071 1.04996 1.06801 1.08492 1.10076 1.11557 1.12943 1.14237 1.15446 1.16574 1.17626 1.18607 1.19522 1.20373 1.21166 1.21905 1.22592 1.23231 1.23825 1.24378 1.24891 1.25369 1.25812 1.26224 1.26607 1.26962 1.27292 1.27599 1.27883 1.28147 1.28392 1.28619 1.2883 1.29026 1.2921 1.29381 1.2954 1.29687 1.29823 1.2995 1.30067 1.30176 1.30277 1.30371 1.30457 1.30538 1.30612 1.30681 1.30746 1.30805 1.3086 1.30911 1.30958 1.31002 1.31043 1.31081 1.31116 1.31148 1.31178 1.31206 1.31231 1.31255 1.31277 1.3131 #female fecundity; weighted by N in year Y_init across morphs and areas
# Age specific selectivity and weight adjusted for discard and discard mortality
 #wt and selex for gender,fleet: 1 1 1_CA_TWL
 0.00908561 0.00918285 0.0274271 0.0690319 0.131749 0.21472 0.315092 0.429483 0.554579 0.687416 0.825526 0.967105 1.11116 1.25741 1.40586 1.55634 1.70826 1.86064 2.01229 2.16199 2.30866 2.45141 2.58956 2.72263 2.85029 2.97233 3.08867 3.1993 3.30424 3.4036 3.49751 3.58611 3.66959 3.74814 3.82195 3.89124 3.95622 4.0171 4.07409 4.1274 4.17723 4.22377 4.26721 4.30775 4.34555 4.38078 4.4136 4.44417 4.47263 4.49911 4.52375 4.54666 4.56797 4.58777 4.60618 4.62328 4.63916 4.65392 4.66762 4.68034 4.69215 4.70312 4.71329 4.72273 4.7315 4.73962 4.74717 4.75416 4.76065 4.76667 4.77229 4.77753 4.78239 4.7869 4.79108 4.79496 4.79855 4.80188 4.80497 4.80783 4.81049 4.81295 4.81523 4.81735 4.81931 4.82112 4.82281 4.82437 4.82582 4.82716 4.8284 4.82955 4.83062 4.83161 4.83253 4.83338 4.83416 4.83489 4.83557 4.8362 4.83711
 0 0.00105996 0.00233641 0.00898303 0.0270473 0.0649237 0.129404 0.221776 0.336397 0.462375 0.587016 0.69926 0.792007 0.862853 0.913302 0.947112 0.968649 0.981819 0.989618 0.994129 0.996695 0.99814 0.998949 0.999401 0.999656 0.999799 0.999881 0.999928 0.999956 0.999972 0.999982 0.999988 0.999991 0.999994 0.999995 0.999996 0.999996 0.999997 0.999997 0.999997 0.999997 0.999997 0.999997 0.999997 0.999997 0.999997 0.999997 0.999997 0.999997 0.999997 0.999997 0.999997 0.999997 0.999997 0.999997 0.999997 0.999997 0.999997 0.999997 0.999997 0.999997 0.999997 0.999997 0.999997 0.999997 0.999997 0.999997 0.999997 0.999997 0.999997 0.999997 0.999997 0.999997 0.999997 0.999997 0.999997 0.999997 0.999997 0.999997 0.999997 0.999997 0.999997 0.999997 0.999997 0.999997 0.999997 0.999997 0.999997 0.999997 0.999997 0.999997 0.999997 0.999997 0.999997 0.999997 0.999997 0.999997 0.999997 0.999997 0.999997 0.999997
 #wt and selex for gender,fleet: 1 3 3_CA_REC
 0.00908561 0.0091828 0.0265276 0.0663732 0.126576 0.206364 0.303158 0.413842 0.535319 0.664813 0.800146 0.940035 1.08406 1.23216 1.38398 1.53864 1.69479 1.85091 2.00556 2.15749 2.30573 2.44953 2.58837 2.72188 2.84981 2.97204 3.08849 3.19918 3.30416 3.40355 3.49747 3.58609 3.66957 3.74812 3.82194 3.89124 3.95622 4.0171 4.07409 4.1274 4.17723 4.22377 4.26721 4.30775 4.34555 4.38078 4.4136 4.44417 4.47263 4.49911 4.52375 4.54666 4.56797 4.58777 4.60618 4.62328 4.63916 4.65392 4.66762 4.68034 4.69215 4.70312 4.71329 4.72273 4.7315 4.73963 4.74717 4.75416 4.76065 4.76667 4.77229 4.77753 4.78239 4.7869 4.79108 4.79496 4.79855 4.80188 4.80497 4.80784 4.81049 4.81295 4.81523 4.81735 4.81931 4.82112 4.82281 4.82437 4.82582 4.82716 4.8284 4.82955 4.83062 4.83161 4.83253 4.83338 4.83417 4.8349 4.83557 4.8362 4.83711
 0 0.00394763 0.00800524 0.0249211 0.0625761 0.128994 0.226283 0.348295 0.482425 0.613842 0.729789 0.822498 0.890099 0.935441 0.963722 0.980329 0.989619 0.994626 0.997252 0.998603 0.99929 0.999638 0.999814 0.999903 0.999949 0.999972 0.999985 0.999991 0.999995 0.999997 0.999998 0.999999 0.999999 0.999999 0.999999 0.999999 0.999999 0.999999 0.999999 0.999999 0.999999 0.999999 0.999999 0.999999 0.999999 0.999999 0.999999 0.999999 0.999999 0.999999 0.999999 0.999999 0.999999 0.999999 0.999999 0.999999 0.999999 0.999999 0.999999 0.999999 0.999999 0.999999 0.999999 0.999999 0.999999 0.999999 0.999999 0.999999 0.999999 0.999999 0.999999 0.999999 0.999999 0.999999 0.999999 0.999999 0.999999 0.999999 0.999999 0.999999 0.999999 0.999999 0.999999 0.999999 0.999999 0.999999 0.999999 0.999999 0.999999 0.999999 0.999999 0.999999 0.999999 0.999999 0.999999 0.999999 0.999999 0.999999 0.999999 0.999999 0.999999
 #wt and selex for gender,fleet: 1 4 4_ORWA_TWL
 0.00908561 0.00918272 0.0253262 0.0629547 0.120552 0.197711 0.292422 0.402004 0.523617 0.654548 0.792416 0.935387 1.08231 1.23254 1.38556 1.54061 1.69664 1.85242 2.00667 2.15826 2.30624 2.44986 2.58858 2.72201 2.84989 2.97208 3.08852 3.19919 3.30418 3.40356 3.49748 3.58609 3.66957 3.74813 3.82194 3.89124 3.95622 4.0171 4.07409 4.1274 4.17722 4.22377 4.26721 4.30775 4.34555 4.38078 4.4136 4.44417 4.47263 4.49911 4.52375 4.54666 4.56797 4.58777 4.60618 4.62328 4.63916 4.65392 4.66762 4.68034 4.69215 4.70312 4.71329 4.72273 4.73149 4.73962 4.74717 4.75416 4.76065 4.76667 4.77229 4.77753 4.78239 4.7869 4.79108 4.79496 4.79855 4.80188 4.80497 4.80783 4.81049 4.81295 4.81523 4.81735 4.81931 4.82112 4.82281 4.82437 4.82581 4.82716 4.8284 4.82955 4.83062 4.83161 4.83253 4.83338 4.83416 4.83489 4.83557 4.8362 4.83711
 0 0.0124939 0.0227129 0.053277 0.106733 0.185561 0.286981 0.40327 0.524072 0.639099 0.740206 0.822523 0.88474 0.928558 0.957497 0.975566 0.986332 0.992509 0.995952 0.99783 0.998841 0.99938 0.999666 0.999818 0.9999 0.999944 0.999968 0.999981 0.999988 0.999992 0.999994 0.999996 0.999996 0.999997 0.999997 0.999997 0.999997 0.999997 0.999997 0.999997 0.999997 0.999997 0.999997 0.999997 0.999997 0.999997 0.999997 0.999997 0.999997 0.999996 0.999996 0.999996 0.999996 0.999996 0.999996 0.999996 0.999996 0.999996 0.999996 0.999996 0.999996 0.999996 0.999996 0.999996 0.999996 0.999996 0.999996 0.999996 0.999996 0.999996 0.999996 0.999996 0.999996 0.999996 0.999996 0.999996 0.999996 0.999996 0.999996 0.999996 0.999996 0.999996 0.999996 0.999996 0.999996 0.999996 0.999996 0.999996 0.999996 0.999996 0.999996 0.999996 0.999996 0.999996 0.999996 0.999996 0.999996 0.999996 0.999996 0.999996 0.999996
 #wt and selex for gender,fleet: 1 5 5_ORWA_NONTWL
 0.00908561 0.00918281 0.026801 0.067678 0.130217 0.214128 0.317063 0.43591 0.567399 0.708434 0.85625 1.00846 1.16304 1.31834 1.47305 1.62622 1.77717 1.92551 2.07095 2.21329 2.35228 2.48769 2.6192 2.74651 2.86935 2.98745 3.10061 3.20871 3.31167 3.40948 3.50218 3.58984 3.67258 3.75056 3.82392 3.89286 3.95756 4.01822 4.07504 4.1282 4.17791 4.22436 4.26773 4.3082 4.34595 4.38113 4.41392 4.44446 4.47289 4.49935 4.52397 4.54686 4.56815 4.58794 4.60634 4.62343 4.63931 4.65406 4.66775 4.68047 4.69227 4.70323 4.7134 4.72284 4.7316 4.73973 4.74727 4.75426 4.76075 4.76676 4.77238 4.77762 4.78248 4.78699 4.79117 4.79504 4.79863 4.80196 4.80505 4.80792 4.81057 4.81303 4.81531 4.81743 4.81939 4.8212 4.82289 4.82445 4.82589 4.82723 4.82848 4.82963 4.8307 4.83169 4.8326 4.83345 4.83424 4.83497 4.83565 4.83627 4.83719
 0 0.000633519 0.00131472 0.00444297 0.0124152 0.0289321 0.057909 0.102158 0.162356 0.236731 0.321501 0.411758 0.50243 0.589041 0.668176 0.737665 0.796543 0.844858 0.883396 0.91339 0.93625 0.953377 0.966034 0.975292 0.982014 0.986873 0.990377 0.992905 0.994731 0.996055 0.99702 0.997728 0.998249 0.998637 0.998927 0.999147 0.999314 0.999442 0.999542 0.99962 0.999681 0.99973 0.999769 0.999801 0.999827 0.999848 0.999866 0.99988 0.999892 0.999903 0.999912 0.999919 0.999925 0.999931 0.999936 0.99994 0.999943 0.999947 0.999949 0.999952 0.999954 0.999956 0.999958 0.999959 0.999961 0.999962 0.999963 0.999964 0.999965 0.999966 0.999967 0.999967 0.999968 0.999968 0.999968 0.999969 0.999969 0.999969 0.99997 0.99997 0.99997 0.99997 0.999971 0.999971 0.999971 0.999971 0.999971 0.999971 0.999971 0.999972 0.999972 0.999972 0.999972 0.999972 0.999972 0.999972 0.999972 0.999972 0.999972 0.999972 0.999972
 #wt and selex for gender,fleet: 1 6 6_OR_REC
 0.00908562 0.0091835 0.0344507 0.084868 0.156358 0.244764 0.34471 0.451655 0.562691 0.677539 0.798403 0.927966 1.06736 1.21559 1.37023 1.52849 1.68788 1.84645 2.00274 2.1557 2.30455 2.44869 2.5877 2.72129 2.84925 2.97148 3.08791 3.19858 3.30354 3.4029 3.4968 3.58539 3.66885 3.74738 3.82117 3.89045 3.95541 4.01627 4.07325 4.12654 4.17635 4.22288 4.26631 4.30684 4.34463 4.37985 4.41266 4.44322 4.47167 4.49815 4.52278 4.54568 4.56698 4.58678 4.60518 4.62228 4.63816 4.65291 4.66661 4.67933 4.69113 4.70209 4.71227 4.72171 4.73047 4.73859 4.74613 4.75313 4.75962 4.76563 4.77125 4.77649 4.78135 4.78585 4.79003 4.7939 4.7975 4.80083 4.80391 4.80678 4.80943 4.81189 4.81417 4.81628 4.81824 4.82006 4.82174 4.8233 4.82475 4.82609 4.82733 4.82848 4.82955 4.83054 4.83146 4.83231 4.83309 4.83382 4.8345 4.83513 4.83604
 0 1.86573e-05 8.7384e-05 0.00133794 0.0104542 0.0469813 0.137851 0.292253 0.484396 0.668612 0.81057 0.902101 0.953356 0.979099 0.990995 0.996143 0.998242 0.999032 0.999279 0.999304 0.999239 0.999139 0.999024 0.998905 0.998786 0.998669 0.998555 0.998444 0.998338 0.998236 0.998139 0.998046 0.997959 0.997875 0.997797 0.997723 0.997653 0.997587 0.997525 0.997467 0.997413 0.997362 0.997315 0.99727 0.997228 0.99719 0.997153 0.99712 0.997088 0.997059 0.997032 0.997006 0.996983 0.996961 0.99694 0.996921 0.996903 0.996887 0.996872 0.996857 0.996844 0.996832 0.996821 0.99681 0.9968 0.996791 0.996783 0.996775 0.996768 0.996761 0.996755 0.996749 0.996743 0.996738 0.996734 0.996729 0.996725 0.996721 0.996718 0.996715 0.996712 0.996709 0.996706 0.996704 0.996702 0.9967 0.996698 0.996696 0.996695 0.996693 0.996692 0.99669 0.996689 0.996688 0.996687 0.996686 0.996685 0.996684 0.996684 0.996683 0.996682
 #wt and selex for gender,fleet: 1 7 7_WA_REC
 0.00908562 0.00918346 0.0343177 0.0861847 0.161995 0.258494 0.370456 0.492902 0.621724 0.753809 0.887102 1.02077 1.15521 1.29155 1.43094 1.57387 1.71996 1.86815 2.01694 2.1648 2.31032 2.45237 2.59012 2.72295 2.85047 2.97243 3.08873 3.19933 3.30426 3.40361 3.49751 3.58611 3.66959 3.74814 3.82195 3.89124 3.95622 4.0171 4.07409 4.1274 4.17723 4.22377 4.26721 4.30775 4.34555 4.38078 4.4136 4.44417 4.47263 4.49911 4.52375 4.54666 4.56797 4.58777 4.60618 4.62328 4.63916 4.65392 4.66762 4.68034 4.69215 4.70312 4.71329 4.72273 4.7315 4.73963 4.74717 4.75416 4.76065 4.76667 4.77229 4.77753 4.78239 4.7869 4.79108 4.79496 4.79855 4.80188 4.80497 4.80784 4.81049 4.81295 4.81523 4.81735 4.81931 4.82112 4.82281 4.82437 4.82582 4.82716 4.8284 4.82955 4.83062 4.83161 4.83253 4.83338 4.83417 4.8349 4.83557 4.8362 4.83711
 0 2.10723e-06 9.57076e-06 0.000151566 0.00135332 0.00739005 0.027259 0.073808 0.1568 0.27539 0.416582 0.560766 0.68998 0.793632 0.86942 0.920774 0.95351 0.973399 0.985049 0.991692 0.995409 0.997465 0.998595 0.999216 0.999558 0.999747 0.999853 0.999914 0.999948 0.999968 0.99998 0.999987 0.999992 0.999994 0.999996 0.999997 0.999998 0.999998 0.999999 0.999999 0.999999 0.999999 0.999999 0.999999 0.999999 0.999999 0.999999 0.999999 0.999999 0.999999 0.999999 0.999999 0.999999 0.999999 0.999999 0.999999 0.999999 0.999999 0.999999 0.999999 0.999999 0.999999 0.999999 0.999999 0.999999 0.999999 0.999999 0.999999 0.999999 0.999999 0.999999 0.999999 0.999999 0.999999 0.999999 0.999999 0.999999 0.999999 0.999999 0.999999 0.999999 0.999999 0.999999 0.999999 0.999999 0.999999 0.999999 0.999999 0.999999 0.999999 0.999999 0.999999 0.999999 0.999999 0.999999 0.999999 0.999999 0.999999 0.999999 0.999999 0.999999
# Sex ratio correction
1
# M and current age-structure in year Yinit: 2011
 # gender = 1
 0.0439034 0.0439034 0.0439034 0.0439034 0.0439034 0.0439034 0.0439034 0.0439034 0.0439034 0.0439034 0.0439034 0.0439034 0.0439034 0.0439034 0.0439034 0.0439034 0.0439034 0.0439034 0.0439034 0.0439034 0.0439034 0.0439034 0.0439034 0.0439034 0.0439034 0.0439034 0.0439034 0.0439034 0.0439034 0.0439034 0.0439034 0.0439034 0.0439034 0.0439034 0.0439034 0.0439034 0.0439034 0.0439034 0.0439034 0.0439034 0.0439034 0.0439034 0.0439034 0.0439034 0.0439034 0.0439034 0.0439034 0.0439034 0.0439034 0.0439034 0.0439034 0.0439034 0.0439034 0.0439034 0.0439034 0.0439034 0.0439034 0.0439034 0.0439034 0.0439034 0.0439034 0.0439034 0.0439034 0.0439034 0.0439034 0.0439034 0.0439034 0.0439034 0.0439034 0.0439034 0.0439034 0.0439034 0.0439034 0.0439034 0.0439034 0.0439034 0.0439034 0.0439034 0.0439034 0.0439034 0.0439034 0.0439034 0.0439034 0.0439034 0.0439034 0.0439034 0.0439034 0.0439034 0.0439034 0.0439034 0.0439034 0.0439034 0.0439034 0.0439034 0.0439034 0.0439034 0.0439034 0.0439034 0.0439034 0.0439034 0.0439034
 221.18 273.427 283.026 325.7 191.919 177.016 100.555 62.6808 89.1296 205.537 60.0297 47.7923 84.4167 53.6176 33.4006 26.511 26.3453 51.3664 55.2929 26.9512 21.6848 21.7649 21.1387 21.452 24.3951 27.0094 33.249 32.288 20.1175 21.7423 18.661 14.5827 10.8804 7.21833 8.25191 7.43892 7.59498 4.714 3.8282 4.48947 7.07467 4.38941 3.28053 2.77526 2.14982 1.81133 1.43042 1.16482 1.0903 1.14808 1.25548 1.27525 1.15028 0.99466 0.87707 0.802268 0.765255 0.76253 0.7934 0.860176 0.961882 1.0783 1.14654 1.09606 0.96102 0.823531 0.715144 0.636013 0.579048 0.536894 0.504722 0.479344 0.458792 0.441601 0.426349 0.411842 0.397205 0.382161 0.366864 0.351791 0.337435 0.324169 0.312087 0.301148 0.291135 0.281753 0.272729 0.263844 0.25493 0.245906 0.236753 0.22749 0.218183 0.208943 0.199791 0.190697 0.181902 0.173453 0.165374 0.157678 3.39146
# Age-structure at Ydeclare= 2013
 448.397 195.089 202.586 250.438 259.22 298.274 175.716 161.995 91.9506 57.2565 81.3168 187.29 54.6397 43.4611 76.7116 48.698 30.3246 24.0632 23.9084 46.6095 50.1683 24.4519 19.6731 19.7451 19.1765 19.4601 22.1293 24.5 30.1586 29.2856 18.2459 19.7184 16.9231 13.2239 9.86612 6.54519 7.48212 6.74475 6.88603 4.27385 3.47065 4.07004 6.41353 3.9791 2.9738 2.51572 1.94873 1.64187 1.29657 1.05581 0.988256 1.04062 1.13796 1.15588 1.0426 0.901543 0.794959 0.727159 0.69361 0.691138 0.719117 0.77964 0.871823 0.977343 1.03919 0.993431 0.871037 0.74642 0.648182 0.576459 0.524828 0.486621 0.457461 0.434459 0.415832 0.40025 0.386426 0.373277 0.360011 0.346375 0.332511 0.318849 0.305838 0.293814 0.282863 0.272949 0.263873 0.255369 0.247191 0.239138 0.231059 0.22288 0.214584 0.206188 0.197752 0.189378 0.181083 0.17284 0.164869 0.157211 3.3667
# Year for Tmin Age-structure (set to Ydecl by SS)
2013
#  recruitment and biomass
# Number of historical assessment years
137
# Historical data
# year recruitment spawner in B0 in R project in R/S project
1888  1889 1890 1891 1892 1893 1894 1895 1896 1897 1898 1899 1900 1901 1902 1903 1904 1905 1906 1907 1908 1909 1910 1911 1912 1913 1914 1915 1916 1917 1918 1919 1920 1921 1922 1923 1924 1925 1926 1927 1928 1929 1930 1931 1932 1933 1934 1935 1936 1937 1938 1939 1940 1941 1942 1943 1944 1945 1946 1947 1948 1949 1950 1951 1952 1953 1954 1955 1956 1957 1958 1959 1960 1961 1962 1963 1964 1965 1966 1967 1968 1969 1970 1971 1972 1973 1974 1975 1976 1977 1978 1979 1980 1981 1982 1983 1984 1985 1986 1987 1988 1989 1990 1991 1992 1993 1994 1995 1996 1997 1998 1999 2000 2001 2002 2003 2004 2005 2006 2007 2008 2009 2010 2011 2012 2013 2014 2015 2016 2017 2018 2019 2020 2021 2022 2023 2024 #years (with first value representing R0)
222.057 225.744 225.874 226.009 226.148 226.283 226.424 226.57 226.728 226.894 227.066 227.246 227.435 227.634 227.842 228.057 228.286 228.531 228.792 229.081 229.393 229.73 230.094 230.481 230.886 231.292 231.677 231.999 232.21 232.25 231.853 231.095 229.989 228.461 226.49 224.102 221.351 218.333 215.194 212.097 209.211 206.688 204.597 202.88 201.403 199.898 198.085 195.755 192.908 189.755 186.741 184.363 183.104 183.359 185.596 190.555 199.32 213.466 234.153 260.266 282.701 281.585 252.116 214.057 182.162 159.865 146.162 139.512 139.074 144.523 155.731 171.027 179.936 167.964 145.466 130.642 131.738 152.281 180.936 200.662 240.814 262.935 322.542 472.513 270.019 205.376 223.489 315.385 268.289 256.385 191.66 244.963 276.348 295.693 286.379 219.261 290.753 247.688 167.343 126.775 94.5576 80.0922 72 63.671 71.4227 134.331 115.936 55.787 53.031 63.3689 96.7293 145.008 78.2476 93.7476 306.405 126.929 85.3296 130.924 220.511 228.777 371.559 309.003 285.699 221.18 203.845 448.397 227.241 292.167 219.322 113.582 111.226 118.204 117.871 155.936 172.952 178.162 182.817  #recruits; first value is R0 (virgin)
1125.24  1125.24 1125.24 1125.22 1125.2 1124.73 1124.28 1123.82 1123.66 1123.59 1123.51 1123.45 1123.38 1123.33 1123.29 1123.29 1123.32 1123.37 1123.46 1123.59 1123.74 1123.8 1123.99 1124.2 1124.43 1124.68 1124.93 1125.2 1125.41 1125.7 1125.84 1123.95 1123.65 1123.49 1123.4 1123.62 1123.78 1123.42 1122.73 1121.26 1119.09 1117.04 1115.46 1113.56 1112.68 1111.97 1111.24 1109.96 1108.63 1106.27 1104.11 1101.57 1099.57 1096.33 1091.47 1086.16 1076.26 1065.58 1049.61 1034.77 1027.53 1019.2 1012.55 1005.12 996.035 987.988 981.715 974.295 967.306 960.364 952.458 945.416 939.683 935.326 932.983 930.033 928.591 928.309 918.207 914.874 909.56 903.726 888.697 878.213 864.541 847.706 829.511 809.564 790.014 767.75 745.885 711.623 675.72 648.624 614.257 558.173 510.6 483.18 446.727 417.756 390.829 368.013 339.208 318.806 284.752 253.956 224.42 208.728 192.866 175.459 155.167 148.703 137.908 138.974 139.394 144.97 150.718 156.661 162.576 168.782 174.463 180.501 186.476 193.174 200.157 207.441 215.601 224.688 234.24 245.027 256.015 268.622 282.499 298.696 316.4 334.379 353.082 #spbio; first value is SSB_virgin (virgin)
1 0 0 0 0 0 0 0 0 0 0 0 0 0 0 0 0 0 0 0 0 0 0 0 0 0 0 0 0 0 0 0 0 0 0 0 0 0 0 0 0 0 0 0 0 0 0 0 0 0 0 0 0 0 0 0 0 0 0 0 0 0 0 0 0 0 0 0 0 0 0 0 0 0 0 0 0 0 0 0 0 0 0 0 0 0 0 0 0 0 0 0 0 0 0 0 0 0 0 0 0 0 0 0 0 0 0 0 0 0 0 0 0 0 0 0 0 0 0 0 0 0 0 0 0 0 0 0 0 0 0 0 0 0 0 0 0  # in Bzero
0 1 1 1 1 1 1 1 1 1 1 1 1 1 1 1 1 1 1 1 1 1 1 1 1 1 1 1 1 1 1 1 1 1 1 1 1 1 1 1 1 1 1 1 1 1 1 1 1 1 1 1 1 1 1 1 1 1 1 1 1 1 1 1 1 1 1 1 1 1 1 1 1 1 1 1 1 1 1 1 1 1 1 1 1 1 1 1 1 1 1 1 1 1 1 1 1 1 1 1 1 1 1 1 1 1 1 1 1 1 1 1 1 1 1 1 1 1 1 1 1 1 1 1 1 1 1 1 1 1 1 1 1 1  0 0 0 # in R project
0 1 1 1 1 1 1 1 1 1 1 1 1 1 1 1 1 1 1 1 1 1 1 1 1 1 1 1 1 1 1 1 1 1 1 1 1 1 1 1 1 1 1 1 1 1 1 1 1 1 1 1 1 1 1 1 1 1 1 1 1 1 1 1 1 1 1 1 1 1 1 1 1 1 1 1 1 1 1 1 1 1 1 1 1 1 1 1 1 1 1 1 1 1 1 1 1 1 1 1 1 1 1 1 1 1 1 1 1 1 1 1 1 1 1 1 1 1 1 1 1 1 1 1 1 1 1 1 1 1 1 1 1 1  0 0 0 # in R/S project
# Number of years with pre-specified catches
0
# catches for years with pre-specified catches go next
# Number of future recruitments to override
-2
# Process for overiding (-1 for average otherwise index in data list)
# Which probability to product detailed results for (1=0.5; 2=0.6; etc.)
3
# Steepness sigma-R Auto-correlation
0.718 0.5 0
# Target SPR rate (FMSY Proxy); manually change to SPR_MSY if not using SPR_target
0.5
# Discount rate (for cumulative catch)
0.1
# Truncate the series when 0.4B0 is reached (1=Yes)
0
# Set F to FMSY once 0.4B0 is reached (1=Yes)
0
# Maximum possible F for projection (-1 to set to FMSY)
-1
# Defintion of recovery (1=now only;2=now or before)
2
# Projection type
4
# Definition of the 40-10 rule
10 40
# Sigma Assessment Error (Base, Year1, Slope, MaxSigma)
1.0 2025 0.075 2.0
# Pstar
0.45
# Constrain catches by the ABC (1=yes, 2=no)
2
# Implementation Error (0=no; 1=lognormal; 2=uniform)
0
#Parameters of Implementaion Error
1 0.3
# Calculate coefficients of variation (1=Yes)
0
# Number of replicates to use
10
# Random number seed
-99004
# File with multiple parameter vectors 
rebuild.SSO
# User-specific projection (1=Yes); Output replaced (1->9)
0  5
# Catches and Fs (Year; 1/2/3 (F or C or SPR); value); Final row is -1
2024 1 1
-1 -1 -1
# Fixed catch project (1=Yes); Output replaced (1->9); Approach (-1=Read in else 1-9)
0 2 -1
# (48a) Special catch options (1-Yes) [CUT_OFF, Emsy, distribution, MAXCAT, Add, replace_code]
0 0.18 1.00 1.00 0 6
# (48b) B1Target
150000
# Split of Fs
2011  0.0173463
 0
 0.409484
 0.0231097
 0.1862
 0.19025
 0.173611
-1  1 1 1 1 1 1 1 1 1 1 1 1
# Yrs to define T_target for projection type 4 (a.k.a. 5 pre-specified inputs)
2030 2031 2032 2033 2034 
# Year for probability of recovery
2034 2035 2036 2037 2038 2039 2040 2041
# Time varying weight-at-age (1=Yes;0=No)
0
# File with time series of weight-at-age data
none
# Use bisection (0) or linear interpolation (1)
1
# Target Depletion
0.4
# CV of implementation error
0
