#Title, #runnumber: 1 yelloweye_data.ss yelloweye_control.ss 5703.94 1114.64 306.17 StartTime: Fri Mar  7 12:13:16 2025
SSv3_default_rebuild.dat
# Number of sexes
1
# Age range to consider (minimum age; maximum age)
0 100
# Number of fleets
7
# First year of projection (Yinit)
2011
# First Year of rebuilding period (Ydecl)
2013
# Number of simulations
1000
# Maximum number of years
500
# Conduct projections with multiple starting values (0=No;else yes)
0
# Number of parameter vectors
1000
# Is the maximum age a plus-group (1=Yes;2=No)
1
# Generate future recruitments using historical recruitments (1)  historical recruits/spawner (2)  or a stock-recruitment (3)
3
# Constant fishing mortality (1) or constant Catch (2) projections
1
# Fishing mortality based on SPR (1) or actual rate (2)
1
# Pre-specify the year of recovery (or -1) to ignore
-1
# Fecundity-at-age
# 0 1 2 3 4 5 6 7 8 9 10 11 12 13 14 15 16 17 18 19 20 21 22 23 24 25 26 27 28 29 30 31 32 33 34 35 36 37 38 39 40 41 42 43 44 45 46 47 48 49 50 51 52 53 54 55 56 57 58 59 60 61 62 63 64 65 66 67 68 69 70 71 72 73 74 75 76 77 78 79 80 81 82 83 84 85 86 87 88 89 90 91 92 93 94 95 96 97 98 99 100 #runnumber: 1 yelloweye_data.ss yelloweye_control.ss 5703.94 1114.64 306.17
 0 0 3.20266e-08 4.01761e-07 3.59385e-06 2.478e-05 0.000136507 0.000604963 0.00215036 0.00617758 0.0146647 0.0296181 0.0524007 0.0833264 0.121671 0.165989 0.214521 0.265549 0.317613 0.369598 0.420733 0.470531 0.518724 0.565189 0.609891 0.652851 0.694109 0.733716 0.771725 0.808181 0.843129 0.876608 0.908654 0.939303 0.968588 0.996545 1.02321 1.04861 1.0728 1.0958 1.11766 1.13842 1.15811 1.17678 1.19447 1.21121 1.22705 1.24204 1.25619 1.26956 1.28219 1.2941 1.30533 1.31593 1.32591 1.33532 1.34417 1.35251 1.36036 1.36775 1.3747 1.38123 1.38738 1.39316 1.39858 1.40369 1.40848 1.41298 1.41721 1.42118 1.42491 1.4285 1.43187 1.43504 1.43801 1.4408 1.44341 1.44587 1.44817 1.45033 1.45236 1.45426 1.45604 1.45772 1.45929 1.46076 1.46214 1.46343 1.46464 1.46578 1.46685 1.46785 1.46878 1.46966 1.47049 1.47126 1.47198 1.47266 1.4733 1.4739 1.47483 #female fecundity; weighted by N in year Y_init across morphs and areas
# Age specific selectivity and weight adjusted for discard and discard mortality
 #wt and selex for gender,fleet: 1 1 1_CA_TWL
 0.0111502 0.023306 0.0626865 0.120964 0.19766 0.289842 0.394101 0.507311 0.62687 0.75074 0.877425 1.00595 1.1358 1.26686 1.39923 1.53307 1.66844 1.80524 1.94315 2.08162 2.22 2.35752 2.49345 2.62708 2.75779 2.88509 3.00857 3.12793 3.24299 3.35361 3.45972 3.56133 3.65844 3.75113 3.83946 3.92355 4.00351 4.07946 4.15153 4.21987 4.28461 4.34591 4.4039 4.45872 4.51053 4.55946 4.60564 4.64921 4.69029 4.72902 4.76552 4.7999 4.83227 4.86274 4.89141 4.91839 4.94377 4.96763 4.99006 5.01114 5.03096 5.04958 5.06707 5.0835 5.09892 5.11341 5.12701 5.13978 5.15177 5.16301 5.17367 5.18377 5.19324 5.20213 5.21047 5.2183 5.22564 5.23252 5.23898 5.24503 5.25071 5.25603 5.26103 5.26571 5.2701 5.27422 5.27808 5.28169 5.28509 5.28827 5.29125 5.29404 5.29666 5.29912 5.30142 5.30358 5.3056 5.3075 5.30928 5.31094 5.31355
 0 0.000737385 0.00277616 0.0090533 0.0237766 0.0519918 0.0978068 0.162727 0.244935 0.339705 0.440596 0.540871 0.634701 0.717927 0.788298 0.845302 0.889728 0.923174 0.947581 0.964901 0.97689 0.985008 0.990398 0.993916 0.99618 0.997618 0.998522 0.999086 0.999436 0.999651 0.999784 0.999866 0.999916 0.999947 0.999966 0.999978 0.999985 0.99999 0.999993 0.999995 0.999996 0.999997 0.999997 0.999997 0.999998 0.999998 0.999998 0.999998 0.999998 0.999998 0.999998 0.999998 0.999998 0.999998 0.999998 0.999998 0.999998 0.999998 0.999998 0.999998 0.999998 0.999998 0.999998 0.999998 0.999998 0.999998 0.999998 0.999998 0.999998 0.999997 0.999997 0.999997 0.999997 0.999997 0.999997 0.999997 0.999997 0.999997 0.999997 0.999997 0.999997 0.999997 0.999997 0.999997 0.999997 0.999997 0.999997 0.999997 0.999997 0.999997 0.999997 0.999997 0.999997 0.999997 0.999997 0.999997 0.999997 0.999997 0.999997 0.999997 0.999997
 #wt and selex for gender,fleet: 1 3 3_CA_REC
 0.01105 0.0216823 0.0566818 0.109334 0.179149 0.263881 0.360756 0.467117 0.580668 0.699588 0.822599 0.94899 1.07851 1.21116 1.34696 1.48576 1.62716 1.77048 1.91486 2.05934 2.20297 2.34487 2.48429 2.62058 2.75328 2.882 3.00648 3.12654 3.24207 3.353 3.45933 3.56107 3.65827 3.75102 3.83939 3.9235 4.00348 4.07943 4.15152 4.21986 4.28461 4.3459 4.4039 4.45872 4.51053 4.55946 4.60564 4.64921 4.69029 4.72902 4.76552 4.7999 4.83227 4.86274 4.89141 4.91839 4.94377 4.96763 4.99006 5.01115 5.03096 5.04958 5.06707 5.0835 5.09892 5.11341 5.12701 5.13978 5.15177 5.16302 5.17367 5.18377 5.19325 5.20213 5.21047 5.2183 5.22564 5.23252 5.23898 5.24503 5.25071 5.25603 5.26103 5.26571 5.2701 5.27422 5.27808 5.2817 5.28509 5.28827 5.29125 5.29404 5.29666 5.29912 5.30142 5.30358 5.3056 5.3075 5.30928 5.31094 5.31355
 0 0.00590164 0.0159136 0.0383757 0.0785139 0.139667 0.221403 0.319348 0.426371 0.53437 0.635959 0.725675 0.800497 0.859732 0.904463 0.936825 0.959349 0.974488 0.984348 0.990592 0.994446 0.996773 0.998151 0.998952 0.999412 0.999672 0.999818 0.999899 0.999944 0.999969 0.999983 0.99999 0.999994 0.999997 0.999998 0.999999 0.999999 0.999999 0.999999 0.999999 0.999999 0.999999 0.999999 0.999999 0.999999 0.999999 0.999999 0.999999 0.999999 0.999999 0.999999 0.999999 0.999999 0.999999 0.999999 0.999999 0.999999 0.999999 0.999999 0.999999 0.999999 0.999999 0.999999 0.999999 0.999999 0.999999 0.999999 0.999999 0.999999 0.999999 0.999999 0.999999 0.999999 0.999999 0.999999 0.999999 0.999999 0.999999 0.999999 0.999999 0.999999 0.999999 0.999999 0.999999 0.999999 0.999999 0.999999 0.999999 0.999999 0.999999 0.999999 0.999999 0.999999 0.999999 0.999999 0.999999 0.999999 0.999999 0.999999 0.999999 0.999999
 #wt and selex for gender,fleet: 1 4 4_ORWA_TWL
 0.0109704 0.0203738 0.0517317 0.100702 0.167354 0.25037 0.347686 0.457006 0.576085 0.702869 0.835547 0.972555 1.11257 1.25448 1.3974 1.54061 1.68353 1.82574 1.96687 2.10658 2.24457 2.38053 2.51414 2.64508 2.77303 2.89769 3.01879 3.1361 3.24943 3.35863 3.46361 3.56431 3.66073 3.75287 3.8408 3.92457 4.00429 4.08005 4.15199 4.22022 4.28489 4.34613 4.40407 4.45886 4.51064 4.55954 4.60571 4.64926 4.69034 4.72906 4.76555 4.79992 4.83229 4.86276 4.89143 4.91841 4.94378 4.96764 4.99007 5.01115 5.03097 5.04958 5.06707 5.0835 5.09893 5.11341 5.12702 5.13978 5.15177 5.16302 5.17368 5.18377 5.19325 5.20214 5.21048 5.2183 5.22564 5.23252 5.23898 5.24503 5.25071 5.25604 5.26103 5.26571 5.2701 5.27422 5.27808 5.2817 5.28509 5.28827 5.29125 5.29405 5.29667 5.29912 5.30142 5.30358 5.3056 5.3075 5.30928 5.31094 5.31356
 0 0.0112368 0.0228655 0.0431776 0.073884 0.116014 0.169343 0.232415 0.302843 0.377728 0.454073 0.529108 0.600512 0.666519 0.725947 0.778163 0.823015 0.860733 0.89183 0.916997 0.937017 0.952693 0.96479 0.974002 0.980935 0.986098 0.989909 0.992699 0.994729 0.996199 0.997259 0.998021 0.998568 0.998961 0.999243 0.999445 0.999592 0.999697 0.999774 0.99983 0.999871 0.999901 0.999924 0.999941 0.999953 0.999963 0.99997 0.999976 0.99998 0.999983 0.999986 0.999988 0.999989 0.999991 0.999992 0.999993 0.999993 0.999994 0.999994 0.999995 0.999995 0.999995 0.999996 0.999996 0.999996 0.999996 0.999996 0.999996 0.999996 0.999996 0.999996 0.999996 0.999997 0.999997 0.999997 0.999997 0.999997 0.999997 0.999997 0.999997 0.999997 0.999997 0.999997 0.999997 0.999997 0.999997 0.999997 0.999997 0.999997 0.999997 0.999997 0.999997 0.999997 0.999997 0.999997 0.999997 0.999997 0.999997 0.999997 0.999997 0.999997
 #wt and selex for gender,fleet: 1 5 5_ORWA_NONTWL
 0.0110663 0.0219757 0.0582231 0.113398 0.187486 0.278386 0.383238 0.499144 0.623476 0.753994 0.888847 1.02654 1.16589 1.30597 1.4461 1.58578 1.72469 1.86258 1.99929 2.13467 2.26853 2.40067 2.53083 2.65873 2.78407 2.90651 3.02578 3.14159 3.25371 3.36195 3.46617 3.56629 3.66225 3.75404 3.84169 3.92526 4.00482 4.08046 4.15231 4.22047 4.28509 4.34628 4.40419 4.45896 4.51072 4.55961 4.60576 4.64931 4.69038 4.72909 4.76558 4.79995 4.83231 4.86277 4.89145 4.91842 4.94379 4.96765 4.99008 5.01116 5.03097 5.04959 5.06708 5.08351 5.09893 5.11342 5.12702 5.13979 5.15177 5.16302 5.17368 5.18378 5.19325 5.20214 5.21048 5.2183 5.22564 5.23253 5.23898 5.24504 5.25072 5.25604 5.26103 5.26572 5.27011 5.27422 5.27808 5.2817 5.28509 5.28827 5.29125 5.29405 5.29667 5.29913 5.30143 5.30359 5.30561 5.3075 5.30928 5.31095 5.31356
 0 0.00122929 0.00356259 0.00940448 0.0212383 0.0418741 0.0736583 0.117802 0.174044 0.240704 0.315036 0.393725 0.473369 0.550876 0.623722 0.690081 0.748844 0.799557 0.842304 0.877569 0.906097 0.928764 0.946487 0.960143 0.970532 0.978345 0.984164 0.988461 0.991613 0.993911 0.995581 0.996789 0.997663 0.998294 0.99875 0.99908 0.999319 0.999493 0.99962 0.999713 0.999782 0.999833 0.999871 0.999899 0.999921 0.999937 0.99995 0.999959 0.999967 0.999973 0.999978 0.999981 0.999984 0.999987 0.999988 0.99999 0.999991 0.999992 0.999993 0.999994 0.999995 0.999995 0.999996 0.999996 0.999996 0.999997 0.999997 0.999997 0.999997 0.999997 0.999998 0.999998 0.999998 0.999998 0.999998 0.999998 0.999998 0.999998 0.999998 0.999998 0.999998 0.999998 0.999998 0.999998 0.999998 0.999998 0.999998 0.999998 0.999998 0.999998 0.999998 0.999998 0.999998 0.999998 0.999998 0.999998 0.999998 0.999998 0.999998 0.999998 0.999998
 #wt and selex for gender,fleet: 1 6 6_OR_REC
 0.0116977 0.0306132 0.0810336 0.148901 0.231022 0.321856 0.417152 0.514435 0.613185 0.714565 0.820597 0.933233 1.0537 1.18222 1.31804 1.45972 1.60549 1.75354 1.90228 2.05037 2.19676 2.34065 2.48142 2.6186 2.75185 2.88091 3.00558 3.12575 3.24133 3.35228 3.45861 3.56034 3.65753 3.75026 3.83862 3.92272 4.00267 4.07862 4.15069 4.21902 4.28376 4.34505 4.40303 4.45785 4.50965 4.55857 4.60474 4.6483 4.68939 4.72811 4.7646 4.79898 4.83135 4.86181 4.89049 4.91746 4.94283 4.96669 4.98912 5.01021 5.03002 5.04864 5.06612 5.08255 5.09798 5.11246 5.12606 5.13883 5.15082 5.16206 5.17272 5.18281 5.19228 5.20117 5.20951 5.21733 5.22466 5.23154 5.238 5.24405 5.24973 5.25505 5.26004 5.26472 5.26911 5.27322 5.27708 5.2807 5.28409 5.28727 5.29025 5.29304 5.29566 5.29812 5.30042 5.30258 5.3046 5.30649 5.30827 5.30993 5.31255
 0 6.70975e-05 0.000807772 0.00583672 0.025599 0.0763752 0.169989 0.30291 0.456153 0.605549 0.73273 0.829709 0.897278 0.940956 0.967456 0.982677 0.991003 0.995352 0.997517 0.998533 0.998963 0.999105 0.999107 0.999045 0.998952 0.998847 0.998738 0.998627 0.998517 0.99841 0.998306 0.998204 0.998107 0.998012 0.997922 0.997835 0.997752 0.997673 0.997597 0.997525 0.997457 0.997391 0.99733 0.997271 0.997215 0.997163 0.997113 0.997066 0.997022 0.99698 0.99694 0.996903 0.996868 0.996835 0.996803 0.996774 0.996746 0.99672 0.996696 0.996672 0.996651 0.99663 0.996611 0.996593 0.996576 0.99656 0.996545 0.996531 0.996518 0.996506 0.996494 0.996483 0.996472 0.996463 0.996453 0.996445 0.996437 0.996429 0.996422 0.996415 0.996409 0.996403 0.996397 0.996392 0.996387 0.996383 0.996379 0.996375 0.996371 0.996367 0.996364 0.996361 0.996358 0.996355 0.996353 0.99635 0.996348 0.996346 0.996344 0.996342 0.996339
 #wt and selex for gender,fleet: 1 7 7_WA_REC
 0.0116752 0.030575 0.0829721 0.156412 0.248493 0.353501 0.466393 0.583396 0.701962 0.820608 0.938785 1.05673 1.17523 1.29531 1.41793 1.54377 1.6731 1.80573 1.9411 2.0783 2.21629 2.354 2.49039 2.62458 2.75585 2.88363 3.00751 3.12718 3.24246 3.35324 3.45948 3.56116 3.65833 3.75105 3.83941 3.92352 4.00348 4.07944 4.15152 4.21986 4.28461 4.34591 4.4039 4.45872 4.51053 4.55946 4.60564 4.64921 4.69029 4.72902 4.76552 4.7999 4.83227 4.86274 4.89141 4.91839 4.94377 4.96763 4.99006 5.01115 5.03096 5.04958 5.06707 5.0835 5.09892 5.11341 5.12701 5.13978 5.15177 5.16302 5.17367 5.18377 5.19325 5.20213 5.21047 5.2183 5.22564 5.23252 5.23898 5.24503 5.25071 5.25603 5.26103 5.26571 5.2701 5.27422 5.27808 5.2817 5.28509 5.28827 5.29125 5.29404 5.29666 5.29912 5.30142 5.30358 5.3056 5.3075 5.30928 5.31094 5.31355
 0 6.98589e-06 8.80464e-05 0.000725398 0.00381055 0.0139493 0.038424 0.0846844 0.156639 0.252288 0.364096 0.481563 0.594387 0.694812 0.778572 0.844623 0.89424 0.929967 0.954757 0.971408 0.982278 0.9892 0.993513 0.99615 0.997738 0.998681 0.999235 0.999558 0.999745 0.999853 0.999915 0.99995 0.999971 0.999983 0.99999 0.999994 0.999996 0.999997 0.999998 0.999999 0.999999 0.999999 0.999999 0.999999 0.999999 0.999999 0.999999 0.999999 0.999999 0.999999 0.999999 0.999999 0.999999 0.999999 0.999999 0.999999 0.999999 0.999999 0.999999 0.999999 0.999999 0.999999 0.999999 0.999999 0.999999 0.999999 0.999999 0.999999 0.999999 0.999999 0.999999 0.999999 0.999999 0.999999 0.999999 0.999999 0.999999 0.999999 0.999999 0.999999 0.999999 0.999999 0.999999 0.999999 0.999999 0.999999 0.999999 0.999999 0.999999 0.999999 0.999999 0.999999 0.999999 0.999999 0.999999 0.999999 0.999999 0.999999 0.999999 0.999999 0.999999
# Sex ratio correction
1
# M and current age-structure in year Yinit: 2011
 # gender = 1
 0.0439034 0.0439034 0.0439034 0.0439034 0.0439034 0.0439034 0.0439034 0.0439034 0.0439034 0.0439034 0.0439034 0.0439034 0.0439034 0.0439034 0.0439034 0.0439034 0.0439034 0.0439034 0.0439034 0.0439034 0.0439034 0.0439034 0.0439034 0.0439034 0.0439034 0.0439034 0.0439034 0.0439034 0.0439034 0.0439034 0.0439034 0.0439034 0.0439034 0.0439034 0.0439034 0.0439034 0.0439034 0.0439034 0.0439034 0.0439034 0.0439034 0.0439034 0.0439034 0.0439034 0.0439034 0.0439034 0.0439034 0.0439034 0.0439034 0.0439034 0.0439034 0.0439034 0.0439034 0.0439034 0.0439034 0.0439034 0.0439034 0.0439034 0.0439034 0.0439034 0.0439034 0.0439034 0.0439034 0.0439034 0.0439034 0.0439034 0.0439034 0.0439034 0.0439034 0.0439034 0.0439034 0.0439034 0.0439034 0.0439034 0.0439034 0.0439034 0.0439034 0.0439034 0.0439034 0.0439034 0.0439034 0.0439034 0.0439034 0.0439034 0.0439034 0.0439034 0.0439034 0.0439034 0.0439034 0.0439034 0.0439034 0.0439034 0.0439034 0.0439034 0.0439034 0.0439034 0.0439034 0.0439034 0.0439034 0.0439034 0.0439034
 226.848 227.402 203.338 258.966 162.39 121.966 90.9591 67.7355 140.914 265.019 99.0835 70.999 131.294 69.0743 40.0787 32.6004 32.6274 65.7455 86.9254 33.6197 25.3261 26.6594 29.1447 29.8537 30.0468 28.8257 32.9331 40.0405 31.2951 35.7346 24.1835 16.1134 11.4918 8.80396 9.32042 8.65991 8.17172 5.18639 4.81455 5.76644 8.85294 5.98636 4.44032 3.25366 2.46441 1.9918 1.51961 1.23179 1.15947 1.23491 1.38129 1.46573 1.37815 1.19728 1.02821 0.907853 0.840957 0.821823 0.845106 0.908547 1.00538 1.1084 1.15731 1.10237 0.977447 0.848116 0.742357 0.66258 0.603661 0.559094 0.524391 0.496475 0.473422 0.453732 0.435808 0.418247 0.400085 0.381182 0.362005 0.343359 0.32596 0.310245 0.296294 0.284011 0.273112 0.263251 0.254116 0.245445 0.237024 0.228721 0.220452 0.212178 0.203905 0.195697 0.187549 0.179424 0.17154 0.163931 0.15662 0.149625 3.30866
# Age-structure at Ydeclare= 2013
 119.502 111.294 207.778 208.281 186.231 237.152 148.677 111.623 83.1985 61.9113 128.691 241.827 90.34 64.6876 119.551 62.8653 36.4621 29.6499 29.668 59.7727 79.0192 30.5593 23.0193 24.23 26.4877 27.1311 27.3057 26.1949 29.9262 36.3831 28.4352 32.4674 21.9714 14.6388 10.4397 7.9977 8.46658 7.86634 7.42268 4.71086 4.37298 5.23743 8.04055 5.43688 4.03265 2.95487 2.23804 1.80882 1.37998 1.11859 1.0529 1.12139 1.25431 1.33097 1.25143 1.08719 0.933664 0.824368 0.763621 0.746244 0.767385 0.824989 0.912915 1.00646 1.05087 1.00098 0.887546 0.770108 0.674076 0.601637 0.548136 0.507667 0.476157 0.450808 0.429875 0.411996 0.39572 0.379774 0.363283 0.346118 0.328706 0.311775 0.295976 0.281708 0.269039 0.257887 0.24799 0.239036 0.230741 0.222868 0.215222 0.207683 0.200175 0.192662 0.18515 0.177697 0.170299 0.162921 0.155762 0.148853 3.28242
# Year for Tmin Age-structure (set to Ydecl by SS)
2013
#  recruitment and biomass
# Number of historical assessment years
129
# Historical data
# year recruitment spawner in B0 in R project in R/S project
1888  1889 1890 1891 1892 1893 1894 1895 1896 1897 1898 1899 1900 1901 1902 1903 1904 1905 1906 1907 1908 1909 1910 1911 1912 1913 1914 1915 1916 1917 1918 1919 1920 1921 1922 1923 1924 1925 1926 1927 1928 1929 1930 1931 1932 1933 1934 1935 1936 1937 1938 1939 1940 1941 1942 1943 1944 1945 1946 1947 1948 1949 1950 1951 1952 1953 1954 1955 1956 1957 1958 1959 1960 1961 1962 1963 1964 1965 1966 1967 1968 1969 1970 1971 1972 1973 1974 1975 1976 1977 1978 1979 1980 1981 1982 1983 1984 1985 1986 1987 1988 1989 1990 1991 1992 1993 1994 1995 1996 1997 1998 1999 2000 2001 2002 2003 2004 2005 2006 2007 2008 2009 2010 2011 2012 2013 2014 2015 2016 #years (with first value representing R0)
215.124 213.472 213.419 213.365 213.309 213.245 213.178 213.11 213.046 212.98 212.914 212.847 212.773 212.7 212.63 212.548 212.467 212.388 212.313 212.251 212.196 212.141 212.094 212.048 212 211.928 211.812 211.611 211.292 210.808 209.929 208.73 207.243 205.433 203.321 200.966 198.448 195.874 193.388 191.143 189.294 187.984 187.29 187.155 187.432 187.81 187.901 187.354 186.048 184.153 182.151 180.602 180.024 180.788 183.316 188.279 196.612 209.596 227.847 249.854 268.096 267.748 243.905 210.394 180.777 159.844 147.714 143.583 147.162 158.128 174.529 190.192 191.21 170.005 143.047 126.033 125.189 143.768 174.556 198.915 240.351 298.133 362.712 480.433 278.185 204.945 193.414 265.151 242.897 224.604 181.228 200.987 238.294 301.252 374.038 275.122 296.306 206.063 153.632 137.693 118.942 102.193 83.3502 71.5138 86.8154 207.629 146.686 68.5075 64.7768 75.6298 124.081 224.816 115.993 154.542 394.842 200.639 92.2125 118.439 151.942 193.582 295.432 222.001 237.608 226.848 116.289 119.502 123.88 144.174 168.605  #recruits; first value is R0 (virgin)
1114.64  1114.64 1114.63 1114.62 1114.59 1114.13 1113.67 1113.2 1113.05 1112.97 1112.88 1112.79 1112.68 1112.54 1112.37 1112.16 1111.92 1111.64 1111.32 1110.98 1110.6 1110.07 1109.63 1109.16 1108.66 1108.13 1107.58 1107 1106.33 1105.71 1104.91 1102.03 1100.72 1099.52 1098.38 1097.5 1096.54 1095.01 1093.12 1090.41 1086.96 1083.59 1080.66 1077.38 1075.1 1072.95 1070.78 1068.04 1065.26 1061.46 1057.9 1054.01 1050.73 1046.29 1040.33 1034.02 1023.2 1011.74 995.069 979.786 972.385 964.098 957.684 950.68 942.192 934.915 929.575 923.203 917.341 911.533 904.684 898.565 893.561 889.724 887.77 885.157 884.178 884.572 875.338 873.329 869.685 865.843 852.99 844.883 833.634 819.22 803.404 785.789 768.487 748.396 728.616 696.235 664.583 640.459 608.848 556.056 507.801 481.699 443.577 422.274 396.859 374.021 344.46 324.187 291.278 261.363 232.942 218.335 203.721 187.246 168.644 163.67 154.113 157.096 159.329 166.766 174.49 182.527 190.609 199.109 207.212 215.81 224.525 234.205 244.438 255.217 266.905 279.517 292.459 #spbio; first value is SSB_virgin (virgin)
1 0 0 0 0 0 0 0 0 0 0 0 0 0 0 0 0 0 0 0 0 0 0 0 0 0 0 0 0 0 0 0 0 0 0 0 0 0 0 0 0 0 0 0 0 0 0 0 0 0 0 0 0 0 0 0 0 0 0 0 0 0 0 0 0 0 0 0 0 0 0 0 0 0 0 0 0 0 0 0 0 0 0 0 0 0 0 0 0 0 0 0 0 0 0 0 0 0 0 0 0 0 0 0 0 0 0 0 0 0 0 0 0 0 0 0 0 0 0 0 0 0 0 0 0 0 0 0 0  # in Bzero
0 1 1 1 1 1 1 1 1 1 1 1 1 1 1 1 1 1 1 1 1 1 1 1 1 1 1 1 1 1 1 1 1 1 1 1 1 1 1 1 1 1 1 1 1 1 1 1 1 1 1 1 1 1 1 1 1 1 1 1 1 1 1 1 1 1 1 1 1 1 1 1 1 1 1 1 1 1 1 1 1 1 1 1 1 1 1 1 1 1 1 1 1 1 1 1 1 1 1 1 1 1 1 1 1 1 1 1 1 1 1 1 1 1 1 1 1 1 1 1 1 1 1 1 1 1  0 0 0 # in R project
0 1 1 1 1 1 1 1 1 1 1 1 1 1 1 1 1 1 1 1 1 1 1 1 1 1 1 1 1 1 1 1 1 1 1 1 1 1 1 1 1 1 1 1 1 1 1 1 1 1 1 1 1 1 1 1 1 1 1 1 1 1 1 1 1 1 1 1 1 1 1 1 1 1 1 1 1 1 1 1 1 1 1 1 1 1 1 1 1 1 1 1 1 1 1 1 1 1 1 1 1 1 1 1 1 1 1 1 1 1 1 1 1 1 1 1 1 1 1 1 1 1 1 1 1 1  0 0 0 # in R/S project
# Number of years with pre-specified catches
0
# catches for years with pre-specified catches go next
# Number of future recruitments to override
-2
# Process for overiding (-1 for average otherwise index in data list)
# Which probability to product detailed results for (1=0.5; 2=0.6; etc.)
3
# Steepness sigma-R Auto-correlation
0.718 0.5 0
# Target SPR rate (FMSY Proxy); manually change to SPR_MSY if not using SPR_target
0.5
# Discount rate (for cumulative catch)
0.1
# Truncate the series when 0.4B0 is reached (1=Yes)
0
# Set F to FMSY once 0.4B0 is reached (1=Yes)
0
# Maximum possible F for projection (-1 to set to FMSY)
-1
# Defintion of recovery (1=now only;2=now or before)
2
# Projection type
4
# Definition of the 40-10 rule
10 40
# Sigma Assessment Error (Base, Year1, Slope, MaxSigma)
1.0 2017 0.075 2.0
# Pstar
0.45
# Constrain catches by the ABC (1=yes, 2=no)
2
# Implementation Error (0=no; 1=lognormal; 2=uniform)
0
#Parameters of Implementaion Error
1 0.3
# Calculate coefficients of variation (1=Yes)
0
# Number of replicates to use
10
# Random number seed
-99004
# File with multiple parameter vectors 
rebuild.SSO
# User-specific projection (1=Yes); Output replaced (1->9)
0  5
# Catches and Fs (Year; 1/2/3 (F or C or SPR); value); Final row is -1
2016 1 1
-1 -1 -1
# Fixed catch project (1=Yes); Output replaced (1->9); Approach (-1=Read in else 1-9)
0 2 -1
# (48a) Special catch options (1-Yes) [CUT_OFF, Emsy, distribution, MAXCAT, Add, replace_code]
0 0.18 1.00 1.00 0 6
# (48b) B1Target
150000
# Split of Fs
2011  0.000530211
 0
 0.16703
 0.0068839
 0.266392
 0.243337
 0.315827
-1  1 1 1 1 1 1 1 1 1 1 1 1
# Yrs to define T_target for projection type 4 (a.k.a. 5 pre-specified inputs)
2022 2023 2024 2025 2026 
# Year for probability of recovery
2026 2027 2028 2029 2030 2031 2032 2033
# Time varying weight-at-age (1=Yes;0=No)
0
# File with time series of weight-at-age data
none
# Use bisection (0) or linear interpolation (1)
1
# Target Depletion
0.4
# CV of implementation error
0
