#Title, #runnumber: 1 yelloweye_data.ss yelloweye_control.ss 7042.59 1201.34 487.392 StartTime: Thu May  1 10:26:31 2025
SSv3_default_rebuild.dat
# Number of sexes
1
# Age range to consider (minimum age; maximum age)
0 100
# Number of fleets
7
# First year of projection (Yinit)
2011
# First Year of rebuilding period (Ydecl)
2013
# Number of simulations
1000
# Maximum number of years
500
# Conduct projections with multiple starting values (0=No;else yes)
0
# Number of parameter vectors
1000
# Is the maximum age a plus-group (1=Yes;2=No)
1
# Generate future recruitments using historical recruitments (1)  historical recruits/spawner (2)  or a stock-recruitment (3)
3
# Constant fishing mortality (1) or constant Catch (2) projections
1
# Fishing mortality based on SPR (1) or actual rate (2)
1
# Pre-specify the year of recovery (or -1) to ignore
-1
# Fecundity-at-age
# 0 1 2 3 4 5 6 7 8 9 10 11 12 13 14 15 16 17 18 19 20 21 22 23 24 25 26 27 28 29 30 31 32 33 34 35 36 37 38 39 40 41 42 43 44 45 46 47 48 49 50 51 52 53 54 55 56 57 58 59 60 61 62 63 64 65 66 67 68 69 70 71 72 73 74 75 76 77 78 79 80 81 82 83 84 85 86 87 88 89 90 91 92 93 94 95 96 97 98 99 100 #runnumber: 1 yelloweye_data.ss yelloweye_control.ss 7042.59 1201.34 487.392
 0 0 1.71116e-09 3.9999e-08 5.71245e-07 5.56984e-06 4.08194e-05 0.000235824 0.00108964 0.00400449 0.0116915 0.0275895 0.0542758 0.092152 0.139417 0.193052 0.249942 0.307578 0.364264 0.419023 0.471393 0.521222 0.568527 0.613397 0.655945 0.696282 0.734508 0.770714 0.804981 0.837381 0.867985 0.896859 0.924072 0.949688 0.973774 0.996397 1.01762 1.03752 1.05615 1.07358 1.08987 1.10509 1.1193 1.13255 1.14491 1.15641 1.16713 1.1771 1.18638 1.19501 1.20302 1.21047 1.21739 1.22381 1.22978 1.23531 1.24044 1.2452 1.24962 1.25371 1.25751 1.26102 1.26428 1.2673 1.2701 1.27269 1.27509 1.27731 1.27937 1.28127 1.28303 1.28469 1.28623 1.28765 1.28897 1.29019 1.29131 1.29236 1.29332 1.29422 1.29504 1.29581 1.29652 1.29717 1.29778 1.29834 1.29885 1.29933 1.29978 1.30019 1.30057 1.30092 1.30124 1.30155 1.30182 1.30208 1.30232 1.30254 1.30274 1.30293 1.3032 #female fecundity; weighted by N in year Y_init across morphs and areas
# Age specific selectivity and weight adjusted for discard and discard mortality
 #wt and selex for gender,fleet: 1 1 1_CA_TWL
 0.00896707 0.0089751 0.0234965 0.0636611 0.125557 0.208607 0.309804 0.42554 0.552284 0.686901 0.826805 0.970142 1.11594 1.26396 1.41421 1.56648 1.72007 1.8739 2.02668 2.17713 2.32415 2.46686 2.60462 2.73695 2.86359 2.98435 3.09918 3.2081 3.31117 3.40852 3.5003 3.5867 3.6679 3.74412 3.81558 3.8825 3.94511 4.00363 4.05829 4.10929 4.15686 4.20118 4.24247 4.2809 4.31666 4.34991 4.38082 4.40955 4.43623 4.461 4.484 4.50534 4.52514 4.54351 4.56054 4.57633 4.59097 4.60454 4.61711 4.62876 4.63955 4.64955 4.65881 4.66738 4.67532 4.68267 4.68948 4.69578 4.70161 4.70701 4.71204 4.71672 4.72105 4.72506 4.72877 4.73221 4.73539 4.73833 4.74105 4.74356 4.74589 4.74805 4.75004 4.75188 4.75359 4.75517 4.75663 4.75798 4.75923 4.76038 4.76145 4.76244 4.76335 4.7642 4.76498 4.7657 4.76637 4.76699 4.76757 4.7681 4.76886
 0 0.000948955 0.00179391 0.00738055 0.0237583 0.0598457 0.12339 0.216412 0.333283 0.462421 0.590148 0.704593 0.798301 0.868987 0.918557 0.951206 0.971616 0.983854 0.990957 0.994983 0.997228 0.998467 0.999148 0.999523 0.999729 0.999844 0.999909 0.999945 0.999967 0.999979 0.999986 0.999991 0.999993 0.999995 0.999996 0.999997 0.999997 0.999997 0.999997 0.999997 0.999997 0.999998 0.999998 0.999997 0.999997 0.999997 0.999997 0.999997 0.999997 0.999997 0.999997 0.999997 0.999997 0.999997 0.999997 0.999997 0.999997 0.999997 0.999997 0.999997 0.999997 0.999997 0.999997 0.999997 0.999997 0.999997 0.999997 0.999997 0.999997 0.999997 0.999997 0.999997 0.999997 0.999997 0.999997 0.999997 0.999997 0.999997 0.999997 0.999997 0.999997 0.999997 0.999997 0.999997 0.999997 0.999997 0.999997 0.999997 0.999997 0.999997 0.999997 0.999997 0.999997 0.999997 0.999997 0.999997 0.999997 0.999997 0.999997 0.999997 0.999997
 #wt and selex for gender,fleet: 1 3 3_CA_REC
 0.00896707 0.0089751 0.0228592 0.0613903 0.12086 0.200664 0.298027 0.409591 0.53205 0.662508 0.798827 0.93995 1.0857 1.23603 1.3904 1.54763 1.70608 1.86405 2.02004 2.1728 2.3214 2.46515 2.60356 2.7363 2.86318 2.9841 3.09902 3.208 3.31111 3.40848 3.50028 3.58668 3.66789 3.74411 3.81557 3.8825 3.94511 4.00363 4.05829 4.10929 4.15686 4.20118 4.24247 4.2809 4.31666 4.34991 4.38082 4.40955 4.43623 4.461 4.484 4.50534 4.52514 4.54351 4.56054 4.57633 4.59097 4.60454 4.61711 4.62876 4.63955 4.64955 4.65881 4.66738 4.67532 4.68267 4.68948 4.69578 4.70161 4.70701 4.71204 4.71672 4.72105 4.72506 4.72878 4.73221 4.73539 4.73833 4.74105 4.74356 4.74589 4.74805 4.75004 4.75188 4.75359 4.75517 4.75663 4.75798 4.75923 4.76038 4.76145 4.76244 4.76335 4.7642 4.76498 4.76571 4.76638 4.76699 4.76757 4.7681 4.76886
 0 0.00355393 0.00636142 0.0214561 0.0578395 0.125159 0.226549 0.355247 0.496615 0.633469 0.751515 0.842894 0.906879 0.947842 0.972132 0.985658 0.992824 0.996479 0.998293 0.999177 0.999603 0.999807 0.999906 0.999953 0.999976 0.999988 0.999993 0.999996 0.999998 0.999999 0.999999 0.999999 0.999999 0.999999 0.999999 0.999999 0.999999 0.999999 0.999999 0.999999 0.999999 0.999999 0.999999 0.999999 0.999999 0.999999 0.999999 0.999999 0.999999 0.999999 0.999999 0.999999 0.999999 0.999999 0.999999 0.999999 0.999999 0.999999 0.999999 0.999999 0.999999 0.999999 0.999999 0.999999 0.999999 0.999999 0.999999 0.999999 0.999999 0.999999 0.999999 0.999999 0.999999 0.999999 0.999999 0.999999 0.999999 0.999999 0.999999 0.999999 0.999999 0.999999 0.999999 0.999999 0.999999 0.999999 0.999999 0.999999 0.999999 0.999999 0.999999 0.999999 0.999999 0.999999 0.999999 0.999999 0.999999 0.999999 0.999999 0.999999 0.999999
 #wt and selex for gender,fleet: 1 4 4_ORWA_TWL
 0.00896707 0.0089751 0.0221456 0.058856 0.115898 0.192745 0.286972 0.395532 0.515364 0.643844 0.779282 0.921012 1.06871 1.22158 1.37819 1.53668 1.69523 1.85228 2.00654 2.15707 2.30314 2.44422 2.57992 2.70999 2.83426 2.95267 3.06519 3.17188 3.27282 3.36816 3.45803 3.54263 3.62215 3.6968 3.76679 3.83234 3.89368 3.95101 4.00456 4.05454 4.10115 4.14459 4.18506 4.22273 4.25778 4.29038 4.32069 4.34885 4.37501 4.3993 4.42186 4.44279 4.46221 4.48022 4.49693 4.51242 4.52678 4.54008 4.55242 4.56385 4.57443 4.58424 4.59332 4.60174 4.60953 4.61674 4.62342 4.6296 4.63532 4.64062 4.64552 4.65006 4.65425 4.65814 4.66173 4.66506 4.66814 4.67098 4.67362 4.67606 4.67831 4.6804 4.68233 4.68411 4.68577 4.6873 4.68871 4.69002 4.69123 4.69234 4.69338 4.69434 4.69522 4.69604 4.6968 4.6975 4.69815 4.69875 4.6993 4.69982 4.70055
 0 0.0118368 0.0199497 0.0536523 0.119015 0.219903 0.350293 0.495281 0.636595 0.75853 0.852017 0.915859 0.954783 0.9758 0.985297 0.987868 0.986392 0.982539 0.977262 0.971118 0.964455 0.957504 0.950431 0.943355 0.936368 0.929535 0.922908 0.916521 0.910398 0.904555 0.899001 0.893737 0.888762 0.884073 0.879661 0.875518 0.871633 0.867996 0.864594 0.861417 0.858451 0.855686 0.853109 0.85071 0.848478 0.846402 0.844472 0.842679 0.841013 0.839467 0.838031 0.8367 0.835464 0.834319 0.833256 0.832272 0.831359 0.830513 0.82973 0.829004 0.828332 0.827709 0.827132 0.826599 0.826104 0.825646 0.825223 0.824831 0.824468 0.824132 0.823819 0.823528 0.823259 0.82301 0.82278 0.822567 0.822369 0.822187 0.822018 0.821862 0.821718 0.821584 0.82146 0.821346 0.82124 0.821142 0.821052 0.820968 0.82089 0.820819 0.820752 0.820691 0.820634 0.820582 0.820533 0.820488 0.820447 0.820409 0.820373 0.82034 0.820293
 #wt and selex for gender,fleet: 1 5 5_ORWA_NONTWL
 0.00896707 0.0089751 0.0230878 0.0625987 0.12427 0.207973 0.311132 0.430362 0.562163 0.70328 0.850851 1.00245 1.15608 1.31021 1.46375 1.61604 1.76669 1.91545 2.06206 2.20613 2.3472 2.48474 2.61823 2.74718 2.8712 2.98999 3.10336 3.21119 3.31347 3.41024 3.5016 3.58768 3.66865 3.7447 3.81603 3.88286 3.9454 4.00386 4.05848 4.10945 4.15699 4.20129 4.24256 4.28098 4.31673 4.34997 4.38088 4.40959 4.43627 4.46104 4.48403 4.50537 4.52517 4.54354 4.56057 4.57636 4.59099 4.60456 4.61713 4.62878 4.63957 4.64957 4.65882 4.6674 4.67534 4.68269 4.68949 4.69579 4.70163 4.70702 4.71205 4.71673 4.72107 4.72508 4.72879 4.73222 4.7354 4.73834 4.74106 4.74358 4.7459 4.74806 4.75005 4.7519 4.7536 4.75518 4.75664 4.75799 4.75924 4.76039 4.76146 4.76245 4.76336 4.76421 4.76499 4.76572 4.76639 4.76701 4.76758 4.76811 4.76887
 0 0.000674272 0.0012296 0.0045244 0.0136214 0.0333618 0.0688424 0.1234 0.197134 0.286665 0.386064 0.488352 0.586937 0.676613 0.754058 0.817874 0.868288 0.90666 0.934943 0.955236 0.969481 0.979311 0.98601 0.990536 0.993578 0.995619 0.99699 0.997913 0.998539 0.998965 0.999258 0.999461 0.999604 0.999704 0.999776 0.999829 0.999867 0.999895 0.999916 0.999933 0.999945 0.999954 0.999962 0.999968 0.999972 0.999976 0.999979 0.999982 0.999984 0.999985 0.999987 0.999988 0.999989 0.99999 0.999991 0.999991 0.999992 0.999992 0.999993 0.999993 0.999993 0.999994 0.999994 0.999994 0.999994 0.999995 0.999995 0.999995 0.999995 0.999995 0.999995 0.999995 0.999995 0.999995 0.999996 0.999996 0.999996 0.999996 0.999996 0.999996 0.999996 0.999996 0.999996 0.999996 0.999996 0.999996 0.999996 0.999996 0.999996 0.999996 0.999996 0.999996 0.999996 0.999996 0.999996 0.999996 0.999996 0.999996 0.999996 0.999996 0.999996
 #wt and selex for gender,fleet: 1 6 6_OR_REC
 0.00896707 0.0089751 0.019643 0.0490219 0.0977021 0.166037 0.253765 0.359842 0.482742 0.620746 0.773149 1.04838 2.97282 4.13918 4.27153 4.31795 4.35384 4.38603 4.41589 4.44413 4.4712 4.49745 4.52314 4.54842 4.57341 4.59818 4.62276 4.64714 4.67129 4.69519 4.71877 4.74199 4.76478 4.78708 4.80884 4.83001 4.85054 4.87038 4.88952 4.90792 4.92557 4.94245 4.95856 4.97389 4.98847 5.00229 5.01537 5.02774 5.0394 5.05039 5.06073 5.07045 5.07957 5.08811 5.09612 5.10361 5.11061 5.11715 5.12325 5.12894 5.13425 5.13919 5.1438 5.14808 5.15206 5.15577 5.15921 5.16241 5.16538 5.16813 5.17089 5.17363 5.17617 5.17853 5.18071 5.18274 5.18462 5.18635 5.18796 5.18946 5.19084 5.19212 5.1933 5.1944 5.19541 5.19635 5.19722 5.19803 5.19877 5.19946 5.2001 5.20069 5.20124 5.20175 5.20221 5.20265 5.20305 5.20342 5.20376 5.20408 5.20454
 0 2.05915e-09 2.83606e-09 3.1766e-09 3.30186e-09 3.43783e-09 3.5931e-09 3.77167e-09 3.97862e-09 4.22063e-09 4.50812e-09 5.02657e-09 1.33127e-08 1.70914e-07 1.87657e-06 1.34633e-05 6.8061e-05 0.00026057 0.000798577 0.00204434 0.00451843 0.00884941 0.0156794 0.0255547 0.0388345 0.0556396 0.0758463 0.0991199 0.124969 0.152813 0.182037 0.212044 0.242292 0.272308 0.301705 0.330178 0.357501 0.383515 0.408122 0.431271 0.452952 0.473182 0.491999 0.50946 0.525628 0.540575 0.554376 0.567106 0.578838 0.589645 0.599595 0.608753 0.617182 0.624938 0.632075 0.638644 0.644688 0.650252 0.655374 0.66009 0.664432 0.668432 0.672117 0.675512 0.678641 0.681526 0.684185 0.686637 0.688898 0.690985 0.692867 0.694562 0.696126 0.697568 0.698898 0.700126 0.701258 0.702304 0.703269 0.70416 0.704983 0.705742 0.706444 0.707092 0.707691 0.708244 0.708755 0.709227 0.709663 0.710066 0.710439 0.710783 0.711101 0.711396 0.711667 0.711919 0.712151 0.712366 0.712564 0.712748 0.713012
 #wt and selex for gender,fleet: 1 7 7_WA_REC
 0.00896707 0.00897511 0.0317842 0.0855733 0.164203 0.263334 0.376468 0.497937 0.623477 0.750323 0.877472 1.00579 1.13733 1.27402 1.41671 1.56486 1.71682 1.87048 2.02376 2.17491 2.32257 2.46579 2.60391 2.7365 2.86329 2.98416 3.09906 3.20802 3.31112 3.40849 3.50028 3.58668 3.66789 3.74411 3.81557 3.8825 3.94511 4.00363 4.05829 4.10929 4.15686 4.20118 4.24247 4.2809 4.31666 4.34991 4.38082 4.40955 4.43623 4.461 4.484 4.50534 4.52514 4.54351 4.56054 4.57633 4.59097 4.60454 4.61711 4.62876 4.63955 4.64955 4.65881 4.66738 4.67532 4.68267 4.68948 4.69578 4.70161 4.70701 4.71204 4.71672 4.72105 4.72506 4.72878 4.73221 4.73539 4.73833 4.74105 4.74356 4.74589 4.74805 4.75004 4.75188 4.75359 4.75517 4.75663 4.75798 4.75923 4.76038 4.76145 4.76244 4.76335 4.7642 4.76498 4.76571 4.76638 4.76699 4.76757 4.7681 4.76886
 0 3.63192e-07 1.57547e-06 5.125e-05 0.000763874 0.00584934 0.0266826 0.0817921 0.185001 0.331621 0.497822 0.654085 0.77994 0.86928 0.9266 0.960569 0.97951 0.989598 0.994798 0.997418 0.99872 0.999363 0.99968 0.999838 0.999916 0.999956 0.999976 0.999987 0.999993 0.999996 0.999997 0.999998 0.999999 0.999999 0.999999 0.999999 0.999999 0.999999 0.999999 0.999999 0.999999 0.999999 0.999999 0.999999 0.999999 0.999999 0.999999 0.999999 0.999999 0.999999 0.999999 0.999999 0.999999 0.999999 0.999999 0.999999 0.999999 0.999999 0.999999 0.999999 0.999999 0.999999 0.999999 0.999999 0.999999 0.999999 0.999999 0.999999 0.999999 0.999999 0.999999 0.999999 0.999999 0.999999 0.999999 0.999999 0.999999 0.999999 0.999999 0.999999 0.999999 0.999999 0.999999 0.999999 0.999999 0.999999 0.999999 0.999999 0.999999 0.999999 0.999999 0.999999 0.999999 0.999999 0.999999 0.999999 0.999999 0.999999 0.999999 0.999999 0.999999
# Sex ratio correction
1
# M and current age-structure in year Yinit: 2011
 # gender = 1
 0.0439034 0.0439034 0.0439034 0.0439034 0.0439034 0.0439034 0.0439034 0.0439034 0.0439034 0.0439034 0.0439034 0.0439034 0.0439034 0.0439034 0.0439034 0.0439034 0.0439034 0.0439034 0.0439034 0.0439034 0.0439034 0.0439034 0.0439034 0.0439034 0.0439034 0.0439034 0.0439034 0.0439034 0.0439034 0.0439034 0.0439034 0.0439034 0.0439034 0.0439034 0.0439034 0.0439034 0.0439034 0.0439034 0.0439034 0.0439034 0.0439034 0.0439034 0.0439034 0.0439034 0.0439034 0.0439034 0.0439034 0.0439034 0.0439034 0.0439034 0.0439034 0.0439034 0.0439034 0.0439034 0.0439034 0.0439034 0.0439034 0.0439034 0.0439034 0.0439034 0.0439034 0.0439034 0.0439034 0.0439034 0.0439034 0.0439034 0.0439034 0.0439034 0.0439034 0.0439034 0.0439034 0.0439034 0.0439034 0.0439034 0.0439034 0.0439034 0.0439034 0.0439034 0.0439034 0.0439034 0.0439034 0.0439034 0.0439034 0.0439034 0.0439034 0.0439034 0.0439034 0.0439034 0.0439034 0.0439034 0.0439034 0.0439034 0.0439034 0.0439034 0.0439034 0.0439034 0.0439034 0.0439034 0.0439034 0.0439034 0.0439034
 257.732 324.301 350.719 380.579 233.657 214.813 121.369 76.6831 112.415 255.45 75.7469 59.5371 105.655 63.9372 38.8074 31.4847 33.0699 72.978 72.9659 32.1643 25.3998 24.2358 22.4585 23.1944 27.4127 31.1683 37.2071 36.4447 25.3805 27.9321 24.9095 20.9573 15.6178 10.6958 12.1725 11.1595 11.5003 7.29807 6.14155 7.37966 11.2929 7.4534 5.61221 4.76752 3.74042 3.16371 2.51327 2.06297 1.93842 2.03883 2.21797 2.24286 2.02378 1.75197 1.54418 1.40987 1.34072 1.33052 1.37785 1.48646 1.655 1.85044 1.96582 1.87356 1.6315 1.38754 1.19694 1.05851 0.958919 0.885024 0.828296 0.783241 0.746539 0.715753 0.68854 0.662909 0.637388 0.611465 0.585352 0.559797 0.535594 0.513341 0.493186 0.47505 0.458429 0.442647 0.427547 0.412741 0.397933 0.382979 0.367841 0.352556 0.337241 0.322084 0.307138 0.292604 0.278602 0.265199 0.25243 0.240308 5.06963
# Age-structure at Ydeclare= 2013
 520.87 230.692 236.065 297.036 321.224 348.548 213.958 196.649 111.059 70.1284 102.733 233.274 69.1224 54.2978 96.3131 58.2648 35.3567 28.681 30.1222 66.4691 66.4554 29.2934 23.1319 22.071 20.4513 21.1199 24.9586 28.3746 33.867 33.1671 23.0932 25.409 22.6536 19.0541 14.1955 9.71885 11.0575 10.1344 10.441 6.62404 5.5729 6.69472 10.2424 6.75854 5.08794 4.32133 3.38975 2.86664 2.27693 1.86872 1.75567 1.8464 2.00842 2.03077 1.83224 1.58602 1.39782 1.27615 1.21349 1.20419 1.24696 1.34519 1.49764 1.67444 1.77878 1.69525 1.47618 1.2554 1.08293 0.957665 0.867542 0.800673 0.749338 0.708568 0.675354 0.647495 0.62287 0.599677 0.576584 0.553129 0.529502 0.506381 0.484484 0.464351 0.446117 0.42971 0.414673 0.400395 0.386734 0.37334 0.359945 0.346416 0.332723 0.318896 0.305042 0.291331 0.277812 0.264665 0.252 0.239876 5.03122
# Year for Tmin Age-structure (set to Ydecl by SS)
2013
#  recruitment and biomass
# Number of historical assessment years
137
# Historical data
# year recruitment spawner in B0 in R project in R/S project
1888  1889 1890 1891 1892 1893 1894 1895 1896 1897 1898 1899 1900 1901 1902 1903 1904 1905 1906 1907 1908 1909 1910 1911 1912 1913 1914 1915 1916 1917 1918 1919 1920 1921 1922 1923 1924 1925 1926 1927 1928 1929 1930 1931 1932 1933 1934 1935 1936 1937 1938 1939 1940 1941 1942 1943 1944 1945 1946 1947 1948 1949 1950 1951 1952 1953 1954 1955 1956 1957 1958 1959 1960 1961 1962 1963 1964 1965 1966 1967 1968 1969 1970 1971 1972 1973 1974 1975 1976 1977 1978 1979 1980 1981 1982 1983 1984 1985 1986 1987 1988 1989 1990 1991 1992 1993 1994 1995 1996 1997 1998 1999 2000 2001 2002 2003 2004 2005 2006 2007 2008 2009 2010 2011 2012 2013 2014 2015 2016 2017 2018 2019 2020 2021 2022 2023 2024 #years (with first value representing R0)
235.172 242.65 242.92 243.199 243.49 243.782 244.086 244.401 244.736 245.086 245.451 245.832 246.232 246.65 247.09 247.549 248.035 248.552 249.099 249.69 250.323 251 251.722 252.484 253.284 254.101 254.908 255.656 256.289 256.732 256.889 256.624 255.937 254.732 252.98 250.706 247.974 244.899 241.662 238.458 235.335 232.574 230.321 228.501 226.947 225.333 223.316 220.637 217.283 213.503 209.808 206.774 204.949 204.769 206.741 211.678 220.79 235.838 258.147 286.462 310.274 306.864 272.108 229.136 193.686 168.919 153.451 145.461 143.904 148.297 158.336 172.159 179.626 167.268 144.803 129.66 129.948 148.997 176.404 195.909 234.12 257.647 318.664 447.323 269.086 204.592 220.295 311.95 269.886 260.593 201.355 256.875 299.135 306.466 294.299 227.754 277.815 240.82 171.797 129.398 94.5346 79.8696 76.2129 71.6589 82.6389 173.119 161.787 69.0831 62.3343 73.051 114.661 180.69 97.1696 118.044 380.323 159.977 104.357 158.003 267.581 278.525 434.164 382.908 338.856 257.732 241.045 520.87 260.484 334.974 251.46 126.039 122.535 130.717 129.827 174.328 190.8 195.646 203.094  #recruits; first value is R0 (virgin)
1201.34  1201.34 1201.34 1201.32 1201.29 1200.83 1200.37 1199.91 1199.75 1199.67 1199.6 1199.55 1199.51 1199.52 1199.6 1199.75 1199.99 1200.3 1200.71 1201.2 1201.76 1202.27 1202.95 1203.69 1204.48 1205.31 1206.18 1207.09 1207.97 1208.95 1209.81 1208.66 1209.12 1209.75 1210.48 1211.54 1212.57 1213.1 1213.33 1212.8 1211.61 1210.55 1210.01 1209.16 1209.37 1209.77 1210.19 1210.07 1209.91 1208.73 1207.75 1206.38 1205.53 1203.42 1199.66 1195.41 1186.51 1176.78 1161.64 1147.55 1141.03 1133.35 1127.29 1120.37 1111.72 1104.04 1098.09 1090.93 1084.17 1077.45 1069.78 1062.99 1057.54 1053.48 1051.38 1048.55 1047.05 1046.5 1035.8 1031.65 1025.27 1018.13 1001.47 989.208 973.54 954.495 933.963 911.575 889.474 864.599 840.11 802.96 764.293 734.758 697.763 638.658 588.911 559.521 521.218 490.191 461.895 438.206 408.538 387.301 352.146 320.488 290.213 274.126 257.721 239.769 218.635 211.756 200.469 201.513 201.901 207.771 213.885 220.311 226.849 233.82 240.35 247.299 254.269 262.066 270.321 279.103 289.037 300.167 311.985 325.304 339.089 354.863 372.294 392.445 414.493 437.009 460.43 #spbio; first value is SSB_virgin (virgin)
1 0 0 0 0 0 0 0 0 0 0 0 0 0 0 0 0 0 0 0 0 0 0 0 0 0 0 0 0 0 0 0 0 0 0 0 0 0 0 0 0 0 0 0 0 0 0 0 0 0 0 0 0 0 0 0 0 0 0 0 0 0 0 0 0 0 0 0 0 0 0 0 0 0 0 0 0 0 0 0 0 0 0 0 0 0 0 0 0 0 0 0 0 0 0 0 0 0 0 0 0 0 0 0 0 0 0 0 0 0 0 0 0 0 0 0 0 0 0 0 0 0 0 0 0 0 0 0 0 0 0 0 0 0 0 0 0  # in Bzero
0 1 1 1 1 1 1 1 1 1 1 1 1 1 1 1 1 1 1 1 1 1 1 1 1 1 1 1 1 1 1 1 1 1 1 1 1 1 1 1 1 1 1 1 1 1 1 1 1 1 1 1 1 1 1 1 1 1 1 1 1 1 1 1 1 1 1 1 1 1 1 1 1 1 1 1 1 1 1 1 1 1 1 1 1 1 1 1 1 1 1 1 1 1 1 1 1 1 1 1 1 1 1 1 1 1 1 1 1 1 1 1 1 1 1 1 1 1 1 1 1 1 1 1 1 1 1 1 1 1 1 1 1 1  0 0 0 # in R project
0 1 1 1 1 1 1 1 1 1 1 1 1 1 1 1 1 1 1 1 1 1 1 1 1 1 1 1 1 1 1 1 1 1 1 1 1 1 1 1 1 1 1 1 1 1 1 1 1 1 1 1 1 1 1 1 1 1 1 1 1 1 1 1 1 1 1 1 1 1 1 1 1 1 1 1 1 1 1 1 1 1 1 1 1 1 1 1 1 1 1 1 1 1 1 1 1 1 1 1 1 1 1 1 1 1 1 1 1 1 1 1 1 1 1 1 1 1 1 1 1 1 1 1 1 1 1 1 1 1 1 1 1 1  0 0 0 # in R/S project
# Number of years with pre-specified catches
0
# catches for years with pre-specified catches go next
# Number of future recruitments to override
-2
# Process for overiding (-1 for average otherwise index in data list)
# Which probability to product detailed results for (1=0.5; 2=0.6; etc.)
3
# Steepness sigma-R Auto-correlation
0.718 0.5 0
# Target SPR rate (FMSY Proxy); manually change to SPR_MSY if not using SPR_target
0.5
# Discount rate (for cumulative catch)
0.1
# Truncate the series when 0.4B0 is reached (1=Yes)
0
# Set F to FMSY once 0.4B0 is reached (1=Yes)
0
# Maximum possible F for projection (-1 to set to FMSY)
-1
# Defintion of recovery (1=now only;2=now or before)
2
# Projection type
4
# Definition of the 40-10 rule
10 40
# Sigma Assessment Error (Base, Year1, Slope, MaxSigma)
1.0 2025 0.075 2.0
# Pstar
0.45
# Constrain catches by the ABC (1=yes, 2=no)
2
# Implementation Error (0=no; 1=lognormal; 2=uniform)
0
#Parameters of Implementaion Error
1 0.3
# Calculate coefficients of variation (1=Yes)
0
# Number of replicates to use
10
# Random number seed
-99004
# File with multiple parameter vectors 
rebuild.SSO
# User-specific projection (1=Yes); Output replaced (1->9)
0  5
# Catches and Fs (Year; 1/2/3 (F or C or SPR); value); Final row is -1
2024 1 1
-1 -1 -1
# Fixed catch project (1=Yes); Output replaced (1->9); Approach (-1=Read in else 1-9)
0 2 -1
# (48a) Special catch options (1-Yes) [CUT_OFF, Emsy, distribution, MAXCAT, Add, replace_code]
0 0.18 1.00 1.00 0 6
# (48b) B1Target
150000
# Split of Fs
2011  0.0107499
 0
 0.25322
 0.0127995
 0.0930003
 0.540912
 0.0893187
-1  1 1 1 1 1 1 1 1 1 1 1 1
# Yrs to define T_target for projection type 4 (a.k.a. 5 pre-specified inputs)
2030 2031 2032 2033 2034 
# Year for probability of recovery
2034 2035 2036 2037 2038 2039 2040 2041
# Time varying weight-at-age (1=Yes;0=No)
0
# File with time series of weight-at-age data
none
# Use bisection (0) or linear interpolation (1)
1
# Target Depletion
0.4
# CV of implementation error
0
