#Title, #runnumber: 1 yelloweye_data.ss yelloweye_control.ss 7228.51 1089.56 375.329 StartTime: Wed Apr 23 16:13:57 2025
SSv3_default_rebuild.dat
# Number of sexes
1
# Age range to consider (minimum age; maximum age)
0 100
# Number of fleets
7
# First year of projection (Yinit)
2011
# First Year of rebuilding period (Ydecl)
2013
# Number of simulations
1000
# Maximum number of years
500
# Conduct projections with multiple starting values (0=No;else yes)
0
# Number of parameter vectors
1000
# Is the maximum age a plus-group (1=Yes;2=No)
1
# Generate future recruitments using historical recruitments (1)  historical recruits/spawner (2)  or a stock-recruitment (3)
3
# Constant fishing mortality (1) or constant Catch (2) projections
1
# Fishing mortality based on SPR (1) or actual rate (2)
1
# Pre-specify the year of recovery (or -1) to ignore
-1
# Fecundity-at-age
# 0 1 2 3 4 5 6 7 8 9 10 11 12 13 14 15 16 17 18 19 20 21 22 23 24 25 26 27 28 29 30 31 32 33 34 35 36 37 38 39 40 41 42 43 44 45 46 47 48 49 50 51 52 53 54 55 56 57 58 59 60 61 62 63 64 65 66 67 68 69 70 71 72 73 74 75 76 77 78 79 80 81 82 83 84 85 86 87 88 89 90 91 92 93 94 95 96 97 98 99 100 #runnumber: 1 yelloweye_data.ss yelloweye_control.ss 7228.51 1089.56 375.329
 0 0 2.61444e-09 5.50527e-08 7.07354e-07 6.39216e-06 4.42108e-05 0.000244131 0.00108945 0.00390575 0.0112292 0.0262952 0.0516088 0.087711 0.133073 0.184936 0.240348 0.29685 0.352721 0.406928 0.458945 0.508573 0.555792 0.600668 0.6433 0.683791 0.722237 0.758721 0.793322 0.826108 0.857144 0.886494 0.914217 0.940375 0.96503 0.988243 1.01007 1.03059 1.04984 1.0679 1.08482 1.10067 1.11549 1.12936 1.14231 1.1544 1.16569 1.17622 1.18604 1.19519 1.20372 1.21166 1.21905 1.22593 1.23232 1.23827 1.24381 1.24895 1.25373 1.25817 1.2623 1.26613 1.26969 1.27299 1.27606 1.27891 1.28155 1.284 1.28628 1.28839 1.29035 1.2922 1.29391 1.2955 1.29698 1.29834 1.29961 1.30079 1.30188 1.30289 1.30383 1.3047 1.3055 1.30625 1.30694 1.30759 1.30818 1.30873 1.30925 1.30972 1.31016 1.31057 1.31094 1.3113 1.31162 1.31192 1.3122 1.31246 1.3127 1.31292 1.31324 #female fecundity; weighted by N in year Y_init across morphs and areas
# Age specific selectivity and weight adjusted for discard and discard mortality
 #wt and selex for gender,fleet: 1 1 1_CA_TWL
 0.00896707 0.00907558 0.0272417 0.0684156 0.130494 0.212642 0.312063 0.425428 0.549465 0.681238 0.818292 0.95881 1.10177 1.24684 1.394 1.54311 1.69359 1.84452 1.99473 2.14304 2.28838 2.42987 2.56683 2.69877 2.82536 2.94641 3.06181 3.17155 3.27567 3.37425 3.46743 3.55535 3.63819 3.71615 3.78941 3.85819 3.92269 3.98312 4.0397 4.09262 4.14209 4.1883 4.23144 4.27169 4.30922 4.34421 4.37681 4.40717 4.43543 4.46174 4.48621 4.50897 4.53013 4.54981 4.56809 4.58508 4.60087 4.61553 4.62914 4.64179 4.65352 4.66442 4.67453 4.68392 4.69263 4.70071 4.7082 4.71516 4.72161 4.72759 4.73318 4.73839 4.74322 4.7477 4.75186 4.75571 4.75929 4.7626 4.76567 4.76852 4.77116 4.77361 4.77588 4.77798 4.77993 4.78174 4.78342 4.78497 4.78641 4.78774 4.78898 4.79013 4.79119 4.79217 4.79309 4.79393 4.79472 4.79544 4.79612 4.79674 4.79765
 0 0.00108837 0.00240729 0.00915134 0.0273074 0.0651342 0.129271 0.220954 0.334648 0.459692 0.583639 0.695593 0.788475 0.859776 0.910837 0.945268 0.967345 0.980936 0.989041 0.993761 0.996464 0.997996 0.99886 0.999347 0.999622 0.999778 0.999868 0.99992 0.99995 0.999969 0.999979 0.999986 0.99999 0.999993 0.999995 0.999996 0.999996 0.999997 0.999997 0.999997 0.999997 0.999997 0.999997 0.999997 0.999997 0.999997 0.999997 0.999997 0.999997 0.999997 0.999997 0.999997 0.999997 0.999997 0.999997 0.999997 0.999997 0.999997 0.999997 0.999997 0.999997 0.999997 0.999997 0.999997 0.999997 0.999997 0.999997 0.999997 0.999997 0.999997 0.999997 0.999997 0.999997 0.999997 0.999997 0.999997 0.999997 0.999997 0.999997 0.999997 0.999997 0.999997 0.999997 0.999997 0.999997 0.999997 0.999997 0.999997 0.999997 0.999997 0.999997 0.999997 0.999997 0.999997 0.999997 0.999997 0.999997 0.999997 0.999997 0.999997 0.999997
 #wt and selex for gender,fleet: 1 3 3_CA_REC
 0.00896707 0.00907552 0.0263856 0.0658823 0.125536 0.204582 0.300472 0.410127 0.530485 0.658795 0.792902 0.931531 1.07427 1.22104 1.37151 1.52479 1.67956 1.83432 1.98763 2.13826 2.28525 2.42785 2.56554 2.69795 2.82485 2.94608 3.06161 3.17142 3.27558 3.3742 3.46739 3.55533 3.63818 3.71614 3.7894 3.85818 3.92268 3.98312 4.03969 4.09262 4.14209 4.1883 4.23144 4.27169 4.30922 4.34421 4.37681 4.40717 4.43543 4.46174 4.48621 4.50897 4.53013 4.54981 4.56809 4.58508 4.60087 4.61553 4.62915 4.64179 4.65352 4.66442 4.67453 4.68392 4.69263 4.70071 4.7082 4.71516 4.72161 4.72759 4.73318 4.73839 4.74322 4.74771 4.75186 4.75572 4.75929 4.7626 4.76567 4.76852 4.77116 4.77361 4.77588 4.77798 4.77993 4.78174 4.78342 4.78497 4.78641 4.78774 4.78898 4.79013 4.79119 4.79217 4.79309 4.79393 4.79472 4.79544 4.79612 4.79674 4.79765
 0 0.003953 0.00806709 0.0250652 0.0628165 0.129307 0.226604 0.348547 0.482551 0.613827 0.729657 0.822299 0.889884 0.935246 0.963568 0.980216 0.989542 0.994577 0.997221 0.998584 0.999279 0.999631 0.99981 0.999901 0.999947 0.999972 0.999984 0.999991 0.999995 0.999997 0.999998 0.999999 0.999999 0.999999 0.999999 0.999999 0.999999 0.999999 0.999999 0.999999 0.999999 0.999999 0.999999 0.999999 0.999999 0.999999 0.999999 0.999999 0.999999 0.999999 0.999999 0.999999 0.999999 0.999999 0.999999 0.999999 0.999999 0.999999 0.999999 0.999999 0.999999 0.999999 0.999999 0.999999 0.999999 0.999999 0.999999 0.999999 0.999999 0.999999 0.999999 0.999999 0.999999 0.999999 0.999999 0.999999 0.999999 0.999999 0.999999 0.999999 0.999999 0.999999 0.999999 0.999999 0.999999 0.999999 0.999999 0.999999 0.999999 0.999999 0.999999 0.999999 0.999999 0.999999 0.999999 0.999999 0.999999 0.999999 0.999999 0.999999 0.999999
 #wt and selex for gender,fleet: 1 4 4_ORWA_TWL
 0.00896707 0.00907542 0.0250154 0.0620116 0.118768 0.194956 0.288691 0.397399 0.51831 0.648746 0.786293 0.928979 1.07542 1.22477 1.37645 1.52979 1.68392 1.83776 1.99016 2.14002 2.28643 2.42862 2.56604 2.69827 2.82505 2.94621 3.06169 3.17147 3.27562 3.37422 3.4674 3.55534 3.63818 3.71614 3.7894 3.85818 3.92268 3.98312 4.03969 4.09262 4.14208 4.18829 4.23143 4.27169 4.30922 4.34421 4.37681 4.40717 4.43543 4.46174 4.48621 4.50897 4.53013 4.54981 4.56809 4.58508 4.60087 4.61553 4.62914 4.64179 4.65352 4.66442 4.67453 4.68392 4.69262 4.70071 4.7082 4.71516 4.72161 4.72759 4.73318 4.73839 4.74322 4.7477 4.75186 4.75571 4.75929 4.7626 4.76567 4.76852 4.77116 4.77361 4.77588 4.77798 4.77993 4.78174 4.78342 4.78497 4.78641 4.78774 4.78898 4.79013 4.79119 4.79217 4.79309 4.79393 4.79472 4.79544 4.79612 4.79674 4.79765
 0 0.0139996 0.0251791 0.0566239 0.10979 0.186516 0.284021 0.39531 0.511177 0.62247 0.72181 0.804516 0.868869 0.915782 0.947971 0.9689 0.981899 0.989675 0.994193 0.996762 0.9982 0.998999 0.99944 0.999685 0.99982 0.999896 0.999939 0.999963 0.999977 0.999985 0.99999 0.999993 0.999995 0.999996 0.999997 0.999997 0.999997 0.999997 0.999997 0.999998 0.999998 0.999998 0.999998 0.999997 0.999997 0.999997 0.999997 0.999997 0.999997 0.999997 0.999997 0.999997 0.999997 0.999997 0.999997 0.999997 0.999997 0.999997 0.999997 0.999997 0.999997 0.999997 0.999997 0.999997 0.999997 0.999997 0.999997 0.999997 0.999997 0.999997 0.999997 0.999997 0.999997 0.999997 0.999997 0.999997 0.999997 0.999997 0.999997 0.999997 0.999997 0.999997 0.999997 0.999997 0.999997 0.999997 0.999997 0.999997 0.999997 0.999997 0.999997 0.999997 0.999997 0.999997 0.999997 0.999997 0.999997 0.999997 0.999997 0.999997 0.999997
 #wt and selex for gender,fleet: 1 5 5_ORWA_NONTWL
 0.00896707 0.00907553 0.0266149 0.0670594 0.128941 0.211986 0.313899 0.431623 0.561932 0.701767 0.848386 0.999417 1.15285 1.30705 1.46068 1.61277 1.76265 1.90988 2.05418 2.19534 2.33312 2.4673 2.59759 2.72371 2.84539 2.96238 3.0745 3.18162 3.28366 3.38061 3.4725 3.55942 3.64148 3.71882 3.79159 3.85999 3.92418 3.98438 4.04076 4.09352 4.14286 4.18897 4.23202 4.2722 4.30968 4.34462 4.37717 4.4075 4.43573 4.46201 4.48646 4.5092 4.53035 4.55001 4.56828 4.58526 4.60104 4.61569 4.6293 4.64193 4.65366 4.66455 4.67466 4.68404 4.69275 4.70082 4.70832 4.71527 4.72172 4.7277 4.73328 4.73849 4.74333 4.74781 4.75196 4.75582 4.75939 4.7627 4.76577 4.76862 4.77126 4.77371 4.77597 4.77808 4.78003 4.78183 4.78351 4.78506 4.7865 4.78783 4.78907 4.79022 4.79128 4.79226 4.79318 4.79402 4.79481 4.79553 4.79621 4.79683 4.79774
 0 0.000654417 0.0013615 0.00454649 0.0125796 0.0290991 0.0579289 0.101801 0.161363 0.234887 0.318692 0.408001 0.497864 0.583899 0.662741 0.732222 0.791341 0.840084 0.879164 0.909747 0.933189 0.950855 0.963988 0.973651 0.980708 0.985839 0.989561 0.99226 0.994221 0.995651 0.996698 0.997469 0.998041 0.998468 0.998789 0.999033 0.999219 0.999363 0.999475 0.999562 0.999632 0.999687 0.999732 0.999768 0.999798 0.999822 0.999842 0.999859 0.999873 0.999885 0.999895 0.999904 0.999911 0.999918 0.999923 0.999928 0.999933 0.999936 0.99994 0.999942 0.999945 0.999947 0.999949 0.999951 0.999953 0.999954 0.999956 0.999957 0.999958 0.999959 0.99996 0.99996 0.999961 0.999961 0.999962 0.999962 0.999963 0.999963 0.999963 0.999964 0.999964 0.999964 0.999964 0.999965 0.999965 0.999965 0.999965 0.999965 0.999966 0.999966 0.999966 0.999966 0.999966 0.999966 0.999966 0.999966 0.999966 0.999966 0.999966 0.999967 0.999967
 #wt and selex for gender,fleet: 1 6 6_OR_REC
 0.00896707 0.00907635 0.0343041 0.0842884 0.155137 0.242713 0.341695 0.447593 0.557537 0.671276 0.791014 0.919408 1.05757 1.20449 1.35778 1.51465 1.67266 1.82985 1.98481 2.13647 2.28406 2.427 2.56487 2.69736 2.82429 2.94553 3.06103 3.17083 3.27496 3.37355 3.46672 3.55463 3.63746 3.71539 3.78864 3.85739 3.92188 3.98229 4.03885 4.09176 4.14121 4.18741 4.23054 4.27078 4.3083 4.34328 4.37587 4.40622 4.43448 4.46077 4.48524 4.50799 4.52915 4.54882 4.5671 4.58409 4.59987 4.61452 4.62814 4.64077 4.65251 4.6634 4.67351 4.68289 4.6916 4.69968 4.70717 4.71412 4.72057 4.72656 4.73214 4.73735 4.74218 4.74666 4.75081 4.75467 4.75824 4.76155 4.76462 4.76747 4.77011 4.77255 4.77482 4.77692 4.77887 4.78068 4.78235 4.78391 4.78534 4.78668 4.78791 4.78906 4.79012 4.79111 4.79202 4.79286 4.79365 4.79437 4.79505 4.79567 4.79658
 0 1.84521e-05 8.81478e-05 0.0013489 0.0105242 0.0472328 0.138425 0.29316 0.485446 0.669537 0.811215 0.902469 0.953534 0.979172 0.99102 0.99615 0.998243 0.999031 0.999277 0.999302 0.999238 0.999137 0.999023 0.998904 0.998784 0.998667 0.998553 0.998442 0.998336 0.998234 0.998137 0.998044 0.997956 0.997873 0.997794 0.99772 0.99765 0.997584 0.997522 0.997464 0.99741 0.997359 0.997312 0.997267 0.997225 0.997186 0.99715 0.997116 0.997085 0.997056 0.997028 0.997003 0.996979 0.996957 0.996936 0.996917 0.9969 0.996883 0.996868 0.996854 0.996841 0.996828 0.996817 0.996806 0.996796 0.996787 0.996779 0.996771 0.996764 0.996757 0.996751 0.996745 0.996739 0.996734 0.99673 0.996725 0.996721 0.996717 0.996714 0.996711 0.996708 0.996705 0.996702 0.9967 0.996698 0.996696 0.996694 0.996692 0.996691 0.996689 0.996688 0.996686 0.996685 0.996684 0.996683 0.996682 0.996681 0.99668 0.99668 0.996679 0.996678
 #wt and selex for gender,fleet: 1 7 7_WA_REC
 0.00896707 0.00907626 0.0339084 0.0850183 0.159807 0.255149 0.365959 0.487349 0.615254 0.746574 0.879215 1.01225 1.14597 1.2814 1.41965 1.56122 1.70584 1.85248 1.99974 2.14611 2.29022 2.43096 2.56747 2.69914 2.82558 2.94654 3.06189 3.1716 3.2757 3.37427 3.46744 3.55536 3.6382 3.71615 3.78941 3.85819 3.92269 3.98312 4.0397 4.09262 4.14209 4.1883 4.23144 4.27169 4.30922 4.34421 4.37681 4.40717 4.43543 4.46174 4.48621 4.50897 4.53013 4.54981 4.56809 4.58509 4.60087 4.61553 4.62915 4.64179 4.65352 4.66442 4.67453 4.68392 4.69263 4.70071 4.7082 4.71516 4.72161 4.72759 4.73318 4.73839 4.74322 4.74771 4.75186 4.75572 4.75929 4.7626 4.76567 4.76852 4.77116 4.77361 4.77588 4.77798 4.77993 4.78174 4.78342 4.78497 4.78641 4.78774 4.78898 4.79013 4.79119 4.79217 4.79309 4.79393 4.79472 4.79544 4.79612 4.79674 4.79765
 0 2.45265e-06 1.10059e-05 0.000165798 0.00142779 0.00760387 0.0275813 0.0738818 0.155951 0.27299 0.412489 0.555455 0.684284 0.788343 0.865025 0.917425 0.951122 0.971781 0.983994 0.991023 0.994993 0.997209 0.998439 0.99912 0.999499 0.999712 0.999831 0.9999 0.999939 0.999962 0.999976 0.999985 0.99999 0.999993 0.999995 0.999997 0.999997 0.999998 0.999998 0.999999 0.999999 0.999999 0.999999 0.999999 0.999999 0.999999 0.999999 0.999999 0.999999 0.999999 0.999999 0.999999 0.999999 0.999999 0.999999 0.999999 0.999999 0.999999 0.999999 0.999999 0.999999 0.999999 0.999999 0.999999 0.999999 0.999999 0.999999 0.999999 0.999999 0.999999 0.999999 0.999999 0.999999 0.999999 0.999999 0.999999 0.999999 0.999999 0.999999 0.999999 0.999999 0.999999 0.999999 0.999999 0.999999 0.999999 0.999999 0.999999 0.999999 0.999999 0.999999 0.999999 0.999999 0.999999 0.999999 0.999999 0.999999 0.999999 0.999999 0.999999 0.999999
# Sex ratio correction
1
# M and current age-structure in year Yinit: 2011
 # gender = 1
 0.0439034 0.0439034 0.0439034 0.0439034 0.0439034 0.0439034 0.0439034 0.0439034 0.0439034 0.0439034 0.0439034 0.0439034 0.0439034 0.0439034 0.0439034 0.0439034 0.0439034 0.0439034 0.0439034 0.0439034 0.0439034 0.0439034 0.0439034 0.0439034 0.0439034 0.0439034 0.0439034 0.0439034 0.0439034 0.0439034 0.0439034 0.0439034 0.0439034 0.0439034 0.0439034 0.0439034 0.0439034 0.0439034 0.0439034 0.0439034 0.0439034 0.0439034 0.0439034 0.0439034 0.0439034 0.0439034 0.0439034 0.0439034 0.0439034 0.0439034 0.0439034 0.0439034 0.0439034 0.0439034 0.0439034 0.0439034 0.0439034 0.0439034 0.0439034 0.0439034 0.0439034 0.0439034 0.0439034 0.0439034 0.0439034 0.0439034 0.0439034 0.0439034 0.0439034 0.0439034 0.0439034 0.0439034 0.0439034 0.0439034 0.0439034 0.0439034 0.0439034 0.0439034 0.0439034 0.0439034 0.0439034 0.0439034 0.0439034 0.0439034 0.0439034 0.0439034 0.0439034 0.0439034 0.0439034 0.0439034 0.0439034 0.0439034 0.0439034 0.0439034 0.0439034 0.0439034 0.0439034 0.0439034 0.0439034 0.0439034 0.0439034
 221.858 274.495 283.218 327.156 191.868 177.167 100.386 62.6602 89.2384 205.471 59.8351 47.6993 84.1465 53.3843 33.2102 26.3812 26.2962 51.316 55.1438 26.912 21.646 21.7056 21.0805 21.4305 24.4194 27.0282 33.2288 32.2078 19.9175 21.5803 18.4742 14.6938 10.6423 7.11082 8.16614 7.37367 7.55808 4.70089 3.82773 4.50237 7.07828 4.39524 3.28266 2.77171 2.14678 1.80719 1.42725 1.16267 1.08841 1.14598 1.25285 1.27261 1.1486 0.993846 0.876757 0.802248 0.765428 0.762849 0.79385 0.86073 0.96247 1.07871 1.14659 1.09612 0.961348 0.824011 0.715655 0.636503 0.57952 0.537349 0.505166 0.479778 0.459218 0.442022 0.426768 0.412262 0.397629 0.382589 0.367296 0.352226 0.337879 0.324628 0.312568 0.301661 0.291687 0.282314 0.273084 0.264 0.25489 0.245676 0.236339 0.226899 0.217424 0.208028 0.198731 0.189658 0.180884 0.172455 0.164396 0.156721 3.36499
# Age-structure at Ydeclare= 2013
 452.607 194.035 203.207 251.416 259.396 299.609 175.672 162.139 91.8023 57.2449 81.4321 187.282 54.4831 43.3971 76.5097 48.5179 30.1737 23.9645 23.8843 46.6056 50.0797 24.4398 19.6572 19.711 19.1432 19.4608 22.1747 24.5432 30.1731 29.2452 18.0849 19.594 16.7732 13.3405 9.66181 6.45548 7.41334 6.69376 6.861 4.26724 3.47454 4.08685 6.42491 3.98945 2.97954 2.51573 1.94849 1.64025 1.29539 1.05524 0.987845 1.04008 1.13708 1.15501 1.04245 0.901996 0.795727 0.728103 0.694685 0.692344 0.720479 0.781177 0.873513 0.97901 1.04062 0.994804 0.872492 0.747848 0.649507 0.577671 0.525954 0.487681 0.458472 0.435431 0.416771 0.401164 0.38732 0.374155 0.360875 0.347225 0.333345 0.319669 0.306647 0.294622 0.283677 0.273778 0.264725 0.256219 0.247842 0.239598 0.23133 0.222968 0.214494 0.205926 0.197327 0.188799 0.180362 0.172128 0.164165 0.156515 3.34541
# Year for Tmin Age-structure (set to Ydecl by SS)
2013
#  recruitment and biomass
# Number of historical assessment years
137
# Historical data
# year recruitment spawner in B0 in R project in R/S project
1888  1889 1890 1891 1892 1893 1894 1895 1896 1897 1898 1899 1900 1901 1902 1903 1904 1905 1906 1907 1908 1909 1910 1911 1912 1913 1914 1915 1916 1917 1918 1919 1920 1921 1922 1923 1924 1925 1926 1927 1928 1929 1930 1931 1932 1933 1934 1935 1936 1937 1938 1939 1940 1941 1942 1943 1944 1945 1946 1947 1948 1949 1950 1951 1952 1953 1954 1955 1956 1957 1958 1959 1960 1961 1962 1963 1964 1965 1966 1967 1968 1969 1970 1971 1972 1973 1974 1975 1976 1977 1978 1979 1980 1981 1982 1983 1984 1985 1986 1987 1988 1989 1990 1991 1992 1993 1994 1995 1996 1997 1998 1999 2000 2001 2002 2003 2004 2005 2006 2007 2008 2009 2010 2011 2012 2013 2014 2015 2016 2017 2018 2019 2020 2021 2022 2023 2024 #years (with first value representing R0)
215.029 218.728 218.859 218.995 219.135 219.272 219.415 219.562 219.722 219.89 220.064 220.247 220.438 220.639 220.85 221.069 221.3 221.548 221.812 222.102 222.415 222.752 223.115 223.499 223.899 224.3 224.677 224.99 225.193 225.226 225.012 224.44 223.524 222.186 220.408 218.212 215.649 212.814 209.85 206.757 203.848 201.294 199.164 197.398 195.866 194.308 192.452 190.099 187.251 184.116 181.125 178.756 177.477 177.666 179.773 184.516 192.938 206.558 226.481 251.606 273.136 271.978 243.521 206.746 175.894 154.306 141.015 134.535 134.041 139.209 149.899 164.481 172.91 161.373 139.768 125.509 126.506 146.113 173.493 192.439 230.805 252.345 309.722 453.659 260.331 198.064 215.998 306.066 261.182 251.011 188.042 239.905 279.759 294.526 285.892 218.094 290.86 247.814 167.404 126.715 94.2525 79.6582 71.5967 63.3651 71.1003 133.563 115.487 55.5354 52.6506 62.8903 96.1705 144.394 78.0431 93.4052 306.238 127.07 85.2973 130.701 220.697 228.715 373.22 309.211 286.815 221.858 202.743 452.607 221.054 294.995 209.683 105.837 102.582 108.093 107.538 142.991 160.156 165.093 178.503  #recruits; first value is R0 (virgin)
1089.56  1089.56 1089.55 1089.54 1089.51 1089.04 1088.59 1088.12 1087.97 1087.89 1087.81 1087.75 1087.68 1087.63 1087.59 1087.59 1087.62 1087.67 1087.76 1087.88 1088.03 1088.09 1088.29 1088.5 1088.73 1088.97 1089.23 1089.49 1089.7 1089.99 1090.13 1088.23 1087.92 1087.75 1087.67 1087.89 1088.05 1087.68 1086.98 1085.49 1083.31 1081.23 1079.65 1077.73 1076.86 1076.16 1075.46 1074.21 1072.92 1070.62 1068.54 1066.1 1064.2 1061.08 1056.34 1051.15 1041.34 1030.76 1014.84 1000.06 992.948 984.971 978.583 971.311 962.356 954.532 948.413 941.19 934.326 927.482 919.612 912.616 906.885 902.494 900.071 897.022 895.576 895.258 885.036 881.774 876.524 870.669 856.003 846.053 832.778 816.199 798.604 779.011 759.58 737.306 715.297 680.712 644.475 617.04 582.204 527.531 498.992 477.406 450.609 428.494 401.202 377.44 348.102 327.331 291.317 259.037 228.089 211.16 194.625 176.462 155.317 147.855 136.363 137.724 137.996 143.651 149.343 155.362 161.366 167.765 173.582 179.816 185.898 192.537 199.584 206.991 215.363 224.53 234.288 245.125 256.104 268.709 282.587 298.795 316.513 334.499 353.2 #spbio; first value is SSB_virgin (virgin)
1 0 0 0 0 0 0 0 0 0 0 0 0 0 0 0 0 0 0 0 0 0 0 0 0 0 0 0 0 0 0 0 0 0 0 0 0 0 0 0 0 0 0 0 0 0 0 0 0 0 0 0 0 0 0 0 0 0 0 0 0 0 0 0 0 0 0 0 0 0 0 0 0 0 0 0 0 0 0 0 0 0 0 0 0 0 0 0 0 0 0 0 0 0 0 0 0 0 0 0 0 0 0 0 0 0 0 0 0 0 0 0 0 0 0 0 0 0 0 0 0 0 0 0 0 0 0 0 0 0 0 0 0 0 0 0 0  # in Bzero
0 1 1 1 1 1 1 1 1 1 1 1 1 1 1 1 1 1 1 1 1 1 1 1 1 1 1 1 1 1 1 1 1 1 1 1 1 1 1 1 1 1 1 1 1 1 1 1 1 1 1 1 1 1 1 1 1 1 1 1 1 1 1 1 1 1 1 1 1 1 1 1 1 1 1 1 1 1 1 1 1 1 1 1 1 1 1 1 1 1 1 1 1 1 1 1 1 1 1 1 1 1 1 1 1 1 1 1 1 1 1 1 1 1 1 1 1 1 1 1 1 1 1 1 1 1 1 1 1 1 1 1 1 1  0 0 0 # in R project
0 1 1 1 1 1 1 1 1 1 1 1 1 1 1 1 1 1 1 1 1 1 1 1 1 1 1 1 1 1 1 1 1 1 1 1 1 1 1 1 1 1 1 1 1 1 1 1 1 1 1 1 1 1 1 1 1 1 1 1 1 1 1 1 1 1 1 1 1 1 1 1 1 1 1 1 1 1 1 1 1 1 1 1 1 1 1 1 1 1 1 1 1 1 1 1 1 1 1 1 1 1 1 1 1 1 1 1 1 1 1 1 1 1 1 1 1 1 1 1 1 1 1 1 1 1 1 1 1 1 1 1 1 1  0 0 0 # in R/S project
# Number of years with pre-specified catches
0
# catches for years with pre-specified catches go next
# Number of future recruitments to override
-2
# Process for overiding (-1 for average otherwise index in data list)
# Which probability to product detailed results for (1=0.5; 2=0.6; etc.)
3
# Steepness sigma-R Auto-correlation
0.718 0.5 0
# Target SPR rate (FMSY Proxy); manually change to SPR_MSY if not using SPR_target
0.5
# Discount rate (for cumulative catch)
0.1
# Truncate the series when 0.4B0 is reached (1=Yes)
0
# Set F to FMSY once 0.4B0 is reached (1=Yes)
0
# Maximum possible F for projection (-1 to set to FMSY)
-1
# Defintion of recovery (1=now only;2=now or before)
2
# Projection type
4
# Definition of the 40-10 rule
10 40
# Sigma Assessment Error (Base, Year1, Slope, MaxSigma)
1.0 2025 0.075 2.0
# Pstar
0.45
# Constrain catches by the ABC (1=yes, 2=no)
2
# Implementation Error (0=no; 1=lognormal; 2=uniform)
0
#Parameters of Implementaion Error
1 0.3
# Calculate coefficients of variation (1=Yes)
0
# Number of replicates to use
10
# Random number seed
-99004
# File with multiple parameter vectors 
rebuild.SSO
# User-specific projection (1=Yes); Output replaced (1->9)
0  5
# Catches and Fs (Year; 1/2/3 (F or C or SPR); value); Final row is -1
2024 1 1
-1 -1 -1
# Fixed catch project (1=Yes); Output replaced (1->9); Approach (-1=Read in else 1-9)
0 2 -1
# (48a) Special catch options (1-Yes) [CUT_OFF, Emsy, distribution, MAXCAT, Add, replace_code]
0 0.18 1.00 1.00 0 6
# (48b) B1Target
150000
# Split of Fs
2011  0.0165999
 0
 0.391651
 0.0239823
 0.192875
 0.19656
 0.178332
-1  1 1 1 1 1 1 1 1 1 1 1 1
# Yrs to define T_target for projection type 4 (a.k.a. 5 pre-specified inputs)
2030 2031 2032 2033 2034 
# Year for probability of recovery
2034 2035 2036 2037 2038 2039 2040 2041
# Time varying weight-at-age (1=Yes;0=No)
0
# File with time series of weight-at-age data
none
# Use bisection (0) or linear interpolation (1)
1
# Target Depletion
0.4
# CV of implementation error
0
