#Title, #runnumber: 1 yelloweye_data.ss yelloweye_control.ss 7244.73 1134.3 416.359 StartTime: Thu May  1 10:23:13 2025
SSv3_default_rebuild.dat
# Number of sexes
1
# Age range to consider (minimum age; maximum age)
0 100
# Number of fleets
7
# First year of projection (Yinit)
2011
# First Year of rebuilding period (Ydecl)
2013
# Number of simulations
1000
# Maximum number of years
500
# Conduct projections with multiple starting values (0=No;else yes)
0
# Number of parameter vectors
1000
# Is the maximum age a plus-group (1=Yes;2=No)
1
# Generate future recruitments using historical recruitments (1)  historical recruits/spawner (2)  or a stock-recruitment (3)
3
# Constant fishing mortality (1) or constant Catch (2) projections
1
# Fishing mortality based on SPR (1) or actual rate (2)
1
# Pre-specify the year of recovery (or -1) to ignore
-1
# Fecundity-at-age
# 0 1 2 3 4 5 6 7 8 9 10 11 12 13 14 15 16 17 18 19 20 21 22 23 24 25 26 27 28 29 30 31 32 33 34 35 36 37 38 39 40 41 42 43 44 45 46 47 48 49 50 51 52 53 54 55 56 57 58 59 60 61 62 63 64 65 66 67 68 69 70 71 72 73 74 75 76 77 78 79 80 81 82 83 84 85 86 87 88 89 90 91 92 93 94 95 96 97 98 99 100 #runnumber: 1 yelloweye_data.ss yelloweye_control.ss 7244.73 1134.3 416.359
 0 0 2.6129e-09 5.50649e-08 7.07923e-07 6.3995e-06 4.42685e-05 0.000244447 0.00109069 0.00390914 0.0112358 0.0263043 0.051618 0.0877173 0.133073 0.18493 0.240334 0.296826 0.352687 0.40688 0.458883 0.508494 0.555694 0.600549 0.64316 0.683628 0.722049 0.75851 0.793086 0.825847 0.856859 0.886183 0.913882 0.940017 0.964648 0.987837 1.00965 1.03014 1.04937 1.06741 1.08431 1.10014 1.11495 1.12879 1.14173 1.15381 1.16508 1.1756 1.1854 1.19454 1.20305 1.21098 1.21835 1.22522 1.23161 1.23755 1.24307 1.24821 1.25298 1.25741 1.26153 1.26535 1.26891 1.27221 1.27527 1.27811 1.28075 1.2832 1.28547 1.28757 1.28953 1.29137 1.29308 1.29467 1.29614 1.29751 1.29877 1.29995 1.30103 1.30204 1.30298 1.30385 1.30465 1.30539 1.30609 1.30673 1.30732 1.30787 1.30838 1.30885 1.30929 1.3097 1.31008 1.31043 1.31075 1.31105 1.31133 1.31159 1.31182 1.31205 1.31237 #female fecundity; weighted by N in year Y_init across morphs and areas
# Age specific selectivity and weight adjusted for discard and discard mortality
 #wt and selex for gender,fleet: 1 1 1_CA_TWL
 0.00896707 0.0090754 0.0272886 0.0685532 0.130733 0.212966 0.312428 0.425771 0.549717 0.68133 0.818169 0.958449 1.10119 1.24611 1.39321 1.54233 1.69288 1.84389 1.99418 2.14256 2.28793 2.42943 2.56637 2.69828 2.82483 2.94582 3.06117 3.17084 3.27489 3.37341 3.46652 3.55438 3.63715 3.71504 3.78824 3.85695 3.92139 3.98177 4.03828 4.09115 4.14057 4.18673 4.22982 4.27002 4.30751 4.34245 4.37501 4.40533 4.43356 4.45983 4.48426 4.50699 4.52813 4.54777 4.56603 4.583 4.59876 4.61339 4.62699 4.63961 4.65132 4.6622 4.6723 4.68166 4.69036 4.69842 4.70591 4.71285 4.71929 4.72526 4.73083 4.73604 4.74086 4.74533 4.74948 4.75333 4.75689 4.7602 4.76326 4.76611 4.76874 4.77118 4.77345 4.77554 4.77749 4.77929 4.78097 4.78251 4.78395 4.78528 4.78652 4.78766 4.78872 4.7897 4.79061 4.79146 4.79224 4.79296 4.79363 4.79426 4.79516
 0 0.0010565 0.00234705 0.00901793 0.0271224 0.0650472 0.129564 0.221941 0.336527 0.462439 0.587 0.699175 0.791876 0.862705 0.913161 0.946993 0.968557 0.981752 0.989572 0.994098 0.996675 0.998127 0.99894 0.999396 0.999652 0.999797 0.99988 0.999927 0.999955 0.999972 0.999981 0.999987 0.999991 0.999993 0.999995 0.999996 0.999996 0.999997 0.999997 0.999997 0.999997 0.999997 0.999997 0.999997 0.999997 0.999997 0.999997 0.999997 0.999997 0.999997 0.999997 0.999997 0.999997 0.999997 0.999997 0.999997 0.999997 0.999997 0.999997 0.999997 0.999997 0.999997 0.999997 0.999997 0.999997 0.999997 0.999997 0.999997 0.999997 0.999997 0.999997 0.999997 0.999997 0.999997 0.999997 0.999997 0.999997 0.999997 0.999997 0.999997 0.999997 0.999997 0.999997 0.999997 0.999997 0.999997 0.999997 0.999997 0.999997 0.999997 0.999997 0.999997 0.999997 0.999997 0.999997 0.999997 0.999997 0.999997 0.999997 0.999997 0.999997
 #wt and selex for gender,fleet: 1 3 3_CA_REC
 0.00896707 0.00907534 0.0264021 0.0659415 0.125643 0.204727 0.300634 0.410275 0.530582 0.658812 0.792819 0.931358 1.07403 1.22078 1.37125 1.52456 1.67935 1.83412 1.98742 2.13803 2.28498 2.42753 2.56517 2.69753 2.82436 2.94553 3.06098 3.17072 3.27482 3.37336 3.46649 3.55435 3.63714 3.71503 3.78823 3.85695 3.92139 3.98176 4.03828 4.09115 4.14057 4.18672 4.22982 4.27002 4.30751 4.34245 4.37501 4.40533 4.43356 4.45983 4.48427 4.50699 4.52813 4.54777 4.56603 4.583 4.59876 4.61339 4.62699 4.63961 4.65133 4.6622 4.6723 4.68167 4.69036 4.69842 4.70591 4.71285 4.71929 4.72526 4.73084 4.73604 4.74086 4.74533 4.74948 4.75333 4.75689 4.7602 4.76326 4.76611 4.76874 4.77118 4.77345 4.77555 4.77749 4.77929 4.78097 4.78252 4.78395 4.78528 4.78652 4.78766 4.78872 4.7897 4.79061 4.79146 4.79224 4.79296 4.79363 4.79426 4.79516
 0 0.00391157 0.00799437 0.0249447 0.062708 0.129349 0.226965 0.34934 0.483768 0.615334 0.731243 0.823756 0.891078 0.936136 0.964181 0.980614 0.989788 0.994723 0.997306 0.998633 0.999306 0.999647 0.999818 0.999906 0.99995 0.999973 0.999985 0.999992 0.999995 0.999997 0.999998 0.999999 0.999999 0.999999 0.999999 0.999999 0.999999 0.999999 0.999999 0.999999 0.999999 0.999999 0.999999 0.999999 0.999999 0.999999 0.999999 0.999999 0.999999 0.999999 0.999999 0.999999 0.999999 0.999999 0.999999 0.999999 0.999999 0.999999 0.999999 0.999999 0.999999 0.999999 0.999999 0.999999 0.999999 0.999999 0.999999 0.999999 0.999999 0.999999 0.999999 0.999999 0.999999 0.999999 0.999999 0.999999 0.999999 0.999999 0.999999 0.999999 0.999999 0.999999 0.999999 0.999999 0.999999 0.999999 0.999999 0.999999 0.999999 0.999999 0.999999 0.999999 0.999999 0.999999 0.999999 0.999999 0.999999 0.999999 0.999999 0.999999 0.999999
 #wt and selex for gender,fleet: 1 4 4_ORWA_TWL
 0.00896707 0.00907525 0.0251938 0.0625222 0.119614 0.196052 0.289838 0.398315 0.518672 0.648227 0.784637 0.926123 1.0716 1.22045 1.37217 1.52597 1.68077 1.83531 1.98831 2.13866 2.2854 2.4278 2.56534 2.69763 2.82442 2.94557 3.061 3.17074 3.27483 3.37337 3.46649 3.55436 3.63714 3.71503 3.78823 3.85695 3.92139 3.98176 4.03828 4.09115 4.14057 4.18672 4.22981 4.27002 4.30751 4.34245 4.37501 4.40533 4.43356 4.45983 4.48426 4.50699 4.52813 4.54777 4.56603 4.583 4.59875 4.61339 4.62699 4.63961 4.65132 4.6622 4.6723 4.68166 4.69036 4.69842 4.70591 4.71285 4.71929 4.72526 4.73083 4.73604 4.74086 4.74533 4.74948 4.75333 4.75689 4.7602 4.76326 4.7661 4.76874 4.77118 4.77345 4.77554 4.77749 4.77929 4.78096 4.78251 4.78395 4.78528 4.78651 4.78766 4.78872 4.7897 4.79061 4.79145 4.79224 4.79296 4.79363 4.79426 4.79516
 0 0.0126049 0.0230424 0.0540997 0.108379 0.188314 0.290948 0.408321 0.529851 0.645111 0.745926 0.827511 0.88874 0.931524 0.959548 0.976904 0.987163 0.993007 0.996242 0.997996 0.998934 0.999432 0.999695 0.999835 0.999909 0.999949 0.999971 0.999982 0.999989 0.999993 0.999995 0.999996 0.999997 0.999997 0.999997 0.999997 0.999997 0.999997 0.999997 0.999997 0.999997 0.999997 0.999997 0.999997 0.999997 0.999997 0.999997 0.999997 0.999997 0.999997 0.999996 0.999996 0.999996 0.999996 0.999996 0.999996 0.999996 0.999996 0.999996 0.999996 0.999996 0.999996 0.999996 0.999996 0.999996 0.999996 0.999996 0.999996 0.999996 0.999996 0.999996 0.999996 0.999996 0.999996 0.999996 0.999996 0.999996 0.999996 0.999996 0.999996 0.999996 0.999996 0.999996 0.999996 0.999996 0.999996 0.999996 0.999996 0.999996 0.999996 0.999996 0.999996 0.999996 0.999996 0.999996 0.999996 0.999996 0.999996 0.999996 0.999996 0.999996
 #wt and selex for gender,fleet: 1 5 5_ORWA_NONTWL
 0.00896707 0.00907535 0.0266463 0.0671606 0.129124 0.212244 0.314203 0.431925 0.562178 0.701899 0.848351 0.999167 1.15235 1.30626 1.45961 1.61142 1.76106 1.90811 2.05229 2.19339 2.33118 2.46541 2.59578 2.722 2.84377 2.96085 3.07304 3.18021 3.28229 3.37927 3.47118 3.55809 3.64014 3.71746 3.79021 3.85857 3.92273 3.98289 4.03923 4.09195 4.14125 4.18732 4.23033 4.27047 4.30791 4.34281 4.37533 4.40562 4.43382 4.46006 4.48448 4.5072 4.52831 4.54795 4.56619 4.58315 4.5989 4.61353 4.62712 4.63973 4.65145 4.66232 4.67241 4.68177 4.69046 4.69853 4.70601 4.71294 4.71938 4.72535 4.73092 4.73612 4.74095 4.74542 4.74957 4.75341 4.75698 4.76028 4.76335 4.76619 4.76882 4.77126 4.77353 4.77563 4.77757 4.77937 4.78104 4.78259 4.78403 4.78536 4.78659 4.78774 4.7888 4.78978 4.79069 4.79153 4.79231 4.79304 4.79371 4.79433 4.79524
 0 0.000645135 0.00134603 0.00452902 0.0126036 0.0292737 0.0584369 0.102871 0.163215 0.237668 0.322439 0.412626 0.503176 0.589637 0.668617 0.737963 0.796722 0.844944 0.883419 0.913371 0.936208 0.953324 0.965979 0.975239 0.981966 0.986831 0.990342 0.992875 0.994707 0.996035 0.997004 0.997714 0.998238 0.998628 0.99892 0.99914 0.999309 0.999438 0.999538 0.999617 0.999678 0.999728 0.999767 0.999799 0.999825 0.999847 0.999864 0.999879 0.999891 0.999902 0.999911 0.999918 0.999925 0.99993 0.999935 0.999939 0.999943 0.999946 0.999949 0.999951 0.999954 0.999956 0.999957 0.999959 0.99996 0.999962 0.999963 0.999964 0.999965 0.999966 0.999966 0.999967 0.999967 0.999968 0.999968 0.999968 0.999969 0.999969 0.999969 0.99997 0.99997 0.99997 0.99997 0.99997 0.999971 0.999971 0.999971 0.999971 0.999971 0.999971 0.999971 0.999971 0.999971 0.999972 0.999972 0.999972 0.999972 0.999972 0.999972 0.999972 0.999972
 #wt and selex for gender,fleet: 1 6 6_OR_REC
 0.00896707 0.00907616 0.0343031 0.0843131 0.155201 0.242828 0.341872 0.447838 0.557853 0.67164 0.79138 0.919727 1.05781 1.20465 1.35786 1.51468 1.67263 1.82978 1.98468 2.13629 2.28383 2.42671 2.56452 2.69695 2.8238 2.94497 3.06041 3.17013 3.2742 3.37272 3.46582 3.55366 3.63642 3.71429 3.78747 3.85617 3.92059 3.98095 4.03745 4.0903 4.1397 4.18585 4.22892 4.26912 4.3066 4.34153 4.37408 4.40439 4.43261 4.45887 4.4833 4.50602 4.52715 4.54679 4.56504 4.582 4.59776 4.61239 4.62598 4.6386 4.65031 4.66119 4.67128 4.68065 4.68934 4.6974 4.70488 4.71182 4.71826 4.72423 4.7298 4.735 4.73982 4.74429 4.74844 4.75228 4.75585 4.75915 4.76222 4.76506 4.76769 4.77013 4.77239 4.77449 4.77644 4.77824 4.77991 4.78146 4.78289 4.78422 4.78546 4.7866 4.78766 4.78864 4.78955 4.79039 4.79118 4.7919 4.79257 4.79319 4.7941
 0 1.83951e-05 8.77626e-05 0.00134187 0.0104667 0.0469826 0.13776 0.291961 0.483884 0.667989 0.809994 0.901667 0.953077 0.97894 0.990912 0.996103 0.998224 0.999025 0.999276 0.999304 0.999241 0.999141 0.999027 0.998908 0.998789 0.998672 0.998558 0.998448 0.998342 0.99824 0.998143 0.998051 0.997963 0.99788 0.997802 0.997728 0.997658 0.997592 0.99753 0.997473 0.997418 0.997368 0.99732 0.997276 0.997234 0.997195 0.997159 0.997125 0.997094 0.997065 0.997037 0.997012 0.996988 0.996966 0.996946 0.996927 0.996909 0.996893 0.996878 0.996863 0.99685 0.996838 0.996827 0.996816 0.996806 0.996797 0.996789 0.996781 0.996774 0.996767 0.996761 0.996755 0.996749 0.996744 0.99674 0.996735 0.996731 0.996728 0.996724 0.996721 0.996718 0.996715 0.996713 0.99671 0.996708 0.996706 0.996704 0.996702 0.996701 0.996699 0.996698 0.996697 0.996695 0.996694 0.996693 0.996692 0.996691 0.996691 0.99669 0.996689 0.996688
 #wt and selex for gender,fleet: 1 7 7_WA_REC
 0.00896707 0.00907612 0.0341846 0.0856525 0.160845 0.256506 0.367455 0.488764 0.616365 0.747183 0.879189 1.01157 1.14474 1.27982 1.41794 1.55958 1.70437 1.85125 1.99874 2.14529 2.28954 2.43036 2.5669 2.69858 2.825 2.94592 3.06122 3.17088 3.27491 3.37342 3.46653 3.55438 3.63716 3.71504 3.78824 3.85695 3.92139 3.98177 4.03829 4.09115 4.14057 4.18673 4.22982 4.27002 4.30751 4.34246 4.37501 4.40533 4.43356 4.45983 4.48427 4.507 4.52813 4.54777 4.56603 4.583 4.59876 4.61339 4.62699 4.63961 4.65133 4.6622 4.6723 4.68167 4.69036 4.69842 4.70591 4.71285 4.71929 4.72526 4.73084 4.73604 4.74086 4.74533 4.74948 4.75333 4.75689 4.7602 4.76326 4.76611 4.76874 4.77118 4.77345 4.77555 4.77749 4.77929 4.78097 4.78252 4.78395 4.78528 4.78652 4.78766 4.78872 4.7897 4.79061 4.79146 4.79224 4.79296 4.79363 4.79426 4.79516
 0 2.07394e-06 9.6055e-06 0.000152296 0.0013595 0.00742028 0.0273554 0.0740273 0.157181 0.275922 0.417198 0.561374 0.690501 0.794031 0.869697 0.920952 0.953617 0.973462 0.985084 0.991711 0.995419 0.99747 0.998598 0.999217 0.999559 0.999748 0.999854 0.999914 0.999948 0.999968 0.99998 0.999987 0.999992 0.999994 0.999996 0.999997 0.999998 0.999998 0.999999 0.999999 0.999999 0.999999 0.999999 0.999999 0.999999 0.999999 0.999999 0.999999 0.999999 0.999999 0.999999 0.999999 0.999999 0.999999 0.999999 0.999999 0.999999 0.999999 0.999999 0.999999 0.999999 0.999999 0.999999 0.999999 0.999999 0.999999 0.999999 0.999999 0.999999 0.999999 0.999999 0.999999 0.999999 0.999999 0.999999 0.999999 0.999999 0.999999 0.999999 0.999999 0.999999 0.999999 0.999999 0.999999 0.999999 0.999999 0.999999 0.999999 0.999999 0.999999 0.999999 0.999999 0.999999 0.999999 0.999999 0.999999 0.999999 0.999999 0.999999 0.999999 0.999999
# Sex ratio correction
1
# M and current age-structure in year Yinit: 2011
 # gender = 1
 0.0439034 0.0439034 0.0439034 0.0439034 0.0439034 0.0439034 0.0439034 0.0439034 0.0439034 0.0439034 0.0439034 0.0439034 0.0439034 0.0439034 0.0439034 0.0439034 0.0439034 0.0439034 0.0439034 0.0439034 0.0439034 0.0439034 0.0439034 0.0439034 0.0439034 0.0439034 0.0439034 0.0439034 0.0439034 0.0439034 0.0439034 0.0439034 0.0439034 0.0439034 0.0439034 0.0439034 0.0439034 0.0439034 0.0439034 0.0439034 0.0439034 0.0439034 0.0439034 0.0439034 0.0439034 0.0439034 0.0439034 0.0439034 0.0439034 0.0439034 0.0439034 0.0439034 0.0439034 0.0439034 0.0439034 0.0439034 0.0439034 0.0439034 0.0439034 0.0439034 0.0439034 0.0439034 0.0439034 0.0439034 0.0439034 0.0439034 0.0439034 0.0439034 0.0439034 0.0439034 0.0439034 0.0439034 0.0439034 0.0439034 0.0439034 0.0439034 0.0439034 0.0439034 0.0439034 0.0439034 0.0439034 0.0439034 0.0439034 0.0439034 0.0439034 0.0439034 0.0439034 0.0439034 0.0439034 0.0439034 0.0439034 0.0439034 0.0439034 0.0439034 0.0439034 0.0439034 0.0439034 0.0439034 0.0439034 0.0439034 0.0439034
 243.877 301.516 311.88 358.921 212.041 194.904 110.878 69.4198 98.8931 225.806 66.5692 53.0603 92.7969 59.088 36.7064 29.1366 29.0056 56.5754 60.7744 29.6199 23.8094 23.8616 23.1913 23.5958 26.9044 29.8665 36.6171 35.3425 22.4999 24.0822 20.5988 16.7287 11.6674 7.94159 9.14898 8.23184 8.45975 5.21527 4.23489 4.97932 7.91314 4.84865 3.63319 3.07522 2.38282 2.00744 1.5833 1.28879 1.20698 1.27248 1.39354 1.41602 1.27585 1.10208 0.97139 0.888629 0.847974 0.845451 0.880347 0.955428 1.07004 1.20218 1.28077 1.22402 1.07104 0.916132 0.794644 0.706277 0.642826 0.595953 0.560217 0.532049 0.509259 0.490222 0.473362 0.457352 0.441216 0.424637 0.407783 0.391179 0.37537 0.360773 0.34749 0.335477 0.324405 0.313823 0.303638 0.293601 0.283526 0.273322 0.262972 0.252501 0.241985 0.231553 0.22123 0.211153 0.201408 0.192043 0.183088 0.174558 3.74963
# Age-structure at Ydeclare= 2013
 496.197 214.13 223.375 276.165 285.648 328.702 194.145 178.378 101.405 63.4272 90.2554 205.852 60.6253 48.2822 84.3856 53.7064 33.3518 26.4675 26.3442 51.3786 55.1878 26.8957 21.6189 21.6656 21.0565 21.4232 24.4266 27.115 33.2426 32.0842 20.4246 21.86 18.6971 15.1836 10.5893 7.20753 8.30304 7.47048 7.67709 4.73265 3.84288 4.51828 7.18027 4.39948 3.29654 2.79021 2.16194 1.82133 1.43649 1.16928 1.09504 1.15446 1.26429 1.28467 1.1575 0.999846 0.881275 0.80619 0.769305 0.767014 0.798673 0.866787 0.970767 1.09064 1.16194 1.11045 0.971666 0.83113 0.720913 0.640745 0.583181 0.540657 0.508236 0.482682 0.462006 0.444735 0.42944 0.414915 0.400276 0.385235 0.369946 0.354881 0.34054 0.327297 0.315247 0.304349 0.294303 0.284703 0.275464 0.266358 0.257218 0.247961 0.238571 0.229072 0.219532 0.210068 0.200702 0.191561 0.18272 0.174224 3.72618
# Year for Tmin Age-structure (set to Ydecl by SS)
2013
#  recruitment and biomass
# Number of historical assessment years
137
# Historical data
# year recruitment spawner in B0 in R project in R/S project
1888  1889 1890 1891 1892 1893 1894 1895 1896 1897 1898 1899 1900 1901 1902 1903 1904 1905 1906 1907 1908 1909 1910 1911 1912 1913 1914 1915 1916 1917 1918 1919 1920 1921 1922 1923 1924 1925 1926 1927 1928 1929 1930 1931 1932 1933 1934 1935 1936 1937 1938 1939 1940 1941 1942 1943 1944 1945 1946 1947 1948 1949 1950 1951 1952 1953 1954 1955 1956 1957 1958 1959 1960 1961 1962 1963 1964 1965 1966 1967 1968 1969 1970 1971 1972 1973 1974 1975 1976 1977 1978 1979 1980 1981 1982 1983 1984 1985 1986 1987 1988 1989 1990 1991 1992 1993 1994 1995 1996 1997 1998 1999 2000 2001 2002 2003 2004 2005 2006 2007 2008 2009 2010 2011 2012 2013 2014 2015 2016 2017 2018 2019 2020 2021 2022 2023 2024 #years (with first value representing R0)
223.953 227.933 228.073 228.219 228.37 228.517 228.67 228.829 229.001 229.18 229.367 229.562 229.767 229.982 230.207 230.44 230.687 230.951 231.232 231.54 231.873 232.232 232.618 233.025 233.452 233.879 234.283 234.622 234.847 234.896 234.69 234.111 233.171 231.791 229.948 227.666 224.998 222.042 218.951 215.892 212.907 210.241 208.024 206.197 204.621 203.026 201.126 198.71 195.776 192.544 189.464 187.038 185.757 186.019 188.3 193.36 202.319 216.819 238.112 265.161 288.613 287.569 256.976 217.715 184.997 162.191 148.181 141.361 140.866 146.377 157.799 173.488 182.732 170.517 147.47 132.29 133.338 154.211 183.489 203.559 244.3 266.711 326.5 484.653 274.851 208.711 227.392 323.489 273.793 262.603 195.203 243.773 295.06 304.851 297.469 231.059 301.469 259.898 177.401 134.893 100.975 85.8136 77.501 68.9516 77.7054 146.573 127.02 61.1828 58.1145 69.4887 106.422 159.209 86.7975 103.9 336.501 140.805 94.4943 144.359 242.79 252.761 409.457 340.504 315.048 243.877 223.74 496.197 244.364 324.075 231.545 117.615 114.245 120.652 120.257 159.974 179.058 184.322 188.832  #recruits; first value is R0 (virgin)
1134.3  1134.3 1134.29 1134.28 1134.25 1133.78 1133.33 1132.86 1132.71 1132.63 1132.55 1132.49 1132.42 1132.38 1132.35 1132.35 1132.4 1132.47 1132.58 1132.73 1132.91 1133 1133.23 1133.47 1133.74 1134.03 1134.32 1134.64 1134.89 1135.23 1135.42 1133.56 1133.31 1133.2 1133.17 1133.44 1133.66 1133.35 1132.71 1131.29 1129.17 1127.16 1125.64 1123.79 1122.99 1122.35 1121.72 1120.53 1119.31 1117.06 1115.02 1112.62 1110.75 1107.65 1102.92 1097.74 1087.92 1077.33 1061.39 1046.58 1039.42 1031.16 1024.57 1017.19 1008.14 1000.13 993.894 986.5 979.54 972.63 964.755 957.764 952.106 947.849 945.631 942.806 941.498 941.348 931.285 928.027 922.753 916.937 901.835 891.299 877.538 860.577 842.234 822.116 802.394 779.929 757.87 723.305 687.094 659.78 625.153 568.668 520.796 493.262 456.64 427.569 400.577 377.748 348.918 328.585 294.567 263.891 234.543 219.188 203.719 186.735 166.875 160.987 150.736 152.451 153.51 159.747 166.151 172.756 179.335 186.206 192.548 199.254 205.908 213.319 221.066 229.181 238.256 248.349 258.994 270.978 283.282 297.365 312.897 330.942 350.67 370.821 391.821 #spbio; first value is SSB_virgin (virgin)
1 0 0 0 0 0 0 0 0 0 0 0 0 0 0 0 0 0 0 0 0 0 0 0 0 0 0 0 0 0 0 0 0 0 0 0 0 0 0 0 0 0 0 0 0 0 0 0 0 0 0 0 0 0 0 0 0 0 0 0 0 0 0 0 0 0 0 0 0 0 0 0 0 0 0 0 0 0 0 0 0 0 0 0 0 0 0 0 0 0 0 0 0 0 0 0 0 0 0 0 0 0 0 0 0 0 0 0 0 0 0 0 0 0 0 0 0 0 0 0 0 0 0 0 0 0 0 0 0 0 0 0 0 0 0 0 0  # in Bzero
0 1 1 1 1 1 1 1 1 1 1 1 1 1 1 1 1 1 1 1 1 1 1 1 1 1 1 1 1 1 1 1 1 1 1 1 1 1 1 1 1 1 1 1 1 1 1 1 1 1 1 1 1 1 1 1 1 1 1 1 1 1 1 1 1 1 1 1 1 1 1 1 1 1 1 1 1 1 1 1 1 1 1 1 1 1 1 1 1 1 1 1 1 1 1 1 1 1 1 1 1 1 1 1 1 1 1 1 1 1 1 1 1 1 1 1 1 1 1 1 1 1 1 1 1 1 1 1 1 1 1 1 1 1  0 0 0 # in R project
0 1 1 1 1 1 1 1 1 1 1 1 1 1 1 1 1 1 1 1 1 1 1 1 1 1 1 1 1 1 1 1 1 1 1 1 1 1 1 1 1 1 1 1 1 1 1 1 1 1 1 1 1 1 1 1 1 1 1 1 1 1 1 1 1 1 1 1 1 1 1 1 1 1 1 1 1 1 1 1 1 1 1 1 1 1 1 1 1 1 1 1 1 1 1 1 1 1 1 1 1 1 1 1 1 1 1 1 1 1 1 1 1 1 1 1 1 1 1 1 1 1 1 1 1 1 1 1 1 1 1 1 1 1  0 0 0 # in R/S project
# Number of years with pre-specified catches
0
# catches for years with pre-specified catches go next
# Number of future recruitments to override
-2
# Process for overiding (-1 for average otherwise index in data list)
# Which probability to product detailed results for (1=0.5; 2=0.6; etc.)
3
# Steepness sigma-R Auto-correlation
0.718 0.5 0
# Target SPR rate (FMSY Proxy); manually change to SPR_MSY if not using SPR_target
0.5
# Discount rate (for cumulative catch)
0.1
# Truncate the series when 0.4B0 is reached (1=Yes)
0
# Set F to FMSY once 0.4B0 is reached (1=Yes)
0
# Maximum possible F for projection (-1 to set to FMSY)
-1
# Defintion of recovery (1=now only;2=now or before)
2
# Projection type
4
# Definition of the 40-10 rule
10 40
# Sigma Assessment Error (Base, Year1, Slope, MaxSigma)
1.0 2025 0.075 2.0
# Pstar
0.45
# Constrain catches by the ABC (1=yes, 2=no)
2
# Implementation Error (0=no; 1=lognormal; 2=uniform)
0
#Parameters of Implementaion Error
1 0.3
# Calculate coefficients of variation (1=Yes)
0
# Number of replicates to use
10
# Random number seed
-99004
# File with multiple parameter vectors 
rebuild.SSO
# User-specific projection (1=Yes); Output replaced (1->9)
0  5
# Catches and Fs (Year; 1/2/3 (F or C or SPR); value); Final row is -1
2024 1 1
-1 -1 -1
# Fixed catch project (1=Yes); Output replaced (1->9); Approach (-1=Read in else 1-9)
0 2 -1
# (48a) Special catch options (1-Yes) [CUT_OFF, Emsy, distribution, MAXCAT, Add, replace_code]
0 0.18 1.00 1.00 0 6
# (48b) B1Target
150000
# Split of Fs
2011  0.0174344
 0
 0.411612
 0.0230642
 0.185777
 0.190083
 0.17203
-1  1 1 1 1 1 1 1 1 1 1 1 1
# Yrs to define T_target for projection type 4 (a.k.a. 5 pre-specified inputs)
2030 2031 2032 2033 2034 
# Year for probability of recovery
2034 2035 2036 2037 2038 2039 2040 2041
# Time varying weight-at-age (1=Yes;0=No)
0
# File with time series of weight-at-age data
none
# Use bisection (0) or linear interpolation (1)
1
# Target Depletion
0.4
# CV of implementation error
0
