#Title, #runnumber: 278 yelloweye_data.ss yelloweye_control.ss 5700.84 2227.07 609.625 StartTime: Wed Feb 12 14:23:29 2025
SSv3_default_rebuild.dat
# Number of sexes
1
# Age range to consider (minimum age; maximum age)
0 100
# Number of fleets
7
# First year of projection (Yinit)
2011
# First Year of rebuilding period (Ydecl)
2013
# Number of simulations
1000
# Maximum number of years
500
# Conduct projections with multiple starting values (0=No;else yes)
0
# Number of parameter vectors
1000
# Is the maximum age a plus-group (1=Yes;2=No)
1
# Generate future recruitments using historical recruitments (1)  historical recruits/spawner (2)  or a stock-recruitment (3)
3
# Constant fishing mortality (1) or constant Catch (2) projections
1
# Fishing mortality based on SPR (1) or actual rate (2)
1
# Pre-specify the year of recovery (or -1) to ignore
-1
# Fecundity-at-age
# 0 1 2 3 4 5 6 7 8 9 10 11 12 13 14 15 16 17 18 19 20 21 22 23 24 25 26 27 28 29 30 31 32 33 34 35 36 37 38 39 40 41 42 43 44 45 46 47 48 49 50 51 52 53 54 55 56 57 58 59 60 61 62 63 64 65 66 67 68 69 70 71 72 73 74 75 76 77 78 79 80 81 82 83 84 85 86 87 88 89 90 91 92 93 94 95 96 97 98 99 100 #runnumber: 278 yelloweye_data.ss yelloweye_control.ss 5700.84 2227.07 609.625
 0 0 3.19737e-08 4.01194e-07 3.5894e-06 2.47527e-05 0.000136372 0.000604431 0.00214869 0.00617339 0.014656 0.0296029 0.0523773 0.0832942 0.121631 0.165941 0.214467 0.265492 0.317553 0.369537 0.42067 0.470469 0.518662 0.565127 0.60983 0.652789 0.694048 0.733656 0.771665 0.808122 0.843071 0.87655 0.908597 0.939246 0.968533 0.99649 1.02315 1.04856 1.07275 1.09575 1.11761 1.13837 1.15806 1.17673 1.19442 1.21117 1.22701 1.24199 1.25615 1.26952 1.28215 1.29406 1.30529 1.31589 1.32587 1.33528 1.34414 1.35248 1.36033 1.36772 1.37467 1.3812 1.38735 1.39312 1.39855 1.40366 1.40845 1.41295 1.41718 1.42115 1.42488 1.42848 1.43185 1.43501 1.43798 1.44077 1.44339 1.44584 1.44815 1.45031 1.45233 1.45424 1.45602 1.45769 1.45926 1.46073 1.46211 1.46341 1.46462 1.46576 1.46682 1.46782 1.46876 1.46964 1.47047 1.47124 1.47196 1.47264 1.47328 1.47387 1.47481 #female fecundity; weighted by N in year Y_init across morphs and areas
# Age specific selectivity and weight adjusted for discard and discard mortality
 #wt and selex for gender,fleet: 1 1 1_CA_TWL
 0.0111482 0.0232977 0.0626893 0.120977 0.197681 0.289863 0.394113 0.5073 0.626824 0.750648 0.877279 1.00574 1.13554 1.26656 1.39889 1.53271 1.66807 1.80488 1.94279 2.08129 2.21969 2.35724 2.49319 2.62684 2.75758 2.88488 3.00837 3.12775 3.24282 3.35344 3.45956 3.56117 3.65829 3.75098 3.83932 3.92341 4.00338 4.07933 4.15141 4.21975 4.2845 4.3458 4.40379 4.45862 4.51043 4.55936 4.60554 4.64912 4.69021 4.72894 4.76544 4.79982 4.83219 4.86267 4.89135 4.91833 4.94371 4.96757 4.99 5.01109 5.03091 5.04953 5.06702 5.08345 5.09888 5.11337 5.12697 5.13974 5.15173 5.16298 5.17364 5.18374 5.19321 5.2021 5.21044 5.21827 5.22561 5.23249 5.23895 5.24501 5.25068 5.25601 5.26101 5.26569 5.27008 5.2742 5.27806 5.28168 5.28507 5.28825 5.29123 5.29403 5.29665 5.2991 5.30141 5.30356 5.30559 5.30748 5.30926 5.31093 5.31354
 0 0.000733414 0.00276601 0.00903443 0.0237542 0.0519851 0.097848 0.162854 0.245176 0.340073 0.441081 0.541442 0.635317 0.718544 0.78888 0.84582 0.890169 0.923533 0.947863 0.965117 0.97705 0.985124 0.99048 0.993973 0.996219 0.997644 0.998539 0.999098 0.999443 0.999656 0.999787 0.999868 0.999917 0.999948 0.999967 0.999978 0.999986 0.99999 0.999993 0.999995 0.999996 0.999997 0.999997 0.999997 0.999998 0.999998 0.999998 0.999998 0.999998 0.999998 0.999998 0.999998 0.999998 0.999998 0.999998 0.999998 0.999998 0.999998 0.999998 0.999998 0.999998 0.999998 0.999998 0.999998 0.999998 0.999998 0.999998 0.999998 0.999998 0.999997 0.999997 0.999997 0.999997 0.999997 0.999997 0.999997 0.999997 0.999997 0.999997 0.999997 0.999997 0.999997 0.999997 0.999997 0.999997 0.999997 0.999997 0.999997 0.999997 0.999997 0.999997 0.999997 0.999997 0.999997 0.999997 0.999997 0.999997 0.999997 0.999997 0.999997 0.999997
 #wt and selex for gender,fleet: 1 3 3_CA_REC
 0.0110475 0.0216669 0.0566568 0.109299 0.179105 0.263827 0.360694 0.467046 0.580588 0.699499 0.822502 0.948884 1.07839 1.21104 1.34683 1.48562 1.62701 1.77032 1.9147 2.05918 2.20281 2.34471 2.48412 2.62041 2.75311 2.88183 3.00632 3.12638 3.24191 3.35285 3.45918 3.56092 3.65813 3.75087 3.83925 3.92337 4.00334 4.07931 4.15139 4.21974 4.28449 4.34579 4.40379 4.45862 4.51043 4.55936 4.60554 4.64912 4.69021 4.72894 4.76544 4.79982 4.8322 4.86267 4.89135 4.91833 4.94371 4.96757 4.99 5.01109 5.03091 5.04953 5.06702 5.08345 5.09888 5.11337 5.12697 5.13974 5.15173 5.16298 5.17364 5.18374 5.19321 5.2021 5.21044 5.21827 5.22561 5.23249 5.23895 5.24501 5.25069 5.25601 5.26101 5.26569 5.27008 5.2742 5.27806 5.28168 5.28507 5.28825 5.29123 5.29403 5.29665 5.2991 5.30141 5.30357 5.30559 5.30749 5.30926 5.31093 5.31354
 0 0.00589681 0.0159007 0.0383502 0.0784719 0.139607 0.221326 0.319259 0.426278 0.534277 0.635873 0.725601 0.800435 0.859684 0.904427 0.936799 0.959332 0.974477 0.984341 0.990587 0.994444 0.996772 0.99815 0.998952 0.999411 0.999672 0.999818 0.999899 0.999944 0.999969 0.999983 0.99999 0.999994 0.999997 0.999998 0.999999 0.999999 0.999999 0.999999 0.999999 0.999999 0.999999 0.999999 0.999999 0.999999 0.999999 0.999999 0.999999 0.999999 0.999999 0.999999 0.999999 0.999999 0.999999 0.999999 0.999999 0.999999 0.999999 0.999999 0.999999 0.999999 0.999999 0.999999 0.999999 0.999999 0.999999 0.999999 0.999999 0.999999 0.999999 0.999999 0.999999 0.999999 0.999999 0.999999 0.999999 0.999999 0.999999 0.999999 0.999999 0.999999 0.999999 0.999999 0.999999 0.999999 0.999999 0.999999 0.999999 0.999999 0.999999 0.999999 0.999999 0.999999 0.999999 0.999999 0.999999 0.999999 0.999999 0.999999 0.999999 0.999999
 #wt and selex for gender,fleet: 1 4 4_ORWA_TWL
 0.0109683 0.0203638 0.0517226 0.100694 0.167345 0.250355 0.34766 0.45696 0.576012 0.70276 0.835394 0.972353 1.11231 1.25417 1.39704 1.54019 1.68308 1.82526 1.96636 2.10607 2.24407 2.38004 2.51368 2.64464 2.77262 2.89732 3.01845 3.13579 3.24914 3.35837 3.46337 3.5641 3.66053 3.75269 3.84062 3.92441 4.00413 4.07991 4.15185 4.2201 4.28477 4.34601 4.40396 4.45875 4.51054 4.55944 4.60561 4.64917 4.69025 4.72898 4.76547 4.79985 4.83222 4.86269 4.89136 4.91834 4.94372 4.96758 4.99001 5.0111 5.03091 5.04953 5.06703 5.08345 5.09888 5.11337 5.12697 5.13974 5.15173 5.16298 5.17364 5.18374 5.19321 5.20211 5.21045 5.21827 5.22561 5.23249 5.23895 5.24501 5.25069 5.25601 5.26101 5.26569 5.27008 5.2742 5.27806 5.28168 5.28507 5.28825 5.29123 5.29403 5.29665 5.29911 5.30141 5.30357 5.30559 5.30749 5.30926 5.31093 5.31354
 0 0.0112193 0.022849 0.0431823 0.0739386 0.116152 0.169598 0.232812 0.303394 0.378432 0.454914 0.53006 0.601539 0.667584 0.727012 0.779195 0.823985 0.861621 0.892621 0.917687 0.937607 0.953188 0.965198 0.974333 0.981201 0.986309 0.990074 0.992828 0.994829 0.996276 0.997318 0.998066 0.998602 0.998987 0.999263 0.999461 0.999604 0.999707 0.999781 0.999836 0.999876 0.999905 0.999927 0.999943 0.999955 0.999964 0.999971 0.999976 0.999981 0.999984 0.999986 0.999988 0.99999 0.999991 0.999992 0.999993 0.999994 0.999994 0.999995 0.999995 0.999995 0.999995 0.999996 0.999996 0.999996 0.999996 0.999996 0.999996 0.999996 0.999996 0.999997 0.999997 0.999997 0.999997 0.999997 0.999997 0.999997 0.999997 0.999997 0.999997 0.999997 0.999997 0.999997 0.999997 0.999997 0.999997 0.999997 0.999997 0.999997 0.999997 0.999997 0.999997 0.999997 0.999997 0.999997 0.999997 0.999997 0.999997 0.999997 0.999997 0.999997
 #wt and selex for gender,fleet: 1 5 5_ORWA_NONTWL
 0.0110637 0.0219595 0.0581966 0.113364 0.187447 0.278347 0.383204 0.49912 0.623466 0.754001 0.888875 1.02659 1.16596 1.30606 1.44621 1.58591 1.72483 1.86272 1.99943 2.1348 2.26865 2.40077 2.53091 2.65878 2.78409 2.90651 3.02576 3.14154 3.25365 3.36187 3.46608 3.56619 3.66214 3.75393 3.84158 3.92515 4.0047 4.08035 4.1522 4.22037 4.28498 4.34618 4.40409 4.45886 4.51062 4.55951 4.60567 4.64922 4.69029 4.72901 4.7655 4.79987 4.83224 4.86271 4.89138 4.91836 4.94373 4.96759 4.99002 5.01111 5.03092 5.04954 5.06703 5.08346 5.09889 5.11338 5.12698 5.13975 5.15174 5.16299 5.17364 5.18374 5.19322 5.20211 5.21045 5.21828 5.22561 5.2325 5.23896 5.24501 5.25069 5.25602 5.26101 5.26569 5.27008 5.2742 5.27806 5.28168 5.28507 5.28825 5.29124 5.29403 5.29665 5.29911 5.30141 5.30357 5.30559 5.30749 5.30927 5.31093 5.31355
 0 0.00122471 0.00354901 0.00936996 0.0211642 0.0417365 0.0734319 0.117466 0.173585 0.240121 0.31434 0.392936 0.472515 0.549989 0.622834 0.68922 0.748035 0.798817 0.841644 0.876994 0.905605 0.928353 0.946148 0.959868 0.970311 0.97817 0.984027 0.988354 0.99153 0.993848 0.995532 0.996752 0.997634 0.998272 0.998733 0.999067 0.999309 0.999485 0.999614 0.999709 0.999778 0.99983 0.999869 0.999898 0.999919 0.999936 0.999949 0.999959 0.999966 0.999972 0.999977 0.999981 0.999984 0.999986 0.999988 0.99999 0.999991 0.999992 0.999993 0.999994 0.999995 0.999995 0.999996 0.999996 0.999996 0.999997 0.999997 0.999997 0.999997 0.999997 0.999998 0.999998 0.999998 0.999998 0.999998 0.999998 0.999998 0.999998 0.999998 0.999998 0.999998 0.999998 0.999998 0.999998 0.999998 0.999998 0.999998 0.999998 0.999998 0.999998 0.999998 0.999998 0.999998 0.999998 0.999998 0.999998 0.999998 0.999998 0.999998 0.999998 0.999998
 #wt and selex for gender,fleet: 1 6 6_OR_REC
 0.0116937 0.030585 0.0809974 0.148859 0.230982 0.321826 0.417138 0.514438 0.613203 0.71459 0.820617 0.933237 1.05368 1.18217 1.31796 1.45962 1.60536 1.7534 1.90213 2.05021 2.1966 2.34048 2.48125 2.61843 2.75168 2.88074 3.00542 3.12559 3.24117 3.35212 3.45845 3.56019 3.65738 3.75012 3.83848 3.92258 4.00254 4.07849 4.15057 4.2189 4.28364 4.34494 4.40292 4.45775 4.50955 4.55847 4.60465 4.64822 4.6893 4.72803 4.76453 4.7989 4.83127 4.86174 4.89042 4.9174 4.94277 4.96663 4.98907 5.01015 5.02997 5.04859 5.06608 5.0825 5.09793 5.11242 5.12602 5.13879 5.15078 5.16203 5.17268 5.18278 5.19225 5.20114 5.20948 5.2173 5.22463 5.23152 5.23797 5.24402 5.2497 5.25503 5.26002 5.2647 5.26909 5.2732 5.27706 5.28068 5.28407 5.28725 5.29023 5.29303 5.29565 5.2981 5.3004 5.30256 5.30458 5.30648 5.30826 5.30992 5.31253
 0 6.69317e-05 0.000805519 0.00582149 0.0255389 0.0762191 0.169695 0.30248 0.455641 0.605032 0.732273 0.829347 0.897016 0.94078 0.967346 0.982611 0.990965 0.995332 0.997507 0.998528 0.998961 0.999104 0.999108 0.999046 0.998954 0.998849 0.998739 0.998628 0.998519 0.998412 0.998307 0.998206 0.998108 0.998014 0.997924 0.997837 0.997754 0.997675 0.997599 0.997527 0.997458 0.997393 0.997332 0.997273 0.997217 0.997165 0.997115 0.997068 0.997024 0.996982 0.996942 0.996905 0.99687 0.996837 0.996805 0.996776 0.996748 0.996722 0.996698 0.996675 0.996653 0.996632 0.996613 0.996595 0.996578 0.996562 0.996547 0.996533 0.99652 0.996508 0.996496 0.996485 0.996475 0.996465 0.996455 0.996447 0.996439 0.996431 0.996424 0.996417 0.996411 0.996405 0.9964 0.996394 0.99639 0.996385 0.996381 0.996377 0.996373 0.996369 0.996366 0.996363 0.99636 0.996357 0.996355 0.996352 0.99635 0.996348 0.996346 0.996344 0.996341
 #wt and selex for gender,fleet: 1 7 7_WA_REC
 0.0116662 0.0304849 0.0827883 0.156125 0.248123 0.353086 0.465979 0.583026 0.701674 0.820427 0.938723 1.05679 1.17538 1.29553 1.41819 1.54403 1.67333 1.80593 1.94124 2.07838 2.21632 2.35397 2.49033 2.62449 2.75574 2.8835 3.00736 3.12703 3.24231 3.35309 3.45933 3.56101 3.65818 3.75091 3.83927 3.92338 4.00335 4.07931 4.1514 4.21974 4.28449 4.3458 4.40379 4.45862 4.51043 4.55936 4.60554 4.64912 4.69021 4.72894 4.76544 4.79982 4.8322 4.86267 4.89135 4.91833 4.94371 4.96757 4.99 5.01109 5.03091 5.04953 5.06702 5.08345 5.09888 5.11337 5.12697 5.13974 5.15173 5.16298 5.17364 5.18374 5.19321 5.2021 5.21044 5.21827 5.22561 5.23249 5.23895 5.24501 5.25069 5.25601 5.26101 5.26569 5.27008 5.2742 5.27806 5.28168 5.28507 5.28825 5.29123 5.29403 5.29665 5.2991 5.30141 5.30357 5.30559 5.30749 5.30926 5.31093 5.31354
 0 7.15668e-06 8.93629e-05 0.000731727 0.00382763 0.0139724 0.0384175 0.0845748 0.156338 0.251733 0.363282 0.480547 0.593267 0.693694 0.777542 0.843737 0.893521 0.929411 0.954345 0.971114 0.982075 0.989063 0.993423 0.996092 0.997701 0.998658 0.999221 0.999549 0.99974 0.99985 0.999913 0.999949 0.99997 0.999982 0.999989 0.999994 0.999996 0.999997 0.999998 0.999999 0.999999 0.999999 0.999999 0.999999 0.999999 0.999999 0.999999 0.999999 0.999999 0.999999 0.999999 0.999999 0.999999 0.999999 0.999999 0.999999 0.999999 0.999999 0.999999 0.999999 0.999999 0.999999 0.999999 0.999999 0.999999 0.999999 0.999999 0.999999 0.999999 0.999999 0.999999 0.999999 0.999999 0.999999 0.999999 0.999999 0.999999 0.999999 0.999999 0.999999 0.999999 0.999999 0.999999 0.999999 0.999999 0.999999 0.999999 0.999999 0.999999 0.999999 0.999999 0.999999 0.999999 0.999999 0.999999 0.999999 0.999999 0.999999 0.999999 0.999999 0.999999
# Sex ratio correction
1
# M and current age-structure in year Yinit: 2011
 # gender = 1
 0.0439034 0.0439034 0.0439034 0.0439034 0.0439034 0.0439034 0.0439034 0.0439034 0.0439034 0.0439034 0.0439034 0.0439034 0.0439034 0.0439034 0.0439034 0.0439034 0.0439034 0.0439034 0.0439034 0.0439034 0.0439034 0.0439034 0.0439034 0.0439034 0.0439034 0.0439034 0.0439034 0.0439034 0.0439034 0.0439034 0.0439034 0.0439034 0.0439034 0.0439034 0.0439034 0.0439034 0.0439034 0.0439034 0.0439034 0.0439034 0.0439034 0.0439034 0.0439034 0.0439034 0.0439034 0.0439034 0.0439034 0.0439034 0.0439034 0.0439034 0.0439034 0.0439034 0.0439034 0.0439034 0.0439034 0.0439034 0.0439034 0.0439034 0.0439034 0.0439034 0.0439034 0.0439034 0.0439034 0.0439034 0.0439034 0.0439034 0.0439034 0.0439034 0.0439034 0.0439034 0.0439034 0.0439034 0.0439034 0.0439034 0.0439034 0.0439034 0.0439034 0.0439034 0.0439034 0.0439034 0.0439034 0.0439034 0.0439034 0.0439034 0.0439034 0.0439034 0.0439034 0.0439034 0.0439034 0.0439034 0.0439034 0.0439034 0.0439034 0.0439034 0.0439034 0.0439034 0.0439034 0.0439034 0.0439034 0.0439034 0.0439034
 226.665 227.309 203.208 258.888 162.268 121.829 90.8237 67.6157 140.624 264.533 98.8818 70.8522 131.043 68.9352 39.9952 32.5268 32.5509 65.5647 86.5556 33.5078 25.2332 26.5495 29.0133 29.7122 29.8998 28.6883 32.7705 39.823 31.1521 35.5106 24.0443 16.0248 11.4203 8.74982 9.26177 8.60517 8.12014 5.15322 4.78255 5.7272 8.79736 5.94822 4.4122 3.23298 2.44855 1.97891 1.5096 1.22355 1.15166 1.22659 1.37206 1.45599 1.36892 1.18914 1.02113 0.901544 0.835076 0.816051 0.839156 0.902147 0.998316 1.10065 1.14925 1.09465 0.970524 0.842055 0.737022 0.657802 0.599298 0.555046 0.520589 0.492871 0.469981 0.45043 0.432633 0.415195 0.39716 0.37839 0.359349 0.340834 0.323557 0.307955 0.294103 0.281909 0.271089 0.261299 0.25223 0.243623 0.235264 0.227021 0.218812 0.210598 0.202385 0.194237 0.186148 0.178082 0.170255 0.162702 0.155444 0.148499 3.28325
# Age-structure at Ydeclare= 2013
 119.378 111.186 207.61 208.195 186.111 237.081 148.565 111.498 83.0743 61.8013 128.425 241.38 90.1547 64.5527 119.319 62.7371 36.3851 29.5822 29.5975 59.6064 78.6805 30.4566 22.9341 24.1293 26.3674 27.0016 27.1711 26.0691 29.7774 36.1842 28.3043 32.2627 21.8442 14.5579 10.3744 7.94821 8.41298 7.81631 7.37554 4.68054 4.34375 5.20158 7.98975 5.40202 4.00695 2.93597 2.22355 1.79703 1.37083 1.11106 1.04577 1.11379 1.24587 1.32207 1.243 1.07975 0.927195 0.818604 0.758248 0.740972 0.761949 0.819143 0.906461 0.999381 1.04351 0.99393 0.881221 0.764572 0.669203 0.597272 0.544151 0.50397 0.472684 0.447516 0.426732 0.40898 0.39282 0.376987 0.360612 0.343569 0.32628 0.309469 0.293782 0.279616 0.267039 0.255967 0.246142 0.237254 0.22902 0.221204 0.213614 0.20613 0.198677 0.191219 0.183762 0.176363 0.169019 0.161695 0.154588 0.14773 3.25712
# Year for Tmin Age-structure (set to Ydecl by SS)
2013
#  recruitment and biomass
# Number of historical assessment years
129
# Historical data
# year recruitment spawner in B0 in R project in R/S project
1888  1889 1890 1891 1892 1893 1894 1895 1896 1897 1898 1899 1900 1901 1902 1903 1904 1905 1906 1907 1908 1909 1910 1911 1912 1913 1914 1915 1916 1917 1918 1919 1920 1921 1922 1923 1924 1925 1926 1927 1928 1929 1930 1931 1932 1933 1934 1935 1936 1937 1938 1939 1940 1941 1942 1943 1944 1945 1946 1947 1948 1949 1950 1951 1952 1953 1954 1955 1956 1957 1958 1959 1960 1961 1962 1963 1964 1965 1966 1967 1968 1969 1970 1971 1972 1973 1974 1975 1976 1977 1978 1979 1980 1981 1982 1983 1984 1985 1986 1987 1988 1989 1990 1991 1992 1993 1994 1995 1996 1997 1998 1999 2000 2001 2002 2003 2004 2005 2006 2007 2008 2009 2010 2011 2012 2013 2014 2015 2016 #years (with first value representing R0)
214.925 213.297 213.245 213.192 213.137 213.073 213.008 212.941 212.877 212.813 212.747 212.681 212.609 212.538 212.469 212.388 212.308 212.23 212.157 212.096 212.042 211.989 211.943 211.899 211.853 211.782 211.668 211.469 211.151 210.669 209.792 208.595 207.111 205.303 203.193 200.84 198.324 195.752 193.269 191.026 189.179 187.872 187.179 187.046 187.325 187.706 187.799 187.254 185.949 184.056 182.055 180.507 179.929 180.694 183.222 188.184 196.515 209.496 227.747 249.759 268.013 267.675 243.831 210.32 180.709 159.784 147.659 143.533 147.117 158.089 174.499 190.179 191.205 169.992 143.028 126.015 125.175 143.763 174.564 198.925 240.37 298.142 362.676 480.379 277.969 204.788 193.281 264.939 242.647 224.324 180.98 200.638 237.978 300.671 372.99 274.719 295.503 205.53 153.206 137.246 118.536 101.839 83.0732 71.2941 86.5643 206.81 146.315 68.3576 64.6379 75.4784 123.839 224.395 115.756 154.23 394.122 200.228 92.0497 118.262 151.772 193.437 295.343 221.858 237.511 226.665 116.177 119.378 123.746 144.017 168.263  #recruits; first value is R0 (virgin)
2227.07  2227.07 2227.06 2227.03 2226.98 2226.05 2225.13 2224.2 2223.89 2223.74 2223.56 2223.39 2223.16 2222.88 2222.53 2222.12 2221.65 2221.08 2220.46 2219.77 2219.02 2217.97 2217.09 2216.15 2215.15 2214.11 2213.01 2211.86 2210.53 2209.29 2207.7 2201.95 2199.35 2196.96 2194.68 2192.94 2191.02 2187.98 2184.21 2178.79 2171.9 2165.17 2159.33 2152.77 2148.22 2143.94 2139.61 2134.15 2128.59 2121.01 2113.9 2106.14 2099.6 2090.73 2078.82 2066.22 2044.6 2021.68 1988.37 1957.82 1943.04 1926.48 1913.67 1899.67 1882.71 1868.17 1857.51 1844.78 1833.07 1821.47 1807.79 1795.57 1785.57 1777.91 1774.02 1768.81 1766.86 1767.66 1749.21 1745.21 1737.94 1730.28 1704.59 1688.4 1665.92 1637.12 1605.51 1570.3 1535.73 1495.57 1456.03 1391.3 1328.02 1279.8 1216.6 1111.04 1014.56 962.358 886.118 843.504 792.661 746.967 687.823 647.241 581.375 521.494 464.592 435.314 406.02 372.996 335.716 325.69 306.498 312.386 316.776 331.572 346.947 362.948 379.045 395.979 412.124 429.263 446.642 465.953 486.37 507.883 531.215 556.397 582.241 #spbio; first value is SSB_virgin (virgin)
1 0 0 0 0 0 0 0 0 0 0 0 0 0 0 0 0 0 0 0 0 0 0 0 0 0 0 0 0 0 0 0 0 0 0 0 0 0 0 0 0 0 0 0 0 0 0 0 0 0 0 0 0 0 0 0 0 0 0 0 0 0 0 0 0 0 0 0 0 0 0 0 0 0 0 0 0 0 0 0 0 0 0 0 0 0 0 0 0 0 0 0 0 0 0 0 0 0 0 0 0 0 0 0 0 0 0 0 0 0 0 0 0 0 0 0 0 0 0 0 0 0 0 0 0 0 0 0 0  # in Bzero
0 1 1 1 1 1 1 1 1 1 1 1 1 1 1 1 1 1 1 1 1 1 1 1 1 1 1 1 1 1 1 1 1 1 1 1 1 1 1 1 1 1 1 1 1 1 1 1 1 1 1 1 1 1 1 1 1 1 1 1 1 1 1 1 1 1 1 1 1 1 1 1 1 1 1 1 1 1 1 1 1 1 1 1 1 1 1 1 1 1 1 1 1 1 1 1 1 1 1 1 1 1 1 1 1 1 1 1 1 1 1 1 1 1 1 1 1 1 1 1 1 1 1 1 1 1  0 0 0 # in R project
0 1 1 1 1 1 1 1 1 1 1 1 1 1 1 1 1 1 1 1 1 1 1 1 1 1 1 1 1 1 1 1 1 1 1 1 1 1 1 1 1 1 1 1 1 1 1 1 1 1 1 1 1 1 1 1 1 1 1 1 1 1 1 1 1 1 1 1 1 1 1 1 1 1 1 1 1 1 1 1 1 1 1 1 1 1 1 1 1 1 1 1 1 1 1 1 1 1 1 1 1 1 1 1 1 1 1 1 1 1 1 1 1 1 1 1 1 1 1 1 1 1 1 1 1 1  0 0 0 # in R/S project
# Number of years with pre-specified catches
0
# catches for years with pre-specified catches go next
# Number of future recruitments to override
-2
# Process for overiding (-1 for average otherwise index in data list)
# Which probability to product detailed results for (1=0.5; 2=0.6; etc.)
3
# Steepness sigma-R Auto-correlation
0.718 0.5 0
# Target SPR rate (FMSY Proxy); manually change to SPR_MSY if not using SPR_target
0.5
# Discount rate (for cumulative catch)
0.1
# Truncate the series when 0.4B0 is reached (1=Yes)
0
# Set F to FMSY once 0.4B0 is reached (1=Yes)
0
# Maximum possible F for projection (-1 to set to FMSY)
-1
# Defintion of recovery (1=now only;2=now or before)
2
# Projection type
4
# Definition of the 40-10 rule
10 40
# Sigma Assessment Error (Base, Year1, Slope, MaxSigma)
1.0 2017 0.075 2.0
# Pstar
0.45
# Constrain catches by the ABC (1=yes, 2=no)
2
# Implementation Error (0=no; 1=lognormal; 2=uniform)
0
#Parameters of Implementaion Error
1 0.3
# Calculate coefficients of variation (1=Yes)
0
# Number of replicates to use
10
# Random number seed
-99004
# File with multiple parameter vectors 
rebuild.SSO
# User-specific projection (1=Yes); Output replaced (1->9)
0  5
# Catches and Fs (Year; 1/2/3 (F or C or SPR); value); Final row is -1
2016 1 1
-1 -1 -1
# Fixed catch project (1=Yes); Output replaced (1->9); Approach (-1=Read in else 1-9)
0 2 -1
# (48a) Special catch options (1-Yes) [CUT_OFF, Emsy, distribution, MAXCAT, Add, replace_code]
0 0.18 1.00 1.00 0 6
# (48b) B1Target
150000
# Split of Fs
2011  0.000529252
 0
 0.166754
 0.00688316
 0.266621
 0.243388
 0.315825
-1  1 1 1 1 1 1 1 1 1 1 1 1
# Yrs to define T_target for projection type 4 (a.k.a. 5 pre-specified inputs)
2022 2023 2024 2025 2026 
# Year for probability of recovery
2026 2027 2028 2029 2030 2031 2032 2033
# Time varying weight-at-age (1=Yes;0=No)
0
# File with time series of weight-at-age data
none
# Use bisection (0) or linear interpolation (1)
1
# Target Depletion
0.4
# CV of implementation error
0
