#Title, #runnumber: 1 yelloweye_data.ss yelloweye_control.ss 5704.91 1094.77 433.89 StartTime: Wed Apr  9 17:19:43 2025
SSv3_default_rebuild.dat
# Number of sexes
1
# Age range to consider (minimum age; maximum age)
0 100
# Number of fleets
7
# First year of projection (Yinit)
2011
# First Year of rebuilding period (Ydecl)
2013
# Number of simulations
1000
# Maximum number of years
500
# Conduct projections with multiple starting values (0=No;else yes)
0
# Number of parameter vectors
1000
# Is the maximum age a plus-group (1=Yes;2=No)
1
# Generate future recruitments using historical recruitments (1)  historical recruits/spawner (2)  or a stock-recruitment (3)
3
# Constant fishing mortality (1) or constant Catch (2) projections
1
# Fishing mortality based on SPR (1) or actual rate (2)
1
# Pre-specify the year of recovery (or -1) to ignore
-1
# Fecundity-at-age
# 0 1 2 3 4 5 6 7 8 9 10 11 12 13 14 15 16 17 18 19 20 21 22 23 24 25 26 27 28 29 30 31 32 33 34 35 36 37 38 39 40 41 42 43 44 45 46 47 48 49 50 51 52 53 54 55 56 57 58 59 60 61 62 63 64 65 66 67 68 69 70 71 72 73 74 75 76 77 78 79 80 81 82 83 84 85 86 87 88 89 90 91 92 93 94 95 96 97 98 99 100 #runnumber: 1 yelloweye_data.ss yelloweye_control.ss 5704.91 1094.77 433.89
 0 0 3.27178e-08 4.08274e-07 3.63796e-06 2.50082e-05 0.000137426 0.000607824 0.00215717 0.00619003 0.0146823 0.0296369 0.0524135 0.0833248 0.121647 0.165936 0.214437 0.265432 0.317465 0.369422 0.420531 0.470308 0.518483 0.564932 0.609623 0.652573 0.693825 0.733429 0.771435 0.807891 0.84284 0.876322 0.908373 0.939028 0.968322 0.996288 1.02296 1.04838 1.07258 1.09559 1.11747 1.13824 1.15794 1.17663 1.19433 1.21109 1.22695 1.24194 1.25612 1.2695 1.28214 1.29407 1.30532 1.31593 1.32593 1.33535 1.34422 1.35257 1.36044 1.36784 1.3748 1.38135 1.3875 1.39329 1.39873 1.40384 1.40865 1.41316 1.4174 1.42138 1.42512 1.42872 1.4321 1.43527 1.43825 1.44105 1.44367 1.44613 1.44844 1.45061 1.45264 1.45455 1.45634 1.45802 1.45959 1.46106 1.46245 1.46375 1.46496 1.46611 1.46718 1.46818 1.46912 1.47 1.47083 1.47161 1.47233 1.47301 1.47365 1.47425 1.47519 #female fecundity; weighted by N in year Y_init across morphs and areas
# Age specific selectivity and weight adjusted for discard and discard mortality
 #wt and selex for gender,fleet: 1 1 1_CA_TWL
 0.011189 0.0234946 0.0628513 0.121075 0.197692 0.289804 0.394032 0.507268 0.626915 0.750933 0.877812 1.00655 1.13661 1.26784 1.40031 1.53416 1.66947 1.80614 1.94385 2.08211 2.22025 2.35755 2.49328 2.62673 2.75729 2.88447 3.00786 3.12716 3.24217 3.35276 3.45887 3.56047 3.65759 3.75029 3.83864 3.92276 4.00275 4.07873 4.15084 4.21922 4.28401 4.34535 4.40338 4.45825 4.51011 4.55908 4.6053 4.64892 4.69006 4.72883 4.76537 4.7998 4.83221 4.86273 4.89145 4.91847 4.94388 4.96778 4.99025 5.01138 5.03123 5.04988 5.06741 5.08387 5.09933 5.11384 5.12748 5.14027 5.15229 5.16356 5.17425 5.18437 5.19387 5.20278 5.21114 5.21899 5.22634 5.23325 5.23972 5.24579 5.25149 5.25683 5.26184 5.26654 5.27094 5.27507 5.27894 5.28257 5.28598 5.28917 5.29216 5.29497 5.2976 5.30006 5.30237 5.30454 5.30657 5.30847 5.31026 5.31193 5.31455
 0 0.000766496 0.00285406 0.00920397 0.0239747 0.0521211 0.0976598 0.162059 0.243543 0.337501 0.437634 0.537332 0.630848 0.714038 0.784618 0.842005 0.886913 0.920868 0.94576 0.96351 0.975856 0.984258 0.989866 0.993546 0.995926 0.997446 0.998407 0.99901 0.999385 0.999618 0.999763 0.999852 0.999907 0.999941 0.999962 0.999975 0.999984 0.999989 0.999992 0.999994 0.999996 0.999996 0.999997 0.999997 0.999998 0.999998 0.999998 0.999998 0.999998 0.999998 0.999998 0.999998 0.999998 0.999998 0.999998 0.999998 0.999998 0.999998 0.999998 0.999998 0.999998 0.999998 0.999998 0.999998 0.999998 0.999998 0.999998 0.999998 0.999998 0.999998 0.999997 0.999997 0.999997 0.999997 0.999997 0.999997 0.999997 0.999997 0.999997 0.999997 0.999997 0.999997 0.999997 0.999997 0.999997 0.999997 0.999997 0.999997 0.999997 0.999997 0.999997 0.999997 0.999997 0.999997 0.999997 0.999997 0.999997 0.999997 0.999997 0.999997 0.999997
# Sex ratio correction
1
# M and current age-structure in year Yinit: 2011
 # gender = 1
 0.0439034 0.0439034 0.0439034 0.0439034 0.0439034 0.0439034 0.0439034 0.0439034 0.0439034 0.0439034 0.0439034 0.0439034 0.0439034 0.0439034 0.0439034 0.0439034 0.0439034 0.0439034 0.0439034 0.0439034 0.0439034 0.0439034 0.0439034 0.0439034 0.0439034 0.0439034 0.0439034 0.0439034 0.0439034 0.0439034 0.0439034 0.0439034 0.0439034 0.0439034 0.0439034 0.0439034 0.0439034 0.0439034 0.0439034 0.0439034 0.0439034 0.0439034 0.0439034 0.0439034 0.0439034 0.0439034 0.0439034 0.0439034 0.0439034 0.0439034 0.0439034 0.0439034 0.0439034 0.0439034 0.0439034 0.0439034 0.0439034 0.0439034 0.0439034 0.0439034 0.0439034 0.0439034 0.0439034 0.0439034 0.0439034 0.0439034 0.0439034 0.0439034 0.0439034 0.0439034 0.0439034 0.0439034 0.0439034 0.0439034 0.0439034 0.0439034 0.0439034 0.0439034 0.0439034 0.0439034 0.0439034 0.0439034 0.0439034 0.0439034 0.0439034 0.0439034 0.0439034 0.0439034 0.0439034 0.0439034 0.0439034 0.0439034 0.0439034 0.0439034 0.0439034 0.0439034 0.0439034 0.0439034 0.0439034 0.0439034 0.0439034
 221.507 222.55 199.814 256.269 160.103 120.508 89.836 66.7547 138.909 265.109 97.2876 69.6806 131.355 68.162 39.5938 32.1997 32.2067 65.1111 86.1792 33.1934 25.0536 26.4136 28.8981 29.614 29.8123 28.5838 32.5734 39.9495 30.48 35.6458 23.7603 15.7552 11.384 8.67359 9.16751 8.50858 8.02496 5.10349 4.73969 5.67855 8.68582 5.90018 4.37092 3.20105 2.42358 1.95804 1.49477 1.21178 1.13993 1.21271 1.35443 1.43557 1.34993 1.1735 1.00824 0.890347 0.824703 0.805805 0.828413 0.890212 0.984399 1.08419 1.13113 1.07768 0.956432 0.83053 0.72729 0.649257 0.591562 0.547892 0.513883 0.486527 0.46394 0.444656 0.427111 0.409929 0.392161 0.373664 0.354887 0.336613 0.319542 0.304107 0.290386 0.278292 0.267549 0.257822 0.248808 0.240254 0.231952 0.223772 0.215636 0.207502 0.199377 0.191324 0.183334 0.175372 0.167649 0.160199 0.153043 0.146198 3.23291
# Age-structure at Ydeclare= 2013
 115.834 108.111 202.885 203.837 183.004 234.684 146.587 110.295 82.178 61.0229 126.885 241.975 88.7333 63.5131 119.665 62.0696 36.0432 29.3051 29.3064 59.2404 78.4023 30.1963 22.7906 24.027 26.2864 26.9371 27.1169 25.999 29.6272 36.3353 27.7217 32.4192 21.609 14.3283 10.3527 7.8877 8.3367 7.73734 7.29742 4.64073 4.30984 5.16347 7.89782 5.36482 3.97425 2.91051 2.20357 1.78027 1.35905 1.10174 1.03641 1.10258 1.23141 1.30518 1.22731 1.06691 0.916652 0.809469 0.749787 0.732604 0.753157 0.809342 0.894971 0.985693 1.02837 0.979777 0.869542 0.755077 0.661216 0.590272 0.537818 0.498115 0.467196 0.442325 0.42179 0.404258 0.388306 0.372685 0.356532 0.339716 0.322644 0.30603 0.290511 0.276478 0.264003 0.253009 0.243242 0.234399 0.226204 0.218426 0.210879 0.203442 0.196045 0.18865 0.181264 0.173942 0.166678 0.15944 0.152418 0.145645 3.21127
# Year for Tmin Age-structure (set to Ydecl by SS)
2013
#  recruitment and biomass
# Number of historical assessment years
137
# Historical data
# year recruitment spawner in B0 in R project in R/S project
1888  1889 1890 1891 1892 1893 1894 1895 1896 1897 1898 1899 1900 1901 1902 1903 1904 1905 1906 1907 1908 1909 1910 1911 1912 1913 1914 1915 1916 1917 1918 1919 1920 1921 1922 1923 1924 1925 1926 1927 1928 1929 1930 1931 1932 1933 1934 1935 1936 1937 1938 1939 1940 1941 1942 1943 1944 1945 1946 1947 1948 1949 1950 1951 1952 1953 1954 1955 1956 1957 1958 1959 1960 1961 1962 1963 1964 1965 1966 1967 1968 1969 1970 1971 1972 1973 1974 1975 1976 1977 1978 1979 1980 1981 1982 1983 1984 1985 1986 1987 1988 1989 1990 1991 1992 1993 1994 1995 1996 1997 1998 1999 2000 2001 2002 2003 2004 2005 2006 2007 2008 2009 2010 2011 2012 2013 2014 2015 2016 2017 2018 2019 2020 2021 2022 2023 2024 #years (with first value representing R0)
211.32 209.552 209.496 209.439 209.38 209.312 209.241 209.17 209.101 209.032 208.962 208.89 208.813 208.737 208.662 208.576 208.49 208.407 208.327 208.26 208.198 208.138 208.083 208.031 207.975 207.895 207.771 207.564 207.238 206.75 205.874 204.682 203.208 201.416 199.326 196.997 194.507 191.96 189.498 187.267 185.422 184.101 183.378 183.199 183.421 183.739 183.776 183.193 181.872 179.983 177.994 176.449 175.851 176.562 178.99 183.788 191.858 204.434 222.084 243.292 260.763 260.316 237.281 204.845 176.097 155.74 143.921 139.874 143.313 153.899 169.696 184.696 185.539 165.033 138.969 122.494 121.675 139.648 169.406 193.118 233.499 289.937 353.453 466.507 271.462 200.238 189.236 259.436 238.275 220.971 178.818 199.542 233.549 296.641 373.828 268.393 295.928 203.875 152.291 136.496 117.842 101.188 82.4694 70.6499 85.6026 205.578 145.081 67.5342 63.8983 74.6253 122.314 224.728 113.768 151.672 394.859 197.749 90.869 116.972 150.125 190.855 292.354 218.153 232.539 221.507 112.963 115.834 119.985 139.712 166.042 168.245 170.521 172.716 174.83 176.859 178.789 180.603 182.288  #recruits; first value is R0 (virgin)
1094.77  1094.77 1094.77 1094.75 1094.72 1094.26 1093.8 1093.34 1093.18 1093.1 1093.02 1092.93 1092.81 1092.67 1092.49 1092.28 1092.04 1091.75 1091.43 1091.07 1090.68 1090.14 1089.69 1089.2 1088.69 1088.15 1087.58 1086.99 1086.3 1085.66 1084.84 1081.94 1080.62 1079.4 1078.24 1077.34 1076.36 1074.81 1072.9 1070.16 1066.69 1063.3 1060.35 1057.04 1054.74 1052.58 1050.38 1047.63 1044.82 1041.01 1037.43 1033.53 1030.24 1025.79 1019.82 1013.51 1002.68 991.196 974.513 959.226 951.828 943.774 937.502 930.528 922.055 914.878 909.557 903.258 897.398 891.573 884.665 878.513 873.441 869.511 867.422 864.671 863.648 863.949 854.587 852.594 848.954 845.018 832.507 824.883 813.997 799.829 784.618 767.372 750.198 730.132 710.243 677.702 643.441 617.674 584.388 530.742 503.208 482.597 456.488 435.058 408.031 384.041 354.212 333.402 297.312 265.215 234.836 218.717 202.988 186.042 166.447 160.501 150.896 153.928 156.07 163.532 171.164 179.213 187.325 195.904 204.054 212.782 221.589 231.199 241.47 252.292 264.147 276.749 289.738 303.378 318.45 334.044 350.157 366.73 383.617 400.6 417.431 #spbio; first value is SSB_virgin (virgin)
1 0 0 0 0 0 0 0 0 0 0 0 0 0 0 0 0 0 0 0 0 0 0 0 0 0 0 0 0 0 0 0 0 0 0 0 0 0 0 0 0 0 0 0 0 0 0 0 0 0 0 0 0 0 0 0 0 0 0 0 0 0 0 0 0 0 0 0 0 0 0 0 0 0 0 0 0 0 0 0 0 0 0 0 0 0 0 0 0 0 0 0 0 0 0 0 0 0 0 0 0 0 0 0 0 0 0 0 0 0 0 0 0 0 0 0 0 0 0 0 0 0 0 0 0 0 0 0 0 0 0 0 0 0 0 0 0  # in Bzero
0 1 1 1 1 1 1 1 1 1 1 1 1 1 1 1 1 1 1 1 1 1 1 1 1 1 1 1 1 1 1 1 1 1 1 1 1 1 1 1 1 1 1 1 1 1 1 1 1 1 1 1 1 1 1 1 1 1 1 1 1 1 1 1 1 1 1 1 1 1 1 1 1 1 1 1 1 1 1 1 1 1 1 1 1 1 1 1 1 1 1 1 1 1 1 1 1 1 1 1 1 1 1 1 1 1 1 1 1 1 1 1 1 1 1 1 1 1 1 1 1 1 1 1 1 1 1 1 1 1 1 1 1 1  0 0 0 # in R project
0 1 1 1 1 1 1 1 1 1 1 1 1 1 1 1 1 1 1 1 1 1 1 1 1 1 1 1 1 1 1 1 1 1 1 1 1 1 1 1 1 1 1 1 1 1 1 1 1 1 1 1 1 1 1 1 1 1 1 1 1 1 1 1 1 1 1 1 1 1 1 1 1 1 1 1 1 1 1 1 1 1 1 1 1 1 1 1 1 1 1 1 1 1 1 1 1 1 1 1 1 1 1 1 1 1 1 1 1 1 1 1 1 1 1 1 1 1 1 1 1 1 1 1 1 1 1 1 1 1 1 1 1 1  0 0 0 # in R/S project
# Number of years with pre-specified catches
0
# catches for years with pre-specified catches go next
# Number of future recruitments to override
-2
# Process for overiding (-1 for average otherwise index in data list)
# Which probability to product detailed results for (1=0.5; 2=0.6; etc.)
3
# Steepness sigma-R Auto-correlation
0.718 0.5 0
# Target SPR rate (FMSY Proxy); manually change to SPR_MSY if not using SPR_target
0.5
# Discount rate (for cumulative catch)
0.1
# Truncate the series when 0.4B0 is reached (1=Yes)
0
# Set F to FMSY once 0.4B0 is reached (1=Yes)
0
# Maximum possible F for projection (-1 to set to FMSY)
-1
# Defintion of recovery (1=now only;2=now or before)
2
# Projection type
4
# Definition of the 40-10 rule
10 40
# Sigma Assessment Error (Base, Year1, Slope, MaxSigma)
1.0 2025 0.075 2.0
# Pstar
0.45
# Constrain catches by the ABC (1=yes, 2=no)
2
# Implementation Error (0=no; 1=lognormal; 2=uniform)
0
#Parameters of Implementaion Error
1 0.3
# Calculate coefficients of variation (1=Yes)
0
# Number of replicates to use
10
# Random number seed
-99004
# File with multiple parameter vectors 
rebuild.SSO
# User-specific projection (1=Yes); Output replaced (1->9)
0  5
# Catches and Fs (Year; 1/2/3 (F or C or SPR); value); Final row is -1
2024 1 1
-1 -1 -1
# Fixed catch project (1=Yes); Output replaced (1->9); Approach (-1=Read in else 1-9)
0 2 -1
# (48a) Special catch options (1-Yes) [CUT_OFF, Emsy, distribution, MAXCAT, Add, replace_code]
0 0.18 1.00 1.00 0 6
# (48b) B1Target
150000
# Split of Fs
2011  1
 0
 0
 0
 0
 0
 0
-1  1 1 1 1 1 1 1 1 1 1 1 1
# Yrs to define T_target for projection type 4 (a.k.a. 5 pre-specified inputs)
2030 2031 2032 2033 2034 
# Year for probability of recovery
2034 2035 2036 2037 2038 2039 2040 2041
# Time varying weight-at-age (1=Yes;0=No)
0
# File with time series of weight-at-age data
none
# Use bisection (0) or linear interpolation (1)
1
# Target Depletion
0.4
# CV of implementation error
0
