#Title, #runnumber: 5 yelloweye_data.ss yelloweye_control.ss 5704.91 1094.77 412.297 StartTime: Tue Mar 25 16:02:30 2025
SSv3_default_rebuild.dat
# Number of sexes
1
# Age range to consider (minimum age; maximum age)
0 100
# Number of fleets
7
# First year of projection (Yinit)
2011
# First Year of rebuilding period (Ydecl)
2013
# Number of simulations
1000
# Maximum number of years
500
# Conduct projections with multiple starting values (0=No;else yes)
0
# Number of parameter vectors
1000
# Is the maximum age a plus-group (1=Yes;2=No)
1
# Generate future recruitments using historical recruitments (1)  historical recruits/spawner (2)  or a stock-recruitment (3)
3
# Constant fishing mortality (1) or constant Catch (2) projections
1
# Fishing mortality based on SPR (1) or actual rate (2)
1
# Pre-specify the year of recovery (or -1) to ignore
-1
# Fecundity-at-age
# 0 1 2 3 4 5 6 7 8 9 10 11 12 13 14 15 16 17 18 19 20 21 22 23 24 25 26 27 28 29 30 31 32 33 34 35 36 37 38 39 40 41 42 43 44 45 46 47 48 49 50 51 52 53 54 55 56 57 58 59 60 61 62 63 64 65 66 67 68 69 70 71 72 73 74 75 76 77 78 79 80 81 82 83 84 85 86 87 88 89 90 91 92 93 94 95 96 97 98 99 100 #runnumber: 5 yelloweye_data.ss yelloweye_control.ss 5704.91 1094.77 412.297
 0 0 3.27178e-08 4.08274e-07 3.63795e-06 2.50082e-05 0.000137426 0.000607824 0.00215717 0.00619004 0.0146823 0.0296369 0.0524135 0.0833248 0.121647 0.165936 0.214437 0.265432 0.317465 0.369422 0.420531 0.470308 0.518483 0.564932 0.609623 0.652574 0.693825 0.733429 0.771435 0.807891 0.84284 0.876322 0.908373 0.939028 0.968322 0.996288 1.02296 1.04838 1.07258 1.09559 1.11747 1.13824 1.15794 1.17663 1.19433 1.21109 1.22695 1.24194 1.25612 1.2695 1.28214 1.29407 1.30532 1.31593 1.32593 1.33535 1.34422 1.35257 1.36044 1.36784 1.3748 1.38135 1.3875 1.39329 1.39873 1.40384 1.40865 1.41316 1.4174 1.42138 1.42512 1.42872 1.4321 1.43527 1.43825 1.44105 1.44367 1.44613 1.44844 1.45061 1.45264 1.45455 1.45634 1.45801 1.45959 1.46106 1.46245 1.46375 1.46496 1.46611 1.46718 1.46818 1.46912 1.47 1.47083 1.4716 1.47233 1.47301 1.47365 1.47425 1.47519 #female fecundity; weighted by N in year Y_init across morphs and areas
# Age specific selectivity and weight adjusted for discard and discard mortality
 #wt and selex for gender,fleet: 1 1 1_CA_TWL
 0.011189 0.0234946 0.0628514 0.121075 0.197692 0.289804 0.394032 0.507268 0.626915 0.750933 0.877812 1.00655 1.13661 1.26784 1.40031 1.53416 1.66947 1.80614 1.94385 2.08211 2.22025 2.35755 2.49328 2.62673 2.75729 2.88447 3.00786 3.12716 3.24217 3.35276 3.45887 3.56047 3.65759 3.75029 3.83864 3.92276 4.00275 4.07873 4.15084 4.21922 4.28401 4.34535 4.40338 4.45825 4.51011 4.55908 4.6053 4.64892 4.69006 4.72883 4.76537 4.7998 4.83221 4.86273 4.89145 4.91847 4.94388 4.96778 4.99025 5.01138 5.03123 5.04988 5.06741 5.08387 5.09933 5.11384 5.12748 5.14027 5.15229 5.16356 5.17424 5.18437 5.19387 5.20278 5.21114 5.21899 5.22634 5.23325 5.23972 5.24579 5.25149 5.25683 5.26184 5.26654 5.27094 5.27507 5.27894 5.28257 5.28598 5.28917 5.29216 5.29497 5.2976 5.30006 5.30237 5.30454 5.30657 5.30847 5.31026 5.31193 5.31455
 0 0.00076649 0.00285404 0.00920394 0.0239746 0.0521211 0.0976598 0.162059 0.243543 0.337501 0.437634 0.537333 0.630849 0.714039 0.784619 0.842005 0.886914 0.920869 0.945761 0.96351 0.975857 0.984259 0.989866 0.993546 0.995926 0.997446 0.998407 0.99901 0.999385 0.999618 0.999763 0.999852 0.999907 0.999941 0.999962 0.999975 0.999984 0.999989 0.999992 0.999994 0.999996 0.999996 0.999997 0.999997 0.999998 0.999998 0.999998 0.999998 0.999998 0.999998 0.999998 0.999998 0.999998 0.999998 0.999998 0.999998 0.999998 0.999998 0.999998 0.999998 0.999998 0.999998 0.999998 0.999998 0.999998 0.999998 0.999998 0.999998 0.999998 0.999998 0.999997 0.999997 0.999997 0.999997 0.999997 0.999997 0.999997 0.999997 0.999997 0.999997 0.999997 0.999997 0.999997 0.999997 0.999997 0.999997 0.999997 0.999997 0.999997 0.999997 0.999997 0.999997 0.999997 0.999997 0.999997 0.999997 0.999997 0.999997 0.999997 0.999997 0.999997
 #wt and selex for gender,fleet: 1 3 3_CA_REC
 0.0110892 0.0218951 0.0569942 0.109717 0.17957 0.264309 0.361171 0.467504 0.581021 0.699903 0.822873 0.949217 1.07868 1.21126 1.34698 1.48569 1.62699 1.7702 1.91448 2.05887 2.20241 2.34423 2.48358 2.61982 2.75247 2.88115 3.00561 3.12565 3.24117 3.3521 3.45843 3.56018 3.6574 3.75016 3.83856 3.92271 4.00271 4.07871 4.15083 4.21921 4.284 4.34534 4.40338 4.45825 4.5101 4.55908 4.6053 4.64892 4.69006 4.72883 4.76537 4.7998 4.83221 4.86273 4.89145 4.91847 4.94388 4.96778 4.99025 5.01138 5.03123 5.04988 5.06741 5.08387 5.09933 5.11384 5.12748 5.14027 5.15229 5.16356 5.17425 5.18437 5.19387 5.20278 5.21114 5.21899 5.22634 5.23325 5.23972 5.2458 5.25149 5.25683 5.26184 5.26654 5.27094 5.27507 5.27894 5.28257 5.28598 5.28917 5.29216 5.29497 5.2976 5.30006 5.30237 5.30454 5.30657 5.30847 5.31026 5.31193 5.31455
 0 0.00594659 0.0160233 0.0385534 0.078741 0.139897 0.221575 0.31941 0.426296 0.53416 0.635644 0.725299 0.800105 0.859361 0.904136 0.936555 0.959138 0.97433 0.984234 0.990512 0.994392 0.996737 0.998127 0.998937 0.999402 0.999666 0.999814 0.999897 0.999943 0.999968 0.999982 0.99999 0.999994 0.999997 0.999998 0.999999 0.999999 0.999999 0.999999 0.999999 0.999999 0.999999 0.999999 0.999999 0.999999 0.999999 0.999999 0.999999 0.999999 0.999999 0.999999 0.999999 0.999999 0.999999 0.999999 0.999999 0.999999 0.999999 0.999999 0.999999 0.999999 0.999999 0.999999 0.999999 0.999999 0.999999 0.999999 0.999999 0.999999 0.999999 0.999999 0.999999 0.999999 0.999999 0.999999 0.999999 0.999999 0.999999 0.999999 0.999999 0.999999 0.999999 0.999999 0.999999 0.999999 0.999999 0.999999 0.999999 0.999999 0.999999 0.999999 0.999999 0.999999 0.999999 0.999999 0.999999 0.999999 0.999999 0.999999 0.999999 0.999999
 #wt and selex for gender,fleet: 1 4 4_ORWA_TWL
 0.0109877 0.0202372 0.0506875 0.0985741 0.164082 0.246112 0.342809 0.452019 0.571567 0.699408 0.833694 0.972796 1.1153 1.25997 1.40578 1.55184 1.69741 1.84188 1.98475 2.12562 2.26414 2.40003 2.53304 2.66294 2.78954 2.91264 3.03208 3.14772 3.25944 3.36715 3.47077 3.57027 3.66563 3.75687 3.84403 3.92716 4.00635 4.08169 4.15327 4.22123 4.28567 4.34673 4.40454 4.45922 4.51092 4.55977 4.6059 4.64943 4.69049 4.72921 4.76571 4.80009 4.83247 4.86295 4.89165 4.91865 4.94405 4.96793 4.99039 5.0115 5.03134 5.04999 5.0675 5.08396 5.09941 5.11392 5.12755 5.14034 5.15235 5.16363 5.17431 5.18443 5.19392 5.20284 5.2112 5.21904 5.2264 5.2333 5.23977 5.24584 5.25154 5.25688 5.26189 5.26658 5.27099 5.27512 5.27899 5.28262 5.28602 5.28921 5.29221 5.29501 5.29764 5.3001 5.30241 5.30458 5.30661 5.30851 5.3103 5.31197 5.31459
 0 0.0141517 0.0267546 0.0470997 0.0762781 0.114859 0.162514 0.218076 0.27976 0.345439 0.412914 0.480123 0.545282 0.606967 0.664132 0.716097 0.762508 0.803288 0.83858 0.868692 0.894048 0.915138 0.93248 0.946593 0.957969 0.967061 0.974272 0.979954 0.984407 0.98788 0.990579 0.99267 0.994288 0.995539 0.996505 0.997252 0.99783 0.998278 0.998627 0.998899 0.999112 0.999279 0.999411 0.999516 0.999599 0.999666 0.99972 0.999763 0.999798 0.999827 0.999851 0.999871 0.999887 0.9999 0.999912 0.999921 0.99993 0.999937 0.999942 0.999948 0.999952 0.999956 0.999959 0.999962 0.999965 0.999967 0.999969 0.99997 0.999972 0.999973 0.999974 0.999975 0.999976 0.999976 0.999977 0.999977 0.999978 0.999978 0.999979 0.999979 0.999979 0.99998 0.99998 0.99998 0.99998 0.999981 0.999981 0.999981 0.999981 0.999981 0.999981 0.999982 0.999982 0.999982 0.999982 0.999982 0.999982 0.999982 0.999982 0.999982 0.999982
 #wt and selex for gender,fleet: 1 5 5_ORWA_NONTWL
 0.0111049 0.0221778 0.0584869 0.113696 0.187789 0.278678 0.383521 0.499431 0.623791 0.754361 0.889291 1.02708 1.16654 1.30675 1.44699 1.58677 1.72575 1.86368 2.00038 2.1357 2.26947 2.40148 2.5315 2.65923 2.78439 2.90667 3.02577 3.14144 3.25343 3.36156 3.4657 3.56575 3.66166 3.75342 3.84105 3.92461 4.00418 4.07984 4.1517 4.21989 4.28453 4.34576 4.40371 4.45852 4.51032 4.55925 4.60544 4.64904 4.69015 4.72891 4.76544 4.79985 4.83226 4.86277 4.89148 4.9185 4.94391 4.96781 4.99028 5.0114 5.03125 5.0499 5.06742 5.08388 5.09934 5.11386 5.12749 5.14028 5.1523 5.16357 5.17425 5.18438 5.19387 5.20279 5.21115 5.21899 5.22635 5.23325 5.23973 5.2458 5.2515 5.25684 5.26185 5.26654 5.27095 5.27508 5.27895 5.28258 5.28598 5.28918 5.29217 5.29497 5.2976 5.30007 5.30238 5.30454 5.30657 5.30848 5.31026 5.31193 5.31456
 0 0.00124325 0.00358873 0.00942506 0.0212029 0.0416899 0.0731969 0.116923 0.172626 0.238669 0.312368 0.390472 0.469634 0.546802 0.619471 0.685816 0.74471 0.795674 0.838758 0.874411 0.903346 0.926416 0.944518 0.958519 0.96921 0.977283 0.983318 0.987794 0.99109 0.993503 0.995264 0.996544 0.997473 0.998147 0.998636 0.998992 0.999251 0.99944 0.999578 0.99968 0.999756 0.999812 0.999854 0.999886 0.99991 0.999928 0.999943 0.999953 0.999962 0.999969 0.999974 0.999978 0.999982 0.999984 0.999987 0.999988 0.99999 0.999991 0.999992 0.999993 0.999994 0.999994 0.999995 0.999995 0.999996 0.999996 0.999996 0.999997 0.999997 0.999997 0.999997 0.999997 0.999997 0.999997 0.999997 0.999997 0.999998 0.999998 0.999998 0.999998 0.999998 0.999998 0.999998 0.999998 0.999998 0.999998 0.999998 0.999998 0.999998 0.999998 0.999998 0.999998 0.999998 0.999998 0.999998 0.999998 0.999998 0.999998 0.999998 0.999998 0.999998
 #wt and selex for gender,fleet: 1 6 6_OR_REC
 0.0117614 0.0310067 0.0815288 0.149485 0.231626 0.322422 0.417642 0.514827 0.613474 0.714759 0.820708 0.93327 1.05367 1.18212 1.31787 1.45948 1.60517 1.75314 1.9018 2.04982 2.19614 2.33996 2.48068 2.61781 2.75103 2.88005 3.0047 3.12485 3.24042 3.35138 3.45771 3.55945 3.65666 3.74941 3.83779 3.92192 4.00191 4.07789 4.15 4.21837 4.28315 4.34448 4.40251 4.45737 4.50922 4.55818 4.60441 4.64802 4.68915 4.72792 4.76446 4.79888 4.83129 4.8618 4.89052 4.91753 4.94295 4.96684 4.98931 5.01043 5.03028 5.04894 5.06646 5.08292 5.09838 5.11289 5.12652 5.13932 5.15133 5.16261 5.17329 5.18341 5.1929 5.20181 5.21017 5.21801 5.22537 5.23227 5.23874 5.24481 5.2505 5.25584 5.26085 5.26554 5.26995 5.27408 5.27795 5.28158 5.28498 5.28817 5.29116 5.29396 5.29659 5.29906 5.30137 5.30353 5.30556 5.30746 5.30925 5.31092 5.31354
 0 6.748e-05 0.000814268 0.00587278 0.0257194 0.0766493 0.170453 0.303531 0.45684 0.606197 0.733266 0.830107 0.897547 0.941124 0.967553 0.982729 0.991029 0.995364 0.997523 0.998535 0.998963 0.999104 0.999107 0.999044 0.998951 0.998846 0.998736 0.998626 0.998516 0.998409 0.998304 0.998203 0.998105 0.998011 0.99792 0.997833 0.99775 0.997671 0.997595 0.997523 0.997454 0.997389 0.997327 0.997269 0.997213 0.99716 0.997111 0.997063 0.997019 0.996977 0.996937 0.9969 0.996865 0.996831 0.9968 0.996771 0.996743 0.996717 0.996692 0.996669 0.996647 0.996627 0.996607 0.996589 0.996572 0.996556 0.996541 0.996527 0.996514 0.996502 0.99649 0.996479 0.996468 0.996458 0.996449 0.996441 0.996432 0.996425 0.996418 0.996411 0.996405 0.996399 0.996393 0.996388 0.996383 0.996378 0.996374 0.99637 0.996366 0.996363 0.99636 0.996356 0.996353 0.996351 0.996348 0.996346 0.996344 0.996341 0.996339 0.996338 0.996335
 #wt and selex for gender,fleet: 1 7 7_WA_REC
 0.0117165 0.0307196 0.082918 0.156135 0.248005 0.352892 0.465797 0.582953 0.701799 0.820815 0.939402 1.05774 1.17656 1.29684 1.41953 1.54532 1.67448 1.80686 1.94193 2.07882 2.21652 2.35395 2.49012 2.62413 2.75526 2.88293 3.00673 3.12635 3.2416 3.35237 3.4586 3.56028 3.65746 3.7502 3.83859 3.92272 4.00272 4.07871 4.15083 4.21921 4.284 4.34534 4.40338 4.45825 4.5101 4.55908 4.6053 4.64892 4.69006 4.72883 4.76537 4.7998 4.83221 4.86273 4.89145 4.91847 4.94388 4.96778 4.99025 5.01138 5.03123 5.04988 5.06741 5.08387 5.09933 5.11384 5.12748 5.14027 5.15229 5.16356 5.17425 5.18437 5.19387 5.20278 5.21114 5.21899 5.22634 5.23325 5.23972 5.2458 5.25149 5.25683 5.26184 5.26654 5.27094 5.27507 5.27894 5.28257 5.28598 5.28917 5.29216 5.29497 5.2976 5.30006 5.30237 5.30454 5.30657 5.30847 5.31026 5.31193 5.31455
 0 7.67965e-06 9.36862e-05 0.000752319 0.00388291 0.0140481 0.0384037 0.0842469 0.155426 0.250047 0.360805 0.477448 0.589837 0.690252 0.774352 0.840973 0.891258 0.927646 0.953025 0.970162 0.981409 0.98861 0.993122 0.995896 0.997576 0.998579 0.999172 0.999519 0.999721 0.999838 0.999906 0.999945 0.999968 0.999981 0.999988 0.999993 0.999996 0.999997 0.999998 0.999999 0.999999 0.999999 0.999999 0.999999 0.999999 0.999999 0.999999 0.999999 0.999999 0.999999 0.999999 0.999999 0.999999 0.999999 0.999999 0.999999 0.999999 0.999999 0.999999 0.999999 0.999999 0.999999 0.999999 0.999999 0.999999 0.999999 0.999999 0.999999 0.999999 0.999999 0.999999 0.999999 0.999999 0.999999 0.999999 0.999999 0.999999 0.999999 0.999999 0.999999 0.999999 0.999999 0.999999 0.999999 0.999999 0.999999 0.999999 0.999999 0.999999 0.999999 0.999999 0.999999 0.999999 0.999999 0.999999 0.999999 0.999999 0.999999 0.999999 0.999999 0.999999
# Sex ratio correction
1
# M and current age-structure in year Yinit: 2011
 # gender = 1
 0.0439034 0.0439034 0.0439034 0.0439034 0.0439034 0.0439034 0.0439034 0.0439034 0.0439034 0.0439034 0.0439034 0.0439034 0.0439034 0.0439034 0.0439034 0.0439034 0.0439034 0.0439034 0.0439034 0.0439034 0.0439034 0.0439034 0.0439034 0.0439034 0.0439034 0.0439034 0.0439034 0.0439034 0.0439034 0.0439034 0.0439034 0.0439034 0.0439034 0.0439034 0.0439034 0.0439034 0.0439034 0.0439034 0.0439034 0.0439034 0.0439034 0.0439034 0.0439034 0.0439034 0.0439034 0.0439034 0.0439034 0.0439034 0.0439034 0.0439034 0.0439034 0.0439034 0.0439034 0.0439034 0.0439034 0.0439034 0.0439034 0.0439034 0.0439034 0.0439034 0.0439034 0.0439034 0.0439034 0.0439034 0.0439034 0.0439034 0.0439034 0.0439034 0.0439034 0.0439034 0.0439034 0.0439034 0.0439034 0.0439034 0.0439034 0.0439034 0.0439034 0.0439034 0.0439034 0.0439034 0.0439034 0.0439034 0.0439034 0.0439034 0.0439034 0.0439034 0.0439034 0.0439034 0.0439034 0.0439034 0.0439034 0.0439034 0.0439034 0.0439034 0.0439034 0.0439034 0.0439034 0.0439034 0.0439034 0.0439034 0.0439034
 221.507 222.551 199.814 256.269 160.103 120.509 89.8362 66.7549 138.909 265.111 97.2877 69.6806 131.355 68.1622 39.5939 32.1998 32.2068 65.1113 86.1795 33.1935 25.0537 26.4137 28.8982 29.6142 29.8124 28.584 32.5736 39.9498 30.4802 35.6461 23.7605 15.7553 11.3841 8.67366 9.16759 8.50866 8.02503 5.10354 4.73973 5.67861 8.6859 5.90024 4.37096 3.20108 2.4236 1.95806 1.49478 1.21179 1.13994 1.21273 1.35444 1.43559 1.34994 1.17352 1.00825 0.890356 0.824712 0.805813 0.828422 0.890221 0.98441 1.0842 1.13114 1.07769 0.956442 0.830538 0.727297 0.649264 0.591568 0.547898 0.513889 0.486531 0.463945 0.44466 0.427115 0.409932 0.392165 0.373667 0.354892 0.336616 0.319545 0.30411 0.290389 0.278295 0.267552 0.257825 0.248811 0.240257 0.231954 0.223775 0.215638 0.207504 0.19938 0.191326 0.183337 0.175374 0.167652 0.160202 0.153045 0.1462 3.23296
# Age-structure at Ydeclare= 2013
 115.835 108.111 202.885 203.837 183.004 234.685 146.587 110.295 82.1783 61.0231 126.885 241.976 88.7334 63.5133 119.666 62.07 36.0434 29.3053 29.3065 59.2407 78.4028 30.1964 22.7907 24.0271 26.2866 26.9373 27.1171 25.9992 29.6274 36.3356 27.722 32.4195 21.6092 14.3284 10.3529 7.88779 8.3368 7.73744 7.29751 4.6408 4.3099 5.16354 7.89793 5.36489 3.97431 2.91055 2.2036 1.7803 1.35907 1.10176 1.03643 1.10259 1.23143 1.3052 1.22733 1.06693 0.916665 0.80948 0.749798 0.732614 0.753168 0.809353 0.894985 0.985708 1.02839 0.979791 0.869554 0.755087 0.661225 0.59028 0.537826 0.498122 0.467203 0.442331 0.421796 0.404263 0.388312 0.37269 0.356537 0.33972 0.32265 0.306034 0.290514 0.276482 0.264007 0.253012 0.243245 0.234402 0.226207 0.21843 0.210882 0.203445 0.196048 0.188653 0.181267 0.173945 0.166681 0.159442 0.152421 0.145648 3.21133
# Year for Tmin Age-structure (set to Ydecl by SS)
2013
#  recruitment and biomass
# Number of historical assessment years
137
# Historical data
# year recruitment spawner in B0 in R project in R/S project
1888  1889 1890 1891 1892 1893 1894 1895 1896 1897 1898 1899 1900 1901 1902 1903 1904 1905 1906 1907 1908 1909 1910 1911 1912 1913 1914 1915 1916 1917 1918 1919 1920 1921 1922 1923 1924 1925 1926 1927 1928 1929 1930 1931 1932 1933 1934 1935 1936 1937 1938 1939 1940 1941 1942 1943 1944 1945 1946 1947 1948 1949 1950 1951 1952 1953 1954 1955 1956 1957 1958 1959 1960 1961 1962 1963 1964 1965 1966 1967 1968 1969 1970 1971 1972 1973 1974 1975 1976 1977 1978 1979 1980 1981 1982 1983 1984 1985 1986 1987 1988 1989 1990 1991 1992 1993 1994 1995 1996 1997 1998 1999 2000 2001 2002 2003 2004 2005 2006 2007 2008 2009 2010 2011 2012 2013 2014 2015 2016 2017 2018 2019 2020 2021 2022 2023 2024 #years (with first value representing R0)
211.32 209.552 209.496 209.439 209.38 209.311 209.241 209.169 209.101 209.032 208.962 208.891 208.813 208.736 208.662 208.576 208.49 208.407 208.327 208.26 208.198 208.138 208.083 208.03 207.974 207.895 207.771 207.564 207.237 206.75 205.874 204.682 203.208 201.415 199.326 196.997 194.507 191.96 189.498 187.268 185.421 184.101 183.378 183.199 183.421 183.74 183.776 183.193 181.872 179.983 177.994 176.449 175.852 176.563 178.991 183.789 191.859 204.435 222.084 243.293 260.764 260.317 237.282 204.846 176.098 155.74 143.921 139.875 143.313 153.899 169.696 184.696 185.539 165.033 138.97 122.495 121.675 139.648 169.406 193.119 233.499 289.937 353.454 466.508 271.462 200.239 189.236 259.436 238.275 220.971 178.818 199.542 233.549 296.641 373.828 268.393 295.928 203.875 152.291 136.496 117.842 101.188 82.4694 70.6499 85.6025 205.578 145.081 67.5342 63.8984 74.6255 122.314 224.729 113.768 151.672 394.861 197.749 90.8693 116.972 150.125 190.856 292.355 218.153 232.539 221.507 112.964 115.835 119.985 139.712 166.042 168.246 170.223 172.164 173.98 175.81 177.531 179.009 180.323  #recruits; first value is R0 (virgin)
1094.77  1094.77 1094.77 1094.75 1094.72 1094.26 1093.8 1093.34 1093.18 1093.1 1093.02 1092.93 1092.81 1092.67 1092.49 1092.29 1092.04 1091.75 1091.43 1091.07 1090.68 1090.14 1089.69 1089.2 1088.69 1088.15 1087.58 1086.99 1086.3 1085.66 1084.84 1081.94 1080.62 1079.4 1078.24 1077.34 1076.36 1074.81 1072.9 1070.17 1066.69 1063.3 1060.35 1057.05 1054.74 1052.58 1050.39 1047.63 1044.82 1041.01 1037.44 1033.54 1030.25 1025.8 1019.82 1013.51 1002.68 991.2 974.517 959.23 951.832 943.779 937.506 930.532 922.059 914.883 909.562 903.263 897.402 891.577 884.669 878.517 873.445 869.515 867.426 864.674 863.651 863.953 854.59 852.596 848.956 845.02 832.51 824.884 813.999 799.831 784.621 767.374 750.2 730.133 710.244 677.703 643.442 617.674 584.389 530.743 503.208 482.597 456.488 435.058 408.031 384.04 354.212 333.401 297.311 265.214 234.835 218.716 202.988 186.043 166.447 160.501 150.896 153.928 156.07 163.532 171.164 179.214 187.326 195.905 204.055 212.783 221.591 231.201 241.472 252.294 264.149 276.751 289.739 303.38 316.417 330.021 343.545 358.013 372.48 385.62 397.906 #spbio; first value is SSB_virgin (virgin)
1 0 0 0 0 0 0 0 0 0 0 0 0 0 0 0 0 0 0 0 0 0 0 0 0 0 0 0 0 0 0 0 0 0 0 0 0 0 0 0 0 0 0 0 0 0 0 0 0 0 0 0 0 0 0 0 0 0 0 0 0 0 0 0 0 0 0 0 0 0 0 0 0 0 0 0 0 0 0 0 0 0 0 0 0 0 0 0 0 0 0 0 0 0 0 0 0 0 0 0 0 0 0 0 0 0 0 0 0 0 0 0 0 0 0 0 0 0 0 0 0 0 0 0 0 0 0 0 0 0 0 0 0 0 0 0 0  # in Bzero
0 1 1 1 1 1 1 1 1 1 1 1 1 1 1 1 1 1 1 1 1 1 1 1 1 1 1 1 1 1 1 1 1 1 1 1 1 1 1 1 1 1 1 1 1 1 1 1 1 1 1 1 1 1 1 1 1 1 1 1 1 1 1 1 1 1 1 1 1 1 1 1 1 1 1 1 1 1 1 1 1 1 1 1 1 1 1 1 1 1 1 1 1 1 1 1 1 1 1 1 1 1 1 1 1 1 1 1 1 1 1 1 1 1 1 1 1 1 1 1 1 1 1 1 1 1 1 1 1 1 1 1 1 1  0 0 0 # in R project
0 1 1 1 1 1 1 1 1 1 1 1 1 1 1 1 1 1 1 1 1 1 1 1 1 1 1 1 1 1 1 1 1 1 1 1 1 1 1 1 1 1 1 1 1 1 1 1 1 1 1 1 1 1 1 1 1 1 1 1 1 1 1 1 1 1 1 1 1 1 1 1 1 1 1 1 1 1 1 1 1 1 1 1 1 1 1 1 1 1 1 1 1 1 1 1 1 1 1 1 1 1 1 1 1 1 1 1 1 1 1 1 1 1 1 1 1 1 1 1 1 1 1 1 1 1 1 1 1 1 1 1 1 1  0 0 0 # in R/S project
# Number of years with pre-specified catches
0
# catches for years with pre-specified catches go next
# Number of future recruitments to override
-2
# Process for overiding (-1 for average otherwise index in data list)
# Which probability to product detailed results for (1=0.5; 2=0.6; etc.)
3
# Steepness sigma-R Auto-correlation
0.718 0.5 0
# Target SPR rate (FMSY Proxy); manually change to SPR_MSY if not using SPR_target
0.5
# Discount rate (for cumulative catch)
0.1
# Truncate the series when 0.4B0 is reached (1=Yes)
0
# Set F to FMSY once 0.4B0 is reached (1=Yes)
0
# Maximum possible F for projection (-1 to set to FMSY)
-1
# Defintion of recovery (1=now only;2=now or before)
2
# Projection type
4
# Definition of the 40-10 rule
10 40
# Sigma Assessment Error (Base, Year1, Slope, MaxSigma)
1.0 2025 0.075 2.0
# Pstar
0.45
# Constrain catches by the ABC (1=yes, 2=no)
2
# Implementation Error (0=no; 1=lognormal; 2=uniform)
0
#Parameters of Implementaion Error
1 0.3
# Calculate coefficients of variation (1=Yes)
0
# Number of replicates to use
10
# Random number seed
-99004
# File with multiple parameter vectors 
rebuild.SSO
# User-specific projection (1=Yes); Output replaced (1->9)
0  5
# Catches and Fs (Year; 1/2/3 (F or C or SPR); value); Final row is -1
2024 1 1
-1 -1 -1
# Fixed catch project (1=Yes); Output replaced (1->9); Approach (-1=Read in else 1-9)
0 2 -1
# (48a) Special catch options (1-Yes) [CUT_OFF, Emsy, distribution, MAXCAT, Add, replace_code]
0 0.18 1.00 1.00 0 6
# (48b) B1Target
150000
# Split of Fs
2011  0.016462
 0
 0.386059
 0.0253365
 0.179654
 0.192762
 0.199727
-1  1 1 1 1 1 1 1 1 1 1 1 1
# Yrs to define T_target for projection type 4 (a.k.a. 5 pre-specified inputs)
2030 2031 2032 2033 2034 
# Year for probability of recovery
2034 2035 2036 2037 2038 2039 2040 2041
# Time varying weight-at-age (1=Yes;0=No)
0
# File with time series of weight-at-age data
none
# Use bisection (0) or linear interpolation (1)
1
# Target Depletion
0.4
# CV of implementation error
0
