#Title, #runnumber: 1 yelloweye_data.ss yelloweye_control.ss 4829.54 1142.91 486.548 StartTime: Thu Apr 24 14:41:24 2025
SSv3_default_rebuild.dat
# Number of sexes
1
# Age range to consider (minimum age; maximum age)
0 100
# Number of fleets
7
# First year of projection (Yinit)
2011
# First Year of rebuilding period (Ydecl)
2013
# Number of simulations
1000
# Maximum number of years
500
# Conduct projections with multiple starting values (0=No;else yes)
0
# Number of parameter vectors
1000
# Is the maximum age a plus-group (1=Yes;2=No)
1
# Generate future recruitments using historical recruitments (1)  historical recruits/spawner (2)  or a stock-recruitment (3)
3
# Constant fishing mortality (1) or constant Catch (2) projections
1
# Fishing mortality based on SPR (1) or actual rate (2)
1
# Pre-specify the year of recovery (or -1) to ignore
-1
# Fecundity-at-age
# 0 1 2 3 4 5 6 7 8 9 10 11 12 13 14 15 16 17 18 19 20 21 22 23 24 25 26 27 28 29 30 31 32 33 34 35 36 37 38 39 40 41 42 43 44 45 46 47 48 49 50 51 52 53 54 55 56 57 58 59 60 61 62 63 64 65 66 67 68 69 70 71 72 73 74 75 76 77 78 79 80 81 82 83 84 85 86 87 88 89 90 91 92 93 94 95 96 97 98 99 100 #runnumber: 1 yelloweye_data.ss yelloweye_control.ss 4829.54 1142.91 486.548
 0 0 5.05618e-08 6.05656e-07 5.24578e-06 3.52251e-05 0.000188699 0.000807454 0.00275287 0.00757199 0.0172567 0.0336297 0.0577375 0.0895855 0.128262 0.172285 0.219985 0.269791 0.3204 0.370823 0.420374 0.468615 0.515293 0.560282 0.603536 0.64506 0.684882 0.723044 0.759592 0.794571 0.828026 0.859998 0.89053 0.919662 0.947433 0.973885 0.999056 1.02299 1.04572 1.0673 1.08777 1.10716 1.12553 1.14291 1.15935 1.17488 1.18955 1.2034 1.21647 1.22879 1.2404 1.25135 1.26165 1.27135 1.28048 1.28907 1.29715 1.30474 1.31188 1.31859 1.32489 1.33081 1.33636 1.34158 1.34648 1.35107 1.35539 1.35943 1.36323 1.36679 1.37012 1.37334 1.37636 1.37919 1.38184 1.38432 1.38665 1.38884 1.39088 1.3928 1.3946 1.39628 1.39786 1.39933 1.40072 1.40201 1.40323 1.40436 1.40543 1.40643 1.40736 1.40824 1.40906 1.40982 1.41054 1.41121 1.41184 1.41243 1.41299 1.4135 1.41431 #female fecundity; weighted by N in year Y_init across morphs and areas
# Age specific selectivity and weight adjusted for discard and discard mortality
 #wt and selex for gender,fleet: 1 1 1_CA_TWL
 0.00934169 0.0273552 0.0684012 0.128559 0.207024 0.300922 0.406947 0.522024 0.643539 0.76939 0.897965 1.02811 1.15908 1.2905 1.42221 1.5542 1.68646 1.8189 1.95134 2.08344 2.21477 2.34483 2.47309 2.59901 2.7221 2.84194 2.95818 3.07054 3.17883 3.28289 3.38267 3.47814 3.5693 3.65622 3.73897 3.81764 3.89234 3.96321 4.03037 4.09395 4.15411 4.21098 4.26471 4.31543 4.36329 4.40842 4.45097 4.49105 4.52879 4.56433 4.59776 4.62921 4.65879 4.68659 4.71273 4.73728 4.76034 4.782 4.80234 4.82143 4.83935 4.85616 4.87194 4.88674 4.90062 4.91364 4.92585 4.9373 4.94803 4.95809 4.96762 4.97665 4.9851 4.99303 5.00046 5.00742 5.01394 5.02005 5.02577 5.03114 5.03616 5.04086 5.04527 5.0494 5.05326 5.05688 5.06028 5.06345 5.06642 5.06921 5.07182 5.07426 5.07654 5.07869 5.08069 5.08257 5.08432 5.08597 5.08751 5.08895 5.0912
 0 0.0012526 0.00421088 0.0120797 0.0287125 0.0582165 0.103519 0.165277 0.241572 0.328389 0.42055 0.512722 0.600248 0.679661 0.748867 0.807062 0.854473 0.892032 0.921061 0.943016 0.95931 0.971208 0.979776 0.985875 0.990174 0.993181 0.995273 0.996722 0.997722 0.998413 0.99889 0.999219 0.999447 0.999606 0.999717 0.999795 0.99985 0.999889 0.999917 0.999937 0.999952 0.999963 0.999971 0.999977 0.999981 0.999984 0.999987 0.999989 0.99999 0.999992 0.999992 0.999993 0.999994 0.999994 0.999995 0.999995 0.999995 0.999995 0.999996 0.999996 0.999996 0.999996 0.999996 0.999996 0.999996 0.999996 0.999996 0.999996 0.999996 0.999996 0.999996 0.999996 0.999996 0.999996 0.999996 0.999996 0.999996 0.999996 0.999996 0.999996 0.999996 0.999996 0.999996 0.999996 0.999996 0.999996 0.999996 0.999996 0.999996 0.999996 0.999996 0.999996 0.999996 0.999996 0.999996 0.999996 0.999996 0.999996 0.999996 0.999996 0.999996
 #wt and selex for gender,fleet: 1 3 3_CA_REC
 0.00933815 0.0258743 0.0637172 0.119404 0.192104 0.279344 0.378245 0.486093 0.600564 0.719829 0.842609 0.968177 1.09624 1.22676 1.35969 1.49489 1.63197 1.77036 1.90932 2.04802 2.18562 2.32136 2.45453 2.58458 2.71104 2.83356 2.95188 3.06585 3.17534 3.28031 3.38076 3.47673 3.56826 3.65545 3.73839 3.81721 3.89202 3.96296 4.03018 4.09381 4.154 4.21089 4.26464 4.31538 4.36325 4.40839 4.45094 4.49103 4.52877 4.56431 4.59775 4.6292 4.65878 4.68659 4.71272 4.73727 4.76034 4.782 4.80233 4.82143 4.83934 4.85616 4.87194 4.88674 4.90062 4.91364 4.92585 4.9373 4.94803 4.95809 4.96762 4.97664 4.9851 4.99303 5.00046 5.00742 5.01394 5.02005 5.02577 5.03114 5.03616 5.04086 5.04527 5.0494 5.05326 5.05688 5.06028 5.06345 5.06642 5.06921 5.07182 5.07426 5.07654 5.07869 5.08069 5.08257 5.08432 5.08597 5.08751 5.08895 5.0912
 0 0.00659314 0.0177197 0.0414826 0.0827614 0.144305 0.225216 0.321019 0.424878 0.529261 0.627448 0.714534 0.787826 0.846689 0.892041 0.925723 0.949943 0.966873 0.97842 0.986129 0.991183 0.994445 0.996524 0.997836 0.998657 0.999167 0.999483 0.999679 0.999799 0.999874 0.99992 0.999949 0.999967 0.999979 0.999986 0.999991 0.999994 0.999996 0.999997 0.999998 0.999998 0.999999 0.999999 0.999999 0.999999 0.999999 0.999999 0.999999 0.999999 0.999999 0.999999 0.999999 0.999999 0.999999 0.999999 0.999999 0.999999 0.999999 0.999999 0.999999 0.999999 0.999999 0.999999 0.999999 0.999999 0.999999 0.999999 0.999999 0.999999 0.999999 0.999999 0.999999 0.999999 0.999999 0.999999 0.999999 0.999999 0.999999 0.999999 0.999999 0.999999 0.999999 0.999999 0.999999 0.999999 0.999999 0.999999 0.999999 0.999999 0.999999 0.999999 0.999999 0.999999 0.999999 0.999999 0.999999 0.999999 0.999999 0.999999 0.999999 0.999999
 #wt and selex for gender,fleet: 1 4 4_ORWA_TWL
 0.00933473 0.0244545 0.0594915 0.112317 0.182577 0.268483 0.367646 0.477586 0.595987 0.720812 0.850326 0.983108 1.11804 1.2543 1.39129 1.52859 1.66588 1.80285 1.93917 2.07449 2.20839 2.34042 2.47014 2.59712 2.72095 2.84129 2.95785 3.07041 3.17882 3.28295 3.38276 3.47823 3.5694 3.65631 3.73905 3.81771 3.8924 3.96326 4.03041 4.09399 4.15414 4.21101 4.26473 4.31545 4.3633 4.40844 4.45098 4.49106 4.5288 4.56433 4.59777 4.62922 4.65879 4.6866 4.71273 4.73728 4.76034 4.782 4.80234 4.82143 4.83935 4.85616 4.87194 4.88674 4.90062 4.91364 4.92585 4.9373 4.94803 4.95809 4.96762 4.97665 4.9851 4.99303 5.00046 5.00742 5.01394 5.02005 5.02577 5.03114 5.03616 5.04086 5.04527 5.0494 5.05326 5.05688 5.06028 5.06345 5.06642 5.06921 5.07182 5.07426 5.07654 5.07869 5.08069 5.08257 5.08432 5.08597 5.08751 5.08895 5.0912
 0 0.0113371 0.0245915 0.0483224 0.0848552 0.135285 0.198878 0.273206 0.354693 0.439284 0.52305 0.602636 0.675502 0.740021 0.795434 0.84172 0.879413 0.909412 0.932797 0.950693 0.964165 0.974163 0.981491 0.986807 0.990629 0.993358 0.995297 0.996668 0.997635 0.998317 0.998798 0.999137 0.999377 0.999547 0.999669 0.999755 0.999818 0.999863 0.999896 0.99992 0.999938 0.999951 0.999961 0.999969 0.999974 0.999979 0.999982 0.999985 0.999987 0.999988 0.99999 0.999991 0.999991 0.999992 0.999993 0.999993 0.999993 0.999994 0.999994 0.999994 0.999994 0.999994 0.999995 0.999995 0.999995 0.999995 0.999995 0.999995 0.999995 0.999995 0.999995 0.999995 0.999995 0.999995 0.999995 0.999995 0.999995 0.999995 0.999995 0.999995 0.999995 0.999995 0.999995 0.999995 0.999995 0.999995 0.999995 0.999995 0.999995 0.999995 0.999995 0.999995 0.999995 0.999995 0.999995 0.999995 0.999995 0.999995 0.999995 0.999995 0.999995
 #wt and selex for gender,fleet: 1 5 5_ORWA_NONTWL
 0.00933948 0.0264783 0.0660319 0.124785 0.202265 0.296021 0.403006 0.520232 0.645045 0.775215 0.908924 1.04473 1.18151 1.31845 1.45495 1.59063 1.72525 1.85864 1.99067 2.12119 2.25003 2.37697 2.50174 2.62408 2.74367 2.86024 2.97351 3.08326 3.18929 3.29145 3.38963 3.48378 3.57388 3.65992 3.74197 3.82007 3.89432 3.96482 4.03169 4.09504 4.15501 4.21173 4.26533 4.31595 4.36373 4.4088 4.45129 4.49133 4.52904 4.56454 4.59795 4.62938 4.65894 4.68672 4.71284 4.73738 4.76044 4.78209 4.80242 4.8215 4.83942 4.85623 4.872 4.88679 4.90067 4.91369 4.9259 4.93734 4.94807 4.95813 4.96766 4.97668 4.98514 4.99307 5.0005 5.00746 5.01398 5.02009 5.02581 5.03117 5.03619 5.0409 5.0453 5.04943 5.0533 5.05692 5.06031 5.06348 5.06646 5.06924 5.07185 5.07429 5.07658 5.07872 5.08072 5.0826 5.08435 5.086 5.08754 5.08898 5.09123
 0 0.00141443 0.00420282 0.0109757 0.0244531 0.0475409 0.0824739 0.130149 0.189867 0.259496 0.335924 0.415615 0.495112 0.571414 0.642201 0.705919 0.761751 0.809507 0.849489 0.882326 0.908842 0.929937 0.946501 0.959364 0.969257 0.976806 0.982529 0.986847 0.990092 0.992525 0.994347 0.995711 0.996732 0.997499 0.998075 0.99851 0.998839 0.99909 0.999281 0.999428 0.999541 0.999629 0.999698 0.999752 0.999795 0.999829 0.999857 0.999879 0.999896 0.999911 0.999923 0.999933 0.999941 0.999948 0.999954 0.999959 0.999963 0.999966 0.999969 0.999972 0.999974 0.999976 0.999978 0.999979 0.999981 0.999982 0.999983 0.999984 0.999985 0.999985 0.999986 0.999986 0.999987 0.999987 0.999987 0.999988 0.999988 0.999988 0.999988 0.999988 0.999988 0.999989 0.999989 0.999989 0.999989 0.999989 0.999989 0.999989 0.999989 0.99999 0.99999 0.99999 0.99999 0.99999 0.99999 0.99999 0.99999 0.99999 0.99999 0.99999 0.99999
 #wt and selex for gender,fleet: 1 6 6_OR_REC
 0.00937439 0.0376988 0.0909711 0.161894 0.246015 0.337751 0.433028 0.529703 0.627667 0.728342 0.833737 0.945584 1.06482 1.19144 1.3246 1.46288 1.60463 1.74819 1.89206 2.03502 2.17608 2.31446 2.44959 2.58102 2.70844 2.8316 2.95035 3.06459 3.17425 3.27932 3.37983 3.47583 3.56737 3.65456 3.7375 3.8163 3.8911 3.96203 4.02924 4.09285 4.15303 4.20991 4.26365 4.31437 4.36223 4.40737 4.44991 4.48999 4.52773 4.56326 4.59669 4.62814 4.65771 4.68551 4.71164 4.73619 4.75925 4.78091 4.80124 4.82033 4.83825 4.85506 4.87083 4.88563 4.89951 4.91253 4.92474 4.93618 4.94691 4.95697 4.9665 4.97552 4.98398 4.9919 4.99932 5.00628 5.0128 5.0189 5.02463 5.02999 5.03501 5.03971 5.04411 5.04824 5.0521 5.05572 5.05911 5.06228 5.06526 5.06804 5.07065 5.07309 5.07537 5.07751 5.07952 5.08139 5.08315 5.08479 5.08633 5.08777 5.09002
 0 0.000105386 0.00121159 0.0079826 0.0324166 0.0908708 0.192414 0.329654 0.481706 0.625546 0.745557 0.836154 0.899271 0.940473 0.965963 0.981038 0.989613 0.99432 0.996815 0.998083 0.998688 0.998944 0.999018 0.998999 0.998933 0.998846 0.998748 0.998646 0.998544 0.998443 0.998345 0.998249 0.998157 0.998069 0.997984 0.997902 0.997824 0.99775 0.99768 0.997612 0.997549 0.997488 0.997431 0.997376 0.997325 0.997276 0.99723 0.997187 0.997146 0.997108 0.997071 0.997037 0.997005 0.996975 0.996946 0.996919 0.996894 0.99687 0.996848 0.996827 0.996807 0.996789 0.996772 0.996755 0.99674 0.996726 0.996712 0.9967 0.996688 0.996677 0.996666 0.996656 0.996647 0.996638 0.99663 0.996622 0.996615 0.996608 0.996602 0.996596 0.99659 0.996585 0.99658 0.996576 0.996571 0.996567 0.996563 0.99656 0.996557 0.996554 0.996551 0.996548 0.996545 0.996543 0.996541 0.996539 0.996537 0.996535 0.996533 0.996532 0.996529
 #wt and selex for gender,fleet: 1 7 7_WA_REC
 0.00937713 0.038886 0.0958744 0.174524 0.270638 0.378088 0.491799 0.608143 0.724815 0.84067 0.955567 1.07012 1.18535 1.30236 1.42203 1.54489 1.67103 1.80009 1.9314 2.06405 2.19703 2.32932 2.46 2.58829 2.71353 2.83521 2.95298 3.06657 3.17581 3.28062 3.38097 3.47686 3.56835 3.65551 3.73843 3.81723 3.89204 3.96298 4.03019 4.09382 4.154 4.2109 4.26464 4.31538 4.36325 4.40839 4.45094 4.49103 4.52878 4.56431 4.59775 4.6292 4.65878 4.68659 4.71272 4.73727 4.76034 4.782 4.80233 4.82143 4.83934 4.85616 4.87194 4.88674 4.90062 4.91364 4.92585 4.9373 4.94803 4.95809 4.96762 4.97664 4.9851 4.99303 5.00046 5.00742 5.01394 5.02005 5.02577 5.03114 5.03616 5.04086 5.04527 5.0494 5.05326 5.05688 5.06028 5.06345 5.06642 5.06921 5.07182 5.07426 5.07654 5.07869 5.08069 5.08257 5.08432 5.08597 5.08751 5.08895 5.0912
 0 8.06082e-06 0.000111177 0.000916839 0.00474755 0.0170038 0.0456767 0.0980944 0.176911 0.27824 0.39296 0.509977 0.619473 0.714834 0.793043 0.854025 0.899586 0.932416 0.955357 0.970975 0.981377 0.988178 0.992557 0.995342 0.997097 0.998194 0.998877 0.9993 0.999563 0.999725 0.999826 0.999889 0.999929 0.999954 0.99997 0.99998 0.999986 0.999991 0.999993 0.999995 0.999997 0.999997 0.999998 0.999998 0.999999 0.999999 0.999999 0.999999 0.999999 0.999999 0.999999 0.999999 0.999999 0.999999 0.999999 0.999999 0.999999 0.999999 0.999999 0.999999 0.999999 0.999999 0.999999 0.999999 0.999999 0.999999 0.999999 0.999999 0.999999 0.999999 0.999999 0.999999 0.999999 0.999999 0.999999 0.999999 0.999999 0.999999 0.999999 0.999999 0.999999 0.999999 0.999999 0.999999 0.999999 0.999999 0.999999 0.999999 0.999999 0.999999 0.999999 0.999999 0.999999 0.999999 0.999999 0.999999 0.999999 0.999999 0.999999 0.999999 0.999999
# Sex ratio correction
1
# M and current age-structure in year Yinit: 2011
 # gender = 1
 0.0439034 0.0439034 0.0439034 0.0439034 0.0439034 0.0439034 0.0439034 0.0439034 0.0439034 0.0439034 0.0439034 0.0439034 0.0439034 0.0439034 0.0439034 0.0439034 0.0439034 0.0439034 0.0439034 0.0439034 0.0439034 0.0439034 0.0439034 0.0439034 0.0439034 0.0439034 0.0439034 0.0439034 0.0439034 0.0439034 0.0439034 0.0439034 0.0439034 0.0439034 0.0439034 0.0439034 0.0439034 0.0439034 0.0439034 0.0439034 0.0439034 0.0439034 0.0439034 0.0439034 0.0439034 0.0439034 0.0439034 0.0439034 0.0439034 0.0439034 0.0439034 0.0439034 0.0439034 0.0439034 0.0439034 0.0439034 0.0439034 0.0439034 0.0439034 0.0439034 0.0439034 0.0439034 0.0439034 0.0439034 0.0439034 0.0439034 0.0439034 0.0439034 0.0439034 0.0439034 0.0439034 0.0439034 0.0439034 0.0439034 0.0439034 0.0439034 0.0439034 0.0439034 0.0439034 0.0439034 0.0439034 0.0439034 0.0439034 0.0439034 0.0439034 0.0439034 0.0439034 0.0439034 0.0439034 0.0439034 0.0439034 0.0439034 0.0439034 0.0439034 0.0439034 0.0439034 0.0439034 0.0439034 0.0439034 0.0439034 0.0439034
 189.33 110.542 131.242 246.011 177.303 135.187 108.287 86.7168 187.302 438.185 90.8572 66.0496 123.738 77.1336 41.7146 35.9335 38.3153 95.5676 101.635 36.6674 28.8398 30.5333 33.0754 34.0489 35.4732 37.0337 47.476 49.7375 32.8348 41.6533 27.1286 18.7183 13.464 10.8154 12.6262 13.327 11.687 6.59159 6.21788 7.92496 11.225 6.44136 5.09436 4.04662 3.12999 2.55248 1.99738 1.65078 1.56525 1.66032 1.82253 1.86587 1.70901 1.49418 1.31972 1.20192 1.13975 1.13079 1.17456 1.27367 1.42532 1.59788 1.69712 1.62015 1.41861 1.21344 1.05166 0.933762 0.849237 0.787071 0.739939 0.703024 0.673389 0.64888 0.627358 0.606932 0.586126 0.564374 0.541872 0.5194 0.497835 0.477865 0.459729 0.443417 0.428611 0.414814 0.40133 0.388127 0.374933 0.361615 0.348133 0.33451 0.320833 0.307258 0.293812 0.280671 0.267943 0.255689 0.243945 0.232736 5.02794
# Age-structure at Ydeclare= 2013
 137.179 121.06 173.413 101.247 120.202 225.294 162.341 123.739 99.0715 79.2923 171.159 400.168 82.9262 60.2537 112.833 70.3123 38.0159 32.7413 34.9067 87.0574 92.5783 33.3984 26.2679 27.8097 30.1245 31.0108 32.3077 33.7285 43.2383 45.2974 29.9032 37.9339 24.7058 17.0464 12.2613 9.84911 11.498 12.1361 10.6425 6.00242 5.66206 7.21647 10.2214 5.8654 4.63881 3.68473 2.85005 2.32418 1.81872 1.50312 1.42523 1.5118 1.65949 1.69894 1.55612 1.3605 1.20165 1.09439 1.03778 1.02962 1.06947 1.15971 1.2978 1.45492 1.54527 1.4752 1.29168 1.10487 0.957562 0.850216 0.773253 0.71665 0.673734 0.640122 0.613138 0.590822 0.571226 0.552627 0.533683 0.513877 0.493388 0.472927 0.453292 0.435109 0.418595 0.403743 0.390262 0.377699 0.365422 0.3534 0.341386 0.32926 0.316985 0.304581 0.292127 0.279766 0.267524 0.255559 0.243969 0.232812 5.01211
# Year for Tmin Age-structure (set to Ydecl by SS)
2013
#  recruitment and biomass
# Number of historical assessment years
137
# Historical data
# year recruitment spawner in B0 in R project in R/S project
1888  1889 1890 1891 1892 1893 1894 1895 1896 1897 1898 1899 1900 1901 1902 1903 1904 1905 1906 1907 1908 1909 1910 1911 1912 1913 1914 1915 1916 1917 1918 1919 1920 1921 1922 1923 1924 1925 1926 1927 1928 1929 1930 1931 1932 1933 1934 1935 1936 1937 1938 1939 1940 1941 1942 1943 1944 1945 1946 1947 1948 1949 1950 1951 1952 1953 1954 1955 1956 1957 1958 1959 1960 1961 1962 1963 1964 1965 1966 1967 1968 1969 1970 1971 1972 1973 1974 1975 1976 1977 1978 1979 1980 1981 1982 1983 1984 1985 1986 1987 1988 1989 1990 1991 1992 1993 1994 1995 1996 1997 1998 1999 2000 2001 2002 2003 2004 2005 2006 2007 2008 2009 2010 2011 2012 2013 2014 2015 2016 2017 2018 2019 2020 2021 2022 2023 2024 #years (with first value representing R0)
225.583 228.641 228.75 228.863 228.981 229.095 229.213 229.336 229.469 229.609 229.754 229.906 230.063 230.227 230.396 230.569 230.749 230.94 231.139 231.363 231.602 231.855 232.12 232.391 232.669 232.933 233.162 233.312 233.339 233.186 232.773 231.988 230.844 229.268 227.247 224.809 222.013 218.961 215.808 212.568 209.561 206.965 204.841 203.11 201.609 200.035 198.081 195.54 192.441 189.053 185.862 183.374 182.057 182.278 184.497 189.473 198.326 212.661 233.627 260.046 282.738 281.92 252.628 214.438 182.315 159.931 146.43 140.321 140.634 146.685 157.659 171.045 176.94 163.531 140.71 125.016 123.91 140.413 167.384 190.561 227.504 262.898 303.18 478.61 303.995 213.112 200.522 313.536 313.341 258.581 191.771 205.501 244.638 302.327 394.701 264.362 340.745 277.843 186.398 154.911 130.371 112.322 93.0815 79.8577 93.2773 240 211.348 79.9016 71.0199 78.3934 138.124 211.384 107.728 141.551 652.373 266.58 118.029 140.989 168.408 211.359 280.651 143.288 115.504 189.33 126.494 137.179 149.139 152.404 173.27 177.23 181.038 184.815 188.473 192.118 195.658 197.119 198.105  #recruits; first value is R0 (virgin)
1142.91  1142.91 1142.91 1142.89 1142.86 1142.4 1141.94 1141.48 1141.33 1141.25 1141.18 1141.11 1141.05 1140.99 1140.94 1140.9 1140.89 1140.88 1140.9 1140.94 1141 1140.96 1141.05 1141.14 1141.25 1141.37 1141.5 1141.64 1141.71 1141.86 1141.86 1139.81 1139.36 1139.03 1138.78 1138.83 1138.81 1138.26 1137.35 1135.66 1133.25 1130.94 1129.09 1126.9 1125.72 1124.7 1123.66 1122.06 1120.4 1117.73 1115.27 1112.44 1110.18 1106.69 1101.6 1096.07 1085.93 1075 1058.71 1043.62 1036.23 1027.99 1021.36 1013.85 1004.67 996.654 990.372 983.02 976.055 969.109 961.093 953.858 947.739 942.782 939.65 935.801 933.592 932.62 921.868 918.363 913.08 907.365 892.9 883.203 870.115 853.637 836.082 816.494 797.043 774.75 752.722 717.965 681.576 653.88 618.628 562.934 533.943 512.18 485.399 463.614 436.74 413.312 384.356 364.383 329.364 298.29 268.889 253.712 239.031 223.108 204.543 199.705 191.168 195.417 198.789 207.577 216.569 226.015 235.537 245.517 255.018 265.047 275.135 286.11 297.962 310.7 324.85 340.096 355.974 372.585 388.443 404.473 419.783 435.273 449.936 462.497 473.619 #spbio; first value is SSB_virgin (virgin)
1 0 0 0 0 0 0 0 0 0 0 0 0 0 0 0 0 0 0 0 0 0 0 0 0 0 0 0 0 0 0 0 0 0 0 0 0 0 0 0 0 0 0 0 0 0 0 0 0 0 0 0 0 0 0 0 0 0 0 0 0 0 0 0 0 0 0 0 0 0 0 0 0 0 0 0 0 0 0 0 0 0 0 0 0 0 0 0 0 0 0 0 0 0 0 0 0 0 0 0 0 0 0 0 0 0 0 0 0 0 0 0 0 0 0 0 0 0 0 0 0 0 0 0 0 0 0 0 0 0 0 0 0 0 0 0 0  # in Bzero
0 1 1 1 1 1 1 1 1 1 1 1 1 1 1 1 1 1 1 1 1 1 1 1 1 1 1 1 1 1 1 1 1 1 1 1 1 1 1 1 1 1 1 1 1 1 1 1 1 1 1 1 1 1 1 1 1 1 1 1 1 1 1 1 1 1 1 1 1 1 1 1 1 1 1 1 1 1 1 1 1 1 1 1 1 1 1 1 1 1 1 1 1 1 1 1 1 1 1 1 1 1 1 1 1 1 1 1 1 1 1 1 1 1 1 1 1 1 1 1 1 1 1 1 1 1 1 1 1 1 1 1 1 1  0 0 0 # in R project
0 1 1 1 1 1 1 1 1 1 1 1 1 1 1 1 1 1 1 1 1 1 1 1 1 1 1 1 1 1 1 1 1 1 1 1 1 1 1 1 1 1 1 1 1 1 1 1 1 1 1 1 1 1 1 1 1 1 1 1 1 1 1 1 1 1 1 1 1 1 1 1 1 1 1 1 1 1 1 1 1 1 1 1 1 1 1 1 1 1 1 1 1 1 1 1 1 1 1 1 1 1 1 1 1 1 1 1 1 1 1 1 1 1 1 1 1 1 1 1 1 1 1 1 1 1 1 1 1 1 1 1 1 1  0 0 0 # in R/S project
# Number of years with pre-specified catches
0
# catches for years with pre-specified catches go next
# Number of future recruitments to override
-2
# Process for overiding (-1 for average otherwise index in data list)
# Which probability to product detailed results for (1=0.5; 2=0.6; etc.)
3
# Steepness sigma-R Auto-correlation
0.718 0.5 0
# Target SPR rate (FMSY Proxy); manually change to SPR_MSY if not using SPR_target
0.5
# Discount rate (for cumulative catch)
0.1
# Truncate the series when 0.4B0 is reached (1=Yes)
0
# Set F to FMSY once 0.4B0 is reached (1=Yes)
0
# Maximum possible F for projection (-1 to set to FMSY)
-1
# Defintion of recovery (1=now only;2=now or before)
2
# Projection type
4
# Definition of the 40-10 rule
10 40
# Sigma Assessment Error (Base, Year1, Slope, MaxSigma)
1.0 2025 0.075 2.0
# Pstar
0.45
# Constrain catches by the ABC (1=yes, 2=no)
2
# Implementation Error (0=no; 1=lognormal; 2=uniform)
0
#Parameters of Implementaion Error
1 0.3
# Calculate coefficients of variation (1=Yes)
0
# Number of replicates to use
10
# Random number seed
-99004
# File with multiple parameter vectors 
rebuild.SSO
# User-specific projection (1=Yes); Output replaced (1->9)
0  5
# Catches and Fs (Year; 1/2/3 (F or C or SPR); value); Final row is -1
2024 1 1
-1 -1 -1
# Fixed catch project (1=Yes); Output replaced (1->9); Approach (-1=Read in else 1-9)
0 2 -1
# (48a) Special catch options (1-Yes) [CUT_OFF, Emsy, distribution, MAXCAT, Add, replace_code]
0 0.18 1.00 1.00 0 6
# (48b) B1Target
150000
# Split of Fs
2011  0.017321
 0
 0.405242
 0.0232546
 0.17051
 0.186944
 0.196728
-1  1 1 1 1 1 1 1 1 1 1 1 1
# Yrs to define T_target for projection type 4 (a.k.a. 5 pre-specified inputs)
2030 2031 2032 2033 2034 
# Year for probability of recovery
2034 2035 2036 2037 2038 2039 2040 2041
# Time varying weight-at-age (1=Yes;0=No)
0
# File with time series of weight-at-age data
none
# Use bisection (0) or linear interpolation (1)
1
# Target Depletion
0.4
# CV of implementation error
0
