#Title, #runnumber: 1 yelloweye_data.ss yelloweye_control.ss 5906.26 1090.2 342.375 StartTime: Tue May 13 17:51:12 2025
SSv3_default_rebuild.dat
# Number of sexes
1
# Age range to consider (minimum age; maximum age)
0 100
# Number of fleets
7
# First year of projection (Yinit)
2011
# First Year of rebuilding period (Ydecl)
2013
# Number of simulations
1000
# Maximum number of years
500
# Conduct projections with multiple starting values (0=No;else yes)
0
# Number of parameter vectors
1000
# Is the maximum age a plus-group (1=Yes;2=No)
1
# Generate future recruitments using historical recruitments (1)  historical recruits/spawner (2)  or a stock-recruitment (3)
3
# Constant fishing mortality (1) or constant Catch (2) projections
1
# Fishing mortality based on SPR (1) or actual rate (2)
1
# Pre-specify the year of recovery (or -1) to ignore
-1
# Fecundity-at-age
# 0 1 2 3 4 5 6 7 8 9 10 11 12 13 14 15 16 17 18 19 20 21 22 23 24 25 26 27 28 29 30 31 32 33 34 35 36 37 38 39 40 41 42 43 44 45 46 47 48 49 50 51 52 53 54 55 56 57 58 59 60 61 62 63 64 65 66 67 68 69 70 71 72 73 74 75 76 77 78 79 80 81 82 83 84 85 86 87 88 89 90 91 92 93 94 95 96 97 98 99 100 #runnumber: 1 yelloweye_data.ss yelloweye_control.ss 5906.26 1090.2 342.375
 0 0 9.22417e-09 1.35264e-07 1.33532e-06 9.92569e-06 5.89452e-05 0.00028815 0.00116771 0.0038983 0.0106947 0.0243917 0.0473223 0.0802585 0.122174 0.170816 0.223554 0.278042 0.332526 0.38587 0.437439 0.486945 0.534306 0.579549 0.622749 0.663993 0.703367 0.740947 0.776798 0.810978 0.843538 0.874529 0.903995 0.931983 0.958539 0.98371 1.00754 1.03009 1.0514 1.07151 1.09049 1.10838 1.12523 1.14108 1.156 1.17002 1.18319 1.19555 1.20715 1.21803 1.22823 1.23779 1.24675 1.25513 1.26298 1.27033 1.2772 1.28362 1.28963 1.29525 1.30049 1.3054 1.30998 1.31426 1.31826 1.32199 1.32547 1.32872 1.33176 1.33459 1.33723 1.33973 1.34207 1.34425 1.34629 1.34818 1.34995 1.3516 1.35314 1.35457 1.35591 1.35716 1.35832 1.35941 1.36042 1.36136 1.36224 1.36306 1.36382 1.36453 1.36519 1.36581 1.36639 1.36692 1.36742 1.36789 1.36833 1.36873 1.36911 1.36946 1.36999 #female fecundity; weighted by N in year Y_init across morphs and areas
# Age specific selectivity and weight adjusted for discard and discard mortality
 #wt and selex for gender,fleet: 1 1 1_CA_TWL
 0.00925803 0.0127235 0.0407143 0.0866447 0.151563 0.234019 0.331474 0.441096 0.560144 0.686164 0.817101 0.951439 1.08834 1.22758 1.36924 1.51327 1.6593 1.80654 1.95395 2.10042 2.24488 2.38644 2.52438 2.65814 2.78734 2.91168 3.03102 3.14525 3.25435 3.35834 3.45728 3.55125 3.64039 3.72481 3.80468 3.88014 3.95138 4.01856 4.08186 4.14145 4.19751 4.25021 4.29972 4.3462 4.38982 4.43074 4.46909 4.50504 4.53871 4.57023 4.59974 4.62735 4.65318 4.67733 4.69991 4.72102 4.74075 4.75918 4.77639 4.79247 4.80749 4.82151 4.83459 4.84681 4.85821 4.86885 4.87877 4.88803 4.89667 4.90473 4.9123 4.91939 4.92601 4.93218 4.93794 4.9433 4.94831 4.95297 4.95732 4.96138 4.96516 4.96868 4.97197 4.97503 4.97788 4.98054 4.98302 4.98533 4.98749 4.98949 4.99136 4.99311 4.99473 4.99625 4.99766 4.99897 5.0002 5.00134 5.0024 5.0034 5.00489
 0 0.00104347 0.00345789 0.0118535 0.0322539 0.0720627 0.136757 0.226941 0.337397 0.458497 0.57897 0.688739 0.780962 0.852851 0.905208 0.941121 0.964525 0.979141 0.987961 0.993142 0.996126 0.99782 0.998773 0.999307 0.999606 0.999774 0.999869 0.999923 0.999954 0.999972 0.999982 0.999988 0.999992 0.999994 0.999996 0.999997 0.999997 0.999998 0.999998 0.999998 0.999998 0.999998 0.999998 0.999998 0.999998 0.999998 0.999998 0.999998 0.999998 0.999998 0.999998 0.999998 0.999998 0.999998 0.999998 0.999998 0.999998 0.999998 0.999998 0.999998 0.999998 0.999998 0.999998 0.999998 0.999998 0.999998 0.999998 0.999998 0.999998 0.999998 0.999998 0.999998 0.999998 0.999998 0.999998 0.999998 0.999998 0.999998 0.999998 0.999998 0.999998 0.999997 0.999997 0.999997 0.999997 0.999997 0.999997 0.999997 0.999997 0.999997 0.999997 0.999997 0.999997 0.999997 0.999997 0.999997 0.999997 0.999997 0.999997 0.999997 0.999997
 #wt and selex for gender,fleet: 1 3 3_CA_REC
 0.00925783 0.0126304 0.0389363 0.0827125 0.144722 0.223752 0.31756 0.423573 0.539253 0.662309 0.790912 0.923942 1.061 1.20207 1.34695 1.49502 1.64521 1.79622 1.94671 2.09552 2.24167 2.38438 2.52307 2.65732 2.78682 2.91136 3.03082 3.14513 3.25427 3.35829 3.45724 3.55123 3.64037 3.7248 3.80467 3.88014 3.95138 4.01856 4.08186 4.14145 4.19751 4.25021 4.29972 4.3462 4.38982 4.43074 4.4691 4.50504 4.53871 4.57023 4.59974 4.62735 4.65318 4.67733 4.69991 4.72102 4.74075 4.75918 4.77639 4.79247 4.80749 4.82151 4.83459 4.84681 4.85821 4.86885 4.87877 4.88803 4.89667 4.90473 4.9123 4.91939 4.92601 4.93218 4.93794 4.94331 4.94831 4.95297 4.95732 4.96138 4.96516 4.96868 4.97197 4.97503 4.97788 4.98054 4.98302 4.98533 4.98749 4.98949 4.99137 4.99311 4.99473 4.99625 4.99766 4.99897 5.0002 5.00134 5.00241 5.0034 5.00489
 0 0.00461495 0.0126059 0.0343591 0.0771275 0.146748 0.243531 0.361212 0.488709 0.613406 0.724387 0.814695 0.882186 0.928809 0.958841 0.977064 0.987589 0.993432 0.996579 0.998235 0.999094 0.999535 0.999761 0.999876 0.999935 0.999965 0.999981 0.99999 0.999994 0.999997 0.999998 0.999999 0.999999 0.999999 0.999999 0.999999 0.999999 0.999999 0.999999 0.999999 0.999999 0.999999 0.999999 0.999999 0.999999 0.999999 0.999999 0.999999 0.999999 0.999999 0.999999 0.999999 0.999999 0.999999 0.999999 0.999999 0.999999 0.999999 0.999999 0.999999 0.999999 0.999999 0.999999 0.999999 0.999999 0.999999 0.999999 0.999999 0.999999 0.999999 0.999999 0.999999 0.999999 0.999999 0.999999 0.999999 0.999999 0.999999 0.999999 0.999999 0.999999 0.999999 0.999999 0.999999 0.999999 0.999999 0.999999 0.999999 0.999999 0.999999 0.999999 0.999999 0.999999 0.999999 0.999999 0.999999 0.999999 0.999999 0.999999 0.999999 0.999999
 #wt and selex for gender,fleet: 1 4 4_ORWA_TWL
 0.00925753 0.0124948 0.0361036 0.0769104 0.135724 0.212062 0.304422 0.410768 0.528865 0.656478 0.791499 0.932008 1.07632 1.22306 1.37113 1.51977 1.66837 1.81642 1.96338 2.10868 2.25169 2.39181 2.52847 2.66119 2.78956 2.91329 3.03217 3.14608 3.25494 3.35876 3.45758 3.55147 3.64054 3.72493 3.80476 3.88021 3.95143 4.0186 4.08189 4.14147 4.19752 4.25022 4.29973 4.34621 4.38983 4.43074 4.4691 4.50504 4.53871 4.57023 4.59974 4.62735 4.65318 4.67733 4.69992 4.72102 4.74075 4.75918 4.77639 4.79247 4.80749 4.82151 4.83459 4.84681 4.85821 4.86885 4.87877 4.88803 4.89667 4.90473 4.9123 4.91939 4.92601 4.93218 4.93794 4.94331 4.94831 4.95297 4.95732 4.96138 4.96516 4.96868 4.97197 4.97503 4.97788 4.98054 4.98302 4.98533 4.98749 4.98949 4.99137 4.99311 4.99473 4.99625 4.99766 4.99897 5.0002 5.00134 5.0024 5.0034 5.00489
 0 0.0171044 0.0345166 0.0656749 0.112108 0.174372 0.250724 0.337469 0.429768 0.522541 0.611221 0.69222 0.763129 0.822731 0.870885 0.90833 0.936411 0.95678 0.971123 0.980969 0.987587 0.99196 0.994812 0.996656 0.997841 0.998601 0.999088 0.999401 0.999602 0.999734 0.999819 0.999876 0.999913 0.999939 0.999956 0.999968 0.999976 0.999982 0.999986 0.999989 0.999991 0.999992 0.999994 0.999994 0.999995 0.999996 0.999996 0.999996 0.999996 0.999997 0.999997 0.999997 0.999997 0.999997 0.999997 0.999997 0.999997 0.999997 0.999997 0.999997 0.999997 0.999997 0.999997 0.999997 0.999997 0.999997 0.999997 0.999997 0.999997 0.999997 0.999997 0.999997 0.999997 0.999997 0.999997 0.999997 0.999997 0.999997 0.999997 0.999997 0.999997 0.999997 0.999997 0.999997 0.999997 0.999997 0.999997 0.999997 0.999997 0.999997 0.999997 0.999997 0.999997 0.999997 0.999997 0.999997 0.999997 0.999997 0.999997 0.999997 0.999997
 #wt and selex for gender,fleet: 1 5 5_ORWA_NONTWL
 0.00925784 0.0126384 0.0392586 0.084122 0.148522 0.231656 0.3315 0.445509 0.571019 0.705477 0.846566 0.992239 1.14073 1.29055 1.44045 1.58944 1.73678 1.88194 2.02456 2.1644 2.30129 2.43504 2.56547 2.69236 2.8155 2.93466 3.04965 3.16029 3.26646 3.36809 3.46514 3.55761 3.64554 3.72901 3.80811 3.88297 3.95372 4.02051 4.0835 4.14283 4.19869 4.25122 4.30059 4.34696 4.39049 4.43132 4.46962 4.5055 4.53912 4.57061 4.60008 4.62766 4.65346 4.6776 4.70016 4.72125 4.74096 4.75938 4.77658 4.79265 4.80766 4.82167 4.83475 4.84696 4.85835 4.86898 4.87891 4.88816 4.8968 4.90486 4.91242 4.91951 4.92613 4.9323 4.93805 4.94342 4.94842 4.95308 4.95743 4.96148 4.96526 4.96879 4.97207 4.97513 4.97798 4.98064 4.98312 4.98543 4.98759 4.98959 4.99146 4.99321 4.99483 4.99634 4.99775 4.99907 5.00029 5.00144 5.0025 5.00349 5.00498
 0 0.000759736 0.00212671 0.00615596 0.0150637 0.0318241 0.0593599 0.0996973 0.153336 0.219063 0.294205 0.375177 0.458102 0.539348 0.615897 0.68554 0.746923 0.799488 0.84334 0.879072 0.907592 0.929949 0.947212 0.960378 0.97032 0.977773 0.983332 0.987466 0.990536 0.992816 0.994514 0.995781 0.996731 0.997446 0.997988 0.998401 0.998717 0.998962 0.999152 0.999301 0.999419 0.999512 0.999587 0.999648 0.999697 0.999737 0.99977 0.999797 0.99982 0.999839 0.999856 0.999869 0.999881 0.999891 0.9999 0.999907 0.999914 0.99992 0.999925 0.999929 0.999933 0.999937 0.99994 0.999942 0.999945 0.999947 0.999949 0.999951 0.999952 0.999954 0.999955 0.999956 0.999957 0.999957 0.999958 0.999959 0.999959 0.99996 0.99996 0.999961 0.999961 0.999962 0.999962 0.999962 0.999963 0.999963 0.999963 0.999963 0.999964 0.999964 0.999964 0.999964 0.999964 0.999964 0.999965 0.999965 0.999965 0.999965 0.999965 0.999965 0.999965
 #wt and selex for gender,fleet: 1 6 6_OR_REC
 0.00925975 0.0134901 0.050076 0.103961 0.176212 0.262795 0.359408 0.462415 0.569361 0.679701 0.794937 0.917378 1.04847 1.188 1.33431 1.48511 1.63813 1.79146 1.94364 2.09355 2.24037 2.38348 2.52239 2.65674 2.78629 2.91084 3.03028 3.14457 3.25369 3.35768 3.45661 3.55057 3.63969 3.72409 3.80394 3.87938 3.9506 4.01776 4.08104 4.14062 4.19666 4.24934 4.29884 4.34531 4.38892 4.42982 4.46817 4.5041 4.53776 4.56928 4.59878 4.62638 4.6522 4.67635 4.69893 4.72003 4.73975 4.75817 4.77538 4.79146 4.80647 4.82048 4.83357 4.84578 4.85718 4.86781 4.87774 4.887 4.89563 4.90369 4.91125 4.91834 4.92496 4.93113 4.93688 4.94225 4.94725 4.95191 4.95626 4.96031 4.96409 4.96761 4.97089 4.97395 4.97681 4.97947 4.98194 4.98425 4.98641 4.98841 4.99028 4.99203 4.99365 4.99516 4.99657 4.99789 4.99911 5.00025 5.00132 5.00231 5.0038
 0 2.35607e-05 0.000254453 0.00256896 0.0148965 0.0553344 0.144896 0.288972 0.466663 0.641407 0.782938 0.880315 0.938963 0.970739 0.986587 0.993992 0.997267 0.998635 0.999155 0.999309 0.999307 0.999238 0.99914 0.999031 0.998918 0.998805 0.998693 0.998583 0.998477 0.998374 0.998275 0.99818 0.998089 0.998002 0.997919 0.99784 0.997766 0.997695 0.997628 0.997565 0.997505 0.997448 0.997395 0.997345 0.997298 0.997254 0.997213 0.997174 0.997137 0.997103 0.997071 0.997041 0.997013 0.996986 0.996962 0.996938 0.996917 0.996897 0.996878 0.99686 0.996844 0.996828 0.996814 0.9968 0.996788 0.996776 0.996765 0.996755 0.996746 0.996737 0.996728 0.996721 0.996713 0.996706 0.9967 0.996694 0.996689 0.996683 0.996679 0.996674 0.99667 0.996666 0.996662 0.996659 0.996656 0.996653 0.99665 0.996648 0.996645 0.996643 0.996641 0.996639 0.996637 0.996636 0.996634 0.996633 0.996631 0.99663 0.996629 0.996628 0.996626
 #wt and selex for gender,fleet: 1 7 7_WA_REC
 0.0092593 0.0132946 0.0486719 0.103117 0.178557 0.27193 0.379262 0.496697 0.620914 0.749242 0.879674 1.01094 1.14264 1.27513 1.40917 1.54545 1.68419 1.82507 1.96728 2.10972 2.25121 2.39067 2.52715 2.65995 2.7885 2.91243 3.0315 3.14556 3.25455 3.35847 3.45736 3.55131 3.64043 3.72484 3.8047 3.88016 3.95139 4.01857 4.08186 4.14145 4.19751 4.25021 4.29972 4.3462 4.38983 4.43074 4.4691 4.50504 4.53871 4.57023 4.59974 4.62735 4.65318 4.67733 4.69991 4.72102 4.74075 4.75918 4.77639 4.79247 4.80749 4.82151 4.83459 4.84681 4.85821 4.86885 4.87877 4.88804 4.89668 4.90473 4.9123 4.91939 4.92601 4.93218 4.93794 4.94331 4.94831 4.95297 4.95732 4.96138 4.96516 4.96868 4.97197 4.97503 4.97788 4.98054 4.98302 4.98533 4.98749 4.9895 4.99137 4.99311 4.99473 4.99625 4.99766 4.99897 5.0002 5.00134 5.00241 5.0034 5.00489
 0 5.62912e-06 4.8305e-05 0.000435601 0.00254573 0.0103558 0.0313592 0.0748269 0.147401 0.248886 0.371227 0.501163 0.624796 0.731669 0.816678 0.879656 0.923611 0.952819 0.971475 0.983024 0.990006 0.994154 0.996588 0.998007 0.998831 0.99931 0.999589 0.999752 0.999849 0.999907 0.999941 0.999963 0.999976 0.999984 0.999989 0.999993 0.999995 0.999996 0.999997 0.999998 0.999998 0.999999 0.999999 0.999999 0.999999 0.999999 0.999999 0.999999 0.999999 0.999999 0.999999 0.999999 0.999999 0.999999 0.999999 0.999999 0.999999 0.999999 0.999999 0.999999 0.999999 0.999999 0.999999 0.999999 0.999999 0.999999 0.999999 0.999999 0.999999 0.999999 0.999999 0.999999 0.999999 0.999999 0.999999 0.999999 0.999999 0.999999 0.999999 0.999999 0.999999 0.999999 0.999999 0.999999 0.999999 0.999999 0.999999 0.999999 0.999999 0.999999 0.999999 0.999999 0.999999 0.999999 0.999999 0.999999 0.999999 0.999999 0.999999 0.999999 0.999999
# Sex ratio correction
1
# M and current age-structure in year Yinit: 2011
 # gender = 1
 0.0439034 0.0439034 0.0439034 0.0439034 0.0439034 0.0439034 0.0439034 0.0439034 0.0439034 0.0439034 0.0439034 0.0439034 0.0439034 0.0439034 0.0439034 0.0439034 0.0439034 0.0439034 0.0439034 0.0439034 0.0439034 0.0439034 0.0439034 0.0439034 0.0439034 0.0439034 0.0439034 0.0439034 0.0439034 0.0439034 0.0439034 0.0439034 0.0439034 0.0439034 0.0439034 0.0439034 0.0439034 0.0439034 0.0439034 0.0439034 0.0439034 0.0439034 0.0439034 0.0439034 0.0439034 0.0439034 0.0439034 0.0439034 0.0439034 0.0439034 0.0439034 0.0439034 0.0439034 0.0439034 0.0439034 0.0439034 0.0439034 0.0439034 0.0439034 0.0439034 0.0439034 0.0439034 0.0439034 0.0439034 0.0439034 0.0439034 0.0439034 0.0439034 0.0439034 0.0439034 0.0439034 0.0439034 0.0439034 0.0439034 0.0439034 0.0439034 0.0439034 0.0439034 0.0439034 0.0439034 0.0439034 0.0439034 0.0439034 0.0439034 0.0439034 0.0439034 0.0439034 0.0439034 0.0439034 0.0439034 0.0439034 0.0439034 0.0439034 0.0439034 0.0439034 0.0439034 0.0439034 0.0439034 0.0439034 0.0439034 0.0439034
 211.118 246.464 257.217 266.386 185.074 169.148 99.7011 65.1941 90.5398 165.22 64.1383 53.0762 95.9525 48.7778 31.9823 26.3864 26.1559 41.7384 52.0005 31.8653 23.6765 22.0123 21.8578 22.2921 24.0406 25.2944 30.9497 31.937 21.0114 18.9925 17.8073 15.2744 10.7399 7.32514 7.26984 6.78018 6.06014 4.2998 3.58895 3.87267 4.98888 4.17587 3.17119 2.59928 2.00824 1.67174 1.3926 1.18412 1.09881 1.10126 1.12813 1.10887 1.02019 0.909247 0.815235 0.74794 0.70763 0.692105 0.698248 0.722016 0.754475 0.778967 0.776938 0.742213 0.685553 0.624087 0.568028 0.520895 0.482755 0.451692 0.426101 0.404529 0.385935 0.369488 0.354343 0.339848 0.325545 0.311343 0.297357 0.283848 0.271059 0.259161 0.248158 0.238014 0.228601 0.219762 0.21136 0.203288 0.195455 0.187812 0.180326 0.172982 0.165786 0.158777 0.151927 0.145177 0.138675 0.132435 0.126462 0.120758 2.64039
# Age-structure at Ydeclare= 2013
 402.787 149.853 193.37 225.739 235.576 243.942 169.435 154.778 91.1602 59.5483 82.6024 150.558 58.3832 48.2692 87.1975 44.3016 29.0349 23.9471 23.7325 37.8651 47.1695 28.9025 21.4737 19.9634 19.8225 20.2156 21.8004 22.9364 28.0632 28.9569 19.0497 17.2182 16.1428 13.8458 9.73493 6.63936 6.58895 6.14491 5.49213 3.89663 3.25231 3.50929 4.52058 3.78374 2.8733 2.35503 1.81948 1.51457 1.26164 1.07274 0.995438 0.997643 1.02197 1.00451 0.924168 0.823662 0.738495 0.677532 0.641014 0.626949 0.632512 0.654041 0.683442 0.705626 0.703787 0.67233 0.621003 0.565323 0.514541 0.471846 0.437297 0.409159 0.385977 0.366435 0.349593 0.334694 0.320975 0.307844 0.294888 0.282024 0.269355 0.257118 0.245533 0.234756 0.224789 0.215601 0.207075 0.199067 0.191457 0.184146 0.17705 0.170126 0.163346 0.156693 0.150175 0.143826 0.137621 0.131507 0.125618 0.119965 2.61573
# Year for Tmin Age-structure (set to Ydecl by SS)
2013
#  recruitment and biomass
# Number of historical assessment years
137
# Historical data
# year recruitment spawner in B0 in R project in R/S project
1888  1889 1890 1891 1892 1893 1894 1895 1896 1897 1898 1899 1900 1901 1902 1903 1904 1905 1906 1907 1908 1909 1910 1911 1912 1913 1914 1915 1916 1917 1918 1919 1920 1921 1922 1923 1924 1925 1926 1927 1928 1929 1930 1931 1932 1933 1934 1935 1936 1937 1938 1939 1940 1941 1942 1943 1944 1945 1946 1947 1948 1949 1950 1951 1952 1953 1954 1955 1956 1957 1958 1959 1960 1961 1962 1963 1964 1965 1966 1967 1968 1969 1970 1971 1972 1973 1974 1975 1976 1977 1978 1979 1980 1981 1982 1983 1984 1985 1986 1987 1988 1989 1990 1991 1992 1993 1994 1995 1996 1997 1998 1999 2000 2001 2002 2003 2004 2005 2006 2007 2008 2009 2010 2011 2012 2013 2014 2015 2016 2017 2018 2019 2020 2021 2022 2023 2024 #years (with first value representing R0)
215.319 216.145 216.172 216.201 216.23 216.252 216.275 216.298 216.328 216.36 216.393 216.427 216.461 216.496 216.53 216.562 216.594 216.628 216.662 216.703 216.746 216.788 216.834 216.878 216.916 216.938 216.931 216.871 216.735 216.495 215.943 215.184 214.263 213.141 211.818 210.318 208.675 206.931 205.162 203.44 201.847 200.469 199.345 198.439 197.691 196.938 196.007 194.755 193.158 191.321 189.525 188.097 187.386 187.657 189.196 192.373 197.521 204.989 214.356 224.099 230.877 229.939 219.298 202.005 183.813 168.989 159.196 154.647 155.24 160.614 169.922 180.686 185.911 178.788 164.673 154.67 156.438 172.021 192.229 213.782 254.518 283.496 338.04 362.437 250.18 204.283 213.726 260.786 250.493 228.715 194.707 239.446 283.842 274.447 241.891 220.752 277.131 222.63 151.946 121.805 96.422 81.8217 72.3961 69.4503 84.6165 126.743 94.4967 55.5071 52.8467 60.7107 88.0149 164.845 86.914 100.188 246.371 128.971 88.7695 129.83 210.723 220.624 303.896 280.825 257.525 211.118 156.579 402.787 221.977 179.015 212.166 150.022 142.856 142.735 151.638 157.872 163.078 169.538 174.685  #recruits; first value is R0 (virgin)
1090.2  1090.2 1090.2 1090.18 1090.16 1089.69 1089.24 1088.77 1088.62 1088.54 1088.46 1088.39 1088.3 1088.2 1088.09 1087.97 1087.85 1087.71 1087.58 1087.44 1087.29 1087.02 1086.86 1086.69 1086.51 1086.32 1086.13 1085.92 1085.64 1085.42 1085.03 1082.59 1081.72 1080.97 1080.27 1079.86 1079.37 1078.33 1076.92 1074.71 1071.78 1068.93 1066.55 1063.82 1062.11 1060.57 1059.03 1056.96 1054.88 1051.84 1049.09 1046.05 1043.66 1040.16 1035.16 1029.84 1020.06 1009.64 994.067 979.773 973.22 965.728 960.037 953.704 945.838 939.098 934.187 928.131 922.427 916.58 909.451 902.766 896.907 891.965 888.701 884.659 882.176 881.065 870.449 867.052 861.822 856.702 842.672 833.396 821.062 805.707 789.103 771.012 753.998 734.419 715.269 683.74 650.206 625.047 592.062 536.716 489.233 461.631 424.544 394.852 366.981 343.106 313.2 292.466 259.597 229.812 201.477 186.26 170.829 153.912 134.4 129.143 119.611 121.994 124.03 129.763 135.658 141.826 147.888 154.148 159.892 165.98 172.008 178.761 185.749 192.949 200.902 209.65 218.758 228.95 239.088 250.536 262.863 277.102 292.468 307.771 323.495 #spbio; first value is SSB_virgin (virgin)
1 0 0 0 0 0 0 0 0 0 0 0 0 0 0 0 0 0 0 0 0 0 0 0 0 0 0 0 0 0 0 0 0 0 0 0 0 0 0 0 0 0 0 0 0 0 0 0 0 0 0 0 0 0 0 0 0 0 0 0 0 0 0 0 0 0 0 0 0 0 0 0 0 0 0 0 0 0 0 0 0 0 0 0 0 0 0 0 0 0 0 0 0 0 0 0 0 0 0 0 0 0 0 0 0 0 0 0 0 0 0 0 0 0 0 0 0 0 0 0 0 0 0 0 0 0 0 0 0 0 0 0 0 0 0 0 0  # in Bzero
0 1 1 1 1 1 1 1 1 1 1 1 1 1 1 1 1 1 1 1 1 1 1 1 1 1 1 1 1 1 1 1 1 1 1 1 1 1 1 1 1 1 1 1 1 1 1 1 1 1 1 1 1 1 1 1 1 1 1 1 1 1 1 1 1 1 1 1 1 1 1 1 1 1 1 1 1 1 1 1 1 1 1 1 1 1 1 1 1 1 1 1 1 1 1 1 1 1 1 1 1 1 1 1 1 1 1 1 1 1 1 1 1 1 1 1 1 1 1 1 1 1 1 1 1 1 1 1 1 1 1 1 1 1  0 0 0 # in R project
0 1 1 1 1 1 1 1 1 1 1 1 1 1 1 1 1 1 1 1 1 1 1 1 1 1 1 1 1 1 1 1 1 1 1 1 1 1 1 1 1 1 1 1 1 1 1 1 1 1 1 1 1 1 1 1 1 1 1 1 1 1 1 1 1 1 1 1 1 1 1 1 1 1 1 1 1 1 1 1 1 1 1 1 1 1 1 1 1 1 1 1 1 1 1 1 1 1 1 1 1 1 1 1 1 1 1 1 1 1 1 1 1 1 1 1 1 1 1 1 1 1 1 1 1 1 1 1 1 1 1 1 1 1  0 0 0 # in R/S project
# Number of years with pre-specified catches
0
# catches for years with pre-specified catches go next
# Number of future recruitments to override
-2
# Process for overiding (-1 for average otherwise index in data list)
# Which probability to product detailed results for (1=0.5; 2=0.6; etc.)
3
# Steepness sigma-R Auto-correlation
0.718 0.5 0
# Target SPR rate (FMSY Proxy); manually change to SPR_MSY if not using SPR_target
0.5
# Discount rate (for cumulative catch)
0.1
# Truncate the series when 0.4B0 is reached (1=Yes)
0
# Set F to FMSY once 0.4B0 is reached (1=Yes)
0
# Maximum possible F for projection (-1 to set to FMSY)
-1
# Defintion of recovery (1=now only;2=now or before)
2
# Projection type
4
# Definition of the 40-10 rule
10 40
# Sigma Assessment Error (Base, Year1, Slope, MaxSigma)
1.0 2025 0.075 2.0
# Pstar
0.45
# Constrain catches by the ABC (1=yes, 2=no)
2
# Implementation Error (0=no; 1=lognormal; 2=uniform)
0
#Parameters of Implementaion Error
1 0.3
# Calculate coefficients of variation (1=Yes)
0
# Number of replicates to use
10
# Random number seed
-99004
# File with multiple parameter vectors 
rebuild.SSO
# User-specific projection (1=Yes); Output replaced (1->9)
0  5
# Catches and Fs (Year; 1/2/3 (F or C or SPR); value); Final row is -1
2024 1 1
-1 -1 -1
# Fixed catch project (1=Yes); Output replaced (1->9); Approach (-1=Read in else 1-9)
0 2 -1
# (48a) Special catch options (1-Yes) [CUT_OFF, Emsy, distribution, MAXCAT, Add, replace_code]
0 0.18 1.00 1.00 0 6
# (48b) B1Target
150000
# Split of Fs
2011  0.0164201
 0
 0.38767
 0.0247821
 0.196971
 0.198035
 0.176121
-1  1 1 1 1 1 1 1 1 1 1 1 1
# Yrs to define T_target for projection type 4 (a.k.a. 5 pre-specified inputs)
2030 2031 2032 2033 2034 
# Year for probability of recovery
2034 2035 2036 2037 2038 2039 2040 2041
# Time varying weight-at-age (1=Yes;0=No)
0
# File with time series of weight-at-age data
none
# Use bisection (0) or linear interpolation (1)
1
# Target Depletion
0.4
# CV of implementation error
0
