#Title, #runnumber: 1 yelloweye_data.ss yelloweye_control.ss 6085.45 1073.56 326.206 StartTime: Tue May 13 16:32:10 2025
SSv3_default_rebuild.dat
# Number of sexes
1
# Age range to consider (minimum age; maximum age)
0 100
# Number of fleets
7
# First year of projection (Yinit)
2011
# First Year of rebuilding period (Ydecl)
2013
# Number of simulations
1000
# Maximum number of years
500
# Conduct projections with multiple starting values (0=No;else yes)
0
# Number of parameter vectors
1000
# Is the maximum age a plus-group (1=Yes;2=No)
1
# Generate future recruitments using historical recruitments (1)  historical recruits/spawner (2)  or a stock-recruitment (3)
3
# Constant fishing mortality (1) or constant Catch (2) projections
1
# Fishing mortality based on SPR (1) or actual rate (2)
1
# Pre-specify the year of recovery (or -1) to ignore
-1
# Fecundity-at-age
# 0 1 2 3 4 5 6 7 8 9 10 11 12 13 14 15 16 17 18 19 20 21 22 23 24 25 26 27 28 29 30 31 32 33 34 35 36 37 38 39 40 41 42 43 44 45 46 47 48 49 50 51 52 53 54 55 56 57 58 59 60 61 62 63 64 65 66 67 68 69 70 71 72 73 74 75 76 77 78 79 80 81 82 83 84 85 86 87 88 89 90 91 92 93 94 95 96 97 98 99 100 #runnumber: 1 yelloweye_data.ss yelloweye_control.ss 6085.45 1073.56 326.206
 0 0 2.66105e-08 3.43971e-07 3.14514e-06 2.20748e-05 0.000123576 0.000556412 0.00200853 0.00585074 0.0140508 0.0286412 0.0510357 0.0816001 0.119646 0.163739 0.212121 0.263059 0.315079 0.36705 0.418188 0.467999 0.516206 0.562681 0.607389 0.650345 0.691591 0.731177 0.769155 0.805572 0.840472 0.873895 0.905878 0.936458 0.965669 0.993547 1.02013 1.04545 1.06954 1.09246 1.11422 1.13488 1.15448 1.17306 1.19065 1.2073 1.22305 1.23793 1.252 1.26528 1.27782 1.28964 1.30079 1.3113 1.3212 1.33053 1.33931 1.34758 1.35536 1.36268 1.36956 1.37603 1.38211 1.38783 1.3932 1.39824 1.40298 1.40743 1.41161 1.41554 1.41922 1.42277 1.4261 1.42922 1.43215 1.4349 1.43748 1.43991 1.44218 1.44431 1.4463 1.44818 1.44993 1.45158 1.45312 1.45457 1.45593 1.4572 1.4584 1.45951 1.46056 1.46155 1.46247 1.46333 1.46414 1.4649 1.46561 1.46627 1.4669 1.46748 1.4684 #female fecundity; weighted by N in year Y_init across morphs and areas
# Age specific selectivity and weight adjusted for discard and discard mortality
 #wt and selex for gender,fleet: 1 1 1_CA_TWL
 0.0107968 0.0211095 0.0584372 0.114114 0.187658 0.276238 0.376537 0.485524 0.600704 0.720182 0.842711 0.967679 1.095 1.22489 1.35762 1.49328 1.63167 1.77228 1.91434 2.05694 2.1991 2.33989 2.47847 2.61416 2.74641 2.87479 2.999 3.11883 3.23414 3.34486 3.45098 3.5525 3.64948 3.74199 3.83013 3.91399 3.99371 4.06941 4.14123 4.20931 4.27379 4.33481 4.39253 4.44709 4.49863 4.54729 4.59321 4.63652 4.67735 4.71583 4.75208 4.78622 4.81836 4.8486 4.87706 4.90382 4.92898 4.95264 4.97488 4.99578 5.01541 5.03385 5.05117 5.06743 5.08271 5.09704 5.1105 5.12313 5.13498 5.1461 5.15663 5.16661 5.17597 5.18475 5.19298 5.20071 5.20795 5.21474 5.22111 5.22708 5.23268 5.23793 5.24285 5.24746 5.25179 5.25584 5.25964 5.2632 5.26654 5.26967 5.2726 5.27535 5.27793 5.28034 5.28261 5.28473 5.28671 5.28857 5.29032 5.29195 5.29451
 0 0.00136879 0.00484387 0.0151368 0.0380618 0.0796515 0.143464 0.228769 0.330485 0.440619 0.550374 0.652085 0.740469 0.812997 0.86955 0.911684 0.941826 0.962623 0.976517 0.985537 0.991248 0.994784 0.996931 0.998213 0.998968 0.999408 0.999661 0.999807 0.999889 0.999936 0.999963 0.999978 0.999987 0.999992 0.999995 0.999996 0.999997 0.999998 0.999998 0.999998 0.999998 0.999998 0.999998 0.999998 0.999998 0.999998 0.999998 0.999998 0.999998 0.999998 0.999998 0.999998 0.999998 0.999998 0.999998 0.999998 0.999998 0.999998 0.999998 0.999997 0.999997 0.999997 0.999997 0.999997 0.999997 0.999997 0.999997 0.999997 0.999997 0.999997 0.999997 0.999997 0.999997 0.999997 0.999997 0.999997 0.999997 0.999997 0.999997 0.999997 0.999997 0.999997 0.999997 0.999997 0.999997 0.999997 0.999997 0.999997 0.999997 0.999997 0.999997 0.999997 0.999997 0.999997 0.999997 0.999997 0.999997 0.999997 0.999997 0.999997 0.999997
 #wt and selex for gender,fleet: 1 3 3_CA_REC
 0.0107426 0.0201223 0.0543411 0.106125 0.174957 0.258511 0.35393 0.458511 0.569974 0.68661 0.807381 0.931896 1.0602 1.19246 1.32868 1.46856 1.61144 1.75639 1.90234 2.04819 2.19293 2.33566 2.47565 2.61232 2.74523 2.87405 2.99854 3.11854 3.23396 3.34476 3.45091 3.55246 3.64946 3.74198 3.83012 3.91399 3.99371 4.06941 4.14123 4.20931 4.27379 4.33481 4.39253 4.44709 4.49863 4.54729 4.59321 4.63652 4.67735 4.71583 4.75208 4.78622 4.81836 4.8486 4.87706 4.90382 4.92899 4.95264 4.97488 4.99578 5.01541 5.03385 5.05117 5.06744 5.08271 5.09704 5.1105 5.12313 5.13498 5.1461 5.15663 5.16661 5.17597 5.18475 5.19298 5.20071 5.20795 5.21474 5.22111 5.22708 5.23268 5.23793 5.24285 5.24747 5.25179 5.25584 5.25964 5.26321 5.26654 5.26967 5.27261 5.27535 5.27793 5.28034 5.28261 5.28473 5.28671 5.28858 5.29032 5.29196 5.29451
 0 0.00571497 0.0159038 0.0398631 0.0836811 0.151102 0.241155 0.348061 0.462906 0.576037 0.679232 0.767081 0.837352 0.890502 0.928737 0.955038 0.972423 0.983511 0.990364 0.994481 0.996895 0.998279 0.999058 0.99949 0.999726 0.999854 0.999922 0.999958 0.999978 0.999988 0.999993 0.999996 0.999998 0.999999 0.999999 0.999999 0.999999 0.999999 0.999999 0.999999 0.999999 0.999999 0.999999 0.999999 0.999999 0.999999 0.999999 0.999999 0.999999 0.999999 0.999999 0.999999 0.999999 0.999999 0.999999 0.999999 0.999999 0.999999 0.999999 0.999999 0.999999 0.999999 0.999999 0.999999 0.999999 0.999999 0.999999 0.999999 0.999999 0.999999 0.999999 0.999999 0.999999 0.999999 0.999999 0.999999 0.999999 0.999999 0.999999 0.999999 0.999999 0.999999 0.999999 0.999999 0.999999 0.999999 0.999999 0.999999 0.999999 0.999999 0.999999 0.999999 0.999999 0.999999 0.999999 0.999999 0.999999 0.999999 0.999999 0.999999 0.999999
 #wt and selex for gender,fleet: 1 4 4_ORWA_TWL
 0.0106874 0.0191069 0.0499579 0.09807 0.163239 0.243869 0.337696 0.442349 0.555628 0.675626 0.800807 0.930059 1.06268 1.19826 1.33654 1.47723 1.61991 1.76397 1.90867 2.0532 2.19671 2.3384 2.47757 2.61363 2.74611 2.87462 2.9989 3.11877 3.23411 3.34485 3.45097 3.5525 3.64948 3.74199 3.83013 3.91399 3.99371 4.06941 4.14123 4.20931 4.27379 4.33481 4.39253 4.44709 4.49863 4.54729 4.59321 4.63652 4.67735 4.71583 4.75208 4.78622 4.81836 4.8486 4.87706 4.90382 4.92898 4.95264 4.97488 4.99578 5.01541 5.03385 5.05117 5.06743 5.0827 5.09704 5.1105 5.12313 5.13498 5.1461 5.15663 5.16661 5.17597 5.18475 5.19298 5.20071 5.20795 5.21474 5.22111 5.22708 5.23268 5.23793 5.24285 5.24746 5.25179 5.25584 5.25964 5.2632 5.26654 5.26967 5.2726 5.27535 5.27793 5.28034 5.28261 5.28473 5.28671 5.28857 5.29032 5.29195 5.29451
 0 0.0161283 0.0346502 0.0686484 0.12048 0.190458 0.275936 0.371892 0.472102 0.570358 0.661406 0.741521 0.808711 0.862598 0.904061 0.934768 0.956726 0.971935 0.982168 0.988877 0.993174 0.99587 0.997532 0.998539 0.999142 0.999499 0.999709 0.999831 0.999902 0.999942 0.999966 0.99998 0.999987 0.999992 0.999995 0.999996 0.999997 0.999997 0.999998 0.999998 0.999998 0.999998 0.999998 0.999998 0.999998 0.999998 0.999998 0.999998 0.999998 0.999998 0.999998 0.999997 0.999997 0.999997 0.999997 0.999997 0.999997 0.999997 0.999997 0.999997 0.999997 0.999997 0.999997 0.999997 0.999997 0.999997 0.999997 0.999997 0.999997 0.999997 0.999997 0.999997 0.999997 0.999997 0.999997 0.999997 0.999997 0.999997 0.999997 0.999997 0.999997 0.999997 0.999997 0.999997 0.999997 0.999997 0.999997 0.999997 0.999997 0.999997 0.999997 0.999997 0.999997 0.999997 0.999997 0.999997 0.999997 0.999997 0.999997 0.999997 0.999997
 #wt and selex for gender,fleet: 1 5 5_ORWA_NONTWL
 0.0107474 0.0202345 0.0553463 0.109532 0.182949 0.273606 0.378653 0.495147 0.620392 0.75207 0.888257 1.02739 1.16821 1.30973 1.45119 1.59201 1.73179 1.87024 2.00715 2.14237 2.27573 2.40708 2.53622 2.66293 2.78696 2.90808 3.02602 3.14056 3.25149 3.35863 3.46186 3.56107 3.65622 3.74729 3.83429 3.91728 3.9963 4.07146 4.14286 4.21061 4.27483 4.33566 4.39322 4.44765 4.49909 4.54767 4.59352 4.63678 4.67757 4.71602 4.75225 4.78636 4.81848 4.84871 4.87715 4.9039 4.92906 4.95271 4.97494 4.99583 5.01546 5.0339 5.05121 5.06747 5.08274 5.09707 5.11053 5.12315 5.135 5.14612 5.15666 5.16663 5.17599 5.18477 5.19301 5.20073 5.20797 5.21476 5.22113 5.2271 5.2327 5.23795 5.24287 5.24748 5.25181 5.25586 5.25966 5.26322 5.26656 5.26969 5.27262 5.27537 5.27795 5.28036 5.28262 5.28474 5.28673 5.28859 5.29034 5.29197 5.29453
 0 0.000960785 0.00278595 0.00750275 0.0172829 0.0347153 0.0621285 0.10096 0.151372 0.212215 0.28127 0.355663 0.432294 0.508217 0.580906 0.648408 0.709397 0.763152 0.809472 0.848575 0.880973 0.907364 0.928537 0.945291 0.958389 0.968519 0.976283 0.982187 0.986647 0.989999 0.992509 0.994382 0.995779 0.996819 0.997594 0.998172 0.998605 0.998929 0.999172 0.999357 0.999496 0.999603 0.999684 0.999747 0.999796 0.999834 0.999864 0.999888 0.999907 0.999922 0.999934 0.999944 0.999952 0.999958 0.999964 0.999968 0.999972 0.999975 0.999978 0.99998 0.999982 0.999984 0.999985 0.999986 0.999987 0.999988 0.999989 0.99999 0.99999 0.999991 0.999991 0.999992 0.999992 0.999992 0.999992 0.999992 0.999993 0.999993 0.999993 0.999993 0.999993 0.999993 0.999993 0.999993 0.999994 0.999994 0.999994 0.999994 0.999994 0.999994 0.999994 0.999994 0.999994 0.999994 0.999994 0.999994 0.999994 0.999994 0.999994 0.999994 0.999994
 #wt and selex for gender,fleet: 1 6 6_OR_REC
 0.0112531 0.0282177 0.0784866 0.146348 0.228954 0.320549 0.416673 0.514656 0.613793 0.715123 0.820651 0.932406 1.05176 1.17909 1.31379 1.45453 1.59957 1.7471 1.89548 2.04334 2.18959 2.33337 2.47406 2.61116 2.74432 2.87328 2.99784 3.11787 3.23329 3.34408 3.45022 3.55175 3.64873 3.74123 3.82935 3.91321 3.99291 4.0686 4.1404 4.20847 4.27294 4.33395 4.39166 4.44621 4.49774 4.5464 4.59231 4.63561 4.67644 4.71492 4.75116 4.7853 4.81743 4.84767 4.87612 4.90288 4.92805 4.9517 4.97394 4.99483 5.01446 5.0329 5.05022 5.06648 5.08175 5.09609 5.10954 5.12217 5.13402 5.14514 5.15567 5.16564 5.175 5.18378 5.19201 5.19973 5.20697 5.21376 5.22012 5.22609 5.23169 5.23694 5.24186 5.24647 5.25079 5.25484 5.25864 5.2622 5.26554 5.26867 5.2716 5.27435 5.27692 5.27933 5.28159 5.28371 5.2857 5.28756 5.28931 5.29094 5.2935
 0 3.94486e-05 0.000527195 0.00424722 0.0202244 0.0641758 0.149607 0.276083 0.426903 0.578095 0.709874 0.812436 0.885215 0.933064 0.96257 0.979793 0.989371 0.994466 0.997058 0.998308 0.998864 0.999072 0.99911 0.999066 0.998984 0.998885 0.998779 0.998671 0.998564 0.998459 0.998356 0.998256 0.99816 0.998068 0.997979 0.997893 0.997811 0.997733 0.997659 0.997588 0.997521 0.997457 0.997396 0.997338 0.997283 0.997232 0.997183 0.997137 0.997093 0.997052 0.997013 0.996976 0.996942 0.996909 0.996878 0.996849 0.996822 0.996797 0.996772 0.99675 0.996729 0.996709 0.99669 0.996672 0.996655 0.99664 0.996625 0.996612 0.996599 0.996586 0.996575 0.996564 0.996554 0.996544 0.996535 0.996527 0.996519 0.996511 0.996504 0.996498 0.996492 0.996486 0.996481 0.996476 0.996471 0.996466 0.996462 0.996458 0.996455 0.996451 0.996448 0.996445 0.996442 0.996439 0.996437 0.996435 0.996432 0.99643 0.996428 0.996427 0.996424
 #wt and selex for gender,fleet: 1 7 7_WA_REC
 0.011105 0.0262421 0.075254 0.144961 0.234038 0.337276 0.449757 0.567614 0.688092 0.809418 0.93068 1.05172 1.17295 1.29514 1.4191 1.54549 1.67468 1.80663 1.94096 2.07696 2.21373 2.35031 2.48572 2.61909 2.7497 2.87696 3.0004 3.11973 3.23471 3.34522 3.45121 3.55264 3.64957 3.74205 3.83016 3.91402 3.99373 4.06942 4.14124 4.20931 4.27379 4.33481 4.39253 4.44709 4.49863 4.54729 4.59321 4.63652 4.67735 4.71583 4.75208 4.78622 4.81836 4.8486 4.87706 4.90382 4.92899 4.95264 4.97488 4.99578 5.01541 5.03385 5.05117 5.06744 5.08271 5.09704 5.1105 5.12313 5.13498 5.1461 5.15663 5.16661 5.17597 5.18475 5.19298 5.20071 5.20795 5.21474 5.22111 5.22708 5.23268 5.23793 5.24285 5.24747 5.25179 5.25584 5.25964 5.26321 5.26654 5.26967 5.27261 5.27535 5.27793 5.28034 5.28261 5.28473 5.28671 5.28858 5.29032 5.29196 5.29451
 0 1.16904e-05 0.000117541 0.00085376 0.00412064 0.0142647 0.0379141 0.0817715 0.149482 0.239605 0.345801 0.458853 0.569313 0.669628 0.755179 0.824274 0.8775 0.916838 0.944875 0.964231 0.977224 0.985735 0.991191 0.994625 0.996752 0.998052 0.998839 0.99931 0.999591 0.999757 0.999856 0.999914 0.999948 0.999969 0.999981 0.999988 0.999993 0.999995 0.999997 0.999998 0.999998 0.999999 0.999999 0.999999 0.999999 0.999999 0.999999 0.999999 0.999999 0.999999 0.999999 0.999999 0.999999 0.999999 0.999999 0.999999 0.999999 0.999999 0.999999 0.999999 0.999999 0.999999 0.999999 0.999999 0.999999 0.999999 0.999999 0.999999 0.999999 0.999999 0.999999 0.999999 0.999999 0.999999 0.999999 0.999999 0.999999 0.999999 0.999999 0.999999 0.999999 0.999999 0.999999 0.999999 0.999999 0.999999 0.999999 0.999999 0.999999 0.999999 0.999999 0.999999 0.999999 0.999999 0.999999 0.999999 0.999999 0.999999 0.999999 0.999999 0.999999
# Sex ratio correction
1
# M and current age-structure in year Yinit: 2011
 # gender = 1
 0.0439034 0.0439034 0.0439034 0.0439034 0.0439034 0.0439034 0.0439034 0.0439034 0.0439034 0.0439034 0.0439034 0.0439034 0.0439034 0.0439034 0.0439034 0.0439034 0.0439034 0.0439034 0.0439034 0.0439034 0.0439034 0.0439034 0.0439034 0.0439034 0.0439034 0.0439034 0.0439034 0.0439034 0.0439034 0.0439034 0.0439034 0.0439034 0.0439034 0.0439034 0.0439034 0.0439034 0.0439034 0.0439034 0.0439034 0.0439034 0.0439034 0.0439034 0.0439034 0.0439034 0.0439034 0.0439034 0.0439034 0.0439034 0.0439034 0.0439034 0.0439034 0.0439034 0.0439034 0.0439034 0.0439034 0.0439034 0.0439034 0.0439034 0.0439034 0.0439034 0.0439034 0.0439034 0.0439034 0.0439034 0.0439034 0.0439034 0.0439034 0.0439034 0.0439034 0.0439034 0.0439034 0.0439034 0.0439034 0.0439034 0.0439034 0.0439034 0.0439034 0.0439034 0.0439034 0.0439034 0.0439034 0.0439034 0.0439034 0.0439034 0.0439034 0.0439034 0.0439034 0.0439034 0.0439034 0.0439034 0.0439034 0.0439034 0.0439034 0.0439034 0.0439034 0.0439034 0.0439034 0.0439034 0.0439034 0.0439034 0.0439034
 308.637 302.735 243.61 296.947 155.529 107.191 75.3065 55.3169 112.039 193.162 77.3701 55.4359 92.8622 52.102 30.5612 24.7227 24.8444 47.7312 59.1593 25.0319 18.5291 19.0146 20.4227 20.7786 20.8947 20.4173 23.2361 27.7685 22.4722 23.9541 16.6765 11.3063 7.81786 5.96226 6.27008 5.79299 5.47464 3.44629 3.16195 3.76173 5.9482 4.00826 2.99588 2.20058 1.66468 1.34572 1.02363 0.828143 0.779401 0.830988 0.931399 0.98995 0.930058 0.806397 0.691255 0.609326 0.56359 0.550108 0.565262 0.607642 0.673044 0.743675 0.778421 0.741639 0.656399 0.5685 0.496968 0.443187 0.403557 0.373608 0.350288 0.331509 0.315981 0.302713 0.290651 0.27887 0.266729 0.254132 0.241383 0.229009 0.217478 0.207077 0.197848 0.189726 0.182514 0.175981 0.169916 0.164145 0.158526 0.152972 0.14743 0.141875 0.136313 0.130789 0.125301 0.119825 0.114509 0.10938 0.104452 0.099738 2.18859
# Age-structure at Ydeclare= 2013
 150.285 131.659 282.69 277.276 223.108 271.915 142.375 98.0734 68.8479 50.5229 102.215 176.024 70.4297 50.4146 84.382 47.3126 27.7373 22.4291 22.5326 43.2796 53.6328 22.6907 16.7946 17.2334 18.5085 18.8302 18.9345 18.501 21.0542 25.1595 20.3595 21.7005 15.1065 10.2411 7.0809 5.39989 5.67835 5.24601 4.95747 3.12057 2.86297 3.40587 5.38525 3.62874 2.7121 1.99205 1.50687 1.21811 0.926532 0.749572 0.705439 0.752117 0.842985 0.895966 0.841752 0.729826 0.625614 0.551461 0.510067 0.497864 0.511577 0.54993 0.609118 0.673039 0.704483 0.671193 0.594048 0.514497 0.449759 0.401086 0.36522 0.338116 0.317011 0.300015 0.285962 0.273955 0.263038 0.252376 0.241389 0.229989 0.218451 0.207252 0.196817 0.187404 0.179052 0.171701 0.165175 0.159262 0.153774 0.148551 0.143466 0.13844 0.133425 0.128397 0.123363 0.118365 0.113398 0.108442 0.103632 0.0989894 2.16549
# Year for Tmin Age-structure (set to Ydecl by SS)
2013
#  recruitment and biomass
# Number of historical assessment years
137
# Historical data
# year recruitment spawner in B0 in R project in R/S project
1888  1889 1890 1891 1892 1893 1894 1895 1896 1897 1898 1899 1900 1901 1902 1903 1904 1905 1906 1907 1908 1909 1910 1911 1912 1913 1914 1915 1916 1917 1918 1919 1920 1921 1922 1923 1924 1925 1926 1927 1928 1929 1930 1931 1932 1933 1934 1935 1936 1937 1938 1939 1940 1941 1942 1943 1944 1945 1946 1947 1948 1949 1950 1951 1952 1953 1954 1955 1956 1957 1958 1959 1960 1961 1962 1963 1964 1965 1966 1967 1968 1969 1970 1971 1972 1973 1974 1975 1976 1977 1978 1979 1980 1981 1982 1983 1984 1985 1986 1987 1988 1989 1990 1991 1992 1993 1994 1995 1996 1997 1998 1999 2000 2001 2002 2003 2004 2005 2006 2007 2008 2009 2010 2011 2012 2013 2014 2015 2016 2017 2018 2019 2020 2021 2022 2023 2024 #years (with first value representing R0)
208.098 207.641 207.628 207.615 207.602 207.581 207.559 207.537 207.521 207.505 207.489 207.474 207.456 207.439 207.426 207.404 207.383 207.367 207.357 207.361 207.373 207.387 207.409 207.435 207.458 207.459 207.416 207.29 207.045 206.635 205.83 204.703 203.289 201.553 199.514 197.232 194.789 192.29 189.881 187.713 185.941 184.707 184.085 184.018 184.358 184.795 184.938 184.44 183.18 181.327 179.361 177.836 177.268 178.031 180.549 185.501 193.826 206.824 225.158 247.393 265.954 265.542 241.269 207.611 178.166 157.498 145.606 141.655 145.36 156.42 172.953 188.88 190.129 168.912 142.025 125.238 124.73 143.953 175.919 201.166 244.234 303.068 366.508 487.097 273.223 201.7 191.205 261.697 236.438 216.652 173.033 189.204 226.779 275.875 325.698 250.752 254.608 175.707 128.252 110.106 92.9752 78.676 64.0372 55.3944 67.4523 145.753 108.877 52.986 49.6705 58.1277 94.1319 159.67 90.8341 120.916 288.151 159.645 75.3369 98.0765 133.547 185.409 338.764 265.969 316.322 308.637 137.568 150.285 166.754 190.364 175.014 155.808 151.991 139.526 138.98 149.583 158.976 164.224 167.383  #recruits; first value is R0 (virgin)
1073.56  1073.56 1073.56 1073.54 1073.51 1073.05 1072.59 1072.12 1071.97 1071.89 1071.81 1071.73 1071.63 1071.51 1071.36 1071.2 1071.02 1070.8 1070.58 1070.33 1070.06 1069.66 1069.35 1069.02 1068.68 1068.31 1067.93 1067.54 1067.05 1066.63 1066.03 1063.35 1062.26 1061.29 1060.37 1059.73 1059 1057.72 1056.07 1053.61 1050.42 1047.32 1044.66 1041.66 1039.66 1037.81 1035.93 1033.5 1031.01 1027.52 1024.28 1020.71 1017.75 1013.64 1008.01 1002.04 991.576 980.493 964.238 949.304 942.211 934.211 928.073 921.34 913.12 906.102 901.008 894.875 889.246 883.672 877.058 871.157 866.357 862.72 860.946 858.519 857.691 858.233 849.266 847.408 843.647 839.923 827.204 819.095 807.755 793.162 777.062 759.213 742.226 722.479 703.061 671.242 637.564 612.541 579.949 525.479 479.007 452.309 416.186 387.166 359.767 336.143 306.206 285.182 251.897 221.739 193.007 177.363 161.409 143.826 123.545 117.421 107.047 108.583 109.839 114.856 120.114 125.72 131.312 137.213 142.753 148.787 154.929 161.942 169.349 177.102 185.679 195.067 204.778 215.465 225.952 237.557 249.865 263.932 278.982 293.766 308.635 #spbio; first value is SSB_virgin (virgin)
1 0 0 0 0 0 0 0 0 0 0 0 0 0 0 0 0 0 0 0 0 0 0 0 0 0 0 0 0 0 0 0 0 0 0 0 0 0 0 0 0 0 0 0 0 0 0 0 0 0 0 0 0 0 0 0 0 0 0 0 0 0 0 0 0 0 0 0 0 0 0 0 0 0 0 0 0 0 0 0 0 0 0 0 0 0 0 0 0 0 0 0 0 0 0 0 0 0 0 0 0 0 0 0 0 0 0 0 0 0 0 0 0 0 0 0 0 0 0 0 0 0 0 0 0 0 0 0 0 0 0 0 0 0 0 0 0  # in Bzero
0 1 1 1 1 1 1 1 1 1 1 1 1 1 1 1 1 1 1 1 1 1 1 1 1 1 1 1 1 1 1 1 1 1 1 1 1 1 1 1 1 1 1 1 1 1 1 1 1 1 1 1 1 1 1 1 1 1 1 1 1 1 1 1 1 1 1 1 1 1 1 1 1 1 1 1 1 1 1 1 1 1 1 1 1 1 1 1 1 1 1 1 1 1 1 1 1 1 1 1 1 1 1 1 1 1 1 1 1 1 1 1 1 1 1 1 1 1 1 1 1 1 1 1 1 1 1 1 1 1 1 1 1 1  0 0 0 # in R project
0 1 1 1 1 1 1 1 1 1 1 1 1 1 1 1 1 1 1 1 1 1 1 1 1 1 1 1 1 1 1 1 1 1 1 1 1 1 1 1 1 1 1 1 1 1 1 1 1 1 1 1 1 1 1 1 1 1 1 1 1 1 1 1 1 1 1 1 1 1 1 1 1 1 1 1 1 1 1 1 1 1 1 1 1 1 1 1 1 1 1 1 1 1 1 1 1 1 1 1 1 1 1 1 1 1 1 1 1 1 1 1 1 1 1 1 1 1 1 1 1 1 1 1 1 1 1 1 1 1 1 1 1 1  0 0 0 # in R/S project
# Number of years with pre-specified catches
0
# catches for years with pre-specified catches go next
# Number of future recruitments to override
-2
# Process for overiding (-1 for average otherwise index in data list)
# Which probability to product detailed results for (1=0.5; 2=0.6; etc.)
3
# Steepness sigma-R Auto-correlation
0.718 0.5 0
# Target SPR rate (FMSY Proxy); manually change to SPR_MSY if not using SPR_target
0.5
# Discount rate (for cumulative catch)
0.1
# Truncate the series when 0.4B0 is reached (1=Yes)
0
# Set F to FMSY once 0.4B0 is reached (1=Yes)
0
# Maximum possible F for projection (-1 to set to FMSY)
-1
# Defintion of recovery (1=now only;2=now or before)
2
# Projection type
4
# Definition of the 40-10 rule
10 40
# Sigma Assessment Error (Base, Year1, Slope, MaxSigma)
1.0 2025 0.075 2.0
# Pstar
0.45
# Constrain catches by the ABC (1=yes, 2=no)
2
# Implementation Error (0=no; 1=lognormal; 2=uniform)
0
#Parameters of Implementaion Error
1 0.3
# Calculate coefficients of variation (1=Yes)
0
# Number of replicates to use
10
# Random number seed
-99004
# File with multiple parameter vectors 
rebuild.SSO
# User-specific projection (1=Yes); Output replaced (1->9)
0  5
# Catches and Fs (Year; 1/2/3 (F or C or SPR); value); Final row is -1
2024 1 1
-1 -1 -1
# Fixed catch project (1=Yes); Output replaced (1->9); Approach (-1=Read in else 1-9)
0 2 -1
# (48a) Special catch options (1-Yes) [CUT_OFF, Emsy, distribution, MAXCAT, Add, replace_code]
0 0.18 1.00 1.00 0 6
# (48b) B1Target
150000
# Split of Fs
2011  0.0161915
 0
 0.383833
 0.0242072
 0.196456
 0.198994
 0.180318
-1  1 1 1 1 1 1 1 1 1 1 1 1
# Yrs to define T_target for projection type 4 (a.k.a. 5 pre-specified inputs)
2030 2031 2032 2033 2034 
# Year for probability of recovery
2034 2035 2036 2037 2038 2039 2040 2041
# Time varying weight-at-age (1=Yes;0=No)
0
# File with time series of weight-at-age data
none
# Use bisection (0) or linear interpolation (1)
1
# Target Depletion
0.4
# CV of implementation error
0
