#Title, #runnumber: 1 yelloweye_data.ss yelloweye_control.ss 5756.92 1138.89 394.868 StartTime: Mon Apr 28 17:42:25 2025
SSv3_default_rebuild.dat
# Number of sexes
1
# Age range to consider (minimum age; maximum age)
0 100
# Number of fleets
7
# First year of projection (Yinit)
2011
# First Year of rebuilding period (Ydecl)
2013
# Number of simulations
1000
# Maximum number of years
500
# Conduct projections with multiple starting values (0=No;else yes)
0
# Number of parameter vectors
1000
# Is the maximum age a plus-group (1=Yes;2=No)
1
# Generate future recruitments using historical recruitments (1)  historical recruits/spawner (2)  or a stock-recruitment (3)
3
# Constant fishing mortality (1) or constant Catch (2) projections
1
# Fishing mortality based on SPR (1) or actual rate (2)
1
# Pre-specify the year of recovery (or -1) to ignore
-1
# Fecundity-at-age
# 0 1 2 3 4 5 6 7 8 9 10 11 12 13 14 15 16 17 18 19 20 21 22 23 24 25 26 27 28 29 30 31 32 33 34 35 36 37 38 39 40 41 42 43 44 45 46 47 48 49 50 51 52 53 54 55 56 57 58 59 60 61 62 63 64 65 66 67 68 69 70 71 72 73 74 75 76 77 78 79 80 81 82 83 84 85 86 87 88 89 90 91 92 93 94 95 96 97 98 99 100 #runnumber: 1 yelloweye_data.ss yelloweye_control.ss 5756.92 1138.89 394.868
 0 0 1.0679e-08 1.78609e-07 1.9608e-06 1.58426e-05 9.96715e-05 0.000497114 0.00195802 0.00609862 0.01532 0.0320418 0.057728 0.0923831 0.134717 0.182707 0.234189 0.287259 0.340455 0.392772 0.443586 0.492554 0.539519 0.584439 0.627333 0.668251 0.707255 0.74441 0.779778 0.81342 0.845391 0.875749 0.904545 0.931835 0.95767 0.982105 1.00519 1.02699 1.04755 1.06692 1.08516 1.10232 1.11845 1.13361 1.14784 1.1612 1.17372 1.18546 1.19646 1.20676 1.2164 1.22541 1.23385 1.24174 1.24911 1.256 1.26243 1.26844 1.27405 1.27928 1.28417 1.28873 1.29298 1.29695 1.30065 1.3041 1.30731 1.31031 1.31311 1.31571 1.31814 1.32045 1.32261 1.32462 1.32649 1.32823 1.32986 1.33137 1.33278 1.33409 1.33531 1.33645 1.33751 1.3385 1.33942 1.34027 1.34107 1.34181 1.3425 1.34314 1.34374 1.3443 1.34481 1.3453 1.34574 1.34616 1.34655 1.34691 1.34725 1.34756 1.34803 #female fecundity; weighted by N in year Y_init across morphs and areas
# Age specific selectivity and weight adjusted for discard and discard mortality
 #wt and selex for gender,fleet: 1 1 1_CA_TWL
 0.00896707 0.0131017 0.0445246 0.0967 0.169533 0.26047 0.365855 0.482076 0.605987 0.735039 0.867321 1.0016 1.1373 1.27428 1.41264 1.55239 1.69336 1.83506 1.97682 2.11777 2.25706 2.39384 2.52737 2.65706 2.78244 2.90317 3.01903 3.12987 3.23564 3.33635 3.43206 3.52284 3.60882 3.69014 3.76695 3.83943 3.90773 3.97204 4.03255 4.08942 4.14284 4.19299 4.24002 4.28412 4.32544 4.36414 4.40037 4.43426 4.46597 4.49561 4.52332 4.54921 4.5734 4.59598 4.61707 4.63675 4.65512 4.67226 4.68825 4.70316 4.71706 4.73003 4.74212 4.75338 4.76389 4.77367 4.78279 4.79129 4.79921 4.80658 4.81352 4.82003 4.8261 4.83176 4.83702 4.84192 4.84649 4.85074 4.8547 4.85838 4.86181 4.86501 4.86798 4.87075 4.87333 4.87573 4.87796 4.88004 4.88198 4.88378 4.88546 4.88702 4.88847 4.88982 4.89108 4.89225 4.89334 4.89436 4.8953 4.89618 4.89749
 0 0.000788694 0.00268058 0.00955718 0.0267604 0.0608835 0.116942 0.195869 0.293752 0.402971 0.514396 0.619602 0.712433 0.78962 0.850555 0.896547 0.929953 0.953441 0.969513 0.980268 0.987338 0.991921 0.99486 0.996732 0.997918 0.998669 0.999144 0.999446 0.999638 0.999761 0.99984 0.999892 0.999926 0.999948 0.999963 0.999973 0.99998 0.999985 0.999988 0.999991 0.999992 0.999994 0.999994 0.999995 0.999996 0.999996 0.999996 0.999996 0.999997 0.999997 0.999997 0.999997 0.999997 0.999997 0.999997 0.999997 0.999997 0.999997 0.999997 0.999997 0.999997 0.999997 0.999997 0.999997 0.999997 0.999997 0.999997 0.999997 0.999997 0.999997 0.999997 0.999997 0.999997 0.999997 0.999997 0.999997 0.999997 0.999997 0.999997 0.999997 0.999997 0.999997 0.999997 0.999997 0.999997 0.999997 0.999997 0.999997 0.999997 0.999997 0.999997 0.999997 0.999997 0.999997 0.999997 0.999997 0.999997 0.999997 0.999997 0.999997 0.999997
 #wt and selex for gender,fleet: 1 3 3_CA_REC
 0.00896707 0.0129078 0.0417466 0.0903497 0.15837 0.243651 0.343021 0.45327 0.571557 0.695618 0.823948 0.955839 1.09115 1.22991 1.37196 1.51676 1.66344 1.81089 1.95794 2.10346 2.24648 2.38617 2.52191 2.65322 2.77976 2.90131 3.01774 3.12897 3.23502 3.33592 3.43176 3.52263 3.60867 3.69003 3.76688 3.83937 3.90769 3.97201 4.03252 4.0894 4.14283 4.19298 4.24002 4.28412 4.32544 4.36414 4.40036 4.43426 4.46597 4.49561 4.52332 4.54921 4.5734 4.59598 4.61707 4.63675 4.65512 4.67226 4.68825 4.70316 4.71706 4.73003 4.74212 4.75339 4.76389 4.77367 4.78279 4.79129 4.79921 4.80659 4.81352 4.82003 4.8261 4.83176 4.83702 4.84192 4.84649 4.85074 4.8547 4.85838 4.86182 4.86501 4.86798 4.87075 4.87333 4.87573 4.87796 4.88004 4.88198 4.88378 4.88546 4.88702 4.88847 4.88982 4.89108 4.89225 4.89334 4.89436 4.8953 4.89618 4.89749
 0 0.00426493 0.0116773 0.032426 0.0736128 0.140573 0.233178 0.3452 0.466281 0.585058 0.692012 0.781221 0.85073 0.901748 0.937315 0.96105 0.976321 0.985855 0.991663 0.995134 0.997178 0.998369 0.999058 0.999454 0.999683 0.999814 0.99989 0.999934 0.99996 0.999976 0.999985 0.99999 0.999994 0.999996 0.999997 0.999998 0.999998 0.999999 0.999999 0.999999 0.999999 0.999999 0.999999 0.999999 0.999999 0.999999 0.999999 0.999999 0.999999 0.999999 0.999999 0.999999 0.999999 0.999999 0.999999 0.999999 0.999999 0.999999 0.999999 0.999999 0.999999 0.999999 0.999999 0.999999 0.999999 0.999999 0.999999 0.999999 0.999999 0.999999 0.999999 0.999999 0.999999 0.999999 0.999999 0.999999 0.999999 0.999999 0.999999 0.999999 0.999999 0.999999 0.999999 0.999999 0.999999 0.999999 0.999999 0.999999 0.999999 0.999999 0.999999 0.999999 0.999999 0.999999 0.999999 0.999999 0.999999 0.999999 0.999999 0.999999 0.999999
 #wt and selex for gender,fleet: 1 4 4_ORWA_TWL
 0.00896707 0.0126337 0.0375451 0.0813646 0.144263 0.225127 0.321786 0.431677 0.55222 0.68102 0.815963 0.955279 1.09759 1.24187 1.38742 1.53366 1.68006 1.82605 1.971 2.11421 2.25502 2.39277 2.52689 2.65692 2.78248 2.90329 3.01917 3.13001 3.23577 3.33647 3.43215 3.52292 3.60888 3.69019 3.76699 3.83946 3.90775 3.97206 4.03256 4.08943 4.14285 4.19299 4.24003 4.28413 4.32545 4.36415 4.40037 4.43427 4.46597 4.49562 4.52333 4.54922 4.5734 4.59599 4.61707 4.63675 4.65512 4.67226 4.68825 4.70316 4.71706 4.73003 4.74212 4.75339 4.76389 4.77367 4.78279 4.79129 4.79921 4.80658 4.81352 4.82003 4.8261 4.83176 4.83702 4.84192 4.84649 4.85074 4.8547 4.85838 4.86181 4.86501 4.86798 4.87075 4.87333 4.87573 4.87796 4.88004 4.88198 4.88378 4.88546 4.88702 4.88847 4.88982 4.89108 4.89225 4.89334 4.89436 4.8953 4.89618 4.89749
 0 0.0199037 0.0394536 0.0751472 0.127774 0.197037 0.280069 0.372091 0.467504 0.560911 0.647838 0.725114 0.790966 0.844915 0.887531 0.920092 0.944238 0.961679 0.973995 0.982528 0.988347 0.992266 0.99488 0.996613 0.997755 0.998507 0.999002 0.999329 0.999545 0.999689 0.999785 0.999849 0.999893 0.999923 0.999944 0.999958 0.999969 0.999976 0.999981 0.999985 0.999987 0.99999 0.999991 0.999992 0.999993 0.999994 0.999994 0.999995 0.999995 0.999995 0.999995 0.999995 0.999995 0.999996 0.999996 0.999996 0.999996 0.999996 0.999996 0.999996 0.999996 0.999996 0.999996 0.999996 0.999996 0.999996 0.999996 0.999996 0.999996 0.999996 0.999996 0.999996 0.999996 0.999996 0.999996 0.999996 0.999996 0.999996 0.999996 0.999996 0.999996 0.999996 0.999996 0.999996 0.999996 0.999996 0.999996 0.999996 0.999996 0.999996 0.999996 0.999996 0.999996 0.999996 0.999996 0.999996 0.999996 0.999996 0.999996 0.999996 0.999996
 #wt and selex for gender,fleet: 1 5 5_ORWA_NONTWL
 0.00896707 0.0129381 0.0424088 0.0926991 0.164078 0.254726 0.361525 0.481102 0.610299 0.74637 0.887018 1.03038 1.17498 1.31973 1.46385 1.60685 1.74843 1.88838 2.02652 2.16261 2.2964 2.42754 2.55569 2.68047 2.80155 2.91862 3.03142 3.13976 3.24352 3.34263 3.43705 3.52683 3.61202 3.69271 3.76903 3.84111 3.90911 3.97318 4.03349 4.09021 4.14351 4.19355 4.24051 4.28454 4.3258 4.36446 4.40064 4.43451 4.46619 4.49581 4.5235 4.54937 4.57355 4.59612 4.6172 4.63687 4.65523 4.67236 4.68834 4.70325 4.71715 4.73011 4.74219 4.75346 4.76396 4.77374 4.78286 4.79135 4.79927 4.80664 4.81357 4.82009 4.82616 4.83181 4.83708 4.84198 4.84654 4.85079 4.85475 4.85844 4.86187 4.86506 4.86803 4.8708 4.87338 4.87578 4.87801 4.88009 4.88203 4.88383 4.8855 4.88706 4.88852 4.88987 4.89113 4.8923 4.89339 4.8944 4.89535 4.89623 4.89754
 0 0.000965068 0.00275542 0.00824437 0.0205014 0.0433114 0.0798877 0.131742 0.198136 0.276248 0.361863 0.450235 0.536873 0.618083 0.691255 0.754914 0.808607 0.85267 0.887976 0.915688 0.93706 0.953303 0.9655 0.974572 0.981273 0.986196 0.989802 0.992439 0.994369 0.995782 0.996819 0.997584 0.998151 0.998573 0.998889 0.999127 0.999307 0.999446 0.999552 0.999634 0.999699 0.99975 0.99979 0.999822 0.999848 0.99987 0.999887 0.999901 0.999913 0.999923 0.999931 0.999938 0.999944 0.999949 0.999953 0.999957 0.99996 0.999963 0.999965 0.999967 0.999969 0.999971 0.999972 0.999974 0.999975 0.999976 0.999977 0.999978 0.999978 0.999979 0.99998 0.99998 0.99998 0.999981 0.999981 0.999981 0.999981 0.999982 0.999982 0.999982 0.999982 0.999982 0.999982 0.999983 0.999983 0.999983 0.999983 0.999983 0.999983 0.999983 0.999983 0.999983 0.999983 0.999984 0.999984 0.999984 0.999984 0.999984 0.999984 0.999984 0.999984
 #wt and selex for gender,fleet: 1 6 6_OR_REC
 0.00896707 0.0148086 0.0593611 0.123055 0.204694 0.297878 0.39717 0.499116 0.602751 0.709447 0.821697 0.94167 1.07032 1.20718 1.35073 1.49885 1.64941 1.80048 1.95051 2.09829 2.2429 2.38368 2.52012 2.65187 2.77868 2.90039 3.0169 3.12818 3.23424 3.33514 3.43096 3.52181 3.60784 3.68918 3.766 3.83847 3.90677 3.97108 4.03158 4.08844 4.14185 4.19198 4.23901 4.2831 4.32441 4.3631 4.39932 4.43321 4.46491 4.49454 4.52225 4.54813 4.57231 4.59489 4.61597 4.63565 4.65401 4.67115 4.68713 4.70204 4.71594 4.7289 4.74099 4.75225 4.76275 4.77254 4.78166 4.79015 4.79807 4.80544 4.81237 4.81888 4.82495 4.8306 4.83586 4.84076 4.84533 4.84958 4.85353 4.85722 4.86065 4.86384 4.86681 4.86958 4.87215 4.87455 4.87678 4.87886 4.8808 4.8826 4.88427 4.88583 4.88729 4.88864 4.88989 4.89107 4.89216 4.89317 4.89411 4.89499 4.8963
 0 2.01976e-05 0.000274392 0.00306046 0.0180752 0.0653972 0.163712 0.311231 0.482328 0.644006 0.773921 0.865843 0.924728 0.959623 0.979066 0.989375 0.994616 0.997176 0.998367 0.99888 0.999061 0.999084 0.999032 0.998945 0.998843 0.998736 0.998627 0.998519 0.998415 0.998313 0.998216 0.998122 0.998033 0.997948 0.997867 0.99779 0.997717 0.997648 0.997583 0.997522 0.997464 0.997409 0.997358 0.99731 0.997265 0.997222 0.997183 0.997145 0.99711 0.997078 0.997047 0.997018 0.996992 0.996967 0.996943 0.996921 0.996901 0.996882 0.996864 0.996848 0.996832 0.996818 0.996804 0.996792 0.99678 0.996769 0.996759 0.996749 0.99674 0.996732 0.996724 0.996717 0.99671 0.996704 0.996698 0.996693 0.996687 0.996683 0.996678 0.996674 0.99667 0.996667 0.996663 0.99666 0.996657 0.996655 0.996652 0.99665 0.996648 0.996646 0.996644 0.996642 0.99664 0.996639 0.996637 0.996636 0.996635 0.996634 0.996633 0.996632 0.99663
 #wt and selex for gender,fleet: 1 7 7_WA_REC
 0.00896707 0.0158839 0.0668917 0.139934 0.234343 0.342445 0.457635 0.575269 0.692586 0.808582 0.923832 1.03997 1.15893 1.28229 1.41087 1.5446 1.68268 1.82378 1.96634 2.10881 2.24981 2.38822 2.52315 2.65397 2.78021 2.90158 3.0179 3.12907 3.23508 3.33596 3.43178 3.52264 3.60868 3.69004 3.76688 3.83937 3.90769 3.97201 4.03253 4.0894 4.14283 4.19298 4.24002 4.28412 4.32544 4.36414 4.40036 4.43426 4.46597 4.49561 4.52332 4.54921 4.5734 4.59598 4.61707 4.63675 4.65512 4.67226 4.68825 4.70316 4.71706 4.73003 4.74212 4.75339 4.76389 4.77367 4.78279 4.79129 4.79921 4.80659 4.81352 4.82003 4.8261 4.83176 4.83702 4.84192 4.84649 4.85074 4.8547 4.85838 4.86182 4.86501 4.86798 4.87075 4.87333 4.87573 4.87796 4.88004 4.88198 4.88378 4.88546 4.88702 4.88847 4.88982 4.89108 4.89225 4.89334 4.89436 4.8953 4.89618 4.89749
 0 3.34731e-07 9.12616e-06 0.000187492 0.00184914 0.0102864 0.0370128 0.0957923 0.19313 0.322046 0.46494 0.602255 0.719911 0.81185 0.878567 0.924188 0.953932 0.972601 0.98397 0.990734 0.994687 0.996967 0.998271 0.999012 0.999434 0.999673 0.99981 0.999888 0.999933 0.99996 0.999975 0.999984 0.99999 0.999993 0.999996 0.999997 0.999998 0.999998 0.999999 0.999999 0.999999 0.999999 0.999999 0.999999 0.999999 0.999999 0.999999 0.999999 0.999999 0.999999 0.999999 0.999999 0.999999 0.999999 0.999999 0.999999 0.999999 0.999999 0.999999 0.999999 0.999999 0.999999 0.999999 0.999999 0.999999 0.999999 0.999999 0.999999 0.999999 0.999999 0.999999 0.999999 0.999999 0.999999 0.999999 0.999999 0.999999 0.999999 0.999999 0.999999 0.999999 0.999999 0.999999 0.999999 0.999999 0.999999 0.999999 0.999999 0.999999 0.999999 0.999999 0.999999 0.999999 0.999999 0.999999 0.999999 0.999999 0.999999 0.999999 0.999999 0.999999
# Sex ratio correction
1
# M and current age-structure in year Yinit: 2011
 # gender = 1
 0.0439034 0.0439034 0.0439034 0.0439034 0.0439034 0.0439034 0.0439034 0.0439034 0.0439034 0.0439034 0.0439034 0.0439034 0.0439034 0.0439034 0.0439034 0.0439034 0.0439034 0.0439034 0.0439034 0.0439034 0.0439034 0.0439034 0.0439034 0.0439034 0.0439034 0.0439034 0.0439034 0.0439034 0.0439034 0.0439034 0.0439034 0.0439034 0.0439034 0.0439034 0.0439034 0.0439034 0.0439034 0.0439034 0.0439034 0.0439034 0.0439034 0.0439034 0.0439034 0.0439034 0.0439034 0.0439034 0.0439034 0.0439034 0.0439034 0.0439034 0.0439034 0.0439034 0.0439034 0.0439034 0.0439034 0.0439034 0.0439034 0.0439034 0.0439034 0.0439034 0.0439034 0.0439034 0.0439034 0.0439034 0.0439034 0.0439034 0.0439034 0.0439034 0.0439034 0.0439034 0.0439034 0.0439034 0.0439034 0.0439034 0.0439034 0.0439034 0.0439034 0.0439034 0.0439034 0.0439034 0.0439034 0.0439034 0.0439034 0.0439034 0.0439034 0.0439034 0.0439034 0.0439034 0.0439034 0.0439034 0.0439034 0.0439034 0.0439034 0.0439034 0.0439034 0.0439034 0.0439034 0.0439034 0.0439034 0.0439034 0.0439034
 331.777 371.93 286.903 365.173 187.566 135.694 95.9945 69.8344 130.213 251.031 64.5873 49.262 84.655 56.1841 31.007 25.6075 27.2414 60.3075 61.3751 26.5258 20.7298 21.1016 21.8064 22.2908 24.2184 26.3267 33.0132 32.9654 21.4463 25.3478 18.556 14.1826 9.70269 7.31291 8.50771 8.42279 7.82815 4.45873 4.05864 5.07602 7.3673 4.37048 3.39424 2.74737 2.13408 1.76002 1.37966 1.13853 1.08071 1.14901 1.26248 1.28774 1.1724 1.02222 0.903331 0.824237 0.783186 0.778304 0.809422 0.878699 0.984491 1.105 1.17428 1.12028 0.980239 0.83862 0.727263 0.6461 0.587809 0.544823 0.512138 0.48645 0.465721 0.448457 0.433216 0.418771 0.404196 0.389155 0.373768 0.358512 0.343915 0.330395 0.318085 0.306969 0.296754 0.28703 0.277706 0.268544 0.259363 0.250077 0.240665 0.231146 0.221588 0.212104 0.202717 0.193552 0.184685 0.17616 0.168002 0.160225 3.45174
# Age-structure at Ydeclare= 2013
 279.928 210.856 303.885 340.657 262.766 334.409 171.717 124.167 87.7724 63.7891 118.807 228.783 58.8032 44.8121 76.9565 51.0491 28.1629 23.2526 24.7319 54.7453 55.7098 24.0759 18.8144 19.1512 19.7903 20.2294 21.9781 23.8906 29.9572 29.9126 19.4593 22.9983 16.8352 12.8669 8.80221 6.63399 7.71762 7.64037 7.10077 4.04432 3.68132 4.60401 6.68206 3.96389 3.0784 2.49167 1.93543 1.59617 1.2512 1.0325 0.980062 1.04199 1.14489 1.16778 1.06319 0.926993 0.819177 0.747449 0.710222 0.705793 0.734011 0.796833 0.892768 1.00205 1.06487 1.0159 0.888907 0.760482 0.6595 0.585899 0.53304 0.494058 0.464419 0.441124 0.422326 0.406671 0.39285 0.37975 0.366534 0.352894 0.338941 0.325106 0.311869 0.299609 0.288447 0.278366 0.269102 0.260285 0.25183 0.243521 0.235196 0.226776 0.21824 0.209608 0.200941 0.19234 0.183828 0.175518 0.167477 0.159746 3.42776
# Year for Tmin Age-structure (set to Ydecl by SS)
2013
#  recruitment and biomass
# Number of historical assessment years
137
# Historical data
# year recruitment spawner in B0 in R project in R/S project
1888  1889 1890 1891 1892 1893 1894 1895 1896 1897 1898 1899 1900 1901 1902 1903 1904 1905 1906 1907 1908 1909 1910 1911 1912 1913 1914 1915 1916 1917 1918 1919 1920 1921 1922 1923 1924 1925 1926 1927 1928 1929 1930 1931 1932 1933 1934 1935 1936 1937 1938 1939 1940 1941 1942 1943 1944 1945 1946 1947 1948 1949 1950 1951 1952 1953 1954 1955 1956 1957 1958 1959 1960 1961 1962 1963 1964 1965 1966 1967 1968 1969 1970 1971 1972 1973 1974 1975 1976 1977 1978 1979 1980 1981 1982 1983 1984 1985 1986 1987 1988 1989 1990 1991 1992 1993 1994 1995 1996 1997 1998 1999 2000 2001 2002 2003 2004 2005 2006 2007 2008 2009 2010 2011 2012 2013 2014 2015 2016 2017 2018 2019 2020 2021 2022 2023 2024 #years (with first value representing R0)
224.761 228.398 228.526 228.659 228.797 228.931 229.069 229.214 229.369 229.532 229.702 229.879 230.065 230.258 230.461 230.669 230.889 231.124 231.372 231.647 231.943 232.261 232.601 232.957 233.328 233.696 234.037 234.308 234.463 234.441 234.161 233.509 232.496 231.046 229.142 226.808 224.103 221.125 218.027 214.977 212.016 209.381 207.191 205.376 203.786 202.144 200.169 197.67 194.669 191.402 188.316 185.898 184.619 184.864 187.113 192.136 201.056 215.489 236.634 263.408 286.666 286.101 256.294 217.343 184.61 161.807 148.01 141.654 141.746 147.651 158.731 172.84 180.088 167.306 144.087 128.008 127.077 144.643 172.682 195.029 232.573 264.426 311.085 475.286 294.309 209.689 203.548 313.201 293.005 255.33 187.88 211.776 261.1 286.32 326.077 229.147 292.316 243.322 162.164 125.697 98.5252 83.1205 70.3823 61.4168 70.8914 150.145 136.798 57.863 51.309 58.8732 101.393 145.448 80.6725 100.893 374.335 185.485 95.0869 125.001 169.045 223.593 416.592 313.235 388.623 331.777 220.319 279.928 147.64 159.566 113.548 143.139 148.37 154.152 171.728 176.564 181.485 184.449 187.012  #recruits; first value is R0 (virgin)
1138.89  1138.89 1138.88 1138.87 1138.84 1138.38 1137.92 1137.45 1137.3 1137.23 1137.15 1137.09 1137.03 1136.98 1136.94 1136.94 1136.96 1137 1137.08 1137.19 1137.32 1137.36 1137.53 1137.72 1137.93 1138.15 1138.38 1138.63 1138.81 1139.08 1139.19 1137.27 1136.94 1136.75 1136.63 1136.82 1136.94 1136.54 1135.8 1134.27 1132.04 1129.92 1128.27 1126.28 1125.32 1124.52 1123.71 1122.35 1120.94 1118.51 1116.29 1113.7 1111.67 1108.4 1103.53 1098.21 1088.28 1077.55 1061.47 1046.55 1039.3 1030.95 1024.29 1016.85 1007.75 999.696 993.45 986.072 979.154 972.293 964.453 957.435 951.65 947.131 944.529 941.232 939.44 938.854 928.436 924.986 919.665 913.925 898.966 888.608 874.994 858.123 839.815 819.699 799.959 777.468 755.384 720.704 684.377 656.848 621.87 564.62 516.047 488.073 451.056 421.749 394.594 371.463 342.274 321.699 287.459 256.491 226.846 211.061 194.942 177.336 156.836 150.196 139.288 140.271 140.705 146.306 152.153 158.251 164.351 170.761 176.701 183.05 189.417 196.622 204.281 212.434 221.626 231.89 242.734 254.888 267.291 281.323 296.654 314.342 333.571 352.951 372.601 #spbio; first value is SSB_virgin (virgin)
1 0 0 0 0 0 0 0 0 0 0 0 0 0 0 0 0 0 0 0 0 0 0 0 0 0 0 0 0 0 0 0 0 0 0 0 0 0 0 0 0 0 0 0 0 0 0 0 0 0 0 0 0 0 0 0 0 0 0 0 0 0 0 0 0 0 0 0 0 0 0 0 0 0 0 0 0 0 0 0 0 0 0 0 0 0 0 0 0 0 0 0 0 0 0 0 0 0 0 0 0 0 0 0 0 0 0 0 0 0 0 0 0 0 0 0 0 0 0 0 0 0 0 0 0 0 0 0 0 0 0 0 0 0 0 0 0  # in Bzero
0 1 1 1 1 1 1 1 1 1 1 1 1 1 1 1 1 1 1 1 1 1 1 1 1 1 1 1 1 1 1 1 1 1 1 1 1 1 1 1 1 1 1 1 1 1 1 1 1 1 1 1 1 1 1 1 1 1 1 1 1 1 1 1 1 1 1 1 1 1 1 1 1 1 1 1 1 1 1 1 1 1 1 1 1 1 1 1 1 1 1 1 1 1 1 1 1 1 1 1 1 1 1 1 1 1 1 1 1 1 1 1 1 1 1 1 1 1 1 1 1 1 1 1 1 1 1 1 1 1 1 1 1 1  0 0 0 # in R project
0 1 1 1 1 1 1 1 1 1 1 1 1 1 1 1 1 1 1 1 1 1 1 1 1 1 1 1 1 1 1 1 1 1 1 1 1 1 1 1 1 1 1 1 1 1 1 1 1 1 1 1 1 1 1 1 1 1 1 1 1 1 1 1 1 1 1 1 1 1 1 1 1 1 1 1 1 1 1 1 1 1 1 1 1 1 1 1 1 1 1 1 1 1 1 1 1 1 1 1 1 1 1 1 1 1 1 1 1 1 1 1 1 1 1 1 1 1 1 1 1 1 1 1 1 1 1 1 1 1 1 1 1 1  0 0 0 # in R/S project
# Number of years with pre-specified catches
0
# catches for years with pre-specified catches go next
# Number of future recruitments to override
-2
# Process for overiding (-1 for average otherwise index in data list)
# Which probability to product detailed results for (1=0.5; 2=0.6; etc.)
3
# Steepness sigma-R Auto-correlation
0.718 0.5 0
# Target SPR rate (FMSY Proxy); manually change to SPR_MSY if not using SPR_target
0.5
# Discount rate (for cumulative catch)
0.1
# Truncate the series when 0.4B0 is reached (1=Yes)
0
# Set F to FMSY once 0.4B0 is reached (1=Yes)
0
# Maximum possible F for projection (-1 to set to FMSY)
-1
# Defintion of recovery (1=now only;2=now or before)
2
# Projection type
4
# Definition of the 40-10 rule
10 40
# Sigma Assessment Error (Base, Year1, Slope, MaxSigma)
1.0 2025 0.075 2.0
# Pstar
0.45
# Constrain catches by the ABC (1=yes, 2=no)
2
# Implementation Error (0=no; 1=lognormal; 2=uniform)
0
#Parameters of Implementaion Error
1 0.3
# Calculate coefficients of variation (1=Yes)
0
# Number of replicates to use
10
# Random number seed
-99004
# File with multiple parameter vectors 
rebuild.SSO
# User-specific projection (1=Yes); Output replaced (1->9)
0  5
# Catches and Fs (Year; 1/2/3 (F or C or SPR); value); Final row is -1
2024 1 1
-1 -1 -1
# Fixed catch project (1=Yes); Output replaced (1->9); Approach (-1=Read in else 1-9)
0 2 -1
# (48a) Special catch options (1-Yes) [CUT_OFF, Emsy, distribution, MAXCAT, Add, replace_code]
0 0.18 1.00 1.00 0 6
# (48b) B1Target
150000
# Split of Fs
2011  0.0177406
 0
 0.415625
 0.0236797
 0.181046
 0.191755
 0.170154
-1  1 1 1 1 1 1 1 1 1 1 1 1
# Yrs to define T_target for projection type 4 (a.k.a. 5 pre-specified inputs)
2030 2031 2032 2033 2034 
# Year for probability of recovery
2034 2035 2036 2037 2038 2039 2040 2041
# Time varying weight-at-age (1=Yes;0=No)
0
# File with time series of weight-at-age data
none
# Use bisection (0) or linear interpolation (1)
1
# Target Depletion
0.4
# CV of implementation error
0
