#Title, #runnumber: 1 yelloweye_data.ss yelloweye_control.ss 6438.61 1159.57 414.311 StartTime: Thu May  1 10:17:48 2025
SSv3_default_rebuild.dat
# Number of sexes
1
# Age range to consider (minimum age; maximum age)
0 100
# Number of fleets
7
# First year of projection (Yinit)
2011
# First Year of rebuilding period (Ydecl)
2013
# Number of simulations
1000
# Maximum number of years
500
# Conduct projections with multiple starting values (0=No;else yes)
0
# Number of parameter vectors
1000
# Is the maximum age a plus-group (1=Yes;2=No)
1
# Generate future recruitments using historical recruitments (1)  historical recruits/spawner (2)  or a stock-recruitment (3)
3
# Constant fishing mortality (1) or constant Catch (2) projections
1
# Fishing mortality based on SPR (1) or actual rate (2)
1
# Pre-specify the year of recovery (or -1) to ignore
-1
# Fecundity-at-age
# 0 1 2 3 4 5 6 7 8 9 10 11 12 13 14 15 16 17 18 19 20 21 22 23 24 25 26 27 28 29 30 31 32 33 34 35 36 37 38 39 40 41 42 43 44 45 46 47 48 49 50 51 52 53 54 55 56 57 58 59 60 61 62 63 64 65 66 67 68 69 70 71 72 73 74 75 76 77 78 79 80 81 82 83 84 85 86 87 88 89 90 91 92 93 94 95 96 97 98 99 100 #runnumber: 1 yelloweye_data.ss yelloweye_control.ss 6438.61 1159.57 414.311
 0 0 2.63551e-09 5.64661e-08 7.35892e-07 6.72155e-06 4.68432e-05 0.000259642 0.0011567 0.00411564 0.0117012 0.0270794 0.0525977 0.088657 0.133692 0.185008 0.239757 0.29557 0.350781 0.404374 0.45582 0.504906 0.551595 0.595941 0.638034 0.677973 0.715851 0.751755 0.785764 0.81795 0.848382 0.877126 0.904247 0.929808 0.953873 0.976507 0.997772 1.01773 1.03645 1.05399 1.07041 1.08577 1.10013 1.11354 1.12606 1.13775 1.14864 1.1588 1.16826 1.17707 1.18527 1.1929 1.2 1.20659 1.21273 1.21843 1.22373 1.22865 1.23322 1.23746 1.2414 1.24506 1.24845 1.2516 1.25452 1.25723 1.25974 1.26207 1.26423 1.26623 1.26809 1.26984 1.27146 1.27297 1.27436 1.27566 1.27685 1.27796 1.27899 1.27995 1.28083 1.28165 1.28241 1.28311 1.28376 1.28436 1.28492 1.28544 1.28592 1.28636 1.28678 1.28716 1.28751 1.28784 1.28814 1.28842 1.28868 1.28892 1.28914 1.28935 1.28965 #female fecundity; weighted by N in year Y_init across morphs and areas
# Age specific selectivity and weight adjusted for discard and discard mortality
 #wt and selex for gender,fleet: 1 1 1_CA_TWL
 0.00896707 0.00908263 0.0275257 0.0694388 0.132521 0.215778 0.316212 0.430339 0.554785 0.68657 0.823249 0.963076 1.10513 1.24915 1.39515 1.54296 1.69201 1.84136 1.98988 2.1364 2.27988 2.41946 2.55447 2.68444 2.80904 2.92809 3.04149 3.14923 3.25137 3.34799 3.43924 3.52526 3.60625 3.68239 3.75389 3.82095 3.88379 3.94262 3.99765 4.04909 4.09712 4.14196 4.18379 4.22278 4.25912 4.29296 4.32447 4.35379 4.38107 4.40644 4.43002 4.45194 4.4723 4.49122 4.50879 4.5251 4.54025 4.5543 4.56735 4.57945 4.59068 4.6011 4.61076 4.61972 4.62803 4.63573 4.64287 4.64949 4.65563 4.66132 4.66663 4.67158 4.67617 4.68042 4.68436 4.68802 4.6914 4.69453 4.69744 4.70013 4.70262 4.70493 4.70707 4.70906 4.71089 4.71259 4.71417 4.71563 4.71698 4.71824 4.7194 4.72047 4.72147 4.72239 4.72324 4.72403 4.72477 4.72544 4.72607 4.72665 4.7275
 0 0.00102344 0.00228509 0.00885579 0.0268004 0.0644969 0.128677 0.22054 0.334399 0.459419 0.583071 0.69452 0.78687 0.857805 0.908763 0.943336 0.965707 0.979645 0.988079 0.993073 0.995988 0.997674 0.998645 0.999204 0.999528 0.999716 0.999827 0.999892 0.999932 0.999956 0.999971 0.99998 0.999986 0.99999 0.999992 0.999994 0.999995 0.999996 0.999996 0.999997 0.999997 0.999997 0.999997 0.999997 0.999997 0.999997 0.999997 0.999997 0.999997 0.999997 0.999997 0.999997 0.999997 0.999997 0.999997 0.999997 0.999997 0.999997 0.999997 0.999997 0.999997 0.999997 0.999997 0.999997 0.999997 0.999997 0.999997 0.999997 0.999997 0.999997 0.999997 0.999997 0.999997 0.999997 0.999997 0.999997 0.999997 0.999997 0.999997 0.999997 0.999997 0.999997 0.999997 0.999997 0.999997 0.999997 0.999997 0.999997 0.999997 0.999997 0.999997 0.999997 0.999997 0.999997 0.999997 0.999997 0.999997 0.999997 0.999997 0.999997 0.999997
 #wt and selex for gender,fleet: 1 3 3_CA_REC
 0.00896707 0.00908255 0.0266213 0.0667469 0.127236 0.20717 0.303818 0.41396 0.534444 0.662502 0.796043 0.933926 1.07584 1.22173 1.37122 1.52339 1.6769 1.83026 1.98203 2.13103 2.27629 2.41709 2.55293 2.68344 2.80839 2.92767 3.04121 3.14905 3.25125 3.34791 3.43918 3.52523 3.60622 3.68237 3.75387 3.82094 3.88379 3.94262 3.99765 4.04908 4.09712 4.14196 4.18379 4.22278 4.25912 4.29296 4.32447 4.35379 4.38107 4.40644 4.43002 4.45194 4.4723 4.49122 4.50879 4.5251 4.54025 4.5543 4.56735 4.57945 4.59068 4.6011 4.61076 4.61972 4.62803 4.63573 4.64287 4.64949 4.65563 4.66132 4.66663 4.67158 4.67617 4.68042 4.68436 4.68802 4.6914 4.69454 4.69744 4.70013 4.70262 4.70493 4.70707 4.70906 4.71089 4.7126 4.71417 4.71563 4.71698 4.71824 4.7194 4.72047 4.72147 4.72239 4.72324 4.72403 4.72477 4.72545 4.72607 4.72666 4.7275
 0 0.00380912 0.00782766 0.0247123 0.0626299 0.129757 0.2281 0.351152 0.485886 0.617217 0.732424 0.824059 0.890655 0.935313 0.963269 0.979808 0.989165 0.994282 0.997012 0.998445 0.99919 0.999576 0.999776 0.99988 0.999935 0.999964 0.99998 0.999988 0.999993 0.999996 0.999997 0.999998 0.999999 0.999999 0.999999 0.999999 0.999999 0.999999 0.999999 0.999999 0.999999 0.999999 0.999999 0.999999 0.999999 0.999999 0.999999 0.999999 0.999999 0.999999 0.999999 0.999999 0.999999 0.999999 0.999999 0.999999 0.999999 0.999999 0.999999 0.999999 0.999999 0.999999 0.999999 0.999999 0.999999 0.999999 0.999999 0.999999 0.999999 0.999999 0.999999 0.999999 0.999999 0.999999 0.999999 0.999999 0.999999 0.999999 0.999999 0.999999 0.999999 0.999999 0.999999 0.999999 0.999999 0.999999 0.999999 0.999999 0.999999 0.999999 0.999999 0.999999 0.999999 0.999999 0.999999 0.999999 0.999999 0.999999 0.999999 0.999999 0.999999
 #wt and selex for gender,fleet: 1 4 4_ORWA_TWL
 0.00896707 0.00908244 0.0254433 0.0633864 0.121265 0.198503 0.292906 0.401661 0.521856 0.65078 0.786165 0.926441 1.07077 1.21868 1.36963 1.52271 1.67672 1.8303 1.98215 2.13115 2.27639 2.41717 2.55298 2.68347 2.80842 2.92768 3.04122 3.14906 3.25125 3.34791 3.43918 3.52522 3.60622 3.68237 3.75387 3.82094 3.88378 3.94262 3.99765 4.04908 4.09712 4.14196 4.18378 4.22278 4.25912 4.29296 4.32447 4.35379 4.38107 4.40643 4.43002 4.45193 4.4723 4.49122 4.50879 4.5251 4.54024 4.5543 4.56734 4.57945 4.59068 4.60109 4.61075 4.61971 4.62802 4.63573 4.64287 4.64949 4.65563 4.66132 4.66663 4.67158 4.67617 4.68042 4.68436 4.68801 4.6914 4.69453 4.69744 4.70013 4.70262 4.70493 4.70707 4.70905 4.71089 4.71259 4.71417 4.71563 4.71698 4.71823 4.71939 4.72047 4.72146 4.72238 4.72324 4.72403 4.72476 4.72544 4.72607 4.72665 4.7275
 0 0.0119095 0.0220047 0.0531746 0.108786 0.191535 0.298102 0.419612 0.544422 0.661293 0.761744 0.841289 0.899545 0.939245 0.964642 0.980047 0.989 0.994034 0.996796 0.998287 0.999083 0.999507 0.999732 0.999852 0.999916 0.999951 0.99997 0.999981 0.999987 0.99999 0.999992 0.999992 0.999993 0.999993 0.999993 0.999993 0.999993 0.999993 0.999993 0.999992 0.999992 0.999992 0.999992 0.999992 0.999991 0.999991 0.999991 0.999991 0.999991 0.999991 0.999991 0.999991 0.999991 0.99999 0.99999 0.99999 0.99999 0.99999 0.99999 0.99999 0.99999 0.99999 0.99999 0.99999 0.99999 0.99999 0.99999 0.99999 0.99999 0.99999 0.99999 0.99999 0.99999 0.99999 0.99999 0.99999 0.99999 0.99999 0.999989 0.999989 0.999989 0.999989 0.999989 0.999989 0.999989 0.999989 0.999989 0.999989 0.999989 0.999989 0.999989 0.999989 0.999989 0.999989 0.999989 0.999989 0.999989 0.999989 0.999989 0.999989 0.999989
 #wt and selex for gender,fleet: 1 5 5_ORWA_NONTWL
 0.00896707 0.00908256 0.0268557 0.0679681 0.130787 0.2149 0.317828 0.436351 0.567136 0.707059 0.853358 1.00366 1.156 1.30878 1.46075 1.61103 1.75906 1.90445 2.04698 2.18643 2.32256 2.45509 2.58373 2.70816 2.8281 2.94332 3.05362 3.15888 3.25906 3.35414 3.44417 3.52924 3.60947 3.68502 3.75606 3.82275 3.8853 3.94389 3.99873 4.05001 4.09792 4.14266 4.1844 4.22332 4.2596 4.29339 4.32486 4.35414 4.38139 4.40673 4.43029 4.45219 4.47254 4.49144 4.509 4.5253 4.54043 4.55448 4.56752 4.57961 4.59084 4.60125 4.6109 4.61986 4.62816 4.63586 4.643 4.64962 4.65576 4.66144 4.66675 4.6717 4.67629 4.68054 4.68448 4.68813 4.69151 4.69465 4.69755 4.70024 4.70273 4.70504 4.70718 4.70916 4.711 4.7127 4.71428 4.71574 4.71709 4.71834 4.7195 4.72058 4.72157 4.72249 4.72335 4.72414 4.72487 4.72555 4.72618 4.72676 4.7276
 0 0.000659073 0.00138052 0.00468033 0.0130875 0.0304498 0.060754 0.106738 0.168859 0.24505 0.331247 0.422347 0.513198 0.599356 0.677524 0.745701 0.803108 0.849961 0.887172 0.916044 0.938013 0.954469 0.966646 0.975576 0.982085 0.986814 0.990245 0.992737 0.994551 0.995878 0.996852 0.997573 0.99811 0.998512 0.998816 0.999048 0.999227 0.999365 0.999473 0.999558 0.999626 0.999681 0.999725 0.999761 0.99979 0.999814 0.999835 0.999851 0.999866 0.999878 0.999888 0.999897 0.999905 0.999911 0.999917 0.999922 0.999926 0.99993 0.999934 0.999937 0.999939 0.999942 0.999944 0.999946 0.999948 0.999949 0.999951 0.999952 0.999953 0.999954 0.999955 0.999956 0.999956 0.999957 0.999957 0.999958 0.999958 0.999958 0.999959 0.999959 0.999959 0.99996 0.99996 0.99996 0.99996 0.99996 0.999961 0.999961 0.999961 0.999961 0.999961 0.999961 0.999961 0.999962 0.999962 0.999962 0.999962 0.999962 0.999962 0.999962 0.999962
 #wt and selex for gender,fleet: 1 6 6_OR_REC
 0.00896707 0.00908364 0.0348651 0.0859037 0.157955 0.246561 0.346169 0.4522 0.561885 0.675197 0.79445 0.922242 1.05959 1.20549 1.3576 1.51319 1.66983 1.82559 1.97903 2.12909 2.27499 2.41616 2.5522 2.6828 2.8078 2.92708 3.04062 3.14844 3.25061 3.34725 3.43849 3.52451 3.60548 3.68161 3.75309 3.82013 3.88296 3.94177 3.99679 4.0482 4.09623 4.14105 4.18287 4.22185 4.25818 4.29201 4.32351 4.35282 4.38009 4.40545 4.42903 4.45094 4.4713 4.49021 4.50777 4.52408 4.53922 4.55327 4.56631 4.57841 4.58964 4.60005 4.60971 4.61867 4.62697 4.63468 4.64182 4.64844 4.65457 4.66026 4.66557 4.67052 4.6751 4.67935 4.68329 4.68694 4.69032 4.69346 4.69636 4.69905 4.70154 4.70385 4.70599 4.70797 4.70981 4.71151 4.71308 4.71454 4.71589 4.71715 4.71831 4.71938 4.72038 4.7213 4.72215 4.72294 4.72367 4.72435 4.72498 4.72556 4.72641
 0 1.82485e-05 8.89952e-05 0.00138033 0.0107992 0.0482875 0.140602 0.295714 0.486785 0.668713 0.808735 0.899546 0.951071 0.977469 0.989987 0.995578 0.997945 0.998883 0.999207 0.999271 0.999226 0.999135 0.999027 0.998912 0.998796 0.998681 0.998569 0.998461 0.998357 0.998258 0.998163 0.998072 0.997987 0.997905 0.997829 0.997757 0.997689 0.997625 0.997565 0.997508 0.997456 0.997406 0.99736 0.997317 0.997277 0.99724 0.997205 0.997172 0.997142 0.997113 0.997087 0.997063 0.99704 0.997019 0.996999 0.996981 0.996964 0.996948 0.996934 0.99692 0.996907 0.996896 0.996885 0.996875 0.996865 0.996857 0.996849 0.996841 0.996834 0.996828 0.996822 0.996816 0.996811 0.996806 0.996802 0.996798 0.996794 0.99679 0.996787 0.996784 0.996781 0.996779 0.996776 0.996774 0.996772 0.99677 0.996768 0.996767 0.996765 0.996764 0.996762 0.996761 0.99676 0.996759 0.996758 0.996757 0.996756 0.996756 0.996755 0.996754 0.996753
 #wt and selex for gender,fleet: 1 7 7_WA_REC
 0.00896707 0.00908363 0.0350687 0.0880666 0.165153 0.262616 0.3749 0.496863 0.624369 0.754389 0.885069 1.01589 1.14751 1.28123 1.41812 1.55858 1.70214 1.84765 1.99363 2.13857 2.28109 2.42012 2.55482 2.68461 2.80913 2.92813 3.0415 3.14924 3.25137 3.34799 3.43923 3.52526 3.60625 3.68239 3.75389 3.82095 3.88379 3.94262 3.99765 4.04909 4.09712 4.14196 4.18379 4.22278 4.25912 4.29296 4.32447 4.35379 4.38107 4.40644 4.43002 4.45194 4.4723 4.49122 4.50879 4.5251 4.54025 4.5543 4.56735 4.57945 4.59068 4.6011 4.61076 4.61972 4.62803 4.63573 4.64287 4.64949 4.65563 4.66132 4.66663 4.67158 4.67617 4.68042 4.68436 4.68802 4.6914 4.69454 4.69744 4.70013 4.70262 4.70493 4.70707 4.70906 4.71089 4.7126 4.71417 4.71563 4.71698 4.71824 4.7194 4.72047 4.72147 4.72239 4.72324 4.72403 4.72477 4.72545 4.72607 4.72666 4.7275
 0 1.69521e-06 8.32659e-06 0.000142236 0.00133111 0.00746673 0.0279127 0.0759382 0.161241 0.282184 0.424711 0.568646 0.696301 0.797866 0.871753 0.921749 0.95369 0.973207 0.984738 0.991388 0.99516 0.997278 0.998462 0.999124 0.999496 0.999706 0.999826 0.999895 0.999936 0.99996 0.999974 0.999983 0.999989 0.999992 0.999995 0.999996 0.999997 0.999998 0.999998 0.999999 0.999999 0.999999 0.999999 0.999999 0.999999 0.999999 0.999999 0.999999 0.999999 0.999999 0.999999 0.999999 0.999999 0.999999 0.999999 0.999999 0.999999 0.999999 0.999999 0.999999 0.999999 0.999999 0.999999 0.999999 0.999999 0.999999 0.999999 0.999999 0.999999 0.999999 0.999999 0.999999 0.999999 0.999999 0.999999 0.999999 0.999999 0.999999 0.999999 0.999999 0.999999 0.999999 0.999999 0.999999 0.999999 0.999999 0.999999 0.999999 0.999999 0.999999 0.999999 0.999999 0.999999 0.999999 0.999999 0.999999 0.999999 0.999999 0.999999 0.999999 0.999999
# Sex ratio correction
1
# M and current age-structure in year Yinit: 2011
 # gender = 1
 0.0439034 0.0439034 0.0439034 0.0439034 0.0439034 0.0439034 0.0439034 0.0439034 0.0439034 0.0439034 0.0439034 0.0439034 0.0439034 0.0439034 0.0439034 0.0439034 0.0439034 0.0439034 0.0439034 0.0439034 0.0439034 0.0439034 0.0439034 0.0439034 0.0439034 0.0439034 0.0439034 0.0439034 0.0439034 0.0439034 0.0439034 0.0439034 0.0439034 0.0439034 0.0439034 0.0439034 0.0439034 0.0439034 0.0439034 0.0439034 0.0439034 0.0439034 0.0439034 0.0439034 0.0439034 0.0439034 0.0439034 0.0439034 0.0439034 0.0439034 0.0439034 0.0439034 0.0439034 0.0439034 0.0439034 0.0439034 0.0439034 0.0439034 0.0439034 0.0439034 0.0439034 0.0439034 0.0439034 0.0439034 0.0439034 0.0439034 0.0439034 0.0439034 0.0439034 0.0439034 0.0439034 0.0439034 0.0439034 0.0439034 0.0439034 0.0439034 0.0439034 0.0439034 0.0439034 0.0439034 0.0439034 0.0439034 0.0439034 0.0439034 0.0439034 0.0439034 0.0439034 0.0439034 0.0439034 0.0439034 0.0439034 0.0439034 0.0439034 0.0439034 0.0439034 0.0439034 0.0439034 0.0439034 0.0439034 0.0439034 0.0439034
 236.834 298.194 318.367 350.182 195.834 178.108 111.178 71.4686 106.513 235.213 61.7207 50.2458 92.5822 60.3681 36.1503 28.5358 28.5707 58.1121 59.8633 30.7296 26.3793 26.001 22.8175 22.4634 28.6706 38.0611 37.1567 26.9405 20.5514 25.3833 22.927 17.7252 12.6447 8.71692 10.1314 8.7813 8.47539 5.12523 4.28866 5.12293 7.3923 4.70356 3.57659 3.10672 2.51154 2.17642 1.73109 1.39932 1.29248 1.33264 1.41619 1.40937 1.27648 1.12073 1.00107 0.922463 0.881867 0.877263 0.908692 0.978488 1.0848 1.2066 1.28443 1.24841 1.11642 0.968399 0.845912 0.754505 0.688276 0.639504 0.602757 0.574313 0.551802 0.53344 0.517494 0.50246 0.487169 0.471135 0.454423 0.437557 0.421157 0.405751 0.391534 0.37853 0.36642 0.354731 0.343385 0.332116 0.320722 0.309112 0.297279 0.285266 0.273177 0.26117 0.249286 0.237694 0.226492 0.215743 0.205479 0.195717 4.14841
# Age-structure at Ydeclare= 2013
 494.195 192.558 216.924 273.122 291.59 320.699 179.307 163.006 101.679 65.2997 97.2113 214.436 56.213 45.7246 84.1982 54.8757 32.8504 25.925 25.9526 52.7814 54.3679 27.9073 23.9557 23.6115 20.7201 20.3981 26.0339 34.5598 33.7375 24.4605 18.6587 23.0446 20.8138 16.0907 11.4783 7.91254 9.19625 7.97053 7.69265 4.65178 3.89239 4.64946 6.70892 4.26864 3.24581 2.81934 2.27918 1.97504 1.5709 1.26981 1.17285 1.20928 1.2851 1.2789 1.15831 1.01697 0.908386 0.837057 0.800218 0.79604 0.824558 0.887891 0.984354 1.09488 1.16551 1.13281 1.01305 0.87873 0.767584 0.684641 0.624544 0.580287 0.546943 0.521133 0.500706 0.484044 0.469574 0.455933 0.442057 0.427507 0.412344 0.397039 0.382158 0.368178 0.355278 0.343478 0.33249 0.321882 0.311587 0.301362 0.291023 0.280488 0.269751 0.258851 0.247881 0.236986 0.226203 0.215684 0.205519 0.195765 4.12832
# Year for Tmin Age-structure (set to Ydecl by SS)
2013
#  recruitment and biomass
# Number of historical assessment years
137
# Historical data
# year recruitment spawner in B0 in R project in R/S project
1888  1889 1890 1891 1892 1893 1894 1895 1896 1897 1898 1899 1900 1901 1902 1903 1904 1905 1906 1907 1908 1909 1910 1911 1912 1913 1914 1915 1916 1917 1918 1919 1920 1921 1922 1923 1924 1925 1926 1927 1928 1929 1930 1931 1932 1933 1934 1935 1936 1937 1938 1939 1940 1941 1942 1943 1944 1945 1946 1947 1948 1949 1950 1951 1952 1953 1954 1955 1956 1957 1958 1959 1960 1961 1962 1963 1964 1965 1966 1967 1968 1969 1970 1971 1972 1973 1974 1975 1976 1977 1978 1979 1980 1981 1982 1983 1984 1985 1986 1987 1988 1989 1990 1991 1992 1993 1994 1995 1996 1997 1998 1999 2000 2001 2002 2003 2004 2005 2006 2007 2008 2009 2010 2011 2012 2013 2014 2015 2016 2017 2018 2019 2020 2021 2022 2023 2024 #years (with first value representing R0)
231.65 238.319 238.558 238.806 239.063 239.321 239.589 239.868 240.164 240.474 240.797 241.135 241.49 241.859 242.247 242.652 243.079 243.532 244.013 244.533 245.09 245.686 246.322 246.994 247.696 248.412 249.112 249.751 250.271 250.601 250.648 250.278 249.492 248.196 246.359 244 241.173 237.984 234.598 231.194 227.806 224.692 221.97 219.556 217.285 214.859 211.993 208.513 204.48 200.183 196.128 192.851 190.858 190.559 192.434 197.221 205.946 219.984 239.955 263.569 280.776 275.151 246.142 210.69 180.9 159.887 146.879 140.469 139.754 144.203 153.437 166.008 173.993 165.827 147.841 135.659 138.706 161.638 190.855 206.033 237.269 252.761 305.396 437.321 273.651 204.927 217.069 315.391 284.761 284.085 209.76 259.242 307.526 334.59 309.934 209.096 228.133 262.267 225.136 143.303 95.9038 84.2735 84.3175 76.2899 80.5214 144.232 130.366 60.2294 56.892 68.4168 108.708 158.824 82.1881 96.3291 350.513 151.652 97.2825 144.748 221.867 233.442 399.487 347.587 311.577 236.834 201.201 494.195 248.514 313.965 224.267 116.13 112.78 118.45 119.027 157.666 176.909 182.002 194.154  #recruits; first value is R0 (virgin)
1159.57  1159.57 1159.56 1159.55 1159.52 1159.06 1158.6 1158.14 1157.99 1157.91 1157.84 1157.79 1157.74 1157.74 1157.79 1157.9 1158.08 1158.32 1158.64 1159.04 1159.49 1159.88 1160.43 1161.03 1161.68 1162.35 1163.07 1163.81 1164.52 1165.33 1166 1164.67 1164.94 1165.36 1165.89 1166.74 1167.55 1167.85 1167.85 1167.08 1165.64 1164.34 1163.53 1162.42 1162.36 1162.48 1162.61 1162.2 1161.75 1160.28 1159.01 1157.35 1156.2 1153.78 1149.72 1145.14 1135.91 1125.82 1110.34 1095.88 1088.95 1080.82 1074.25 1066.79 1057.56 1049.25 1042.61 1034.73 1027.18 1019.58 1010.91 1002.97 996.204 990.655 986.968 982.513 979.464 977.508 965.592 960.515 953.445 945.86 928.994 916.728 901.251 882.612 862.667 841.064 820.001 796.345 773.222 737.638 700.398 671.985 636.053 577.95 528.565 499.602 461.665 431.507 403.71 380.395 351.425 331.18 297.532 267.212 238.119 222.805 207.229 190.087 170.104 164.133 153.877 155.611 156.74 163.052 169.553 176.256 182.918 189.842 196.21 202.911 209.531 216.882 224.55 232.584 241.585 251.607 262.167 274.017 286.096 299.834 314.888 332.327 351.331 370.654 390.746 #spbio; first value is SSB_virgin (virgin)
1 0 0 0 0 0 0 0 0 0 0 0 0 0 0 0 0 0 0 0 0 0 0 0 0 0 0 0 0 0 0 0 0 0 0 0 0 0 0 0 0 0 0 0 0 0 0 0 0 0 0 0 0 0 0 0 0 0 0 0 0 0 0 0 0 0 0 0 0 0 0 0 0 0 0 0 0 0 0 0 0 0 0 0 0 0 0 0 0 0 0 0 0 0 0 0 0 0 0 0 0 0 0 0 0 0 0 0 0 0 0 0 0 0 0 0 0 0 0 0 0 0 0 0 0 0 0 0 0 0 0 0 0 0 0 0 0  # in Bzero
0 1 1 1 1 1 1 1 1 1 1 1 1 1 1 1 1 1 1 1 1 1 1 1 1 1 1 1 1 1 1 1 1 1 1 1 1 1 1 1 1 1 1 1 1 1 1 1 1 1 1 1 1 1 1 1 1 1 1 1 1 1 1 1 1 1 1 1 1 1 1 1 1 1 1 1 1 1 1 1 1 1 1 1 1 1 1 1 1 1 1 1 1 1 1 1 1 1 1 1 1 1 1 1 1 1 1 1 1 1 1 1 1 1 1 1 1 1 1 1 1 1 1 1 1 1 1 1 1 1 1 1 1 1  0 0 0 # in R project
0 1 1 1 1 1 1 1 1 1 1 1 1 1 1 1 1 1 1 1 1 1 1 1 1 1 1 1 1 1 1 1 1 1 1 1 1 1 1 1 1 1 1 1 1 1 1 1 1 1 1 1 1 1 1 1 1 1 1 1 1 1 1 1 1 1 1 1 1 1 1 1 1 1 1 1 1 1 1 1 1 1 1 1 1 1 1 1 1 1 1 1 1 1 1 1 1 1 1 1 1 1 1 1 1 1 1 1 1 1 1 1 1 1 1 1 1 1 1 1 1 1 1 1 1 1 1 1 1 1 1 1 1 1  0 0 0 # in R/S project
# Number of years with pre-specified catches
0
# catches for years with pre-specified catches go next
# Number of future recruitments to override
-2
# Process for overiding (-1 for average otherwise index in data list)
# Which probability to product detailed results for (1=0.5; 2=0.6; etc.)
3
# Steepness sigma-R Auto-correlation
0.718 0.5 0
# Target SPR rate (FMSY Proxy); manually change to SPR_MSY if not using SPR_target
0.5
# Discount rate (for cumulative catch)
0.1
# Truncate the series when 0.4B0 is reached (1=Yes)
0
# Set F to FMSY once 0.4B0 is reached (1=Yes)
0
# Maximum possible F for projection (-1 to set to FMSY)
-1
# Defintion of recovery (1=now only;2=now or before)
2
# Projection type
4
# Definition of the 40-10 rule
10 40
# Sigma Assessment Error (Base, Year1, Slope, MaxSigma)
1.0 2025 0.075 2.0
# Pstar
0.45
# Constrain catches by the ABC (1=yes, 2=no)
2
# Implementation Error (0=no; 1=lognormal; 2=uniform)
0
#Parameters of Implementaion Error
1 0.3
# Calculate coefficients of variation (1=Yes)
0
# Number of replicates to use
10
# Random number seed
-99004
# File with multiple parameter vectors 
rebuild.SSO
# User-specific projection (1=Yes); Output replaced (1->9)
0  5
# Catches and Fs (Year; 1/2/3 (F or C or SPR); value); Final row is -1
2024 1 1
-1 -1 -1
# Fixed catch project (1=Yes); Output replaced (1->9); Approach (-1=Read in else 1-9)
0 2 -1
# (48a) Special catch options (1-Yes) [CUT_OFF, Emsy, distribution, MAXCAT, Add, replace_code]
0 0.18 1.00 1.00 0 6
# (48b) B1Target
150000
# Split of Fs
2011  0.0176304
 0
 0.415786
 0.0228731
 0.183474
 0.189121
 0.171115
-1  1 1 1 1 1 1 1 1 1 1 1 1
# Yrs to define T_target for projection type 4 (a.k.a. 5 pre-specified inputs)
2030 2031 2032 2033 2034 
# Year for probability of recovery
2034 2035 2036 2037 2038 2039 2040 2041
# Time varying weight-at-age (1=Yes;0=No)
0
# File with time series of weight-at-age data
none
# Use bisection (0) or linear interpolation (1)
1
# Target Depletion
0.4
# CV of implementation error
0
