#Title, #runnumber: 1 yelloweye_data.ss yelloweye_control.ss 7248.85 1108.03 370.698 StartTime: Thu May  1 10:15:18 2025
SSv3_default_rebuild.dat
# Number of sexes
1
# Age range to consider (minimum age; maximum age)
0 100
# Number of fleets
7
# First year of projection (Yinit)
2011
# First Year of rebuilding period (Ydecl)
2013
# Number of simulations
1000
# Maximum number of years
500
# Conduct projections with multiple starting values (0=No;else yes)
0
# Number of parameter vectors
1000
# Is the maximum age a plus-group (1=Yes;2=No)
1
# Generate future recruitments using historical recruitments (1)  historical recruits/spawner (2)  or a stock-recruitment (3)
3
# Constant fishing mortality (1) or constant Catch (2) projections
1
# Fishing mortality based on SPR (1) or actual rate (2)
1
# Pre-specify the year of recovery (or -1) to ignore
-1
# Fecundity-at-age
# 0 1 2 3 4 5 6 7 8 9 10 11 12 13 14 15 16 17 18 19 20 21 22 23 24 25 26 27 28 29 30 31 32 33 34 35 36 37 38 39 40 41 42 43 44 45 46 47 48 49 50 51 52 53 54 55 56 57 58 59 60 61 62 63 64 65 66 67 68 69 70 71 72 73 74 75 76 77 78 79 80 81 82 83 84 85 86 87 88 89 90 91 92 93 94 95 96 97 98 99 100 #runnumber: 1 yelloweye_data.ss yelloweye_control.ss 7248.85 1108.03 370.698
 0 0 2.57991e-09 5.45144e-08 7.02571e-07 6.36265e-06 4.40765e-05 0.000243672 0.00108828 0.00390353 0.0112263 0.0262932 0.0516115 0.0877241 0.133102 0.184987 0.240422 0.296947 0.352839 0.407063 0.459094 0.508731 0.555957 0.600838 0.643472 0.683963 0.722407 0.758889 0.793486 0.826267 0.857297 0.88664 0.914356 0.940507 0.965153 0.988357 1.01018 1.03068 1.04993 1.06798 1.08489 1.10073 1.11554 1.1294 1.14234 1.15442 1.1657 1.17623 1.18604 1.19518 1.2037 1.21163 1.21901 1.22588 1.23227 1.23821 1.24374 1.24888 1.25365 1.25808 1.2622 1.26603 1.26959 1.27288 1.27595 1.27879 1.28143 1.28388 1.28615 1.28826 1.29022 1.29206 1.29377 1.29536 1.29683 1.2982 1.29946 1.30064 1.30172 1.30273 1.30367 1.30454 1.30534 1.30609 1.30678 1.30742 1.30801 1.30856 1.30907 1.30955 1.30999 1.31039 1.31077 1.31112 1.31144 1.31174 1.31202 1.31228 1.31252 1.31274 1.31306 #female fecundity; weighted by N in year Y_init across morphs and areas
# Age specific selectivity and weight adjusted for discard and discard mortality
 #wt and selex for gender,fleet: 1 1 1_CA_TWL
 0.00896707 0.00906945 0.0271534 0.0683416 0.130451 0.212637 0.312081 0.425436 0.549421 0.681101 0.818028 0.958409 1.10125 1.24627 1.39346 1.54265 1.69327 1.84436 1.99472 2.14316 2.28862 2.43019 2.56721 2.6992 2.82583 2.94689 3.06231 3.17205 3.27616 3.37474 3.46791 3.55581 3.63864 3.71657 3.78981 3.85857 3.92304 3.98345 4.04 4.0929 4.14234 4.18852 4.23164 4.27186 4.30937 4.34433 4.3769 4.40724 4.43548 4.46176 4.48621 4.50895 4.53009 4.54975 4.56801 4.58498 4.60075 4.61539 4.62899 4.64162 4.65334 4.66422 4.67432 4.68369 4.69239 4.70045 4.70794 4.71488 4.72132 4.7273 4.73287 4.73808 4.7429 4.74738 4.75153 4.75537 4.75894 4.76225 4.76531 4.76815 4.77079 4.77323 4.7755 4.7776 4.77954 4.78134 4.78302 4.78457 4.786 4.78733 4.78857 4.78971 4.79077 4.79175 4.79266 4.79351 4.79429 4.79501 4.79569 4.79631 4.79722
 0 0.00106863 0.00235834 0.0090403 0.0271536 0.0650616 0.129512 0.221766 0.336193 0.46195 0.586404 0.698544 0.791285 0.862204 0.912773 0.946712 0.968366 0.981627 0.989494 0.994051 0.996647 0.99811 0.998931 0.99939 0.999649 0.999795 0.999879 0.999927 0.999955 0.999971 0.999981 0.999987 0.999991 0.999993 0.999995 0.999996 0.999996 0.999997 0.999997 0.999997 0.999997 0.999997 0.999997 0.999997 0.999997 0.999997 0.999997 0.999997 0.999997 0.999997 0.999997 0.999997 0.999997 0.999997 0.999997 0.999997 0.999997 0.999997 0.999997 0.999997 0.999997 0.999997 0.999997 0.999997 0.999997 0.999997 0.999997 0.999997 0.999997 0.999997 0.999997 0.999997 0.999997 0.999997 0.999997 0.999997 0.999997 0.999997 0.999997 0.999997 0.999997 0.999997 0.999997 0.999997 0.999997 0.999997 0.999997 0.999997 0.999997 0.999997 0.999997 0.999997 0.999997 0.999997 0.999997 0.999997 0.999997 0.999997 0.999997 0.999997 0.999997
 #wt and selex for gender,fleet: 1 3 3_CA_REC
 0.00896707 0.00906939 0.0262208 0.0656056 0.125174 0.204192 0.300137 0.409943 0.530546 0.659188 0.793665 0.932622 1.07556 1.22237 1.37275 1.52587 1.68047 1.83508 1.98828 2.13884 2.28579 2.42837 2.56606 2.69847 2.82537 2.9466 3.06212 3.17193 3.27609 3.37469 3.46787 3.55579 3.63862 3.71656 3.78981 3.85856 3.92304 3.98345 4.04 4.0929 4.14234 4.18852 4.23164 4.27186 4.30937 4.34433 4.37691 4.40724 4.43548 4.46176 4.48621 4.50895 4.53009 4.54975 4.56801 4.58498 4.60075 4.61539 4.62899 4.64162 4.65334 4.66422 4.67432 4.68369 4.69239 4.70045 4.70794 4.71488 4.72133 4.7273 4.73288 4.73808 4.7429 4.74738 4.75153 4.75537 4.75894 4.76225 4.76531 4.76816 4.77079 4.77323 4.7755 4.7776 4.77954 4.78135 4.78302 4.78457 4.786 4.78733 4.78857 4.78971 4.79077 4.79175 4.79267 4.79351 4.79429 4.79502 4.79569 4.79631 4.79722
 0 0.00402488 0.00813864 0.0250438 0.0623633 0.127873 0.223645 0.343806 0.476242 0.606605 0.722411 0.815841 0.884707 0.93146 0.961002 0.978583 0.988552 0.993998 0.996892 0.998401 0.999178 0.999576 0.999779 0.999884 0.999938 0.999966 0.999981 0.999989 0.999994 0.999996 0.999998 0.999998 0.999999 0.999999 0.999999 0.999999 0.999999 0.999999 0.999999 0.999999 0.999999 0.999999 0.999999 0.999999 0.999999 0.999999 0.999999 0.999999 0.999999 0.999999 0.999999 0.999999 0.999999 0.999999 0.999999 0.999999 0.999999 0.999999 0.999999 0.999999 0.999999 0.999999 0.999999 0.999999 0.999999 0.999999 0.999999 0.999999 0.999999 0.999999 0.999999 0.999999 0.999999 0.999999 0.999999 0.999999 0.999999 0.999999 0.999999 0.999999 0.999999 0.999999 0.999999 0.999999 0.999999 0.999999 0.999999 0.999999 0.999999 0.999999 0.999999 0.999999 0.999999 0.999999 0.999999 0.999999 0.999999 0.999999 0.999999 0.999999 0.999999
 #wt and selex for gender,fleet: 1 4 4_ORWA_TWL
 0.00896707 0.00906931 0.0250638 0.0623011 0.119323 0.195734 0.289555 0.398137 0.518672 0.648472 0.785175 0.926954 1.07265 1.22162 1.37333 1.52705 1.68174 1.83618 1.98913 2.13944 2.28619 2.42864 2.56623 2.69858 2.82543 2.94664 3.06215 3.17195 3.2761 3.3747 3.46788 3.55579 3.63863 3.71656 3.78981 3.85856 3.92304 3.98345 4.04 4.0929 4.14234 4.18852 4.23163 4.27186 4.30937 4.34433 4.3769 4.40724 4.43548 4.46176 4.48621 4.50895 4.53009 4.54975 4.56801 4.58498 4.60075 4.61539 4.62899 4.64162 4.65334 4.66422 4.67432 4.68369 4.69239 4.70045 4.70794 4.71488 4.72132 4.7273 4.73287 4.73808 4.7429 4.74738 4.75152 4.75537 4.75894 4.76225 4.76531 4.76815 4.77079 4.77323 4.7755 4.7776 4.77954 4.78134 4.78302 4.78457 4.786 4.78733 4.78857 4.78971 4.79077 4.79175 4.79266 4.79351 4.79429 4.79501 4.79569 4.79631 4.79722
 0 0.0126288 0.0229614 0.0536668 0.107205 0.185988 0.287212 0.40319 0.523642 0.638371 0.739298 0.821578 0.883882 0.927861 0.956978 0.975208 0.986098 0.992363 0.995864 0.997779 0.998811 0.999363 0.999656 0.999813 0.999897 0.999942 0.999967 0.99998 0.999988 0.999992 0.999994 0.999996 0.999996 0.999997 0.999997 0.999997 0.999997 0.999997 0.999997 0.999997 0.999997 0.999997 0.999997 0.999997 0.999997 0.999997 0.999997 0.999997 0.999997 0.999996 0.999996 0.999996 0.999996 0.999996 0.999996 0.999996 0.999996 0.999996 0.999996 0.999996 0.999996 0.999996 0.999996 0.999996 0.999996 0.999996 0.999996 0.999996 0.999996 0.999996 0.999996 0.999996 0.999996 0.999996 0.999996 0.999996 0.999996 0.999996 0.999996 0.999996 0.999996 0.999996 0.999996 0.999996 0.999996 0.999996 0.999996 0.999996 0.999996 0.999996 0.999996 0.999996 0.999996 0.999996 0.999996 0.999996 0.999996 0.999996 0.999996 0.999996 0.999996
 #wt and selex for gender,fleet: 1 5 5_ORWA_NONTWL
 0.00896707 0.0090694 0.0265337 0.067003 0.128938 0.212056 0.314041 0.431812 0.562132 0.701935 0.848478 0.999393 1.15268 1.3067 1.46015 1.61207 1.7618 1.90893 2.05318 2.19435 2.3322 2.46647 2.59689 2.72315 2.84496 2.96208 3.07431 3.18153 3.28365 3.38067 3.47262 3.55958 3.64167 3.71902 3.79181 3.86021 3.9244 3.98459 4.04096 4.09371 4.14303 4.18912 4.23216 4.27232 4.30977 4.34469 4.37723 4.40753 4.43574 4.462 4.48643 4.50915 4.53028 4.54992 4.56818 4.58514 4.6009 4.61553 4.62912 4.64174 4.65346 4.66434 4.67443 4.6838 4.69249 4.70056 4.70804 4.71498 4.72142 4.72739 4.73297 4.73817 4.74299 4.74746 4.75161 4.75546 4.75902 4.76233 4.7654 4.76824 4.77087 4.77331 4.77558 4.77768 4.77962 4.78143 4.7831 4.78465 4.78608 4.78741 4.78865 4.78979 4.79085 4.79183 4.79274 4.79359 4.79437 4.79509 4.79576 4.79639 4.79729
 0 0.000637801 0.00132513 0.00446705 0.0124563 0.0289812 0.0579371 0.102117 0.162189 0.236388 0.320953 0.411004 0.501496 0.587976 0.667042 0.736524 0.795449 0.843854 0.882509 0.912629 0.935615 0.952857 0.965616 0.97496 0.981752 0.986668 0.990217 0.99278 0.994634 0.995979 0.99696 0.99768 0.998211 0.998606 0.998903 0.999127 0.999297 0.999429 0.99953 0.99961 0.999673 0.999723 0.999763 0.999796 0.999822 0.999844 0.999862 0.999877 0.999889 0.9999 0.999909 0.999917 0.999923 0.999929 0.999934 0.999938 0.999942 0.999945 0.999948 0.999951 0.999953 0.999955 0.999957 0.999958 0.99996 0.999961 0.999962 0.999963 0.999964 0.999965 0.999966 0.999966 0.999967 0.999967 0.999967 0.999968 0.999968 0.999968 0.999969 0.999969 0.999969 0.999969 0.99997 0.99997 0.99997 0.99997 0.99997 0.99997 0.999971 0.999971 0.999971 0.999971 0.999971 0.999971 0.999971 0.999971 0.999971 0.999971 0.999971 0.999971 0.999971
 #wt and selex for gender,fleet: 1 6 6_OR_REC
 0.00896707 0.00907014 0.0341605 0.084128 0.154975 0.242567 0.341573 0.447493 0.557461 0.671223 0.790985 0.919407 1.0576 1.20457 1.35791 1.51484 1.6729 1.83015 1.98515 2.13686 2.28448 2.42745 2.56534 2.69786 2.82479 2.94604 3.06155 3.17134 3.27547 3.37405 3.4672 3.5551 3.63791 3.71582 3.78904 3.85778 3.92224 3.98263 4.03916 4.09204 4.14147 4.18764 4.23074 4.27096 4.30845 4.34341 4.37597 4.4063 4.43453 4.4608 4.48524 4.50798 4.52911 4.54876 4.56702 4.58399 4.59975 4.61439 4.62799 4.64061 4.65233 4.6632 4.6733 4.68267 4.69136 4.69943 4.70691 4.71386 4.72029 4.72627 4.73184 4.73704 4.74186 4.74634 4.75048 4.75433 4.75789 4.7612 4.76426 4.7671 4.76974 4.77218 4.77444 4.77654 4.77849 4.78029 4.78196 4.78351 4.78494 4.78627 4.78751 4.78865 4.78971 4.79069 4.7916 4.79245 4.79323 4.79395 4.79462 4.79525 4.79615
 0 1.84764e-05 8.72424e-05 0.00133912 0.0104743 0.0470851 0.138138 0.292757 0.485016 0.669179 0.810979 0.902346 0.953485 0.97916 0.991022 0.996155 0.998247 0.999034 0.999279 0.999303 0.999238 0.999137 0.999023 0.998904 0.998784 0.998667 0.998553 0.998442 0.998336 0.998234 0.998137 0.998044 0.997956 0.997873 0.997794 0.99772 0.99765 0.997585 0.997523 0.997465 0.99741 0.99736 0.997312 0.997267 0.997226 0.997187 0.997151 0.997117 0.997086 0.997056 0.997029 0.997003 0.99698 0.996958 0.996937 0.996918 0.996901 0.996884 0.996869 0.996855 0.996841 0.996829 0.996818 0.996807 0.996798 0.996788 0.99678 0.996772 0.996765 0.996758 0.996752 0.996746 0.996741 0.996735 0.996731 0.996726 0.996722 0.996719 0.996715 0.996712 0.996709 0.996706 0.996704 0.996701 0.996699 0.996697 0.996695 0.996693 0.996692 0.99669 0.996689 0.996688 0.996686 0.996685 0.996684 0.996683 0.996682 0.996682 0.996681 0.99668 0.996679
 #wt and selex for gender,fleet: 1 7 7_WA_REC
 0.00896707 0.00907009 0.0340005 0.0853782 0.160487 0.256097 0.367033 0.488365 0.616019 0.746917 0.879021 1.01151 1.14478 1.27996 1.41816 1.55987 1.70474 1.85169 1.99925 2.14589 2.29021 2.43111 2.56774 2.6995 2.82599 2.94699 3.06236 3.17208 3.27618 3.37475 3.46791 3.55582 3.63864 3.71657 3.78981 3.85857 3.92304 3.98345 4.04 4.0929 4.14234 4.18852 4.23164 4.27186 4.30937 4.34433 4.37691 4.40724 4.43548 4.46176 4.48621 4.50895 4.53009 4.54975 4.56801 4.58498 4.60075 4.61539 4.62899 4.64162 4.65334 4.66422 4.67432 4.68369 4.69239 4.70045 4.70794 4.71488 4.72133 4.7273 4.73288 4.73808 4.7429 4.74738 4.75153 4.75537 4.75894 4.76225 4.76531 4.76816 4.77079 4.77323 4.7755 4.7776 4.77954 4.78135 4.78302 4.78457 4.786 4.78733 4.78857 4.78971 4.79077 4.79175 4.79267 4.79351 4.79429 4.79502 4.79569 4.79631 4.79722
 0 2.12354e-06 9.68878e-06 0.000153039 0.00136325 0.00742996 0.0273645 0.0740066 0.157082 0.275705 0.416865 0.56097 0.690094 0.793674 0.869418 0.920754 0.953486 0.973379 0.985035 0.991682 0.995403 0.997461 0.998593 0.999215 0.999557 0.999747 0.999853 0.999914 0.999948 0.999968 0.99998 0.999987 0.999992 0.999994 0.999996 0.999997 0.999998 0.999998 0.999999 0.999999 0.999999 0.999999 0.999999 0.999999 0.999999 0.999999 0.999999 0.999999 0.999999 0.999999 0.999999 0.999999 0.999999 0.999999 0.999999 0.999999 0.999999 0.999999 0.999999 0.999999 0.999999 0.999999 0.999999 0.999999 0.999999 0.999999 0.999999 0.999999 0.999999 0.999999 0.999999 0.999999 0.999999 0.999999 0.999999 0.999999 0.999999 0.999999 0.999999 0.999999 0.999999 0.999999 0.999999 0.999999 0.999999 0.999999 0.999999 0.999999 0.999999 0.999999 0.999999 0.999999 0.999999 0.999999 0.999999 0.999999 0.999999 0.999999 0.999999 0.999999 0.999999
# Sex ratio correction
1
# M and current age-structure in year Yinit: 2011
 # gender = 1
 0.0439034 0.0439034 0.0439034 0.0439034 0.0439034 0.0439034 0.0439034 0.0439034 0.0439034 0.0439034 0.0439034 0.0439034 0.0439034 0.0439034 0.0439034 0.0439034 0.0439034 0.0439034 0.0439034 0.0439034 0.0439034 0.0439034 0.0439034 0.0439034 0.0439034 0.0439034 0.0439034 0.0439034 0.0439034 0.0439034 0.0439034 0.0439034 0.0439034 0.0439034 0.0439034 0.0439034 0.0439034 0.0439034 0.0439034 0.0439034 0.0439034 0.0439034 0.0439034 0.0439034 0.0439034 0.0439034 0.0439034 0.0439034 0.0439034 0.0439034 0.0439034 0.0439034 0.0439034 0.0439034 0.0439034 0.0439034 0.0439034 0.0439034 0.0439034 0.0439034 0.0439034 0.0439034 0.0439034 0.0439034 0.0439034 0.0439034 0.0439034 0.0439034 0.0439034 0.0439034 0.0439034 0.0439034 0.0439034 0.0439034 0.0439034 0.0439034 0.0439034 0.0439034 0.0439034 0.0439034 0.0439034 0.0439034 0.0439034 0.0439034 0.0439034 0.0439034 0.0439034 0.0439034 0.0439034 0.0439034 0.0439034 0.0439034 0.0439034 0.0439034 0.0439034 0.0439034 0.0439034 0.0439034 0.0439034 0.0439034 0.0439034
 220.173 271.563 282.408 322.033 192.233 175.036 100.162 63.0058 89.8438 201.761 60.8294 48.3143 82.9451 53.3635 33.297 26.4572 26.3972 50.7756 54.3249 26.799 21.4329 21.3557 20.6922 20.9895 23.8191 26.4208 32.1722 31.0415 19.9057 21.1478 18.1732 14.7437 10.2786 6.99601 8.0462 7.2394 7.45798 4.60876 3.73903 4.39263 7.08124 4.31517 3.23871 2.74601 2.12505 1.79012 1.40962 1.14614 1.07346 1.1328 1.24247 1.26335 1.13703 0.980909 0.863912 0.789974 0.753688 0.751441 0.782622 0.849871 0.95307 1.0733 1.14636 1.09535 0.956179 0.816288 0.70727 0.628291 0.571726 0.530005 0.498227 0.473195 0.452951 0.436044 0.421064 0.40682 0.392439 0.377638 0.362575 0.347728 0.333595 0.320554 0.308699 0.297991 0.28813 0.278711 0.269646 0.260712 0.251735 0.242635 0.233396 0.22404 0.214637 0.205305 0.196067 0.18705 0.178331 0.169955 0.16195 0.154328 3.29059
# Age-structure at Ydeclare= 2013
 445.815 195.021 201.664 248.73 258.654 294.914 176.002 160.179 91.5869 57.5496 81.9608 183.826 55.3596 43.9285 75.3605 48.4576 30.2242 24.0092 23.9504 46.0632 49.2789 24.3083 19.4401 19.3694 18.767 19.0361 21.6016 23.9603 29.1749 28.1482 18.0494 19.1747 16.4768 13.3668 9.31834 6.34216 7.29396 6.5624 6.76035 4.17753 3.38909 3.98141 6.41816 3.91101 2.93531 2.48871 1.9259 1.62234 1.27748 1.03869 0.972813 1.02658 1.12596 1.14488 1.0304 0.888915 0.782889 0.715884 0.683 0.680963 0.709218 0.770158 0.863678 0.972633 1.03884 0.992609 0.866491 0.739721 0.640928 0.569357 0.518097 0.480289 0.451492 0.428808 0.410462 0.395141 0.381566 0.368659 0.355626 0.342214 0.328564 0.315109 0.302302 0.290485 0.279742 0.270038 0.261102 0.252566 0.244352 0.236256 0.228121 0.219875 0.211502 0.203024 0.194503 0.186046 0.177675 0.169504 0.161603 0.154013 3.26854
# Year for Tmin Age-structure (set to Ydecl by SS)
2013
#  recruitment and biomass
# Number of historical assessment years
137
# Historical data
# year recruitment spawner in B0 in R project in R/S project
1888  1889 1890 1891 1892 1893 1894 1895 1896 1897 1898 1899 1900 1901 1902 1903 1904 1905 1906 1907 1908 1909 1910 1911 1912 1913 1914 1915 1916 1917 1918 1919 1920 1921 1922 1923 1924 1925 1926 1927 1928 1929 1930 1931 1932 1933 1934 1935 1936 1937 1938 1939 1940 1941 1942 1943 1944 1945 1946 1947 1948 1949 1950 1951 1952 1953 1954 1955 1956 1957 1958 1959 1960 1961 1962 1963 1964 1965 1966 1967 1968 1969 1970 1971 1972 1973 1974 1975 1976 1977 1978 1979 1980 1981 1982 1983 1984 1985 1986 1987 1988 1989 1990 1991 1992 1993 1994 1995 1996 1997 1998 1999 2000 2001 2002 2003 2004 2005 2006 2007 2008 2009 2010 2011 2012 2013 2014 2015 2016 2017 2018 2019 2020 2021 2022 2023 2024 #years (with first value representing R0)
218.656 223.844 224.029 224.22 224.418 224.614 224.818 225.03 225.257 225.494 225.74 225.997 226.267 226.549 226.844 227.15 227.473 227.816 228.179 228.572 228.993 229.442 229.921 230.423 230.947 231.472 231.974 232.41 232.731 232.873 232.754 232.255 231.387 230.068 228.276 226.034 223.399 220.469 217.4 214.364 211.402 208.762 206.577 204.783 203.245 201.684 199.813 197.418 194.496 191.267 188.182 185.746 184.451 184.692 186.945 191.971 200.898 215.398 236.799 264.204 288.244 287.249 256.034 216.396 183.629 160.891 146.957 140.19 139.722 145.247 156.703 172.506 181.906 169.645 146.504 131.311 132.359 153.269 182.685 202.707 243.599 265.489 324.44 484.127 270.55 205.499 223.923 317.482 267.727 256.401 190.548 237.401 286.609 295.318 285.5 222.146 285.805 244.576 166.663 125.703 93.7052 79.2006 71.2002 63.2971 71.3169 132.371 114.842 55.9799 52.98 63.2218 96.3265 142.54 79.1258 95.0154 300.814 127.956 85.7755 130.415 218.046 229.152 367.376 308.328 283.751 220.173 203.774 445.815 223.889 293.104 211.837 109.216 106.732 113.538 113.813 151.99 170.551 175.931 180.149  #recruits; first value is R0 (virgin)
1108.03  1108.03 1108.02 1108.01 1107.98 1107.51 1107.05 1106.59 1106.44 1106.36 1106.29 1106.23 1106.17 1106.14 1106.14 1106.2 1106.3 1106.45 1106.66 1106.92 1107.22 1107.44 1107.82 1108.23 1108.67 1109.13 1109.62 1110.12 1110.58 1111.13 1111.54 1109.92 1109.9 1110.03 1110.24 1110.77 1111.25 1111.22 1110.85 1109.71 1107.88 1106.17 1104.95 1103.41 1102.92 1102.6 1102.28 1101.42 1100.52 1098.6 1096.9 1094.82 1093.28 1090.5 1086.1 1081.24 1071.74 1061.47 1045.84 1031.34 1024.47 1016.51 1010.2 1003.11 994.33 986.583 980.611 973.47 966.757 960.086 952.449 945.692 940.268 936.245 934.26 931.665 930.58 930.647 920.796 917.736 912.654 907.023 892.101 881.739 868.148 851.355 833.175 813.217 793.65 771.338 749.428 715.016 678.948 651.759 617.263 560.87 513.03 485.492 448.805 419.632 392.49 369.452 340.343 319.698 285.295 254.153 224.238 208.268 192.089 174.336 153.648 146.891 135.764 136.608 136.811 142.21 147.796 153.59 159.37 165.453 171.028 176.974 182.872 189.506 196.434 203.668 211.782 220.829 230.341 241.093 252.039 264.601 278.423 294.555 312.186 330.076 348.675 #spbio; first value is SSB_virgin (virgin)
1 0 0 0 0 0 0 0 0 0 0 0 0 0 0 0 0 0 0 0 0 0 0 0 0 0 0 0 0 0 0 0 0 0 0 0 0 0 0 0 0 0 0 0 0 0 0 0 0 0 0 0 0 0 0 0 0 0 0 0 0 0 0 0 0 0 0 0 0 0 0 0 0 0 0 0 0 0 0 0 0 0 0 0 0 0 0 0 0 0 0 0 0 0 0 0 0 0 0 0 0 0 0 0 0 0 0 0 0 0 0 0 0 0 0 0 0 0 0 0 0 0 0 0 0 0 0 0 0 0 0 0 0 0 0 0 0  # in Bzero
0 1 1 1 1 1 1 1 1 1 1 1 1 1 1 1 1 1 1 1 1 1 1 1 1 1 1 1 1 1 1 1 1 1 1 1 1 1 1 1 1 1 1 1 1 1 1 1 1 1 1 1 1 1 1 1 1 1 1 1 1 1 1 1 1 1 1 1 1 1 1 1 1 1 1 1 1 1 1 1 1 1 1 1 1 1 1 1 1 1 1 1 1 1 1 1 1 1 1 1 1 1 1 1 1 1 1 1 1 1 1 1 1 1 1 1 1 1 1 1 1 1 1 1 1 1 1 1 1 1 1 1 1 1  0 0 0 # in R project
0 1 1 1 1 1 1 1 1 1 1 1 1 1 1 1 1 1 1 1 1 1 1 1 1 1 1 1 1 1 1 1 1 1 1 1 1 1 1 1 1 1 1 1 1 1 1 1 1 1 1 1 1 1 1 1 1 1 1 1 1 1 1 1 1 1 1 1 1 1 1 1 1 1 1 1 1 1 1 1 1 1 1 1 1 1 1 1 1 1 1 1 1 1 1 1 1 1 1 1 1 1 1 1 1 1 1 1 1 1 1 1 1 1 1 1 1 1 1 1 1 1 1 1 1 1 1 1 1 1 1 1 1 1  0 0 0 # in R/S project
# Number of years with pre-specified catches
0
# catches for years with pre-specified catches go next
# Number of future recruitments to override
-2
# Process for overiding (-1 for average otherwise index in data list)
# Which probability to product detailed results for (1=0.5; 2=0.6; etc.)
3
# Steepness sigma-R Auto-correlation
0.718 0.5 0
# Target SPR rate (FMSY Proxy); manually change to SPR_MSY if not using SPR_target
0.5
# Discount rate (for cumulative catch)
0.1
# Truncate the series when 0.4B0 is reached (1=Yes)
0
# Set F to FMSY once 0.4B0 is reached (1=Yes)
0
# Maximum possible F for projection (-1 to set to FMSY)
-1
# Defintion of recovery (1=now only;2=now or before)
2
# Projection type
4
# Definition of the 40-10 rule
10 40
# Sigma Assessment Error (Base, Year1, Slope, MaxSigma)
1.0 2025 0.075 2.0
# Pstar
0.45
# Constrain catches by the ABC (1=yes, 2=no)
2
# Implementation Error (0=no; 1=lognormal; 2=uniform)
0
#Parameters of Implementaion Error
1 0.3
# Calculate coefficients of variation (1=Yes)
0
# Number of replicates to use
10
# Random number seed
-99004
# File with multiple parameter vectors 
rebuild.SSO
# User-specific projection (1=Yes); Output replaced (1->9)
0  5
# Catches and Fs (Year; 1/2/3 (F or C or SPR); value); Final row is -1
2024 1 1
-1 -1 -1
# Fixed catch project (1=Yes); Output replaced (1->9); Approach (-1=Read in else 1-9)
0 2 -1
# (48a) Special catch options (1-Yes) [CUT_OFF, Emsy, distribution, MAXCAT, Add, replace_code]
0 0.18 1.00 1.00 0 6
# (48b) B1Target
150000
# Split of Fs
2011  0.0174516
 0
 0.412461
 0.0230543
 0.185808
 0.189725
 0.1715
-1  1 1 1 1 1 1 1 1 1 1 1 1
# Yrs to define T_target for projection type 4 (a.k.a. 5 pre-specified inputs)
2030 2031 2032 2033 2034 
# Year for probability of recovery
2034 2035 2036 2037 2038 2039 2040 2041
# Time varying weight-at-age (1=Yes;0=No)
0
# File with time series of weight-at-age data
none
# Use bisection (0) or linear interpolation (1)
1
# Target Depletion
0.4
# CV of implementation error
0
