#Title, #runnumber: 1 yelloweye_data.ss yelloweye_control.ss 5787.38 1144.58 391.219 StartTime: Thu May  1 10:18:07 2025
SSv3_default_rebuild.dat
# Number of sexes
1
# Age range to consider (minimum age; maximum age)
0 100
# Number of fleets
7
# First year of projection (Yinit)
2011
# First Year of rebuilding period (Ydecl)
2013
# Number of simulations
1000
# Maximum number of years
500
# Conduct projections with multiple starting values (0=No;else yes)
0
# Number of parameter vectors
1000
# Is the maximum age a plus-group (1=Yes;2=No)
1
# Generate future recruitments using historical recruitments (1)  historical recruits/spawner (2)  or a stock-recruitment (3)
3
# Constant fishing mortality (1) or constant Catch (2) projections
1
# Fishing mortality based on SPR (1) or actual rate (2)
1
# Pre-specify the year of recovery (or -1) to ignore
-1
# Fecundity-at-age
# 0 1 2 3 4 5 6 7 8 9 10 11 12 13 14 15 16 17 18 19 20 21 22 23 24 25 26 27 28 29 30 31 32 33 34 35 36 37 38 39 40 41 42 43 44 45 46 47 48 49 50 51 52 53 54 55 56 57 58 59 60 61 62 63 64 65 66 67 68 69 70 71 72 73 74 75 76 77 78 79 80 81 82 83 84 85 86 87 88 89 90 91 92 93 94 95 96 97 98 99 100 #runnumber: 1 yelloweye_data.ss yelloweye_control.ss 5787.38 1144.58 391.219
 0 0 1.33122e-08 1.83247e-07 1.72739e-06 1.2401e-05 7.17631e-05 0.000344871 0.00138721 0.00463151 0.0127269 0.0289575 0.0557132 0.0932375 0.139652 0.191972 0.247209 0.303022 0.357876 0.410916 0.461756 0.510285 0.556535 0.600594 0.642565 0.682545 0.720621 0.756867 0.791346 0.824118 0.855237 0.884754 0.912721 0.93919 0.964214 0.987846 1.01014 1.03115 1.05094 1.06955 1.08704 1.10347 1.11889 1.13335 1.14691 1.15961 1.17149 1.18261 1.19301 1.20273 1.21182 1.2203 1.22822 1.23562 1.24252 1.24895 1.25495 1.26055 1.26576 1.27062 1.27515 1.27937 1.2833 1.28695 1.29036 1.29353 1.29648 1.29923 1.30178 1.30416 1.30637 1.30845 1.31039 1.31219 1.31386 1.31542 1.31687 1.31821 1.31947 1.32063 1.32171 1.32272 1.32366 1.32453 1.32533 1.32609 1.32679 1.32743 1.32804 1.3286 1.32912 1.32961 1.33006 1.33048 1.33087 1.33123 1.33156 1.33188 1.33217 1.33244 1.33284 #female fecundity; weighted by N in year Y_init across morphs and areas
# Age specific selectivity and weight adjusted for discard and discard mortality
 #wt and selex for gender,fleet: 1 1 1_CA_TWL
 0.00896707 0.0146951 0.0439014 0.0908333 0.156931 0.240963 0.340649 0.453266 0.57603 0.70632 0.841831 0.980774 1.12211 1.26553 1.41101 1.55835 1.70692 1.85576 2.0037 2.14964 2.29262 2.43185 2.56676 2.6969 2.822 2.94186 3.05641 3.1656 3.26946 3.36807 3.46152 3.54996 3.63352 3.71237 3.78669 3.85667 3.92248 3.98433 4.0424 4.09688 4.14795 4.19581 4.24061 4.28254 4.32175 4.35841 4.39267 4.42466 4.45454 4.48242 4.50844 4.53271 4.55535 4.57645 4.59611 4.61444 4.63152 4.64742 4.66224 4.67603 4.68887 4.70083 4.71196 4.72231 4.73195 4.74092 4.74926 4.75702 4.76424 4.77096 4.77723 4.78309 4.78853 4.7936 4.7983 4.80268 4.80675 4.81054 4.81406 4.81733 4.82037 4.8232 4.82583 4.82827 4.83054 4.83265 4.83461 4.83644 4.83813 4.83971 4.84117 4.84253 4.8438 4.84497 4.84606 4.84708 4.84802 4.8489 4.84971 4.85047 4.85159
 0 0.00136032 0.00490114 0.0159626 0.0415076 0.0893045 0.164152 0.264964 0.384378 0.510923 0.632346 0.73863 0.823925 0.887045 0.930486 0.958603 0.975928 0.986217 0.99217 0.995558 0.99747 0.998547 0.999156 0.999502 0.999701 0.999817 0.999886 0.999927 0.999953 0.999968 0.999978 0.999984 0.999989 0.999991 0.999993 0.999994 0.999995 0.999996 0.999996 0.999997 0.999997 0.999997 0.999997 0.999997 0.999997 0.999997 0.999997 0.999997 0.999997 0.999997 0.999997 0.999997 0.999997 0.999997 0.999997 0.999997 0.999997 0.999997 0.999997 0.999997 0.999997 0.999997 0.999997 0.999997 0.999997 0.999997 0.999997 0.999997 0.999997 0.999997 0.999997 0.999997 0.999997 0.999997 0.999997 0.999997 0.999997 0.999997 0.999997 0.999997 0.999997 0.999997 0.999997 0.999997 0.999997 0.999997 0.999997 0.999997 0.999997 0.999997 0.999997 0.999997 0.999997 0.999997 0.999997 0.999997 0.999997 0.999997 0.999997 0.999997 0.999997
 #wt and selex for gender,fleet: 1 3 3_CA_REC
 0.00896707 0.0145569 0.0424841 0.0878041 0.151694 0.233086 0.32991 0.439638 0.559649 0.687459 0.820967 0.958795 1.1004 1.24562 1.39409 1.54494 1.69691 1.84863 1.9988 2.14637 2.29047 2.43045 2.56584 2.69631 2.82161 2.94161 3.05623 3.16548 3.26938 3.36801 3.46149 3.54993 3.6335 3.71236 3.78668 3.85666 3.92248 3.98433 4.0424 4.09688 4.14795 4.1958 4.24061 4.28254 4.32175 4.35841 4.39267 4.42466 4.45454 4.48242 4.50844 4.53271 4.55535 4.57645 4.59612 4.61444 4.63152 4.64742 4.66224 4.67603 4.68887 4.70083 4.71196 4.72231 4.73195 4.74092 4.74926 4.75702 4.76424 4.77096 4.77723 4.78309 4.78853 4.7936 4.79831 4.80268 4.80675 4.81054 4.81406 4.81733 4.82037 4.8232 4.82583 4.82827 4.83054 4.83265 4.83461 4.83644 4.83813 4.83971 4.84117 4.84253 4.8438 4.84497 4.84606 4.84708 4.84802 4.8489 4.84971 4.85047 4.85159
 0 0.00549908 0.0160867 0.042292 0.0918734 0.170063 0.275675 0.400597 0.532213 0.657149 0.764617 0.848556 0.908263 0.947237 0.970876 0.984397 0.991801 0.995734 0.997785 0.998845 0.999392 0.999675 0.999824 0.999902 0.999945 0.999968 0.999981 0.999988 0.999993 0.999995 0.999997 0.999998 0.999998 0.999999 0.999999 0.999999 0.999999 0.999999 0.999999 0.999999 0.999999 0.999999 0.999999 0.999999 0.999999 0.999999 0.999999 0.999999 0.999999 0.999999 0.999999 0.999999 0.999999 0.999999 0.999999 0.999999 0.999999 0.999999 0.999999 0.999999 0.999999 0.999999 0.999999 0.999999 0.999999 0.999999 0.999999 0.999999 0.999999 0.999999 0.999999 0.999999 0.999999 0.999999 0.999999 0.999999 0.999999 0.999999 0.999999 0.999999 0.999999 0.999999 0.999999 0.999999 0.999999 0.999999 0.999999 0.999999 0.999999 0.999999 0.999999 0.999999 0.999999 0.999999 0.999999 0.999999 0.999999 0.999999 0.999999 0.999999 0.999999
 #wt and selex for gender,fleet: 1 4 4_ORWA_TWL
 0.00896707 0.0143995 0.0407401 0.0842993 0.146073 0.225355 0.320451 0.429146 0.549033 0.677731 0.813059 0.953271 1.09724 1.24432 1.39396 1.54538 1.69751 1.84919 1.99925 2.1467 2.29069 2.4306 2.56594 2.69637 2.82165 2.94163 3.05625 3.16549 3.26939 3.36802 3.46149 3.54993 3.6335 3.71236 3.78668 3.85666 3.92248 3.98433 4.0424 4.09688 4.14795 4.1958 4.24061 4.28253 4.32175 4.35841 4.39266 4.42466 4.45454 4.48242 4.50844 4.53271 4.55535 4.57645 4.59611 4.61444 4.63152 4.64742 4.66224 4.67603 4.68887 4.70083 4.71196 4.72231 4.73195 4.74092 4.74926 4.75702 4.76424 4.77096 4.77723 4.78308 4.78853 4.79359 4.7983 4.80268 4.80675 4.81054 4.81406 4.81733 4.82037 4.8232 4.82583 4.82827 4.83054 4.83265 4.83461 4.83644 4.83813 4.83971 4.84117 4.84253 4.8438 4.84497 4.84606 4.84708 4.84802 4.8489 4.84971 4.85047 4.85159
 0 0.0190668 0.0432139 0.0877395 0.155627 0.246361 0.354685 0.471964 0.588445 0.695378 0.78641 0.858248 0.910762 0.946415 0.969062 0.982666 0.990488 0.994844 0.997219 0.998497 0.999183 0.99955 0.999749 0.999857 0.999917 0.999951 0.99997 0.999981 0.999987 0.999991 0.999993 0.999995 0.999996 0.999996 0.999997 0.999997 0.999997 0.999997 0.999997 0.999997 0.999997 0.999997 0.999997 0.999997 0.999997 0.999997 0.999997 0.999997 0.999997 0.999997 0.999997 0.999997 0.999996 0.999996 0.999996 0.999996 0.999996 0.999996 0.999996 0.999996 0.999996 0.999996 0.999996 0.999996 0.999996 0.999996 0.999996 0.999996 0.999996 0.999996 0.999996 0.999996 0.999996 0.999996 0.999996 0.999996 0.999996 0.999996 0.999996 0.999996 0.999996 0.999996 0.999996 0.999996 0.999996 0.999996 0.999996 0.999996 0.999996 0.999996 0.999996 0.999996 0.999996 0.999996 0.999996 0.999996 0.999996 0.999996 0.999996 0.999996 0.999996
 #wt and selex for gender,fleet: 1 5 5_ORWA_NONTWL
 0.00896707 0.0145661 0.0427367 0.0888949 0.154634 0.239248 0.340908 0.457194 0.585464 0.723096 0.867635 1.01686 1.16883 1.32187 1.47457 1.62585 1.77487 1.92111 2.0642 2.20393 2.34013 2.47263 2.60123 2.72573 2.84592 2.96163 3.0727 3.17902 3.28054 3.37725 3.46915 3.55633 3.63887 3.7169 3.79055 3.85997 3.92533 3.98681 4.04456 4.09879 4.14964 4.19731 4.24196 4.28376 4.32286 4.35943 4.3936 4.42552 4.45534 4.48317 4.50914 4.53337 4.55597 4.57704 4.59667 4.61498 4.63203 4.64791 4.66271 4.67649 4.68931 4.70126 4.71237 4.72272 4.73234 4.7413 4.74964 4.75739 4.76461 4.77131 4.77758 4.78343 4.78887 4.79393 4.79864 4.80302 4.80708 4.81087 4.81438 4.81765 4.82069 4.82352 4.82614 4.82858 4.83085 4.83296 4.83492 4.83675 4.83844 4.84001 4.84148 4.84284 4.8441 4.84528 4.84637 4.84738 4.84832 4.8492 4.85001 4.85077 4.85189
 0 0.00101301 0.00303364 0.00843707 0.019884 0.0406614 0.0737226 0.120763 0.181634 0.254309 0.335325 0.420489 0.505586 0.586928 0.661678 0.727973 0.7849 0.832374 0.870941 0.90157 0.925433 0.943741 0.95762 0.968053 0.975853 0.981668 0.986001 0.989234 0.991654 0.993474 0.99485 0.995897 0.996699 0.997317 0.997798 0.998176 0.998473 0.99871 0.998901 0.999055 0.99918 0.999283 0.999368 0.999438 0.999497 0.999547 0.99959 0.999626 0.999656 0.999683 0.999706 0.999726 0.999743 0.999759 0.999772 0.999784 0.999795 0.999804 0.999812 0.99982 0.999827 0.999833 0.999838 0.999843 0.999847 0.999851 0.999855 0.999858 0.999861 0.999864 0.999866 0.999868 0.99987 0.999872 0.999873 0.999874 0.999876 0.999877 0.999878 0.999879 0.99988 0.999881 0.999881 0.999882 0.999883 0.999883 0.999884 0.999884 0.999885 0.999885 0.999886 0.999886 0.999886 0.999887 0.999887 0.999887 0.999888 0.999888 0.999888 0.999888 0.999889
 #wt and selex for gender,fleet: 1 6 6_OR_REC
 0.00896707 0.0160248 0.0523931 0.106252 0.17873 0.266263 0.364784 0.470555 0.580899 0.695433 0.816223 0.945655 1.08431 1.23071 1.3823 1.53653 1.6913 1.84501 1.9965 2.14487 2.28943 2.42968 2.56521 2.69573 2.82105 2.94105 3.05565 3.16487 3.26875 3.36735 3.46079 3.5492 3.63274 3.71156 3.78586 3.85581 3.92161 3.98343 4.04148 4.09594 4.14699 4.19482 4.23961 4.28152 4.32072 4.35736 4.3916 4.42359 4.45345 4.48133 4.50733 4.53159 4.55422 4.57531 4.59497 4.61329 4.63036 4.64626 4.66106 4.67485 4.68769 4.69964 4.71076 4.72112 4.73075 4.73971 4.74805 4.75581 4.76303 4.76974 4.77601 4.78186 4.7873 4.79237 4.79707 4.80145 4.80552 4.8093 4.81282 4.81609 4.81913 4.82195 4.82458 4.82702 4.82929 4.8314 4.83336 4.83518 4.83688 4.83845 4.83991 4.84127 4.84254 4.84371 4.84481 4.84582 4.84676 4.84764 4.84845 4.84921 4.85033
 0 2.03199e-05 0.000303735 0.00318188 0.01882 0.0702315 0.182023 0.354544 0.553279 0.730343 0.856488 0.931179 0.969474 0.987132 0.994681 0.997729 0.99889 0.999285 0.999373 0.999336 0.999249 0.999141 0.999024 0.998905 0.998787 0.99867 0.998556 0.998446 0.99834 0.998237 0.99814 0.998046 0.997958 0.997873 0.997793 0.997718 0.997646 0.997579 0.997515 0.997455 0.997399 0.997346 0.997297 0.99725 0.997207 0.997166 0.997128 0.997092 0.997059 0.997028 0.996998 0.996971 0.996946 0.996922 0.9969 0.996879 0.99686 0.996842 0.996826 0.99681 0.996796 0.996782 0.99677 0.996758 0.996747 0.996737 0.996728 0.996719 0.996711 0.996703 0.996696 0.996689 0.996683 0.996677 0.996672 0.996667 0.996663 0.996658 0.996654 0.996651 0.996647 0.996644 0.996641 0.996638 0.996636 0.996633 0.996631 0.996629 0.996627 0.996625 0.996624 0.996622 0.996621 0.996619 0.996618 0.996617 0.996616 0.996615 0.996614 0.996613 0.996612
 #wt and selex for gender,fleet: 1 7 7_WA_REC
 0.00896707 0.0156519 0.0509453 0.105062 0.180022 0.273274 0.38127 0.500302 0.626957 0.758314 0.892065 1.02674 1.16195 1.29829 1.43665 1.57753 1.72072 1.86535 2.0102 2.15397 2.29546 2.43371 2.56796 2.69769 2.82251 2.94221 3.05664 3.16575 3.26957 3.36814 3.46158 3.55 3.63355 3.71239 3.78671 3.85668 3.92249 3.98434 4.04241 4.09689 4.14796 4.19581 4.24061 4.28254 4.32175 4.35841 4.39267 4.42466 4.45454 4.48243 4.50844 4.53272 4.55535 4.57645 4.59612 4.61444 4.63152 4.64742 4.66224 4.67603 4.68887 4.70083 4.71196 4.72231 4.73195 4.74092 4.74926 4.75702 4.76424 4.77096 4.77723 4.78309 4.78853 4.7936 4.79831 4.80268 4.80676 4.81054 4.81406 4.81733 4.82037 4.8232 4.82583 4.82827 4.83054 4.83265 4.83461 4.83644 4.83813 4.83971 4.84117 4.84253 4.8438 4.84497 4.84606 4.84708 4.84802 4.8489 4.84972 4.85047 4.85159
 0 5.88175e-06 6.49337e-05 0.000585422 0.00340642 0.0137611 0.041217 0.0968144 0.186848 0.307819 0.44653 0.585127 0.70779 0.805424 0.876436 0.924417 0.955022 0.973719 0.9848 0.991239 0.994938 0.997056 0.998269 0.998969 0.999376 0.999616 0.999759 0.999846 0.9999 0.999933 0.999955 0.999969 0.999978 0.999984 0.999988 0.999991 0.999993 0.999995 0.999996 0.999997 0.999997 0.999998 0.999998 0.999998 0.999998 0.999999 0.999999 0.999999 0.999999 0.999999 0.999999 0.999999 0.999999 0.999999 0.999999 0.999999 0.999999 0.999999 0.999999 0.999999 0.999999 0.999999 0.999999 0.999999 0.999999 0.999999 0.999999 0.999999 0.999999 0.999999 0.999999 0.999999 0.999999 0.999999 0.999999 0.999999 0.999999 0.999999 0.999999 0.999999 0.999999 0.999999 0.999999 0.999999 0.999999 0.999999 0.999999 0.999999 0.999999 0.999999 0.999999 0.999999 0.999999 0.999999 0.999999 0.999999 0.999999 0.999999 0.999999 0.999999 0.999999
# Sex ratio correction
1
# M and current age-structure in year Yinit: 2011
 # gender = 1
 0.0439034 0.0439034 0.0439034 0.0439034 0.0439034 0.0439034 0.0439034 0.0439034 0.0439034 0.0439034 0.0439034 0.0439034 0.0439034 0.0439034 0.0439034 0.0439034 0.0439034 0.0439034 0.0439034 0.0439034 0.0439034 0.0439034 0.0439034 0.0439034 0.0439034 0.0439034 0.0439034 0.0439034 0.0439034 0.0439034 0.0439034 0.0439034 0.0439034 0.0439034 0.0439034 0.0439034 0.0439034 0.0439034 0.0439034 0.0439034 0.0439034 0.0439034 0.0439034 0.0439034 0.0439034 0.0439034 0.0439034 0.0439034 0.0439034 0.0439034 0.0439034 0.0439034 0.0439034 0.0439034 0.0439034 0.0439034 0.0439034 0.0439034 0.0439034 0.0439034 0.0439034 0.0439034 0.0439034 0.0439034 0.0439034 0.0439034 0.0439034 0.0439034 0.0439034 0.0439034 0.0439034 0.0439034 0.0439034 0.0439034 0.0439034 0.0439034 0.0439034 0.0439034 0.0439034 0.0439034 0.0439034 0.0439034 0.0439034 0.0439034 0.0439034 0.0439034 0.0439034 0.0439034 0.0439034 0.0439034 0.0439034 0.0439034 0.0439034 0.0439034 0.0439034 0.0439034 0.0439034 0.0439034 0.0439034 0.0439034 0.0439034
 168.451 309.496 316.264 321.395 144.97 223.363 95.6263 75.9534 100.833 184.653 74.3275 72.6792 64.9517 67.1841 44.0335 30.6739 31.7878 48.8449 45.3391 27.3829 22.7898 21.1598 21.9713 25.196 29.977 27.099 31.9446 29.2917 20.4331 22.9914 17.3165 15.5813 10.9636 6.84624 8.73012 7.44008 7.72558 4.91424 3.96297 4.77234 7.71694 4.46159 3.57055 3.00311 2.30352 1.9361 1.51785 1.23219 1.15058 1.20998 1.32685 1.35785 1.23288 1.07011 0.945883 0.866438 0.827084 0.824752 0.859311 0.933903 1.04822 1.18037 1.25788 1.19788 1.04361 0.890078 0.770599 0.683894 0.621614 0.57556 0.540418 0.5127 0.490237 0.471421 0.454722 0.438885 0.423017 0.406852 0.390569 0.374653 0.359592 0.345736 0.333148 0.321759 0.311239 0.301158 0.291424 0.28181 0.272146 0.262352 0.25242 0.24238 0.232308 0.222323 0.21245 0.202816 0.193497 0.184542 0.175977 0.167816 3.61968
# Age-structure at Ydeclare= 2013
 482.071 153.615 154.289 283.47 289.652 294.309 132.713 204.367 87.4215 69.3632 91.9767 168.247 67.6575 66.1044 59.0397 61.041 39.9941 27.8537 28.8605 44.3419 41.1561 24.8552 20.6853 19.2052 19.9412 22.8674 27.2056 24.5929 28.9892 26.5805 18.541 20.8612 15.7113 14.1363 9.94634 6.21076 7.91949 6.74901 7.00776 4.45749 3.59452 4.32849 6.99901 4.04639 3.23819 2.7235 2.089 1.75577 1.37644 1.11738 1.04336 1.09722 1.20319 1.23129 1.11797 0.97036 0.857714 0.785672 0.749985 0.747869 0.779206 0.846842 0.950503 1.07033 1.14061 1.08621 0.946315 0.807096 0.698755 0.620132 0.563659 0.521898 0.490032 0.464898 0.444529 0.427467 0.412325 0.397965 0.383575 0.368918 0.354153 0.339721 0.326064 0.3135 0.302086 0.291759 0.28222 0.273078 0.264253 0.255535 0.246772 0.237891 0.228886 0.219782 0.210648 0.201595 0.192642 0.183906 0.175457 0.167336 3.59395
# Year for Tmin Age-structure (set to Ydecl by SS)
2013
#  recruitment and biomass
# Number of historical assessment years
137
# Historical data
# year recruitment spawner in B0 in R project in R/S project
1888  1889 1890 1891 1892 1893 1894 1895 1896 1897 1898 1899 1900 1901 1902 1903 1904 1905 1906 1907 1908 1909 1910 1911 1912 1913 1914 1915 1916 1917 1918 1919 1920 1921 1922 1923 1924 1925 1926 1927 1928 1929 1930 1931 1932 1933 1934 1935 1936 1937 1938 1939 1940 1941 1942 1943 1944 1945 1946 1947 1948 1949 1950 1951 1952 1953 1954 1955 1956 1957 1958 1959 1960 1961 1962 1963 1964 1965 1966 1967 1968 1969 1970 1971 1972 1973 1974 1975 1976 1977 1978 1979 1980 1981 1982 1983 1984 1985 1986 1987 1988 1989 1990 1991 1992 1993 1994 1995 1996 1997 1998 1999 2000 2001 2002 2003 2004 2005 2006 2007 2008 2009 2010 2011 2012 2013 2014 2015 2016 2017 2018 2019 2020 2021 2022 2023 2024 #years (with first value representing R0)
224.365 227.54 227.651 227.767 227.887 228.002 228.122 228.246 228.381 228.523 228.671 228.826 228.988 229.159 229.337 229.522 229.72 229.933 230.16 230.414 230.691 230.993 231.323 231.678 232.052 232.429 232.785 233.079 233.262 233.274 233.037 232.437 231.485 230.102 228.264 225.993 223.334 220.384 217.29 214.214 211.201 208.5 206.249 204.405 202.851 201.337 199.586 197.382 194.702 191.731 188.892 186.672 185.567 185.992 188.444 193.702 202.903 217.731 239.542 267.52 292.446 292.421 261.238 220.812 187.211 163.891 149.628 142.702 142.131 147.472 158.501 173.386 181.182 167.83 144.916 130.292 131.682 152.693 182.8 203.334 246.659 271.279 311.407 490.827 274.177 203.778 224.12 309.762 260.074 263.896 177.535 242.033 290.784 271.535 301.322 222.919 265.588 240.892 170.714 158.911 113.515 85.1503 71.5494 68.2487 73.7675 111.538 111.209 67.6841 61.559 83.7045 121.359 111.685 119.101 116.171 275.463 143.672 103.436 124.534 278.275 172.819 366.653 345.292 323.387 168.451 160.51 482.071 209.581 188.999 209.065 120.081 110.687 125.883 140.592 155.408 166.393 171.632 186.04  #recruits; first value is R0 (virgin)
1144.58  1144.58 1144.58 1144.56 1144.53 1144.07 1143.61 1143.14 1142.99 1142.91 1142.84 1142.77 1142.7 1142.64 1142.6 1142.58 1142.59 1142.61 1142.67 1142.75 1142.85 1142.85 1142.98 1143.13 1143.28 1143.45 1143.62 1143.8 1143.92 1144.12 1144.16 1142.16 1141.75 1141.48 1141.29 1141.4 1141.45 1140.96 1140.15 1138.54 1136.23 1134.04 1132.32 1130.28 1129.28 1128.44 1127.6 1126.2 1124.76 1122.29 1120.03 1117.4 1115.32 1111.99 1107.05 1101.64 1091.62 1080.83 1064.71 1049.72 1042.39 1033.97 1027.24 1019.74 1010.59 1002.51 996.241 988.858 981.962 975.178 967.499 960.765 955.411 951.483 949.59 947.064 946.005 946.053 936.169 933.041 927.89 922.198 907.242 896.839 883.199 866.329 848.039 827.94 808.224 785.783 763.781 729.368 693.353 666.242 631.786 575.477 527.647 499.934 462.968 433.409 405.767 382.235 352.622 331.402 296.301 264.53 234.073 217.598 200.953 182.717 161.677 154.864 143.759 144.784 145.192 150.8 156.547 162.451 168.309 174.482 180.209 186.417 192.709 199.873 207.457 215.451 224.391 234.31 244.738 256.436 268.356 281.897 296.687 313.73 332.13 350.548 369.354 #spbio; first value is SSB_virgin (virgin)
1 0 0 0 0 0 0 0 0 0 0 0 0 0 0 0 0 0 0 0 0 0 0 0 0 0 0 0 0 0 0 0 0 0 0 0 0 0 0 0 0 0 0 0 0 0 0 0 0 0 0 0 0 0 0 0 0 0 0 0 0 0 0 0 0 0 0 0 0 0 0 0 0 0 0 0 0 0 0 0 0 0 0 0 0 0 0 0 0 0 0 0 0 0 0 0 0 0 0 0 0 0 0 0 0 0 0 0 0 0 0 0 0 0 0 0 0 0 0 0 0 0 0 0 0 0 0 0 0 0 0 0 0 0 0 0 0  # in Bzero
0 1 1 1 1 1 1 1 1 1 1 1 1 1 1 1 1 1 1 1 1 1 1 1 1 1 1 1 1 1 1 1 1 1 1 1 1 1 1 1 1 1 1 1 1 1 1 1 1 1 1 1 1 1 1 1 1 1 1 1 1 1 1 1 1 1 1 1 1 1 1 1 1 1 1 1 1 1 1 1 1 1 1 1 1 1 1 1 1 1 1 1 1 1 1 1 1 1 1 1 1 1 1 1 1 1 1 1 1 1 1 1 1 1 1 1 1 1 1 1 1 1 1 1 1 1 1 1 1 1 1 1 1 1  0 0 0 # in R project
0 1 1 1 1 1 1 1 1 1 1 1 1 1 1 1 1 1 1 1 1 1 1 1 1 1 1 1 1 1 1 1 1 1 1 1 1 1 1 1 1 1 1 1 1 1 1 1 1 1 1 1 1 1 1 1 1 1 1 1 1 1 1 1 1 1 1 1 1 1 1 1 1 1 1 1 1 1 1 1 1 1 1 1 1 1 1 1 1 1 1 1 1 1 1 1 1 1 1 1 1 1 1 1 1 1 1 1 1 1 1 1 1 1 1 1 1 1 1 1 1 1 1 1 1 1 1 1 1 1 1 1 1 1  0 0 0 # in R/S project
# Number of years with pre-specified catches
0
# catches for years with pre-specified catches go next
# Number of future recruitments to override
-2
# Process for overiding (-1 for average otherwise index in data list)
# Which probability to product detailed results for (1=0.5; 2=0.6; etc.)
3
# Steepness sigma-R Auto-correlation
0.718 0.5 0
# Target SPR rate (FMSY Proxy); manually change to SPR_MSY if not using SPR_target
0.5
# Discount rate (for cumulative catch)
0.1
# Truncate the series when 0.4B0 is reached (1=Yes)
0
# Set F to FMSY once 0.4B0 is reached (1=Yes)
0
# Maximum possible F for projection (-1 to set to FMSY)
-1
# Defintion of recovery (1=now only;2=now or before)
2
# Projection type
4
# Definition of the 40-10 rule
10 40
# Sigma Assessment Error (Base, Year1, Slope, MaxSigma)
1.0 2025 0.075 2.0
# Pstar
0.45
# Constrain catches by the ABC (1=yes, 2=no)
2
# Implementation Error (0=no; 1=lognormal; 2=uniform)
0
#Parameters of Implementaion Error
1 0.3
# Calculate coefficients of variation (1=Yes)
0
# Number of replicates to use
10
# Random number seed
-99004
# File with multiple parameter vectors 
rebuild.SSO
# User-specific projection (1=Yes); Output replaced (1->9)
0  5
# Catches and Fs (Year; 1/2/3 (F or C or SPR); value); Final row is -1
2024 1 1
-1 -1 -1
# Fixed catch project (1=Yes); Output replaced (1->9); Approach (-1=Read in else 1-9)
0 2 -1
# (48a) Special catch options (1-Yes) [CUT_OFF, Emsy, distribution, MAXCAT, Add, replace_code]
0 0.18 1.00 1.00 0 6
# (48b) B1Target
150000
# Split of Fs
2011  0.0171167
 0
 0.405943
 0.0231279
 0.188042
 0.191102
 0.174669
-1  1 1 1 1 1 1 1 1 1 1 1 1
# Yrs to define T_target for projection type 4 (a.k.a. 5 pre-specified inputs)
2030 2031 2032 2033 2034 
# Year for probability of recovery
2034 2035 2036 2037 2038 2039 2040 2041
# Time varying weight-at-age (1=Yes;0=No)
0
# File with time series of weight-at-age data
none
# Use bisection (0) or linear interpolation (1)
1
# Target Depletion
0.4
# CV of implementation error
0
