#Title, #runnumber: 1 yelloweye_data.ss yelloweye_control.ss 5904.05 1061.55 356.178 StartTime: Thu Apr 10 13:59:45 2025
SSv3_default_rebuild.dat
# Number of sexes
1
# Age range to consider (minimum age; maximum age)
0 100
# Number of fleets
7
# First year of projection (Yinit)
2011
# First Year of rebuilding period (Ydecl)
2013
# Number of simulations
1000
# Maximum number of years
500
# Conduct projections with multiple starting values (0=No;else yes)
0
# Number of parameter vectors
1000
# Is the maximum age a plus-group (1=Yes;2=No)
1
# Generate future recruitments using historical recruitments (1)  historical recruits/spawner (2)  or a stock-recruitment (3)
3
# Constant fishing mortality (1) or constant Catch (2) projections
1
# Fishing mortality based on SPR (1) or actual rate (2)
1
# Pre-specify the year of recovery (or -1) to ignore
-1
# Fecundity-at-age
# 0 1 2 3 4 5 6 7 8 9 10 11 12 13 14 15 16 17 18 19 20 21 22 23 24 25 26 27 28 29 30 31 32 33 34 35 36 37 38 39 40 41 42 43 44 45 46 47 48 49 50 51 52 53 54 55 56 57 58 59 60 61 62 63 64 65 66 67 68 69 70 71 72 73 74 75 76 77 78 79 80 81 82 83 84 85 86 87 88 89 90 91 92 93 94 95 96 97 98 99 100 #runnumber: 1 yelloweye_data.ss yelloweye_control.ss 5904.05 1061.55 356.178
 0 0 2.76173e-08 3.559e-07 3.24879e-06 2.27749e-05 0.000127293 0.000571592 0.00205539 0.00596173 0.0142604 0.0289717 0.0514901 0.0821662 0.120307 0.164485 0.212947 0.263973 0.316091 0.368177 0.419444 0.469399 0.517762 0.564404 0.609287 0.652428 0.693865 0.733649 0.77183 0.808454 0.843566 0.877203 0.909403 0.9402 0.969629 0.997725 1.02452 1.05006 1.07436 1.09749 1.11946 1.14032 1.16012 1.17888 1.19666 1.2135 1.22942 1.24448 1.25872 1.27216 1.28485 1.29683 1.30812 1.31877 1.32881 1.33827 1.34717 1.35556 1.36345 1.37088 1.37786 1.38443 1.39061 1.39642 1.40188 1.407 1.41182 1.41635 1.4206 1.4246 1.42834 1.43196 1.43535 1.43853 1.44152 1.44432 1.44695 1.44942 1.45173 1.45391 1.45595 1.45786 1.45965 1.46133 1.46291 1.46439 1.46578 1.46708 1.4683 1.46944 1.47051 1.47152 1.47246 1.47334 1.47417 1.47495 1.47568 1.47636 1.477 1.4776 1.47854 #female fecundity; weighted by N in year Y_init across morphs and areas
# Age specific selectivity and weight adjusted for discard and discard mortality
 #wt and selex for gender,fleet: 1 1 1_CA_TWL
 0.0108917 0.0217345 0.0600544 0.116759 0.191242 0.280476 0.381029 0.48983 0.604406 0.722952 0.844366 0.968227 1.09463 1.22392 1.35642 1.49222 1.63106 1.77234 1.91521 2.05868 2.20172 2.34336 2.48276 2.61922 2.75221 2.88131 3.00621 3.12672 3.24271 3.3541 3.46088 3.56307 3.66071 3.75387 3.84265 3.92716 4.00751 4.08383 4.15625 4.22492 4.28999 4.35158 4.40985 4.46495 4.51701 4.56618 4.61259 4.65637 4.69766 4.73659 4.77326 4.80781 4.84034 4.87097 4.89979 4.9269 4.9524 4.97638 4.99892 5.02011 5.04003 5.05874 5.07631 5.09282 5.10833 5.12289 5.13655 5.14939 5.16143 5.17273 5.18345 5.19359 5.20312 5.21205 5.22043 5.2283 5.23567 5.24259 5.24908 5.25516 5.26087 5.26622 5.27124 5.27594 5.28036 5.28449 5.28837 5.29201 5.29542 5.29861 5.30161 5.30442 5.30705 5.30952 5.31183 5.314 5.31603 5.31794 5.31972 5.3214 5.32402
 0 0.00116744 0.00436985 0.0142429 0.0369026 0.0788397 0.143968 0.23156 0.336128 0.44904 0.560885 0.663635 0.75196 0.823544 0.878603 0.919027 0.947502 0.966831 0.979528 0.987626 0.992658 0.995714 0.997532 0.998596 0.999208 0.999556 0.999753 0.999862 0.999923 0.999957 0.999975 0.999986 0.999991 0.999995 0.999996 0.999997 0.999998 0.999998 0.999998 0.999998 0.999998 0.999998 0.999998 0.999998 0.999998 0.999998 0.999998 0.999998 0.999998 0.999998 0.999998 0.999998 0.999998 0.999998 0.999998 0.999997 0.999997 0.999997 0.999997 0.999997 0.999997 0.999997 0.999997 0.999997 0.999997 0.999997 0.999997 0.999997 0.999997 0.999997 0.999997 0.999997 0.999997 0.999997 0.999997 0.999997 0.999997 0.999997 0.999997 0.999997 0.999997 0.999997 0.999997 0.999997 0.999997 0.999997 0.999997 0.999997 0.999997 0.999997 0.999997 0.999997 0.999997 0.999997 0.999997 0.999997 0.999997 0.999997 0.999997 0.999997 0.999997
# Sex ratio correction
1
# M and current age-structure in year Yinit: 2011
 # gender = 1
 0.0439034 0.0439034 0.0439034 0.0439034 0.0439034 0.0439034 0.0439034 0.0439034 0.0439034 0.0439034 0.0439034 0.0439034 0.0439034 0.0439034 0.0439034 0.0439034 0.0439034 0.0439034 0.0439034 0.0439034 0.0439034 0.0439034 0.0439034 0.0439034 0.0439034 0.0439034 0.0439034 0.0439034 0.0439034 0.0439034 0.0439034 0.0439034 0.0439034 0.0439034 0.0439034 0.0439034 0.0439034 0.0439034 0.0439034 0.0439034 0.0439034 0.0439034 0.0439034 0.0439034 0.0439034 0.0439034 0.0439034 0.0439034 0.0439034 0.0439034 0.0439034 0.0439034 0.0439034 0.0439034 0.0439034 0.0439034 0.0439034 0.0439034 0.0439034 0.0439034 0.0439034 0.0439034 0.0439034 0.0439034 0.0439034 0.0439034 0.0439034 0.0439034 0.0439034 0.0439034 0.0439034 0.0439034 0.0439034 0.0439034 0.0439034 0.0439034 0.0439034 0.0439034 0.0439034 0.0439034 0.0439034 0.0439034 0.0439034 0.0439034 0.0439034 0.0439034 0.0439034 0.0439034 0.0439034 0.0439034 0.0439034 0.0439034 0.0439034 0.0439034 0.0439034 0.0439034 0.0439034 0.0439034 0.0439034 0.0439034 0.0439034
 287.854 244.681 197.235 232.173 139.249 101.247 74.2326 55.8089 113.766 203.295 81.6455 58.5125 99.4362 55.5171 32.3538 26.191 26.335 51.1569 64.8076 26.9633 20.1062 20.8631 22.5751 23.0255 23.1803 22.5118 25.6255 31.1354 23.9994 26.6349 18.2516 12.2919 8.56884 6.53378 6.89533 6.37199 6.02216 3.78804 3.50611 4.18982 6.61534 4.45432 3.33228 2.4483 1.85528 1.50037 1.14426 0.928487 0.875498 0.934055 1.04622 1.11114 1.04538 0.908815 0.780919 0.689637 0.638765 0.624128 0.641758 0.690005 0.763848 0.842713 0.880574 0.838976 0.743742 0.645226 0.564749 0.504084 0.459306 0.425425 0.399018 0.377737 0.360131 0.345077 0.331376 0.317978 0.304155 0.289806 0.275281 0.261185 0.248054 0.236212 0.225707 0.216464 0.208258 0.200824 0.193921 0.187351 0.180954 0.174628 0.168315 0.161986 0.155649 0.149355 0.143101 0.136862 0.130805 0.124959 0.119341 0.113967 2.50621
# Age-structure at Ydeclare= 2013
 160.172 135.051 263.654 224.105 180.639 212.609 127.482 92.65 67.8841 50.9927 103.849 185.39 74.3855 53.2655 90.4566 50.4753 29.4028 23.7943 23.9193 46.4566 58.8461 24.4811 18.2543 18.9409 20.4946 20.9031 21.0432 20.4359 23.2618 28.2626 21.7842 24.1755 16.5655 11.1558 7.77652 5.92936 6.25719 5.78205 5.46437 3.43704 3.18112 3.8013 6.0017 4.04099 3.02298 2.22098 1.68298 1.361 1.03795 0.842207 0.794131 0.847235 0.948964 1.00784 0.948192 0.824316 0.708308 0.625511 0.579368 0.566091 0.582081 0.62584 0.692814 0.764344 0.798683 0.760952 0.674573 0.585219 0.512226 0.457202 0.416589 0.385857 0.361906 0.342605 0.326635 0.312981 0.300555 0.288403 0.275866 0.262851 0.249677 0.236893 0.224983 0.214242 0.204715 0.196331 0.188888 0.182146 0.175885 0.169926 0.164124 0.158387 0.152661 0.14692 0.141172 0.135464 0.129792 0.124133 0.118639 0.113337 2.48474
# Year for Tmin Age-structure (set to Ydecl by SS)
2013
#  recruitment and biomass
# Number of historical assessment years
137
# Historical data
# year recruitment spawner in B0 in R project in R/S project
1888  1889 1890 1891 1892 1893 1894 1895 1896 1897 1898 1899 1900 1901 1902 1903 1904 1905 1906 1907 1908 1909 1910 1911 1912 1913 1914 1915 1916 1917 1918 1919 1920 1921 1922 1923 1924 1925 1926 1927 1928 1929 1930 1931 1932 1933 1934 1935 1936 1937 1938 1939 1940 1941 1942 1943 1944 1945 1946 1947 1948 1949 1950 1951 1952 1953 1954 1955 1956 1957 1958 1959 1960 1961 1962 1963 1964 1965 1966 1967 1968 1969 1970 1971 1972 1973 1974 1975 1976 1977 1978 1979 1980 1981 1982 1983 1984 1985 1986 1987 1988 1989 1990 1991 1992 1993 1994 1995 1996 1997 1998 1999 2000 2001 2002 2003 2004 2005 2006 2007 2008 2009 2010 2011 2012 2013 2014 2015 2016 2017 2018 2019 2020 2021 2022 2023 2024 #years (with first value representing R0)
204.77 203.831 203.803 203.775 203.745 203.708 203.67 203.632 203.598 203.565 203.531 203.498 203.46 203.424 203.391 203.348 203.307 203.269 203.236 203.216 203.202 203.19 203.185 203.181 203.174 203.144 203.068 202.91 202.634 202.196 201.374 200.237 198.82 197.088 195.06 192.796 190.373 187.895 185.504 183.347 181.575 180.327 179.678 179.569 179.858 180.242 180.341 179.814 178.541 176.686 174.715 173.169 172.55 173.219 175.584 180.295 188.246 200.673 218.17 239.297 256.825 256.414 233.371 201.125 172.703 152.652 141.048 137.108 140.539 151.013 166.663 181.645 182.734 162.618 136.97 120.846 120.289 138.626 169.262 193.886 235.593 293.217 355.723 475.554 268.825 199.068 188.718 261.068 238.395 220.817 177.63 196.17 235.171 289.925 349.528 259.519 277.498 188.857 138.146 119.588 101.078 85.4946 69.2072 59.3178 71.8321 158.134 115.756 55.7981 52.3446 61.2825 99.9775 170.554 95.7054 127.44 303.025 162.029 75.9875 96.6665 126.136 165.999 264.867 215.338 255.663 287.854 141.112 160.172 173.895 194.377 192.204 160.849 149.991 149.883 152.789 157.612 162.774 166.47 169.312  #recruits; first value is R0 (virgin)
1061.55  1061.55 1061.55 1061.53 1061.51 1061.04 1060.58 1060.12 1059.96 1059.89 1059.8 1059.72 1059.61 1059.48 1059.33 1059.15 1058.94 1058.7 1058.44 1058.15 1057.84 1057.38 1057.02 1056.64 1056.23 1055.8 1055.35 1054.89 1054.33 1053.82 1053.15 1050.39 1049.21 1048.15 1047.14 1046.41 1045.59 1044.22 1042.47 1039.92 1036.62 1033.41 1030.65 1027.54 1025.43 1023.47 1021.48 1018.93 1016.34 1012.74 1009.38 1005.71 1002.65 998.426 992.689 986.615 976.048 964.859 948.491 933.445 926.248 918.369 912.261 905.448 897.131 890.107 884.929 878.766 873.035 867.342 860.565 854.516 849.533 845.69 843.665 840.978 839.977 840.301 831.084 829.111 825.513 821.626 809.254 801.7 790.923 776.874 761.78 744.663 727.651 707.773 688.096 655.992 622.133 596.821 564.004 511.405 484.239 463.659 437.583 415.877 388.687 364.753 334.993 313.706 277.145 244.487 213.264 196.042 179.175 160.689 139.334 131.539 119.954 121.068 121.295 126.891 132.639 138.78 144.965 151.61 157.808 164.561 171.334 178.82 186.834 195.247 204.543 214.469 224.715 235.609 247.988 261.055 274.926 289.682 305.316 321.728 338.749 #spbio; first value is SSB_virgin (virgin)
1 0 0 0 0 0 0 0 0 0 0 0 0 0 0 0 0 0 0 0 0 0 0 0 0 0 0 0 0 0 0 0 0 0 0 0 0 0 0 0 0 0 0 0 0 0 0 0 0 0 0 0 0 0 0 0 0 0 0 0 0 0 0 0 0 0 0 0 0 0 0 0 0 0 0 0 0 0 0 0 0 0 0 0 0 0 0 0 0 0 0 0 0 0 0 0 0 0 0 0 0 0 0 0 0 0 0 0 0 0 0 0 0 0 0 0 0 0 0 0 0 0 0 0 0 0 0 0 0 0 0 0 0 0 0 0 0  # in Bzero
0 1 1 1 1 1 1 1 1 1 1 1 1 1 1 1 1 1 1 1 1 1 1 1 1 1 1 1 1 1 1 1 1 1 1 1 1 1 1 1 1 1 1 1 1 1 1 1 1 1 1 1 1 1 1 1 1 1 1 1 1 1 1 1 1 1 1 1 1 1 1 1 1 1 1 1 1 1 1 1 1 1 1 1 1 1 1 1 1 1 1 1 1 1 1 1 1 1 1 1 1 1 1 1 1 1 1 1 1 1 1 1 1 1 1 1 1 1 1 1 1 1 1 1 1 1 1 1 1 1 1 1 1 1  0 0 0 # in R project
0 1 1 1 1 1 1 1 1 1 1 1 1 1 1 1 1 1 1 1 1 1 1 1 1 1 1 1 1 1 1 1 1 1 1 1 1 1 1 1 1 1 1 1 1 1 1 1 1 1 1 1 1 1 1 1 1 1 1 1 1 1 1 1 1 1 1 1 1 1 1 1 1 1 1 1 1 1 1 1 1 1 1 1 1 1 1 1 1 1 1 1 1 1 1 1 1 1 1 1 1 1 1 1 1 1 1 1 1 1 1 1 1 1 1 1 1 1 1 1 1 1 1 1 1 1 1 1 1 1 1 1 1 1  0 0 0 # in R/S project
# Number of years with pre-specified catches
0
# catches for years with pre-specified catches go next
# Number of future recruitments to override
-2
# Process for overiding (-1 for average otherwise index in data list)
# Which probability to product detailed results for (1=0.5; 2=0.6; etc.)
3
# Steepness sigma-R Auto-correlation
0.718 0.5 0
# Target SPR rate (FMSY Proxy); manually change to SPR_MSY if not using SPR_target
0.5
# Discount rate (for cumulative catch)
0.1
# Truncate the series when 0.4B0 is reached (1=Yes)
0
# Set F to FMSY once 0.4B0 is reached (1=Yes)
0
# Maximum possible F for projection (-1 to set to FMSY)
-1
# Defintion of recovery (1=now only;2=now or before)
2
# Projection type
4
# Definition of the 40-10 rule
10 40
# Sigma Assessment Error (Base, Year1, Slope, MaxSigma)
1.0 2025 0.075 2.0
# Pstar
0.45
# Constrain catches by the ABC (1=yes, 2=no)
2
# Implementation Error (0=no; 1=lognormal; 2=uniform)
0
#Parameters of Implementaion Error
1 0.3
# Calculate coefficients of variation (1=Yes)
0
# Number of replicates to use
10
# Random number seed
-99004
# File with multiple parameter vectors 
rebuild.SSO
# User-specific projection (1=Yes); Output replaced (1->9)
0  5
# Catches and Fs (Year; 1/2/3 (F or C or SPR); value); Final row is -1
2024 1 1
-1 -1 -1
# Fixed catch project (1=Yes); Output replaced (1->9); Approach (-1=Read in else 1-9)
0 2 -1
# (48a) Special catch options (1-Yes) [CUT_OFF, Emsy, distribution, MAXCAT, Add, replace_code]
0 0.18 1.00 1.00 0 6
# (48b) B1Target
150000
# Split of Fs
2011  1
 0
 0
 0
 0
 0
 0
-1  1 1 1 1 1 1 1 1 1 1 1 1
# Yrs to define T_target for projection type 4 (a.k.a. 5 pre-specified inputs)
2030 2031 2032 2033 2034 
# Year for probability of recovery
2034 2035 2036 2037 2038 2039 2040 2041
# Time varying weight-at-age (1=Yes;0=No)
0
# File with time series of weight-at-age data
none
# Use bisection (0) or linear interpolation (1)
1
# Target Depletion
0.4
# CV of implementation error
0
