#Title, #runnumber: 1 yelloweye_data.ss yelloweye_control.ss 5339.83 1119.42 284.11 StartTime: Sun Apr 27 23:14:42 2025
SSv3_default_rebuild.dat
# Number of sexes
1
# Age range to consider (minimum age; maximum age)
0 100
# Number of fleets
7
# First year of projection (Yinit)
2011
# First Year of rebuilding period (Ydecl)
2013
# Number of simulations
1000
# Maximum number of years
500
# Conduct projections with multiple starting values (0=No;else yes)
0
# Number of parameter vectors
1000
# Is the maximum age a plus-group (1=Yes;2=No)
1
# Generate future recruitments using historical recruitments (1)  historical recruits/spawner (2)  or a stock-recruitment (3)
3
# Constant fishing mortality (1) or constant Catch (2) projections
1
# Fishing mortality based on SPR (1) or actual rate (2)
1
# Pre-specify the year of recovery (or -1) to ignore
-1
# Fecundity-at-age
# 0 1 2 3 4 5 6 7 8 9 10 11 12 13 14 15 16 17 18 19 20 21 22 23 24 25 26 27 28 29 30 31 32 33 34 35 36 37 38 39 40 41 42 43 44 45 46 47 48 49 50 51 52 53 54 55 56 57 58 59 60 61 62 63 64 65 66 67 68 69 70 71 72 73 74 75 76 77 78 79 80 81 82 83 84 85 86 87 88 89 90 91 92 93 94 95 96 97 98 99 100 #runnumber: 1 yelloweye_data.ss yelloweye_control.ss 5339.83 1119.42 284.11
 0 0 2.56379e-08 3.4815e-07 3.30589e-06 2.38969e-05 0.000136643 0.000622172 0.0022482 0.00650695 0.0154656 0.0311596 0.0548925 0.0868568 0.126198 0.171373 0.220578 0.272093 0.324481 0.376665 0.427905 0.477742 0.525921 0.572329 0.616935 0.659757 0.700835 0.740221 0.777963 0.814109 0.848704 0.88179 0.913405 0.943589 0.972379 0.999814 1.02593 1.05077 1.07438 1.09679 1.11805 1.1382 1.15729 1.17535 1.19243 1.20857 1.22382 1.23822 1.2518 1.2646 1.27667 1.28804 1.29874 1.30882 1.3183 1.32722 1.33561 1.34349 1.3509 1.35786 1.3644 1.37054 1.3763 1.38171 1.38679 1.39155 1.39602 1.40021 1.40415 1.40783 1.41129 1.41462 1.41773 1.42066 1.4234 1.42597 1.42837 1.43063 1.43274 1.43472 1.43657 1.43831 1.43993 1.44146 1.44288 1.44422 1.44547 1.44664 1.44774 1.44877 1.44973 1.45063 1.45147 1.45226 1.453 1.45369 1.45434 1.45494 1.45551 1.45604 1.45687 #female fecundity; weighted by N in year Y_init across morphs and areas
# Age specific selectivity and weight adjusted for discard and discard mortality
 #wt and selex for gender,fleet: 1 1 1_CA_TWL
 0.0107109 0.0207946 0.0596939 0.118245 0.196006 0.289841 0.396061 0.511298 0.632781 0.758372 0.886548 1.01637 1.14741 1.27965 1.41324 1.54837 1.68509 1.82322 1.96236 2.10192 2.24116 2.37929 2.51555 2.64924 2.77976 2.90661 3.02942 3.14792 3.26194 3.37137 3.47616 3.57632 3.67189 3.76295 3.84958 3.93192 4.01007 4.08418 4.1544 4.22087 4.28373 4.34315 4.39928 4.45225 4.50223 4.54935 4.59376 4.63559 4.67497 4.71204 4.74691 4.77971 4.81055 4.83953 4.86676 4.89235 4.91637 4.93893 4.9601 4.97998 4.99863 5.01612 5.03254 5.04793 5.06236 5.0759 5.08859 5.10048 5.11163 5.12208 5.13197 5.14133 5.1501 5.15832 5.16601 5.17323 5.17998 5.18631 5.19223 5.19778 5.20298 5.20785 5.21241 5.21667 5.22067 5.22441 5.22791 5.23119 5.23427 5.23714 5.23983 5.24235 5.24471 5.24692 5.24899 5.25092 5.25273 5.25443 5.25601 5.2575 5.25981
 0 0.000632795 0.00244662 0.00839269 0.0228729 0.051304 0.0981381 0.164968 0.249719 0.347162 0.450303 0.551985 0.646208 0.728887 0.798019 0.8534 0.896112 0.927958 0.951005 0.967248 0.978433 0.98598 0.990985 0.994253 0.996361 0.997707 0.99856 0.999096 0.999432 0.999643 0.999774 0.999856 0.999908 0.99994 0.999961 0.999974 0.999982 0.999988 0.999991 0.999993 0.999995 0.999996 0.999997 0.999997 0.999997 0.999997 0.999998 0.999998 0.999998 0.999998 0.999998 0.999998 0.999998 0.999998 0.999998 0.999998 0.999998 0.999998 0.999998 0.999998 0.999998 0.999998 0.999998 0.999998 0.999998 0.999998 0.999998 0.999998 0.999997 0.999997 0.999997 0.999997 0.999997 0.999997 0.999997 0.999997 0.999997 0.999997 0.999997 0.999997 0.999997 0.999997 0.999997 0.999997 0.999997 0.999997 0.999997 0.999997 0.999997 0.999997 0.999997 0.999997 0.999997 0.999997 0.999997 0.999997 0.999997 0.999997 0.999997 0.999997 0.999997
 #wt and selex for gender,fleet: 1 3 3_CA_REC
 0.0106379 0.0194335 0.0536692 0.106285 0.17678 0.262797 0.361368 0.469642 0.58517 0.706033 0.830914 0.959108 1.09039 1.22477 1.36226 1.50266 1.64553 1.79015 1.9356 2.08092 2.22515 2.36739 2.50691 2.64309 2.77545 2.90363 3.02739 3.14655 3.26102 3.37075 3.47575 3.57604 3.67171 3.76282 3.8495 3.93186 4.01003 4.08416 4.15438 4.22085 4.28372 4.34315 4.39927 4.45225 4.50223 4.54935 4.59376 4.63559 4.67497 4.71204 4.74691 4.77971 4.81055 4.83953 4.86676 4.89235 4.91637 4.93893 4.9601 4.97998 4.99863 5.01612 5.03254 5.04793 5.06236 5.0759 5.08859 5.10048 5.11163 5.12208 5.13197 5.14133 5.1501 5.15832 5.16602 5.17323 5.17998 5.18631 5.19223 5.19778 5.20298 5.20785 5.21241 5.21667 5.22067 5.22441 5.22792 5.2312 5.23427 5.23714 5.23983 5.24235 5.24471 5.24692 5.24899 5.25092 5.25273 5.25443 5.25601 5.2575 5.25981
 0 0.00540705 0.0147126 0.036468 0.076158 0.137409 0.219868 0.318984 0.427288 0.536333 0.638516 0.728324 0.802839 0.861542 0.905687 0.937532 0.959664 0.974547 0.984263 0.990445 0.994289 0.996631 0.998035 0.998864 0.999347 0.999627 0.999787 0.999878 0.99993 0.99996 0.999977 0.999986 0.999992 0.999995 0.999997 0.999998 0.999999 0.999999 0.999999 0.999999 0.999999 0.999999 0.999999 0.999999 0.999999 0.999999 0.999999 0.999999 0.999999 0.999999 0.999999 0.999999 0.999999 0.999999 0.999999 0.999999 0.999999 0.999999 0.999999 0.999999 0.999999 0.999999 0.999999 0.999999 0.999999 0.999999 0.999999 0.999999 0.999999 0.999999 0.999999 0.999999 0.999999 0.999999 0.999999 0.999999 0.999999 0.999999 0.999999 0.999999 0.999999 0.999999 0.999999 0.999999 0.999999 0.999999 0.999999 0.999999 0.999999 0.999999 0.999999 0.999999 0.999999 0.999999 0.999999 0.999999 0.999999 0.999999 0.999999 0.999999 0.999999
 #wt and selex for gender,fleet: 1 4 4_ORWA_TWL
 0.0105826 0.018394 0.0488378 0.0974648 0.164327 0.248039 0.346397 0.456958 0.577347 0.705411 0.839266 0.977309 1.11821 1.26088 1.40448 1.54838 1.69208 1.83517 1.97731 2.11815 2.25732 2.39443 2.5291 2.66093 2.78955 2.91462 3.03585 3.15301 3.26591 3.37444 3.47852 3.57812 3.67326 3.76399 3.85038 3.93252 4.01054 4.08454 4.15468 4.22108 4.2839 4.34328 4.39938 4.45234 4.5023 4.5494 4.5938 4.63562 4.675 4.71206 4.74693 4.77973 4.81056 4.83954 4.86678 4.89236 4.91638 4.93894 4.96011 4.97998 4.99863 5.01613 5.03254 5.04793 5.06237 5.0759 5.08859 5.10049 5.11163 5.12208 5.13197 5.14133 5.1501 5.15832 5.16602 5.17323 5.17998 5.18631 5.19223 5.19778 5.20298 5.20785 5.21241 5.21667 5.22067 5.22441 5.22792 5.2312 5.23427 5.23714 5.23983 5.24235 5.24471 5.24692 5.24899 5.25092 5.25273 5.25443 5.25602 5.2575 5.25981
 0 0.0120626 0.0247049 0.0472713 0.0815417 0.128487 0.187556 0.256759 0.333097 0.4131 0.493332 0.570757 0.642963 0.708257 0.765655 0.814811 0.855899 0.889481 0.916361 0.937471 0.953761 0.966135 0.975403 0.982258 0.987274 0.99091 0.993526 0.995397 0.996728 0.997672 0.998341 0.998814 0.999148 0.999385 0.999554 0.999674 0.99976 0.999822 0.999866 0.999899 0.999923 0.99994 0.999953 0.999963 0.99997 0.999976 0.99998 0.999984 0.999986 0.999988 0.99999 0.999991 0.999992 0.999993 0.999993 0.999994 0.999994 0.999995 0.999995 0.999995 0.999995 0.999995 0.999996 0.999996 0.999996 0.999996 0.999996 0.999996 0.999996 0.999996 0.999996 0.999996 0.999996 0.999996 0.999996 0.999996 0.999996 0.999996 0.999996 0.999996 0.999996 0.999996 0.999996 0.999996 0.999996 0.999996 0.999996 0.999996 0.999996 0.999996 0.999996 0.999996 0.999996 0.999996 0.999996 0.999996 0.999996 0.999996 0.999996 0.999996 0.999996
 #wt and selex for gender,fleet: 1 5 5_ORWA_NONTWL
 0.010646 0.0196018 0.0548488 0.109757 0.184374 0.276568 0.383321 0.501551 0.628458 0.761657 0.899186 1.03946 1.18124 1.32356 1.46571 1.60717 1.74759 1.88675 2.02446 2.16056 2.29486 2.42717 2.55724 2.68478 2.80951 2.93114 3.04938 3.164 3.27477 3.38154 3.48418 3.58263 3.67684 3.76683 3.85263 3.93432 4.01196 4.08568 4.15559 4.22182 4.2845 4.34377 4.39978 4.45267 4.50257 4.54963 4.59399 4.63579 4.67514 4.71218 4.74704 4.77982 4.81064 4.83961 4.86684 4.89241 4.91643 4.93898 4.96015 4.98002 4.99867 5.01616 5.03257 5.04796 5.06239 5.07593 5.08861 5.10051 5.11165 5.1221 5.13199 5.14135 5.15012 5.15834 5.16603 5.17324 5.18 5.18633 5.19225 5.1978 5.203 5.20786 5.21242 5.21669 5.22069 5.22443 5.22793 5.23121 5.23428 5.23716 5.23985 5.24237 5.24473 5.24693 5.249 5.25094 5.25275 5.25444 5.25603 5.25751 5.25982
 0 0.00117861 0.0033884 0.00907735 0.0207401 0.0412303 0.0729299 0.117054 0.173307 0.239954 0.314196 0.392681 0.472003 0.549092 0.621466 0.687354 0.745698 0.796087 0.838632 0.873824 0.902402 0.925226 0.943186 0.957136 0.967847 0.975991 0.982131 0.986729 0.990153 0.992693 0.994571 0.995958 0.996981 0.997736 0.998295 0.998709 0.999016 0.999245 0.999417 0.999547 0.999645 0.999719 0.999776 0.99982 0.999855 0.999881 0.999902 0.999919 0.999932 0.999943 0.999951 0.999958 0.999964 0.999969 0.999972 0.999976 0.999978 0.999981 0.999983 0.999984 0.999986 0.999987 0.999988 0.999989 0.99999 0.99999 0.999991 0.999992 0.999992 0.999992 0.999993 0.999993 0.999993 0.999993 0.999994 0.999994 0.999994 0.999994 0.999994 0.999994 0.999994 0.999994 0.999994 0.999994 0.999994 0.999995 0.999995 0.999995 0.999995 0.999995 0.999995 0.999995 0.999995 0.999995 0.999995 0.999995 0.999995 0.999995 0.999995 0.999995 0.999995
 #wt and selex for gender,fleet: 1 6 6_OR_REC
 0.0110781 0.0267621 0.0771248 0.145483 0.228984 0.321679 0.418969 0.518175 0.618728 0.721839 0.829589 0.943954 1.06614 1.19633 1.33373 1.47688 1.62396 1.77316 1.92288 2.07174 2.21871 2.36295 2.50384 2.64094 2.77388 2.90243 3.0264 3.14568 3.26021 3.36997 3.47497 3.57526 3.67092 3.76202 3.84868 3.93103 4.00918 4.08329 4.1535 4.21996 4.28282 4.34224 4.39835 4.45132 4.50129 4.5484 4.5928 4.63463 4.67401 4.71107 4.74594 4.77873 4.80957 4.83855 4.86578 4.89135 4.91538 4.93793 4.9591 4.97898 4.99762 5.01512 5.03153 5.04692 5.06135 5.07489 5.08757 5.09947 5.11062 5.12106 5.13095 5.14031 5.14907 5.15729 5.16498 5.17219 5.17894 5.18527 5.19119 5.19674 5.20193 5.2068 5.21135 5.21562 5.21961 5.22335 5.22685 5.23013 5.2332 5.23608 5.23877 5.24129 5.24364 5.24585 5.24792 5.24985 5.25166 5.25336 5.25494 5.25643 5.25873
 0 5.44578e-05 0.00067954 0.00524326 0.0240107 0.0735873 0.166428 0.299267 0.452856 0.602649 0.730129 0.827364 0.895229 0.939264 0.966148 0.981728 0.990353 0.994929 0.997254 0.998374 0.998869 0.999049 0.999074 0.999025 0.99894 0.998839 0.998732 0.998624 0.998516 0.998411 0.998309 0.998209 0.998114 0.998022 0.997934 0.997849 0.997768 0.997692 0.997618 0.997549 0.997483 0.99742 0.99736 0.997304 0.997251 0.997201 0.997153 0.997108 0.997066 0.997026 0.996988 0.996953 0.99692 0.996888 0.996859 0.996831 0.996805 0.996781 0.996758 0.996736 0.996716 0.996697 0.996679 0.996662 0.996646 0.996631 0.996618 0.996605 0.996592 0.996581 0.99657 0.99656 0.99655 0.996541 0.996533 0.996525 0.996517 0.99651 0.996504 0.996498 0.996492 0.996487 0.996482 0.996477 0.996473 0.996468 0.996465 0.996461 0.996458 0.996454 0.996452 0.996449 0.996446 0.996444 0.996441 0.996439 0.996437 0.996435 0.996434 0.996432 0.99643
 #wt and selex for gender,fleet: 1 7 7_WA_REC
 0.0110636 0.0267004 0.0788727 0.152725 0.246298 0.3535 0.468894 0.588421 0.709362 0.830157 0.950263 1.06997 1.19011 1.31175 1.43586 1.56307 1.69364 1.82732 1.96351 2.10131 2.23965 2.37748 2.51378 2.64768 2.77847 2.90559 3.02865 3.14736 3.26153 3.37108 3.47595 3.57617 3.67179 3.76288 3.84953 3.93188 4.01005 4.08417 4.15439 4.22086 4.28373 4.34315 4.39927 4.45225 4.50223 4.54935 4.59376 4.63559 4.67497 4.71204 4.74691 4.77971 4.81055 4.83953 4.86676 4.89235 4.91637 4.93893 4.9601 4.97998 4.99863 5.01612 5.03254 5.04793 5.06236 5.0759 5.08859 5.10048 5.11163 5.12208 5.13197 5.14133 5.1501 5.15832 5.16602 5.17323 5.17998 5.18631 5.19223 5.19778 5.20298 5.20785 5.21241 5.21667 5.22067 5.22441 5.22792 5.2312 5.23427 5.23714 5.23983 5.24235 5.24471 5.24692 5.24899 5.25092 5.25273 5.25443 5.25601 5.2575 5.25981
 0 5.68994e-06 7.39404e-05 0.000649913 0.00357031 0.0134586 0.0377595 0.0841324 0.156545 0.252824 0.365142 0.482768 0.595354 0.69526 0.778405 0.843916 0.893166 0.92872 0.953505 0.970266 0.981307 0.988418 0.99291 0.995702 0.997414 0.998452 0.999077 0.99945 0.999672 0.999804 0.999882 0.999929 0.999957 0.999973 0.999983 0.99999 0.999993 0.999996 0.999997 0.999998 0.999998 0.999999 0.999999 0.999999 0.999999 0.999999 0.999999 0.999999 0.999999 0.999999 0.999999 0.999999 0.999999 0.999999 0.999999 0.999999 0.999999 0.999999 0.999999 0.999999 0.999999 0.999999 0.999999 0.999999 0.999999 0.999999 0.999999 0.999999 0.999999 0.999999 0.999999 0.999999 0.999999 0.999999 0.999999 0.999999 0.999999 0.999999 0.999999 0.999999 0.999999 0.999999 0.999999 0.999999 0.999999 0.999999 0.999999 0.999999 0.999999 0.999999 0.999999 0.999999 0.999999 0.999999 0.999999 0.999999 0.999999 0.999999 0.999999 0.999999 0.999999
# Sex ratio correction
1
# M and current age-structure in year Yinit: 2011
 # gender = 1
 0.0439034 0.0439034 0.0439034 0.0439034 0.0439034 0.0439034 0.0439034 0.0439034 0.0439034 0.0439034 0.0439034 0.0439034 0.0439034 0.0439034 0.0439034 0.0439034 0.0439034 0.0439034 0.0439034 0.0439034 0.0439034 0.0439034 0.0439034 0.0439034 0.0439034 0.0439034 0.0439034 0.0439034 0.0439034 0.0439034 0.0439034 0.0439034 0.0439034 0.0439034 0.0439034 0.0439034 0.0439034 0.0439034 0.0439034 0.0439034 0.0439034 0.0439034 0.0439034 0.0439034 0.0439034 0.0439034 0.0439034 0.0439034 0.0439034 0.0439034 0.0439034 0.0439034 0.0439034 0.0439034 0.0439034 0.0439034 0.0439034 0.0439034 0.0439034 0.0439034 0.0439034 0.0439034 0.0439034 0.0439034 0.0439034 0.0439034 0.0439034 0.0439034 0.0439034 0.0439034 0.0439034 0.0439034 0.0439034 0.0439034 0.0439034 0.0439034 0.0439034 0.0439034 0.0439034 0.0439034 0.0439034 0.0439034 0.0439034 0.0439034 0.0439034 0.0439034 0.0439034 0.0439034 0.0439034 0.0439034 0.0439034 0.0439034 0.0439034 0.0439034 0.0439034 0.0439034 0.0439034 0.0439034 0.0439034 0.0439034 0.0439034
 218.351 258.206 226.501 279.788 172.316 128.982 92.399 66.998 144.797 281.384 79.479 60.0408 118.31 65.5128 36.5102 31.1555 31.7855 61.3088 76.6629 31.3809 24.4383 26.4524 28.0041 27.3331 27.5161 27.2004 32.0704 38.1062 26.9763 29.6243 20.4958 14.5484 10.1316 7.38138 8.07292 8.30802 7.79793 4.67183 4.27558 4.89095 7.82163 4.95952 3.52225 2.742 1.99975 1.56192 1.27038 1.10207 1.07347 1.15416 1.284 1.34349 1.24214 1.06994 0.921181 0.819389 0.764355 0.751079 0.775111 0.833473 0.918257 1.00312 1.03429 0.973872 0.858133 0.743525 0.65157 0.582555 0.531145 0.491472 0.459905 0.434247 0.413246 0.395827 0.380641 0.36635 0.351876 0.3368 0.321282 0.30589 0.29123 0.277744 0.265577 0.254721 0.244984 0.236102 0.227828 0.219952 0.212296 0.20475 0.197247 0.189751 0.182271 0.174864 0.167523 0.160213 0.153122 0.146284 0.139721 0.133447 2.94312
# Age-structure at Ydeclare= 2013
 121.401 109.632 199.994 236.495 207.444 256.218 157.762 118.038 84.5077 61.228 132.21 256.69 72.4417 54.6828 107.683 59.5967 33.1995 28.3214 28.8873 55.7091 69.6521 28.5086 22.2 24.0283 25.4367 24.8262 24.9915 24.7038 29.1255 34.6056 24.497 26.9003 18.6103 13.2094 9.1988 6.70151 7.32912 7.54233 7.07904 4.24101 3.88119 4.43968 7.09975 4.50167 3.197 2.48873 1.815 1.41759 1.15297 1.0002 0.974236 1.04745 1.16527 1.21925 1.12726 0.970987 0.83598 0.743601 0.693654 0.681604 0.703412 0.756374 0.833313 0.910326 0.938612 0.883779 0.778746 0.674739 0.591291 0.52866 0.482005 0.446003 0.417356 0.394071 0.375013 0.359205 0.345424 0.332455 0.31932 0.305639 0.291557 0.277588 0.264285 0.252047 0.241006 0.231155 0.222318 0.214258 0.20675 0.199602 0.192655 0.185807 0.178998 0.172196 0.165408 0.158686 0.152024 0.14539 0.138956 0.132751 2.91874
# Year for Tmin Age-structure (set to Ydecl by SS)
2013
#  recruitment and biomass
# Number of historical assessment years
129
# Historical data
# year recruitment spawner in B0 in R project in R/S project
1888  1889 1890 1891 1892 1893 1894 1895 1896 1897 1898 1899 1900 1901 1902 1903 1904 1905 1906 1907 1908 1909 1910 1911 1912 1913 1914 1915 1916 1917 1918 1919 1920 1921 1922 1923 1924 1925 1926 1927 1928 1929 1930 1931 1932 1933 1934 1935 1936 1937 1938 1939 1940 1941 1942 1943 1944 1945 1946 1947 1948 1949 1950 1951 1952 1953 1954 1955 1956 1957 1958 1959 1960 1961 1962 1963 1964 1965 1966 1967 1968 1969 1970 1971 1972 1973 1974 1975 1976 1977 1978 1979 1980 1981 1982 1983 1984 1985 1986 1987 1988 1989 1990 1991 1992 1993 1994 1995 1996 1997 1998 1999 2000 2001 2002 2003 2004 2005 2006 2007 2008 2009 2010 2011 2012 2013 2014 2015 2016 #years (with first value representing R0)
215.636 214.465 214.426 214.387 214.345 214.295 214.243 214.19 214.141 214.091 214.04 213.988 213.932 213.876 213.823 213.767 213.711 213.661 213.614 213.581 213.559 213.542 213.538 213.538 213.542 213.529 213.478 213.351 213.107 212.699 211.901 210.789 209.397 207.689 205.683 203.437 201.024 198.546 196.138 193.937 192.081 190.689 189.806 189.342 189.124 188.835 188.127 186.749 184.717 182.333 180.154 178.741 178.545 179.806 182.762 187.911 196.112 208.735 226.682 248.972 268.863 271.674 250.65 218.229 188.361 166.54 153.382 148.306 150.981 161.09 177.425 195.112 199.617 180.139 152.548 133.295 128.117 137.672 157.023 185.419 232.959 272.211 345.976 488.516 271.253 208.86 199.455 288.802 265.016 220.273 171.131 198.342 239.155 281.684 339.393 257.37 303.265 213.763 152.962 131.82 112.862 100.975 84.4723 70.0884 81.94 184.547 137.529 66.9906 62.069 69.024 117.837 202.763 98.1456 124.005 419.296 206.184 91.2114 120.315 160.683 205.415 319.185 247.289 269.795 218.351 114.553 121.401 126.013 143.397 164.847  #recruits; first value is R0 (virgin)
1119.42  1119.42 1119.41 1119.4 1119.37 1118.91 1118.45 1117.98 1117.83 1117.75 1117.67 1117.58 1117.47 1117.34 1117.17 1116.99 1116.77 1116.51 1116.23 1115.92 1115.58 1115.1 1114.71 1114.29 1113.85 1113.38 1112.89 1112.38 1111.78 1111.24 1110.51 1107.71 1106.48 1105.37 1104.31 1103.53 1102.66 1101.23 1099.44 1096.83 1093.49 1090.23 1087.43 1084.26 1082.11 1080.1 1078.07 1075.47 1072.83 1069.19 1065.78 1062.06 1058.94 1054.67 1048.87 1042.72 1032.05 1020.72 1004.16 988.941 981.558 973.242 966.757 959.641 951.006 943.556 938.025 931.453 925.392 919.397 912.384 906.132 901.037 897.16 895.215 892.665 891.789 892.327 883.302 881.508 878.114 874.554 862.043 854.295 843.447 829.46 814.07 796.845 779.86 759.969 740.245 707.758 673.366 647.449 613.914 557.804 510.032 482.877 446.439 417.689 390.841 367.753 338.38 317.739 283.287 252.254 222.75 207.329 191.707 174.834 155.352 149.742 140.129 142.294 144.046 150.942 158.162 165.685 173.258 181.196 188.751 196.816 205.025 214.194 223.919 234.186 245.476 257.75 270.433 #spbio; first value is SSB_virgin (virgin)
1 0 0 0 0 0 0 0 0 0 0 0 0 0 0 0 0 0 0 0 0 0 0 0 0 0 0 0 0 0 0 0 0 0 0 0 0 0 0 0 0 0 0 0 0 0 0 0 0 0 0 0 0 0 0 0 0 0 0 0 0 0 0 0 0 0 0 0 0 0 0 0 0 0 0 0 0 0 0 0 0 0 0 0 0 0 0 0 0 0 0 0 0 0 0 0 0 0 0 0 0 0 0 0 0 0 0 0 0 0 0 0 0 0 0 0 0 0 0 0 0 0 0 0 0 0 0 0 0  # in Bzero
0 1 1 1 1 1 1 1 1 1 1 1 1 1 1 1 1 1 1 1 1 1 1 1 1 1 1 1 1 1 1 1 1 1 1 1 1 1 1 1 1 1 1 1 1 1 1 1 1 1 1 1 1 1 1 1 1 1 1 1 1 1 1 1 1 1 1 1 1 1 1 1 1 1 1 1 1 1 1 1 1 1 1 1 1 1 1 1 1 1 1 1 1 1 1 1 1 1 1 1 1 1 1 1 1 1 1 1 1 1 1 1 1 1 1 1 1 1 1 1 1 1 1 1 1 1  0 0 0 # in R project
0 1 1 1 1 1 1 1 1 1 1 1 1 1 1 1 1 1 1 1 1 1 1 1 1 1 1 1 1 1 1 1 1 1 1 1 1 1 1 1 1 1 1 1 1 1 1 1 1 1 1 1 1 1 1 1 1 1 1 1 1 1 1 1 1 1 1 1 1 1 1 1 1 1 1 1 1 1 1 1 1 1 1 1 1 1 1 1 1 1 1 1 1 1 1 1 1 1 1 1 1 1 1 1 1 1 1 1 1 1 1 1 1 1 1 1 1 1 1 1 1 1 1 1 1 1  0 0 0 # in R/S project
# Number of years with pre-specified catches
0
# catches for years with pre-specified catches go next
# Number of future recruitments to override
-2
# Process for overiding (-1 for average otherwise index in data list)
# Which probability to product detailed results for (1=0.5; 2=0.6; etc.)
3
# Steepness sigma-R Auto-correlation
0.718 0.5 0
# Target SPR rate (FMSY Proxy); manually change to SPR_MSY if not using SPR_target
0.5
# Discount rate (for cumulative catch)
0.1
# Truncate the series when 0.4B0 is reached (1=Yes)
0
# Set F to FMSY once 0.4B0 is reached (1=Yes)
0
# Maximum possible F for projection (-1 to set to FMSY)
-1
# Defintion of recovery (1=now only;2=now or before)
2
# Projection type
4
# Definition of the 40-10 rule
10 40
# Sigma Assessment Error (Base, Year1, Slope, MaxSigma)
1.0 2017 0.075 2.0
# Pstar
0.45
# Constrain catches by the ABC (1=yes, 2=no)
2
# Implementation Error (0=no; 1=lognormal; 2=uniform)
0
#Parameters of Implementaion Error
1 0.3
# Calculate coefficients of variation (1=Yes)
0
# Number of replicates to use
10
# Random number seed
-99004
# File with multiple parameter vectors 
rebuild.SSO
# User-specific projection (1=Yes); Output replaced (1->9)
0  5
# Catches and Fs (Year; 1/2/3 (F or C or SPR); value); Final row is -1
2016 1 1
-1 -1 -1
# Fixed catch project (1=Yes); Output replaced (1->9); Approach (-1=Read in else 1-9)
0 2 -1
# (48a) Special catch options (1-Yes) [CUT_OFF, Emsy, distribution, MAXCAT, Add, replace_code]
0 0.18 1.00 1.00 0 6
# (48b) B1Target
150000
# Split of Fs
2011  0.000526118
 0
 0.165494
 0.0067065
 0.265655
 0.25407
 0.307548
-1  1 1 1 1 1 1 1 1 1 1 1 1
# Yrs to define T_target for projection type 4 (a.k.a. 5 pre-specified inputs)
2022 2023 2024 2025 2026 
# Year for probability of recovery
2026 2027 2028 2029 2030 2031 2032 2033
# Time varying weight-at-age (1=Yes;0=No)
0
# File with time series of weight-at-age data
none
# Use bisection (0) or linear interpolation (1)
1
# Target Depletion
0.4
# CV of implementation error
0
