#Title, #runnumber: 1 yelloweye_data.ss yelloweye_control.ss 5904.2 1138.02 390.122 StartTime: Mon Apr 28 17:42:20 2025
SSv3_default_rebuild.dat
# Number of sexes
1
# Age range to consider (minimum age; maximum age)
0 100
# Number of fleets
7
# First year of projection (Yinit)
2011
# First Year of rebuilding period (Ydecl)
2013
# Number of simulations
1000
# Maximum number of years
500
# Conduct projections with multiple starting values (0=No;else yes)
0
# Number of parameter vectors
1000
# Is the maximum age a plus-group (1=Yes;2=No)
1
# Generate future recruitments using historical recruitments (1)  historical recruits/spawner (2)  or a stock-recruitment (3)
3
# Constant fishing mortality (1) or constant Catch (2) projections
1
# Fishing mortality based on SPR (1) or actual rate (2)
1
# Pre-specify the year of recovery (or -1) to ignore
-1
# Fecundity-at-age
# 0 1 2 3 4 5 6 7 8 9 10 11 12 13 14 15 16 17 18 19 20 21 22 23 24 25 26 27 28 29 30 31 32 33 34 35 36 37 38 39 40 41 42 43 44 45 46 47 48 49 50 51 52 53 54 55 56 57 58 59 60 61 62 63 64 65 66 67 68 69 70 71 72 73 74 75 76 77 78 79 80 81 82 83 84 85 86 87 88 89 90 91 92 93 94 95 96 97 98 99 100 #runnumber: 1 yelloweye_data.ss yelloweye_control.ss 5904.2 1138.02 390.122
 0 0 8.64149e-09 1.49666e-07 1.68303e-06 1.38505e-05 8.85815e-05 0.000449602 0.00180563 0.00573435 0.0146542 0.0310754 0.0565757 0.0912296 0.133748 0.18206 0.233933 0.287409 0.340989 0.39365 0.444765 0.493994 0.541188 0.586312 0.629391 0.670478 0.709638 0.746938 0.782441 0.816206 0.848293 0.878755 0.907648 0.935023 0.960936 0.985439 1.00859 1.03043 1.05104 1.07044 1.08871 1.1059 1.12205 1.13723 1.15147 1.16483 1.17735 1.18909 1.20008 1.21038 1.22001 1.22901 1.23744 1.24531 1.25267 1.25954 1.26596 1.27195 1.27754 1.28276 1.28763 1.29217 1.2964 1.30035 1.30403 1.30746 1.31066 1.31364 1.31642 1.31901 1.32142 1.32372 1.32586 1.32786 1.32971 1.33144 1.33305 1.33455 1.33595 1.33725 1.33846 1.33958 1.34063 1.34161 1.34252 1.34336 1.34415 1.34488 1.34557 1.3462 1.34679 1.34734 1.34785 1.34833 1.34877 1.34918 1.34957 1.34992 1.35026 1.35056 1.35103 #female fecundity; weighted by N in year Y_init across morphs and areas
# Age specific selectivity and weight adjusted for discard and discard mortality
 #wt and selex for gender,fleet: 1 1 1_CA_TWL
 0.00896707 0.0118157 0.0376146 0.0837034 0.150291 0.236166 0.338776 0.455135 0.582293 0.717561 0.858597 1.00341 1.15037 1.29815 1.44574 1.59239 1.73758 1.88092 2.02211 2.16088 2.29693 2.42996 2.55966 2.6857 2.80781 2.9257 3.03919 3.14809 3.25232 3.35182 3.44659 3.53665 3.62208 3.70298 3.77948 3.85171 3.91983 3.984 4.04439 4.10117 4.15451 4.20459 4.25156 4.29559 4.33685 4.37549 4.41165 4.44549 4.47713 4.5067 4.53434 4.56017 4.58428 4.6068 4.62782 4.64743 4.66573 4.6828 4.69872 4.71356 4.7274 4.7403 4.75232 4.76353 4.77397 4.7837 4.79276 4.8012 4.80907 4.81639 4.82327 4.82973 4.83575 4.84136 4.84658 4.85144 4.85596 4.86017 4.86409 4.86774 4.87113 4.8743 4.87724 4.87998 4.88252 4.8849 4.8871 4.88916 4.89107 4.89285 4.8945 4.89604 4.89748 4.89881 4.90005 4.90121 4.90228 4.90328 4.90421 4.90508 4.90637
 0 0.00291188 0.00681244 0.0167621 0.0356299 0.0664626 0.111112 0.169581 0.239985 0.319013 0.402623 0.486727 0.567715 0.642772 0.710004 0.768415 0.817789 0.858513 0.891378 0.917399 0.937667 0.953235 0.965057 0.973952 0.980597 0.985536 0.989196 0.991903 0.993904 0.995387 0.996486 0.997305 0.997918 0.998378 0.998726 0.99899 0.999192 0.999348 0.999469 0.999564 0.999638 0.999697 0.999744 0.999782 0.999813 0.999838 0.999858 0.999875 0.999889 0.999901 0.999911 0.999919 0.999927 0.999933 0.999938 0.999943 0.999946 0.99995 0.999953 0.999956 0.999958 0.99996 0.999962 0.999963 0.999965 0.999966 0.999967 0.999968 0.999969 0.99997 0.999971 0.999971 0.999972 0.999972 0.999972 0.999973 0.999973 0.999973 0.999974 0.999974 0.999974 0.999974 0.999974 0.999975 0.999975 0.999975 0.999975 0.999975 0.999975 0.999975 0.999975 0.999976 0.999976 0.999976 0.999976 0.999976 0.999976 0.999976 0.999976 0.999976 0.999976
 #wt and selex for gender,fleet: 1 3 3_CA_REC
 0.00896707 0.0118885 0.0391503 0.0864331 0.153281 0.237696 0.336551 0.446625 0.565033 0.689446 0.818287 0.950796 1.08682 1.22637 1.36931 1.51507 1.66277 1.81125 1.9593 2.10579 2.24972 2.39026 2.52679 2.65882 2.78603 2.90818 3.02516 3.1369 3.2434 3.3447 3.4409 3.53209 3.61841 3.70002 3.77707 3.84974 3.91821 3.98266 4.04328 4.10023 4.15372 4.20391 4.25098 4.29509 4.33641 4.37511 4.41131 4.44518 4.47686 4.50646 4.53413 4.55997 4.5841 4.60663 4.62766 4.64728 4.66559 4.68267 4.6986 4.71345 4.72729 4.7402 4.75223 4.76344 4.77388 4.78361 4.79268 4.80112 4.80899 4.81632 4.8232 4.82966 4.83568 4.84129 4.84651 4.85137 4.85589 4.8601 4.86403 4.86767 4.87107 4.87423 4.87717 4.87991 4.88246 4.88483 4.88704 4.8891 4.89101 4.89279 4.89444 4.89598 4.89742 4.89875 4.89999 4.90115 4.90222 4.90322 4.90415 4.90502 4.90631
 0 0.00406209 0.0108142 0.0305999 0.0706197 0.136605 0.228837 0.34127 0.463433 0.583638 0.691983 0.782251 0.852358 0.903548 0.93899 0.962445 0.977395 0.986635 0.992205 0.995497 0.997416 0.998521 0.999154 0.999514 0.99972 0.999837 0.999905 0.999943 0.999966 0.999979 0.999987 0.999992 0.999995 0.999996 0.999997 0.999998 0.999999 0.999999 0.999999 0.999999 0.999999 0.999999 0.999999 0.999999 0.999999 0.999999 0.999999 0.999999 0.999999 0.999999 0.999999 0.999999 0.999999 0.999999 0.999999 0.999999 0.999999 0.999999 0.999999 0.999999 0.999999 0.999999 0.999999 0.999999 0.999999 0.999999 0.999999 0.999999 0.999999 0.999999 0.999999 0.999999 0.999999 0.999999 0.999999 0.999999 0.999999 0.999999 0.999999 0.999999 0.999999 0.999999 0.999999 0.999999 0.999999 0.999999 0.999999 0.999999 0.999999 0.999999 0.999999 0.999999 0.999999 0.999999 0.999999 0.999999 0.999999 0.999999 0.999999 0.999999 0.999999
 #wt and selex for gender,fleet: 1 4 4_ORWA_TWL
 0.00896707 0.0117283 0.0353313 0.0779493 0.139679 0.219496 0.315264 0.424425 0.544388 0.672743 0.807368 0.94651 1.08884 1.23341 1.37955 1.52672 1.67434 1.82177 1.96826 2.11305 2.25537 2.39453 2.52994 2.66111 2.78767 2.90935 3.02599 3.13748 3.24381 3.345 3.44111 3.53224 3.61852 3.7001 3.77713 3.84979 3.91824 3.98269 4.04329 4.10025 4.15373 4.20392 4.25098 4.2951 4.33642 4.37511 4.41132 4.44519 4.47686 4.50646 4.53413 4.55997 4.5841 4.60663 4.62766 4.64728 4.66559 4.68267 4.6986 4.71345 4.72729 4.7402 4.75223 4.76344 4.77388 4.78361 4.79268 4.80112 4.80899 4.81631 4.8232 4.82966 4.83568 4.84129 4.84651 4.85137 4.85589 4.8601 4.86402 4.86767 4.87107 4.87423 4.87717 4.87991 4.88246 4.88483 4.88704 4.88909 4.89101 4.89278 4.89444 4.89598 4.89741 4.89875 4.89999 4.90114 4.90222 4.90322 4.90415 4.90501 4.90631
 0 0.0202864 0.03993 0.076984 0.132029 0.20468 0.291705 0.387778 0.486719 0.582661 0.67085 0.748044 0.812607 0.864356 0.904229 0.93387 0.955211 0.970156 0.980375 0.987226 0.991747 0.994692 0.996593 0.997813 0.998593 0.99909 0.999408 0.999612 0.999743 0.999828 0.999883 0.99992 0.999944 0.99996 0.999971 0.999978 0.999984 0.999987 0.99999 0.999991 0.999993 0.999994 0.999994 0.999995 0.999995 0.999995 0.999995 0.999996 0.999996 0.999996 0.999996 0.999996 0.999996 0.999996 0.999996 0.999996 0.999996 0.999996 0.999996 0.999996 0.999996 0.999996 0.999996 0.999996 0.999996 0.999996 0.999996 0.999996 0.999996 0.999996 0.999996 0.999996 0.999996 0.999996 0.999996 0.999996 0.999996 0.999996 0.999996 0.999996 0.999996 0.999996 0.999996 0.999996 0.999996 0.999996 0.999996 0.999996 0.999996 0.999996 0.999996 0.999996 0.999996 0.999996 0.999996 0.999996 0.999996 0.999996 0.999996 0.999996 0.999996
 #wt and selex for gender,fleet: 1 5 5_ORWA_NONTWL
 0.00896707 0.0118988 0.0395646 0.088191 0.15793 0.247171 0.352901 0.471783 0.600653 0.736732 0.877677 1.02157 1.16689 1.31249 1.45756 1.60159 1.74424 1.88531 2.02458 2.16182 2.29674 2.42901 2.55823 2.68403 2.80605 2.92399 3.03758 3.14664 3.25103 3.35069 3.4456 3.5358 3.62135 3.70236 3.77895 3.85126 3.91945 3.98367 4.04411 4.10093 4.1543 4.2044 4.2514 4.29545 4.33673 4.37538 4.41155 4.44539 4.47704 4.50663 4.53428 4.5601 4.58422 4.60675 4.62777 4.64738 4.66568 4.68276 4.69868 4.71352 4.72736 4.74027 4.75229 4.7635 4.77394 4.78367 4.79273 4.80118 4.80904 4.81636 4.82325 4.82971 4.83573 4.84134 4.84656 4.85141 4.85594 4.86015 4.86407 4.86772 4.87111 4.87427 4.87722 4.87996 4.8825 4.88488 4.88708 4.88914 4.89105 4.89283 4.89448 4.89602 4.89746 4.89879 4.90003 4.90119 4.90226 4.90326 4.90419 4.90506 4.90635
 0 0.00101674 0.00277563 0.00831263 0.0207179 0.0438479 0.0809817 0.133651 0.201073 0.280324 0.367055 0.456393 0.543745 0.625356 0.698604 0.762042 0.81527 0.8587 0.89328 0.920237 0.940879 0.956452 0.968057 0.976625 0.982904 0.987484 0.990814 0.993232 0.994989 0.996267 0.9972 0.997884 0.998388 0.998761 0.999039 0.999247 0.999405 0.999525 0.999617 0.999689 0.999744 0.999788 0.999822 0.99985 0.999872 0.99989 0.999905 0.999917 0.999927 0.999935 0.999942 0.999948 0.999953 0.999957 0.999961 0.999964 0.999966 0.999969 0.999971 0.999973 0.999974 0.999976 0.999977 0.999978 0.999979 0.99998 0.999981 0.999981 0.999982 0.999982 0.999983 0.999983 0.999983 0.999984 0.999984 0.999984 0.999984 0.999985 0.999985 0.999985 0.999985 0.999985 0.999985 0.999985 0.999985 0.999986 0.999986 0.999986 0.999986 0.999986 0.999986 0.999986 0.999986 0.999986 0.999986 0.999986 0.999986 0.999986 0.999986 0.999986 0.999986
 #wt and selex for gender,fleet: 1 6 6_OR_REC
 0.00896707 0.0130016 0.055289 0.117218 0.197655 0.290343 0.389752 0.492222 0.596523 0.703849 0.816676 0.937251 1.0666 1.20429 1.34875 1.49784 1.64937 1.80139 1.95233 2.10097 2.24641 2.38796 2.52514 2.65757 2.78502 2.90731 3.02436 3.13613 3.24263 3.34393 3.44011 3.53128 3.61758 3.69917 3.7762 3.84885 3.9173 3.98174 4.04233 4.09927 4.15275 4.20292 4.24998 4.29408 4.33539 4.37407 4.41027 4.44413 4.4758 4.50539 4.53305 4.55889 4.58301 4.60554 4.62656 4.64618 4.66449 4.68156 4.69748 4.71233 4.72617 4.73907 4.7511 4.76231 4.77275 4.78248 4.79154 4.79999 4.80785 4.81517 4.82205 4.82852 4.83453 4.84014 4.84535 4.85021 4.85473 4.85894 4.86286 4.86651 4.8699 4.87306 4.876 4.87874 4.88129 4.88366 4.88587 4.88792 4.88983 4.89161 4.89326 4.8948 4.89623 4.89757 4.89881 4.89996 4.90104 4.90204 4.90297 4.90383 4.90512
 0 1.89004e-05 0.000229544 0.00268153 0.0164664 0.0614035 0.15723 0.303837 0.47618 0.640312 0.77254 0.865925 0.925425 0.960401 0.979696 0.98981 0.994889 0.997336 0.998457 0.998928 0.999086 0.999096 0.999037 0.998947 0.998842 0.998733 0.998623 0.998515 0.99841 0.998308 0.99821 0.998116 0.998026 0.997941 0.99786 0.997782 0.997709 0.99764 0.997575 0.997514 0.997456 0.997401 0.99735 0.997302 0.997257 0.997214 0.997174 0.997137 0.997102 0.99707 0.997039 0.997011 0.996984 0.996959 0.996936 0.996914 0.996893 0.996874 0.996857 0.99684 0.996825 0.99681 0.996797 0.996785 0.996773 0.996762 0.996752 0.996743 0.996734 0.996726 0.996718 0.996711 0.996704 0.996698 0.996692 0.996686 0.996681 0.996676 0.996672 0.996668 0.996664 0.996661 0.996657 0.996654 0.996651 0.996649 0.996646 0.996644 0.996642 0.99664 0.996638 0.996636 0.996635 0.996633 0.996632 0.99663 0.996629 0.996628 0.996627 0.996626 0.996625
 #wt and selex for gender,fleet: 1 7 7_WA_REC
 0.00896707 0.0139488 0.0645955 0.137341 0.231659 0.339532 0.45412 0.570702 0.686574 0.800946 0.914723 1.02986 1.14852 1.27233 1.40205 1.53744 1.67745 1.82055 1.96501 2.10919 2.25169 2.39139 2.52742 2.65917 2.78622 2.90829 3.02522 3.13693 3.24341 3.34471 3.4409 3.53209 3.61841 3.70002 3.77707 3.84974 3.91821 3.98266 4.04328 4.10023 4.15372 4.20391 4.25098 4.29509 4.33641 4.3751 4.41131 4.44518 4.47686 4.50646 4.53413 4.55997 4.5841 4.60663 4.62766 4.64728 4.66559 4.68267 4.6986 4.71345 4.72729 4.7402 4.75223 4.76344 4.77388 4.78361 4.79268 4.80112 4.80899 4.81632 4.8232 4.82966 4.83568 4.84129 4.84651 4.85137 4.85589 4.8601 4.86403 4.86767 4.87107 4.87423 4.87717 4.87991 4.88246 4.88483 4.88704 4.8891 4.89101 4.89279 4.89444 4.89598 4.89742 4.89875 4.89999 4.90115 4.90222 4.90322 4.90415 4.90502 4.90631
 0 1.48236e-07 4.60927e-06 0.000121393 0.00142263 0.00888741 0.034502 0.0936733 0.194281 0.328795 0.477441 0.618553 0.737221 0.827815 0.891838 0.934379 0.961292 0.977667 0.987331 0.992899 0.996052 0.997814 0.99879 0.999329 0.999626 0.99979 0.999881 0.999932 0.99996 0.999976 0.999986 0.999991 0.999994 0.999996 0.999997 0.999998 0.999999 0.999999 0.999999 0.999999 0.999999 0.999999 0.999999 0.999999 0.999999 0.999999 0.999999 0.999999 0.999999 0.999999 0.999999 0.999999 0.999999 0.999999 0.999999 0.999999 0.999999 0.999999 0.999999 0.999999 0.999999 0.999999 0.999999 0.999999 0.999999 0.999999 0.999999 0.999999 0.999999 0.999999 0.999999 0.999999 0.999999 0.999999 0.999999 0.999999 0.999999 0.999999 0.999999 0.999999 0.999999 0.999999 0.999999 0.999999 0.999999 0.999999 0.999999 0.999999 0.999999 0.999999 0.999999 0.999999 0.999999 0.999999 0.999999 0.999999 0.999999 0.999999 0.999999 0.999999 0.999999
# Sex ratio correction
1
# M and current age-structure in year Yinit: 2011
 # gender = 1
 0.0439034 0.0439034 0.0439034 0.0439034 0.0439034 0.0439034 0.0439034 0.0439034 0.0439034 0.0439034 0.0439034 0.0439034 0.0439034 0.0439034 0.0439034 0.0439034 0.0439034 0.0439034 0.0439034 0.0439034 0.0439034 0.0439034 0.0439034 0.0439034 0.0439034 0.0439034 0.0439034 0.0439034 0.0439034 0.0439034 0.0439034 0.0439034 0.0439034 0.0439034 0.0439034 0.0439034 0.0439034 0.0439034 0.0439034 0.0439034 0.0439034 0.0439034 0.0439034 0.0439034 0.0439034 0.0439034 0.0439034 0.0439034 0.0439034 0.0439034 0.0439034 0.0439034 0.0439034 0.0439034 0.0439034 0.0439034 0.0439034 0.0439034 0.0439034 0.0439034 0.0439034 0.0439034 0.0439034 0.0439034 0.0439034 0.0439034 0.0439034 0.0439034 0.0439034 0.0439034 0.0439034 0.0439034 0.0439034 0.0439034 0.0439034 0.0439034 0.0439034 0.0439034 0.0439034 0.0439034 0.0439034 0.0439034 0.0439034 0.0439034 0.0439034 0.0439034 0.0439034 0.0439034 0.0439034 0.0439034 0.0439034 0.0439034 0.0439034 0.0439034 0.0439034 0.0439034 0.0439034 0.0439034 0.0439034 0.0439034 0.0439034
 301.972 392.847 317.089 328.016 179.368 143.362 100.987 70.5858 123.551 239.324 63.8205 48.9514 83.3217 54.7114 30.5275 25.2482 26.779 58.9009 60.329 26.2204 20.5056 20.8221 21.3686 21.7668 23.7509 25.9996 32.7348 32.7108 20.938 24.5583 18.188 14.0475 9.63548 7.17318 8.33036 8.1799 7.69088 4.38757 3.95331 4.92846 7.16711 4.29424 3.31625 2.69588 2.09601 1.73315 1.36072 1.12127 1.0625 1.12857 1.24005 1.26528 1.15141 1.00314 0.886198 0.808811 0.768987 0.764705 0.795739 0.864235 0.96865 1.08761 1.15618 1.10316 0.965287 0.825904 0.716365 0.636561 0.579257 0.536994 0.504853 0.479589 0.459204 0.442227 0.427233 0.413006 0.398633 0.383789 0.368603 0.353553 0.339166 0.325852 0.313739 0.302805 0.292759 0.283194 0.274016 0.264991 0.255942 0.246783 0.237494 0.228096 0.218655 0.209286 0.200012 0.190958 0.182197 0.173776 0.165717 0.158036 3.4021
# Age-structure at Ydeclare= 2013
 350.299 226.815 276.586 359.815 290.413 300.384 164.214 131.185 92.3373 64.4736 112.721 218.088 58.0961 44.5215 75.7299 49.7012 27.7219 22.9221 24.3077 53.4589 54.7507 23.7946 18.6079 18.8945 19.3899 19.7508 21.5505 23.5901 29.7 29.677 18.9952 22.2785 16.4988 12.7422 8.73985 6.50619 7.55552 7.41883 6.97512 3.97913 3.58521 4.46945 6.49944 3.89411 3.00718 2.44457 1.90059 1.57153 1.23381 1.01669 0.96338 1.02328 1.12435 1.14722 1.04397 0.909528 0.803497 0.73333 0.69722 0.693337 0.721473 0.783575 0.878244 0.986102 1.04827 1.0002 0.875191 0.748816 0.649501 0.577145 0.525189 0.48687 0.457729 0.434823 0.416341 0.400949 0.387354 0.374455 0.361424 0.347965 0.334197 0.320552 0.307507 0.295436 0.284453 0.27454 0.265432 0.256759 0.248439 0.240256 0.232051 0.223748 0.215325 0.206805 0.198245 0.189751 0.181343 0.173133 0.165191 0.157555 3.37808
# Year for Tmin Age-structure (set to Ydecl by SS)
2013
#  recruitment and biomass
# Number of historical assessment years
137
# Historical data
# year recruitment spawner in B0 in R project in R/S project
1888  1889 1890 1891 1892 1893 1894 1895 1896 1897 1898 1899 1900 1901 1902 1903 1904 1905 1906 1907 1908 1909 1910 1911 1912 1913 1914 1915 1916 1917 1918 1919 1920 1921 1922 1923 1924 1925 1926 1927 1928 1929 1930 1931 1932 1933 1934 1935 1936 1937 1938 1939 1940 1941 1942 1943 1944 1945 1946 1947 1948 1949 1950 1951 1952 1953 1954 1955 1956 1957 1958 1959 1960 1961 1962 1963 1964 1965 1966 1967 1968 1969 1970 1971 1972 1973 1974 1975 1976 1977 1978 1979 1980 1981 1982 1983 1984 1985 1986 1987 1988 1989 1990 1991 1992 1993 1994 1995 1996 1997 1998 1999 2000 2001 2002 2003 2004 2005 2006 2007 2008 2009 2010 2011 2012 2013 2014 2015 2016 2017 2018 2019 2020 2021 2022 2023 2024 #years (with first value representing R0)
224.04 227.798 227.931 228.069 228.211 228.35 228.495 228.644 228.806 228.976 229.152 229.337 229.529 229.731 229.942 230.16 230.389 230.634 230.893 231.179 231.487 231.817 232.17 232.54 232.925 233.307 233.662 233.949 234.118 234.11 233.844 233.205 232.203 230.762 228.864 226.534 223.831 220.851 217.749 214.695 211.728 209.089 206.9 205.09 203.512 201.886 199.93 197.446 194.451 191.178 188.077 185.637 184.333 184.55 186.767 191.749 200.613 214.976 236.04 262.736 285.938 285.341 255.53 216.61 183.905 161.099 147.254 140.809 140.785 146.576 157.582 171.677 178.918 166.131 143.051 127.199 126.494 144.203 171.929 193.746 230.965 261.669 309.897 469.352 290.463 207.905 204.156 313.974 290.564 255.37 188.219 214.688 263.791 285.973 321.505 227.326 294.244 244.327 161.901 124.418 96.9564 81.9661 69.7962 60.9833 70.2708 147.881 133.799 56.9396 50.6265 57.9931 98.7716 143.191 80.1749 99.7015 356.881 175.993 96.1082 131.501 178.596 213.819 374.204 346.192 410.479 301.972 236.995 350.299 143.741 144.329 107.737 141.204 146.521 152.518 157.424 175.115 180.078 183.12 185.78  #recruits; first value is R0 (virgin)
1138.02  1138.02 1138.01 1138 1137.97 1137.51 1137.05 1136.58 1136.43 1136.35 1136.28 1136.22 1136.15 1136.1 1136.07 1136.07 1136.1 1136.15 1136.24 1136.36 1136.5 1136.55 1136.74 1136.95 1137.17 1137.41 1137.67 1137.93 1138.13 1138.42 1138.56 1136.66 1136.36 1136.19 1136.11 1136.32 1136.47 1136.1 1135.39 1133.9 1131.7 1129.61 1127.99 1126.04 1125.12 1124.36 1123.59 1122.27 1120.91 1118.52 1116.35 1113.81 1111.82 1108.59 1103.77 1098.48 1088.59 1077.89 1061.83 1046.93 1039.7 1031.39 1024.75 1017.34 1008.25 1000.22 993.98 986.606 979.679 972.797 964.926 957.877 952.069 947.541 944.948 941.67 939.898 939.336 928.93 925.479 920.136 914.36 899.332 888.898 875.193 858.224 839.838 819.644 799.822 777.239 755.049 720.124 683.632 656.015 620.907 563.141 514.492 486.496 449.563 420.268 393.117 369.966 340.807 320.227 285.972 254.952 225.252 209.412 193.25 175.564 155.006 148.294 137.294 138.2 138.549 144.06 149.812 155.816 161.821 168.136 173.973 180.211 186.448 193.496 200.962 208.883 217.816 227.804 238.364 250.223 262.318 276.042 291.103 308.599 327.776 347.301 367.313 #spbio; first value is SSB_virgin (virgin)
1 0 0 0 0 0 0 0 0 0 0 0 0 0 0 0 0 0 0 0 0 0 0 0 0 0 0 0 0 0 0 0 0 0 0 0 0 0 0 0 0 0 0 0 0 0 0 0 0 0 0 0 0 0 0 0 0 0 0 0 0 0 0 0 0 0 0 0 0 0 0 0 0 0 0 0 0 0 0 0 0 0 0 0 0 0 0 0 0 0 0 0 0 0 0 0 0 0 0 0 0 0 0 0 0 0 0 0 0 0 0 0 0 0 0 0 0 0 0 0 0 0 0 0 0 0 0 0 0 0 0 0 0 0 0 0 0  # in Bzero
0 1 1 1 1 1 1 1 1 1 1 1 1 1 1 1 1 1 1 1 1 1 1 1 1 1 1 1 1 1 1 1 1 1 1 1 1 1 1 1 1 1 1 1 1 1 1 1 1 1 1 1 1 1 1 1 1 1 1 1 1 1 1 1 1 1 1 1 1 1 1 1 1 1 1 1 1 1 1 1 1 1 1 1 1 1 1 1 1 1 1 1 1 1 1 1 1 1 1 1 1 1 1 1 1 1 1 1 1 1 1 1 1 1 1 1 1 1 1 1 1 1 1 1 1 1 1 1 1 1 1 1 1 1  0 0 0 # in R project
0 1 1 1 1 1 1 1 1 1 1 1 1 1 1 1 1 1 1 1 1 1 1 1 1 1 1 1 1 1 1 1 1 1 1 1 1 1 1 1 1 1 1 1 1 1 1 1 1 1 1 1 1 1 1 1 1 1 1 1 1 1 1 1 1 1 1 1 1 1 1 1 1 1 1 1 1 1 1 1 1 1 1 1 1 1 1 1 1 1 1 1 1 1 1 1 1 1 1 1 1 1 1 1 1 1 1 1 1 1 1 1 1 1 1 1 1 1 1 1 1 1 1 1 1 1 1 1 1 1 1 1 1 1  0 0 0 # in R/S project
# Number of years with pre-specified catches
0
# catches for years with pre-specified catches go next
# Number of future recruitments to override
-2
# Process for overiding (-1 for average otherwise index in data list)
# Which probability to product detailed results for (1=0.5; 2=0.6; etc.)
3
# Steepness sigma-R Auto-correlation
0.718 0.5 0
# Target SPR rate (FMSY Proxy); manually change to SPR_MSY if not using SPR_target
0.5
# Discount rate (for cumulative catch)
0.1
# Truncate the series when 0.4B0 is reached (1=Yes)
0
# Set F to FMSY once 0.4B0 is reached (1=Yes)
0
# Maximum possible F for projection (-1 to set to FMSY)
-1
# Defintion of recovery (1=now only;2=now or before)
2
# Projection type
4
# Definition of the 40-10 rule
10 40
# Sigma Assessment Error (Base, Year1, Slope, MaxSigma)
1.0 2025 0.075 2.0
# Pstar
0.45
# Constrain catches by the ABC (1=yes, 2=no)
2
# Implementation Error (0=no; 1=lognormal; 2=uniform)
0
#Parameters of Implementaion Error
1 0.3
# Calculate coefficients of variation (1=Yes)
0
# Number of replicates to use
10
# Random number seed
-99004
# File with multiple parameter vectors 
rebuild.SSO
# User-specific projection (1=Yes); Output replaced (1->9)
0  5
# Catches and Fs (Year; 1/2/3 (F or C or SPR); value); Final row is -1
2024 1 1
-1 -1 -1
# Fixed catch project (1=Yes); Output replaced (1->9); Approach (-1=Read in else 1-9)
0 2 -1
# (48a) Special catch options (1-Yes) [CUT_OFF, Emsy, distribution, MAXCAT, Add, replace_code]
0 0.18 1.00 1.00 0 6
# (48b) B1Target
150000
# Split of Fs
2011  0.0190133
 0
 0.416746
 0.0235784
 0.181275
 0.191943
 0.167444
-1  1 1 1 1 1 1 1 1 1 1 1 1
# Yrs to define T_target for projection type 4 (a.k.a. 5 pre-specified inputs)
2030 2031 2032 2033 2034 
# Year for probability of recovery
2034 2035 2036 2037 2038 2039 2040 2041
# Time varying weight-at-age (1=Yes;0=No)
0
# File with time series of weight-at-age data
none
# Use bisection (0) or linear interpolation (1)
1
# Target Depletion
0.4
# CV of implementation error
0
