#Title, #runnumber: 1 yelloweye_data.ss yelloweye_control.ss 6158.16 1049.94 318.576 StartTime: Mon Apr 14 22:39:41 2025
SSv3_default_rebuild.dat
# Number of sexes
1
# Age range to consider (minimum age; maximum age)
0 100
# Number of fleets
7
# First year of projection (Yinit)
2011
# First Year of rebuilding period (Ydecl)
2013
# Number of simulations
1000
# Maximum number of years
500
# Conduct projections with multiple starting values (0=No;else yes)
0
# Number of parameter vectors
1000
# Is the maximum age a plus-group (1=Yes;2=No)
1
# Generate future recruitments using historical recruitments (1)  historical recruits/spawner (2)  or a stock-recruitment (3)
3
# Constant fishing mortality (1) or constant Catch (2) projections
1
# Fishing mortality based on SPR (1) or actual rate (2)
1
# Pre-specify the year of recovery (or -1) to ignore
-1
# Fecundity-at-age
# 0 1 2 3 4 5 6 7 8 9 10 11 12 13 14 15 16 17 18 19 20 21 22 23 24 25 26 27 28 29 30 31 32 33 34 35 36 37 38 39 40 41 42 43 44 45 46 47 48 49 50 51 52 53 54 55 56 57 58 59 60 61 62 63 64 65 66 67 68 69 70 71 72 73 74 75 76 77 78 79 80 81 82 83 84 85 86 87 88 89 90 91 92 93 94 95 96 97 98 99 100 #runnumber: 1 yelloweye_data.ss yelloweye_control.ss 6158.16 1049.94 318.576
 0 0 2.7239e-08 3.49911e-07 3.18521e-06 2.228e-05 0.000124381 0.000558729 0.00201297 0.00585479 0.0140451 0.0286087 0.0509548 0.0814509 0.119415 0.163425 0.211728 0.2626 0.314568 0.366503 0.41762 0.467423 0.515632 0.562118 0.606843 0.649823 0.691097 0.730716 0.768731 0.805188 0.840132 0.873601 0.905634 0.936266 0.965531 0.993465 1.0201 1.04548 1.06964 1.09261 1.11444 1.13516 1.15482 1.17345 1.19111 1.20782 1.22362 1.23857 1.25269 1.26603 1.27862 1.2905 1.3017 1.31226 1.32221 1.33159 1.34042 1.34873 1.35655 1.36391 1.37083 1.37734 1.38346 1.38921 1.39462 1.39969 1.40447 1.40895 1.41316 1.41711 1.42082 1.42439 1.42775 1.4309 1.43385 1.43662 1.43922 1.44167 1.44396 1.4461 1.44812 1.45001 1.45178 1.45344 1.455 1.45646 1.45783 1.45912 1.46032 1.46145 1.46251 1.4635 1.46443 1.46531 1.46612 1.46689 1.46761 1.46828 1.46891 1.46951 1.47043 #female fecundity; weighted by N in year Y_init across morphs and areas
# Age specific selectivity and weight adjusted for discard and discard mortality
 #wt and selex for gender,fleet: 1 1 1_CA_TWL
 0.010841 0.0213226 0.0586701 0.11433 0.187821 0.276341 0.376598 0.485579 0.600792 0.720341 0.842957 0.968002 1.09536 1.22522 1.35784 1.49332 1.63148 1.77183 1.91364 2.056 2.19796 2.3386 2.47708 2.61271 2.74494 2.87334 2.9976 3.1175 3.23291 3.34374 3.44999 3.55165 3.64878 3.74146 3.82976 3.91379 3.99369 4.06957 4.14157 4.20982 4.27448 4.33569 4.39359 4.44833 4.50005 4.54888 4.59497 4.63845 4.67945 4.71809 4.7545 4.78879 4.82107 4.85146 4.88006 4.90695 4.93225 4.95604 4.97839 4.99941 5.01915 5.0377 5.05513 5.07149 5.08686 5.10129 5.11483 5.12755 5.13948 5.15068 5.16129 5.17134 5.18077 5.18961 5.19791 5.20569 5.21299 5.21984 5.22626 5.23228 5.23793 5.24322 5.24819 5.25284 5.25721 5.2613 5.26513 5.26873 5.2721 5.27526 5.27822 5.28099 5.2836 5.28604 5.28832 5.29046 5.29247 5.29435 5.29612 5.29777 5.30036
 0 0.00141036 0.00494645 0.0153054 0.0382144 0.0795854 0.142896 0.227439 0.32826 0.437551 0.546685 0.648102 0.73653 0.809381 0.866435 0.909144 0.939851 0.96115 0.975458 0.984801 0.990749 0.994454 0.996718 0.998078 0.998883 0.999355 0.999629 0.999787 0.999878 0.999929 0.999959 0.999976 0.999985 0.999991 0.999994 0.999996 0.999997 0.999997 0.999998 0.999998 0.999998 0.999998 0.999998 0.999998 0.999998 0.999998 0.999998 0.999998 0.999998 0.999998 0.999998 0.999998 0.999998 0.999998 0.999998 0.999998 0.999998 0.999998 0.999998 0.999998 0.999998 0.999997 0.999997 0.999997 0.999997 0.999997 0.999997 0.999997 0.999997 0.999997 0.999997 0.999997 0.999997 0.999997 0.999997 0.999997 0.999997 0.999997 0.999997 0.999997 0.999997 0.999997 0.999997 0.999997 0.999997 0.999997 0.999997 0.999997 0.999997 0.999997 0.999997 0.999997 0.999997 0.999997 0.999997 0.999997 0.999997 0.999997 0.999997 0.999997 0.999997
 #wt and selex for gender,fleet: 1 3 3_CA_REC
 0.0107857 0.0203346 0.0546296 0.106448 0.175274 0.258791 0.354158 0.458683 0.570096 0.686684 0.807402 0.931844 1.06004 1.19215 1.3282 1.46787 1.61054 1.7553 1.90108 2.04679 2.19143 2.33409 2.47405 2.61072 2.74366 2.87253 2.99709 3.11718 3.23271 3.34362 3.44991 3.55161 3.64876 3.74144 3.82975 3.91379 3.99368 4.06956 4.14156 4.20982 4.27448 4.33569 4.39359 4.44833 4.50005 4.54888 4.59497 4.63845 4.67945 4.71809 4.7545 4.78879 4.82107 4.85146 4.88006 4.90696 4.93225 4.95604 4.9784 4.99941 5.01915 5.0377 5.05513 5.07149 5.08686 5.10129 5.11483 5.12755 5.13948 5.15068 5.16129 5.17134 5.18077 5.18961 5.19791 5.20569 5.21299 5.21984 5.22626 5.23228 5.23793 5.24322 5.24819 5.25284 5.25721 5.2613 5.26513 5.26873 5.2721 5.27526 5.27822 5.281 5.2836 5.28604 5.28832 5.29046 5.29247 5.29435 5.29612 5.29777 5.30036
 0 0.00579857 0.0160778 0.0400972 0.0838678 0.151066 0.24072 0.347118 0.461461 0.574209 0.677213 0.765073 0.835521 0.888951 0.927504 0.95411 0.971757 0.983053 0.990059 0.994286 0.996773 0.998205 0.999014 0.999464 0.999711 0.999845 0.999917 0.999956 0.999976 0.999987 0.999993 0.999996 0.999998 0.999999 0.999999 0.999999 0.999999 0.999999 0.999999 0.999999 0.999999 0.999999 0.999999 0.999999 0.999999 0.999999 0.999999 0.999999 0.999999 0.999999 0.999999 0.999999 0.999999 0.999999 0.999999 0.999999 0.999999 0.999999 0.999999 0.999999 0.999999 0.999999 0.999999 0.999999 0.999999 0.999999 0.999999 0.999999 0.999999 0.999999 0.999999 0.999999 0.999999 0.999999 0.999999 0.999999 0.999999 0.999999 0.999999 0.999999 0.999999 0.999999 0.999999 0.999999 0.999999 0.999999 0.999999 0.999999 0.999999 0.999999 0.999999 0.999999 0.999999 0.999999 0.999999 0.999999 0.999999 0.999999 0.999999 0.999999 0.999999
 #wt and selex for gender,fleet: 1 4 4_ORWA_TWL
 0.0107165 0.0190819 0.0492856 0.0967019 0.161258 0.241559 0.335509 0.440836 0.555363 0.677138 0.804491 0.936067 1.07084 1.2081 1.34734 1.4882 1.6303 1.77323 1.91644 2.05935 2.20127 2.34155 2.47953 2.61465 2.74641 2.87442 2.99837 3.11805 3.23329 3.344 3.45016 3.55177 3.64887 3.74151 3.82979 3.91382 3.99371 4.06958 4.14157 4.20983 4.27449 4.3357 4.3936 4.44833 4.50005 4.54888 4.59497 4.63845 4.67945 4.71809 4.7545 4.78879 4.82107 4.85146 4.88006 4.90695 4.93225 4.95604 4.97839 4.99941 5.01915 5.0377 5.05513 5.07149 5.08686 5.10129 5.11483 5.12755 5.13948 5.15068 5.16129 5.17134 5.18077 5.18961 5.19791 5.20569 5.21299 5.21984 5.22626 5.23228 5.23793 5.24322 5.24819 5.25284 5.25721 5.2613 5.26513 5.26873 5.2721 5.27526 5.27822 5.28099 5.2836 5.28604 5.28832 5.29046 5.29247 5.29435 5.29612 5.29777 5.30036
 0 0.0184496 0.0374037 0.0702151 0.118477 0.182284 0.259524 0.346313 0.437826 0.529148 0.615943 0.694868 0.763765 0.821655 0.868585 0.905374 0.933326 0.953959 0.968791 0.979197 0.986341 0.991149 0.99433 0.996402 0.997735 0.998582 0.999116 0.99945 0.999658 0.999787 0.999867 0.999917 0.999947 0.999966 0.999978 0.999986 0.99999 0.999993 0.999995 0.999996 0.999997 0.999997 0.999998 0.999998 0.999998 0.999998 0.999998 0.999998 0.999998 0.999998 0.999998 0.999998 0.999998 0.999998 0.999998 0.999998 0.999998 0.999998 0.999998 0.999998 0.999998 0.999998 0.999998 0.999998 0.999998 0.999998 0.999998 0.999998 0.999998 0.999998 0.999998 0.999998 0.999998 0.999998 0.999998 0.999998 0.999998 0.999998 0.999998 0.999998 0.999998 0.999998 0.999998 0.999998 0.999998 0.999998 0.999998 0.999998 0.999998 0.999998 0.999997 0.999997 0.999997 0.999997 0.999997 0.999997 0.999997 0.999997 0.999997 0.999997 0.999997
 #wt and selex for gender,fleet: 1 5 5_ORWA_NONTWL
 0.0107884 0.0204091 0.0554816 0.109585 0.182887 0.273442 0.378439 0.494961 0.620326 0.752215 0.8887 1.0282 1.16945 1.31144 1.45337 1.59465 1.73483 1.87361 2.01075 2.14607 2.27942 2.41065 2.53957 2.66598 2.78968 2.91044 3.02803 3.14223 3.25285 3.35974 3.46276 3.56181 3.65685 3.74786 3.83484 3.91783 3.9969 4.07213 4.14362 4.21148 4.27582 4.33678 4.39448 4.44906 4.50065 4.54938 4.59539 4.6388 4.67975 4.71835 4.75472 4.78898 4.82124 4.85161 4.88018 4.90707 4.93235 4.95613 4.97848 4.99948 5.01922 5.03776 5.05518 5.07154 5.08691 5.10133 5.11487 5.12759 5.13952 5.15071 5.16132 5.17137 5.1808 5.18964 5.19794 5.20572 5.21302 5.21987 5.22629 5.23231 5.23796 5.24325 5.24821 5.25287 5.25723 5.26132 5.26516 5.26875 5.27212 5.27528 5.27824 5.28102 5.28362 5.28606 5.28834 5.29049 5.29249 5.29438 5.29614 5.29779 5.30038
 0 0.000984894 0.0028182 0.00748766 0.0170765 0.034059 0.0606634 0.0982824 0.147115 0.20612 0.273242 0.345782 0.420805 0.495493 0.567395 0.634586 0.695718 0.750011 0.797181 0.837353 0.870949 0.898585 0.920981 0.938889 0.953039 0.964102 0.972674 0.979263 0.984296 0.98812 0.991013 0.993196 0.99484 0.996076 0.997007 0.997707 0.998236 0.998635 0.998938 0.999169 0.999345 0.999481 0.999585 0.999666 0.999729 0.999779 0.999818 0.999849 0.999874 0.999894 0.99991 0.999923 0.999934 0.999943 0.99995 0.999956 0.999961 0.999966 0.999969 0.999972 0.999975 0.999977 0.999979 0.999981 0.999982 0.999984 0.999985 0.999986 0.999987 0.999987 0.999988 0.999988 0.999989 0.999989 0.999989 0.999989 0.99999 0.99999 0.99999 0.99999 0.99999 0.999991 0.999991 0.999991 0.999991 0.999991 0.999991 0.999991 0.999991 0.999992 0.999992 0.999992 0.999992 0.999992 0.999992 0.999992 0.999992 0.999992 0.999992 0.999992 0.999992
 #wt and selex for gender,fleet: 1 6 6_OR_REC
 0.0113224 0.0286386 0.0790209 0.146983 0.229615 0.321178 0.41723 0.515117 0.614141 0.715342 0.820716 0.932288 1.05143 1.17853 1.31301 1.45353 1.59838 1.74575 1.89401 2.04178 2.18797 2.33172 2.4724 2.60952 2.74273 2.87174 2.99638 3.1165 3.23204 3.34294 3.44922 3.55089 3.64803 3.74069 3.82898 3.913 3.99288 4.06875 4.14074 4.20898 4.27363 4.33483 4.39272 4.44745 4.49916 4.54799 4.59407 4.63754 4.67854 4.71717 4.75358 4.78786 4.82015 4.85053 4.87912 4.90602 4.93131 4.95509 4.97745 4.99846 5.0182 5.03675 5.05418 5.07054 5.0859 5.10033 5.11387 5.12659 5.13852 5.14972 5.16032 5.17037 5.17979 5.18864 5.19693 5.20471 5.21201 5.21885 5.22527 5.23129 5.23694 5.24223 5.24719 5.25184 5.2562 5.26029 5.26413 5.26772 5.27109 5.27425 5.27721 5.27998 5.28258 5.28502 5.28731 5.28945 5.29146 5.29334 5.2951 5.29675 5.29934
 0 3.98715e-05 0.000532329 0.00426758 0.0202556 0.0641474 0.149376 0.275519 0.42599 0.576951 0.708682 0.811357 0.884342 0.93242 0.96213 0.979511 0.9892 0.994368 0.997004 0.99828 0.998851 0.999067 0.999108 0.999067 0.998986 0.998887 0.998781 0.998674 0.998567 0.998461 0.998359 0.998259 0.998163 0.99807 0.997981 0.997895 0.997814 0.997735 0.997661 0.99759 0.997522 0.997458 0.997397 0.997339 0.997284 0.997232 0.997183 0.997137 0.997093 0.997052 0.997013 0.996976 0.996941 0.996908 0.996878 0.996849 0.996821 0.996795 0.996771 0.996749 0.996727 0.996707 0.996688 0.99667 0.996654 0.996638 0.996623 0.996609 0.996596 0.996584 0.996573 0.996562 0.996551 0.996542 0.996533 0.996524 0.996516 0.996509 0.996502 0.996495 0.996489 0.996483 0.996477 0.996472 0.996468 0.996463 0.996459 0.996455 0.996451 0.996448 0.996445 0.996442 0.996439 0.996436 0.996433 0.996431 0.996429 0.996427 0.996425 0.996423 0.99642
 #wt and selex for gender,fleet: 1 7 7_WA_REC
 0.011137 0.0261841 0.07461 0.143679 0.232177 0.335078 0.447554 0.565759 0.686908 0.80916 0.931498 1.05363 1.17582 1.29871 1.42306 1.54951 1.67845 1.80991 1.94359 2.07887 2.21494 2.35088 2.48575 2.61871 2.74901 2.87606 2.99939 3.11867 3.23366 3.34423 3.4503 3.55185 3.64891 3.74154 3.82981 3.91383 3.99371 4.06958 4.14158 4.20983 4.27449 4.3357 4.3936 4.44833 4.50005 4.54888 4.59497 4.63845 4.67945 4.71809 4.7545 4.78879 4.82107 4.85146 4.88006 4.90696 4.93225 4.95604 4.9784 4.99941 5.01915 5.0377 5.05513 5.07149 5.08686 5.10129 5.11483 5.12755 5.13948 5.15068 5.16129 5.17134 5.18077 5.18961 5.19791 5.20569 5.21299 5.21984 5.22626 5.23228 5.23793 5.24322 5.24819 5.25284 5.25721 5.2613 5.26513 5.26873 5.2721 5.27526 5.27822 5.281 5.2836 5.28604 5.28832 5.29046 5.29247 5.29435 5.29612 5.29777 5.30036
 0 1.44537e-05 0.000134717 0.000923433 0.00428092 0.0144213 0.0376539 0.0803182 0.145917 0.233249 0.336532 0.447181 0.556209 0.656224 0.742486 0.813012 0.868044 0.909266 0.939055 0.959913 0.974116 0.983555 0.989697 0.99362 0.996087 0.997618 0.998557 0.99913 0.999476 0.999684 0.999809 0.999884 0.99993 0.999957 0.999973 0.999983 0.999989 0.999993 0.999995 0.999997 0.999998 0.999998 0.999999 0.999999 0.999999 0.999999 0.999999 0.999999 0.999999 0.999999 0.999999 0.999999 0.999999 0.999999 0.999999 0.999999 0.999999 0.999999 0.999999 0.999999 0.999999 0.999999 0.999999 0.999999 0.999999 0.999999 0.999999 0.999999 0.999999 0.999999 0.999999 0.999999 0.999999 0.999999 0.999999 0.999999 0.999999 0.999999 0.999999 0.999999 0.999999 0.999999 0.999999 0.999999 0.999999 0.999999 0.999999 0.999999 0.999999 0.999999 0.999999 0.999999 0.999999 0.999999 0.999999 0.999999 0.999999 0.999999 0.999999 0.999999 0.999999
# Sex ratio correction
1
# M and current age-structure in year Yinit: 2011
 # gender = 1
 0.0439034 0.0439034 0.0439034 0.0439034 0.0439034 0.0439034 0.0439034 0.0439034 0.0439034 0.0439034 0.0439034 0.0439034 0.0439034 0.0439034 0.0439034 0.0439034 0.0439034 0.0439034 0.0439034 0.0439034 0.0439034 0.0439034 0.0439034 0.0439034 0.0439034 0.0439034 0.0439034 0.0439034 0.0439034 0.0439034 0.0439034 0.0439034 0.0439034 0.0439034 0.0439034 0.0439034 0.0439034 0.0439034 0.0439034 0.0439034 0.0439034 0.0439034 0.0439034 0.0439034 0.0439034 0.0439034 0.0439034 0.0439034 0.0439034 0.0439034 0.0439034 0.0439034 0.0439034 0.0439034 0.0439034 0.0439034 0.0439034 0.0439034 0.0439034 0.0439034 0.0439034 0.0439034 0.0439034 0.0439034 0.0439034 0.0439034 0.0439034 0.0439034 0.0439034 0.0439034 0.0439034 0.0439034 0.0439034 0.0439034 0.0439034 0.0439034 0.0439034 0.0439034 0.0439034 0.0439034 0.0439034 0.0439034 0.0439034 0.0439034 0.0439034 0.0439034 0.0439034 0.0439034 0.0439034 0.0439034 0.0439034 0.0439034 0.0439034 0.0439034 0.0439034 0.0439034 0.0439034 0.0439034 0.0439034 0.0439034 0.0439034
 307.351 298.923 239.496 293.825 151.865 104.796 73.4807 53.7441 109.264 190.199 75.3288 54.0098 91.3198 51.0876 29.915 24.1708 24.2726 46.5599 57.7052 24.4679 18.1323 18.6327 20.0087 20.3743 20.4981 19.9406 22.6502 27.3554 21.4936 23.3734 16.0542 10.7874 7.57318 5.7242 6.00192 5.53589 5.23148 3.30094 3.03253 3.61249 5.6895 3.85818 2.87588 2.11098 1.59594 1.28925 0.981421 0.794196 0.7471 0.795799 0.890826 0.946114 0.889583 0.772369 0.662787 0.58461 0.540912 0.528035 0.542534 0.582993 0.64524 0.712077 0.744579 0.709632 0.628863 0.545236 0.476939 0.425467 0.387492 0.358779 0.336424 0.318427 0.30355 0.290842 0.279288 0.268 0.256358 0.244267 0.232018 0.220116 0.209016 0.198996 0.190101 0.182271 0.175318 0.16902 0.163176 0.157618 0.152209 0.146866 0.141537 0.136198 0.130853 0.125547 0.120275 0.115014 0.109908 0.104981 0.100247 0.0957186 2.10002
# Age-structure at Ydeclare= 2013
 147.117 128.623 281.511 273.785 219.341 269.059 139.023 95.8851 67.1824 49.0905 99.6952 173.351 68.585 49.1297 83.0052 46.4077 27.1616 21.9383 22.0249 42.2406 52.3452 22.1932 16.4457 16.8989 18.1464 18.4775 18.5894 18.0834 20.54 24.8059 19.4895 21.193 14.5557 9.78 6.86553 5.18904 5.44051 5.01781 4.74165 2.99173 2.74833 3.27379 5.15583 3.49614 2.60592 1.91275 1.44603 1.16811 0.889184 0.71954 0.676857 0.720966 0.807046 0.857125 0.805904 0.69971 0.600434 0.529609 0.49002 0.478354 0.491487 0.528138 0.584527 0.645073 0.674515 0.642855 0.569686 0.493927 0.432056 0.385427 0.351026 0.325015 0.304763 0.288459 0.274982 0.26347 0.253004 0.242778 0.232231 0.221279 0.210182 0.1994 0.189345 0.180268 0.172211 0.165117 0.158819 0.153114 0.147819 0.142784 0.137885 0.133045 0.128218 0.12338 0.118539 0.113732 0.108956 0.104191 0.0995656 0.0951019 2.07994
# Year for Tmin Age-structure (set to Ydecl by SS)
2013
#  recruitment and biomass
# Number of historical assessment years
137
# Historical data
# year recruitment spawner in B0 in R project in R/S project
1888  1889 1890 1891 1892 1893 1894 1895 1896 1897 1898 1899 1900 1901 1902 1903 1904 1905 1906 1907 1908 1909 1910 1911 1912 1913 1914 1915 1916 1917 1918 1919 1920 1921 1922 1923 1924 1925 1926 1927 1928 1929 1930 1931 1932 1933 1934 1935 1936 1937 1938 1939 1940 1941 1942 1943 1944 1945 1946 1947 1948 1949 1950 1951 1952 1953 1954 1955 1956 1957 1958 1959 1960 1961 1962 1963 1964 1965 1966 1967 1968 1969 1970 1971 1972 1973 1974 1975 1976 1977 1978 1979 1980 1981 1982 1983 1984 1985 1986 1987 1988 1989 1990 1991 1992 1993 1994 1995 1996 1997 1998 1999 2000 2001 2002 2003 2004 2005 2006 2007 2008 2009 2010 2011 2012 2013 2014 2015 2016 2017 2018 2019 2020 2021 2022 2023 2024 #years (with first value representing R0)
203.498 202.897 202.88 202.863 202.845 202.82 202.794 202.767 202.746 202.726 202.706 202.686 202.662 202.641 202.623 202.595 202.569 202.547 202.53 202.527 202.531 202.536 202.549 202.564 202.576 202.565 202.509 202.371 202.115 201.697 200.893 199.772 198.371 196.654 194.641 192.391 189.982 187.517 185.138 182.991 181.226 179.981 179.327 179.208 179.481 179.842 179.916 179.368 178.084 176.232 174.277 172.754 172.161 172.856 175.248 179.991 187.984 200.466 218.034 239.241 256.798 256.25 233.011 200.711 172.349 152.392 140.884 137.038 140.575 151.18 166.995 182.138 183.209 162.889 137.122 121 120.516 138.972 169.587 193.93 235.471 292.363 354.72 469.127 264.833 195.926 186.3 255.655 232.178 214.125 172.176 190.409 224.932 275.794 329.205 247.638 257.97 175.47 127.839 109.839 92.3926 77.8774 63.2244 54.4823 66.1304 142.371 106.235 51.7443 48.5242 56.8486 92.2228 156.911 88.4564 117.689 283.676 155.674 73.1907 95.6965 130.562 181.04 335.202 261.478 312.339 307.351 134.396 147.117 163.181 185.733 173.805 153.152 148.683 136.386 135.569 145.806 155.073 160.369 163.604  #recruits; first value is R0 (virgin)
1049.94  1049.94 1049.93 1049.92 1049.89 1049.42 1048.97 1048.5 1048.35 1048.27 1048.19 1048.11 1048 1047.88 1047.74 1047.57 1047.38 1047.16 1046.92 1046.66 1046.38 1045.96 1045.64 1045.29 1044.93 1044.55 1044.15 1043.73 1043.23 1042.78 1042.16 1039.46 1038.35 1037.35 1036.4 1035.74 1034.99 1033.68 1032.01 1029.52 1026.3 1023.16 1020.49 1017.45 1015.43 1013.54 1011.64 1009.18 1006.68 1003.16 999.9 996.315 993.345 989.217 983.571 977.588 967.113 956.015 939.74 924.793 917.693 909.912 903.902 897.186 888.967 882.036 876.946 870.868 865.221 859.608 852.905 846.934 842.023 838.244 836.281 833.658 832.723 833.113 823.967 822.068 818.546 814.738 802.451 794.987 784.303 770.357 755.377 738.376 721.482 701.725 682.157 650.126 616.322 591.03 558.139 505.446 478.194 457.532 431.34 409.462 382.011 357.732 327.555 305.788 268.537 235.173 203.274 185.376 167.788 148.555 126.475 118.016 105.774 106.223 105.787 110.67 115.702 121.128 126.606 132.546 138.057 144.126 150.222 157.02 164.336 172.044 180.635 189.891 199.561 210.04 220.292 231.645 243.686 257.484 272.251 286.743 301.312 #spbio; first value is SSB_virgin (virgin)
1 0 0 0 0 0 0 0 0 0 0 0 0 0 0 0 0 0 0 0 0 0 0 0 0 0 0 0 0 0 0 0 0 0 0 0 0 0 0 0 0 0 0 0 0 0 0 0 0 0 0 0 0 0 0 0 0 0 0 0 0 0 0 0 0 0 0 0 0 0 0 0 0 0 0 0 0 0 0 0 0 0 0 0 0 0 0 0 0 0 0 0 0 0 0 0 0 0 0 0 0 0 0 0 0 0 0 0 0 0 0 0 0 0 0 0 0 0 0 0 0 0 0 0 0 0 0 0 0 0 0 0 0 0 0 0 0  # in Bzero
0 1 1 1 1 1 1 1 1 1 1 1 1 1 1 1 1 1 1 1 1 1 1 1 1 1 1 1 1 1 1 1 1 1 1 1 1 1 1 1 1 1 1 1 1 1 1 1 1 1 1 1 1 1 1 1 1 1 1 1 1 1 1 1 1 1 1 1 1 1 1 1 1 1 1 1 1 1 1 1 1 1 1 1 1 1 1 1 1 1 1 1 1 1 1 1 1 1 1 1 1 1 1 1 1 1 1 1 1 1 1 1 1 1 1 1 1 1 1 1 1 1 1 1 1 1 1 1 1 1 1 1 1 1  0 0 0 # in R project
0 1 1 1 1 1 1 1 1 1 1 1 1 1 1 1 1 1 1 1 1 1 1 1 1 1 1 1 1 1 1 1 1 1 1 1 1 1 1 1 1 1 1 1 1 1 1 1 1 1 1 1 1 1 1 1 1 1 1 1 1 1 1 1 1 1 1 1 1 1 1 1 1 1 1 1 1 1 1 1 1 1 1 1 1 1 1 1 1 1 1 1 1 1 1 1 1 1 1 1 1 1 1 1 1 1 1 1 1 1 1 1 1 1 1 1 1 1 1 1 1 1 1 1 1 1 1 1 1 1 1 1 1 1  0 0 0 # in R/S project
# Number of years with pre-specified catches
0
# catches for years with pre-specified catches go next
# Number of future recruitments to override
-2
# Process for overiding (-1 for average otherwise index in data list)
# Which probability to product detailed results for (1=0.5; 2=0.6; etc.)
3
# Steepness sigma-R Auto-correlation
0.718 0.5 0
# Target SPR rate (FMSY Proxy); manually change to SPR_MSY if not using SPR_target
0.5
# Discount rate (for cumulative catch)
0.1
# Truncate the series when 0.4B0 is reached (1=Yes)
0
# Set F to FMSY once 0.4B0 is reached (1=Yes)
0
# Maximum possible F for projection (-1 to set to FMSY)
-1
# Defintion of recovery (1=now only;2=now or before)
2
# Projection type
4
# Definition of the 40-10 rule
10 40
# Sigma Assessment Error (Base, Year1, Slope, MaxSigma)
1.0 2025 0.075 2.0
# Pstar
0.45
# Constrain catches by the ABC (1=yes, 2=no)
2
# Implementation Error (0=no; 1=lognormal; 2=uniform)
0
#Parameters of Implementaion Error
1 0.3
# Calculate coefficients of variation (1=Yes)
0
# Number of replicates to use
10
# Random number seed
-99004
# File with multiple parameter vectors 
rebuild.SSO
# User-specific projection (1=Yes); Output replaced (1->9)
0  5
# Catches and Fs (Year; 1/2/3 (F or C or SPR); value); Final row is -1
2024 1 1
-1 -1 -1
# Fixed catch project (1=Yes); Output replaced (1->9); Approach (-1=Read in else 1-9)
0 2 -1
# (48a) Special catch options (1-Yes) [CUT_OFF, Emsy, distribution, MAXCAT, Add, replace_code]
0 0.18 1.00 1.00 0 6
# (48b) B1Target
150000
# Split of Fs
2011  0.0153663
 0
 0.364082
 0.024842
 0.200906
 0.201538
 0.193267
-1  1 1 1 1 1 1 1 1 1 1 1 1
# Yrs to define T_target for projection type 4 (a.k.a. 5 pre-specified inputs)
2030 2031 2032 2033 2034 
# Year for probability of recovery
2034 2035 2036 2037 2038 2039 2040 2041
# Time varying weight-at-age (1=Yes;0=No)
0
# File with time series of weight-at-age data
none
# Use bisection (0) or linear interpolation (1)
1
# Target Depletion
0.4
# CV of implementation error
0
