#Title, #runnumber: 1 yelloweye_data.ss yelloweye_control.ss 5943.45 1059.37 358.213 StartTime: Thu Apr 10 11:33:08 2025
SSv3_default_rebuild.dat
# Number of sexes
1
# Age range to consider (minimum age; maximum age)
0 100
# Number of fleets
7
# First year of projection (Yinit)
2011
# First Year of rebuilding period (Ydecl)
2013
# Number of simulations
1000
# Maximum number of years
500
# Conduct projections with multiple starting values (0=No;else yes)
0
# Number of parameter vectors
1000
# Is the maximum age a plus-group (1=Yes;2=No)
1
# Generate future recruitments using historical recruitments (1)  historical recruits/spawner (2)  or a stock-recruitment (3)
3
# Constant fishing mortality (1) or constant Catch (2) projections
1
# Fishing mortality based on SPR (1) or actual rate (2)
1
# Pre-specify the year of recovery (or -1) to ignore
-1
# Fecundity-at-age
# 0 1 2 3 4 5 6 7 8 9 10 11 12 13 14 15 16 17 18 19 20 21 22 23 24 25 26 27 28 29 30 31 32 33 34 35 36 37 38 39 40 41 42 43 44 45 46 47 48 49 50 51 52 53 54 55 56 57 58 59 60 61 62 63 64 65 66 67 68 69 70 71 72 73 74 75 76 77 78 79 80 81 82 83 84 85 86 87 88 89 90 91 92 93 94 95 96 97 98 99 100 #runnumber: 1 yelloweye_data.ss yelloweye_control.ss 5943.45 1059.37 358.213
 0 0 2.55872e-08 3.34882e-07 3.09082e-06 2.1853e-05 0.000123027 0.000556129 0.00201213 0.00586731 0.0140946 0.0287281 0.0511794 0.0818104 0.11993 0.164102 0.212567 0.263592 0.3157 0.367762 0.41899 0.468889 0.517182 0.56374 0.608528 0.651561 0.69288 0.732536 0.770579 0.807059 0.842018 0.875497 0.907533 0.938163 0.96742 0.995341 1.02196 1.04732 1.07145 1.09439 1.11619 1.13687 1.1565 1.17509 1.1927 1.20937 1.22513 1.24003 1.25411 1.2674 1.27995 1.29178 1.30294 1.31346 1.32336 1.33269 1.34148 1.34975 1.35753 1.36485 1.37173 1.3782 1.38428 1.39 1.39537 1.40041 1.40515 1.4096 1.41378 1.4177 1.42139 1.42493 1.42826 1.43138 1.43431 1.43706 1.43964 1.44206 1.44433 1.44646 1.44845 1.45032 1.45208 1.45372 1.45526 1.45671 1.45807 1.45934 1.46053 1.46165 1.46269 1.46367 1.46459 1.46545 1.46626 1.46702 1.46773 1.46839 1.46902 1.4696 1.47051 #female fecundity; weighted by N in year Y_init across morphs and areas
# Age specific selectivity and weight adjusted for discard and discard mortality
 #wt and selex for gender,fleet: 1 1 1_CA_TWL
 0.0107475 0.0208798 0.0585978 0.11474 0.188753 0.27765 0.377999 0.486715 0.601305 0.719938 0.841492 0.965528 1.09213 1.22162 1.35432 1.49031 1.6293 1.77069 1.91362 2.05708 2.20004 2.34154 2.48074 2.61696 2.74965 2.87841 3.00294 3.12304 3.23859 3.34953 3.45584 3.55754 3.65468 3.74733 3.8356 3.91958 3.99941 4.07521 4.14711 4.21527 4.27982 4.34091 4.39869 4.4533 4.50488 4.55358 4.59953 4.64287 4.68373 4.72224 4.75851 4.79266 4.82481 4.85506 4.88352 4.91029 4.93546 4.95912 4.98136 5.00225 5.02188 5.04032 5.05764 5.0739 5.08916 5.10349 5.11694 5.12956 5.14141 5.15252 5.16305 5.17302 5.18237 5.19114 5.19937 5.20709 5.21432 5.22111 5.22747 5.23343 5.23903 5.24427 5.24918 5.25379 5.25811 5.26216 5.26595 5.26951 5.27284 5.27596 5.27889 5.28163 5.2842 5.28661 5.28887 5.29099 5.29297 5.29483 5.29657 5.2982 5.30075
 0 0.0011979 0.00442758 0.0144132 0.0373108 0.0796363 0.145277 0.233423 0.338484 0.451732 0.563707 0.666375 0.754445 0.825663 0.880313 0.920339 0.948463 0.967508 0.979986 0.987926 0.992849 0.995832 0.997604 0.998638 0.999233 0.999571 0.999761 0.999867 0.999926 0.999958 0.999976 0.999986 0.999992 0.999995 0.999996 0.999997 0.999998 0.999998 0.999998 0.999998 0.999998 0.999998 0.999998 0.999998 0.999998 0.999998 0.999998 0.999998 0.999998 0.999998 0.999998 0.999998 0.999998 0.999998 0.999998 0.999998 0.999997 0.999997 0.999997 0.999997 0.999997 0.999997 0.999997 0.999997 0.999997 0.999997 0.999997 0.999997 0.999997 0.999997 0.999997 0.999997 0.999997 0.999997 0.999997 0.999997 0.999997 0.999997 0.999997 0.999997 0.999997 0.999997 0.999997 0.999997 0.999997 0.999997 0.999997 0.999997 0.999997 0.999997 0.999997 0.999997 0.999997 0.999997 0.999997 0.999997 0.999997 0.999997 0.999997 0.999997 0.999997
# Sex ratio correction
1
# M and current age-structure in year Yinit: 2011
 # gender = 1
 0.0439034 0.0439034 0.0439034 0.0439034 0.0439034 0.0439034 0.0439034 0.0439034 0.0439034 0.0439034 0.0439034 0.0439034 0.0439034 0.0439034 0.0439034 0.0439034 0.0439034 0.0439034 0.0439034 0.0439034 0.0439034 0.0439034 0.0439034 0.0439034 0.0439034 0.0439034 0.0439034 0.0439034 0.0439034 0.0439034 0.0439034 0.0439034 0.0439034 0.0439034 0.0439034 0.0439034 0.0439034 0.0439034 0.0439034 0.0439034 0.0439034 0.0439034 0.0439034 0.0439034 0.0439034 0.0439034 0.0439034 0.0439034 0.0439034 0.0439034 0.0439034 0.0439034 0.0439034 0.0439034 0.0439034 0.0439034 0.0439034 0.0439034 0.0439034 0.0439034 0.0439034 0.0439034 0.0439034 0.0439034 0.0439034 0.0439034 0.0439034 0.0439034 0.0439034 0.0439034 0.0439034 0.0439034 0.0439034 0.0439034 0.0439034 0.0439034 0.0439034 0.0439034 0.0439034 0.0439034 0.0439034 0.0439034 0.0439034 0.0439034 0.0439034 0.0439034 0.0439034 0.0439034 0.0439034 0.0439034 0.0439034 0.0439034 0.0439034 0.0439034 0.0439034 0.0439034 0.0439034 0.0439034 0.0439034 0.0439034 0.0439034
 306.058 286.138 223.977 265.829 148.389 105.828 76.1563 56.2897 114.654 210.2 80.3411 57.8139 101.147 54.6493 31.8501 25.7314 25.7815 50.1454 63.143 26.2016 19.5591 20.2872 21.9118 22.3316 22.5026 21.8461 24.8776 30.4448 23.1031 25.9071 17.5668 11.7873 8.38254 6.31586 6.64191 6.12423 5.78597 3.63732 3.35416 4.00227 6.30046 4.25956 3.17815 2.33483 1.76789 1.42932 1.08966 0.883495 0.832464 0.8876 0.993761 1.0553 0.992965 0.863306 0.741786 0.655 0.606574 0.592535 0.609088 0.654644 0.72441 0.798937 0.83485 0.795841 0.705909 0.612567 0.536165 0.478493 0.435894 0.403648 0.378514 0.358262 0.341507 0.327188 0.314169 0.301457 0.288363 0.27478 0.261032 0.247683 0.235238 0.224005 0.214034 0.205254 0.197457 0.190393 0.183836 0.177599 0.171528 0.165529 0.159545 0.153548 0.147545 0.141586 0.135666 0.129759 0.124026 0.118494 0.113178 0.108092 2.38092
# Age-structure at Ydeclare= 2013
 142.857 129.386 280.328 262.076 205.131 243.429 135.85 96.8411 69.6423 51.4304 104.654 191.672 73.1894 52.6228 91.9993 49.6779 28.9396 23.3722 23.4119 45.5286 57.3227 23.7845 17.7539 18.4142 19.8884 20.2691 20.424 19.8277 22.5785 27.6304 20.9666 23.5102 15.9407 10.6957 7.60584 5.73037 6.0259 5.55596 5.24884 3.2995 3.0425 3.63023 5.71455 3.8633 2.88239 2.11748 1.60326 1.29619 0.988142 0.801167 0.754879 0.804864 0.901119 0.95691 0.90038 0.782806 0.672613 0.593918 0.550007 0.537275 0.552283 0.593589 0.656847 0.724422 0.756983 0.721612 0.640066 0.55543 0.486153 0.43386 0.395234 0.365995 0.343206 0.324842 0.309651 0.296667 0.284862 0.273336 0.261463 0.249148 0.236682 0.224579 0.213295 0.20311 0.194068 0.186107 0.179038 0.172633 0.166688 0.161032 0.155528 0.150089 0.144663 0.139225 0.133782 0.128379 0.123011 0.117656 0.112458 0.107441 2.35947
# Year for Tmin Age-structure (set to Ydecl by SS)
2013
#  recruitment and biomass
# Number of historical assessment years
137
# Historical data
# year recruitment spawner in B0 in R project in R/S project
1888  1889 1890 1891 1892 1893 1894 1895 1896 1897 1898 1899 1900 1901 1902 1903 1904 1905 1906 1907 1908 1909 1910 1911 1912 1913 1914 1915 1916 1917 1918 1919 1920 1921 1922 1923 1924 1925 1926 1927 1928 1929 1930 1931 1932 1933 1934 1935 1936 1937 1938 1939 1940 1941 1942 1943 1944 1945 1946 1947 1948 1949 1950 1951 1952 1953 1954 1955 1956 1957 1958 1959 1960 1961 1962 1963 1964 1965 1966 1967 1968 1969 1970 1971 1972 1973 1974 1975 1976 1977 1978 1979 1980 1981 1982 1983 1984 1985 1986 1987 1988 1989 1990 1991 1992 1993 1994 1995 1996 1997 1998 1999 2000 2001 2002 2003 2004 2005 2006 2007 2008 2009 2010 2011 2012 2013 2014 2015 2016 2017 2018 2019 2020 2021 2022 2023 2024 #years (with first value representing R0)
204.991 203.858 203.823 203.788 203.751 203.706 203.66 203.613 203.57 203.527 203.484 203.441 203.393 203.346 203.301 203.247 203.193 203.143 203.097 203.063 203.036 203.01 202.99 202.972 202.951 202.907 202.819 202.649 202.362 201.916 201.086 199.945 198.527 196.797 194.775 192.52 190.108 187.644 185.266 183.12 181.356 180.11 179.454 179.33 179.596 179.949 180.017 179.467 178.183 176.334 174.38 172.856 172.26 172.949 175.331 180.055 188.013 200.432 217.888 238.905 256.241 255.682 232.692 200.604 172.324 152.373 140.836 136.937 140.393 150.877 166.52 181.473 182.53 162.44 136.856 120.79 120.282 138.663 169.283 193.84 235.555 292.961 356.045 473.606 268.242 198.702 188.822 260.971 237.977 220.485 177.602 198.034 232.159 286.568 348.309 255.367 276.766 186.625 136.195 117.716 99.2186 83.8338 67.8705 58.0988 70.1728 154.679 113.788 54.7298 51.4908 60.3756 98.4628 173.542 94.5826 125.42 313.34 163.299 76.6432 99.1721 131.843 176.895 303.262 244.535 298.98 306.058 135.193 142.857 140.692 148.499 154.905 136.755 132.497 137.994 146.595 155.171 162.056 166.47 169.703  #recruits; first value is R0 (virgin)
1059.37  1059.37 1059.37 1059.35 1059.32 1058.86 1058.4 1057.94 1057.78 1057.71 1057.62 1057.54 1057.43 1057.3 1057.14 1056.95 1056.73 1056.48 1056.21 1055.9 1055.57 1055.1 1054.72 1054.31 1053.88 1053.42 1052.94 1052.45 1051.86 1051.32 1050.61 1047.82 1046.61 1045.51 1044.47 1043.7 1042.84 1041.42 1039.63 1037.03 1033.7 1030.44 1027.64 1024.48 1022.33 1020.31 1018.28 1015.69 1013.05 1009.4 1006 1002.29 999.183 994.925 989.153 983.046 972.45 961.229 944.83 929.759 922.533 914.626 908.491 901.653 893.313 886.266 881.063 874.876 869.123 863.406 856.606 850.534 845.529 841.663 839.615 836.908 835.888 836.194 826.965 824.978 821.368 817.47 805.097 797.541 786.768 772.73 757.651 740.553 723.56 703.703 684.047 651.975 618.146 592.849 560.046 507.501 480.368 459.819 433.779 412.102 384.945 361.017 331.255 309.954 273.361 240.661 209.412 192.12 175.158 156.589 135.151 127.238 115.546 116.506 116.582 122.004 127.576 133.543 139.559 146.039 152.082 158.694 165.346 172.737 180.689 189.085 198.413 208.43 218.842 230.002 242.768 256.407 271.073 286.85 303.691 321.404 339.691 #spbio; first value is SSB_virgin (virgin)
1 0 0 0 0 0 0 0 0 0 0 0 0 0 0 0 0 0 0 0 0 0 0 0 0 0 0 0 0 0 0 0 0 0 0 0 0 0 0 0 0 0 0 0 0 0 0 0 0 0 0 0 0 0 0 0 0 0 0 0 0 0 0 0 0 0 0 0 0 0 0 0 0 0 0 0 0 0 0 0 0 0 0 0 0 0 0 0 0 0 0 0 0 0 0 0 0 0 0 0 0 0 0 0 0 0 0 0 0 0 0 0 0 0 0 0 0 0 0 0 0 0 0 0 0 0 0 0 0 0 0 0 0 0 0 0 0  # in Bzero
0 1 1 1 1 1 1 1 1 1 1 1 1 1 1 1 1 1 1 1 1 1 1 1 1 1 1 1 1 1 1 1 1 1 1 1 1 1 1 1 1 1 1 1 1 1 1 1 1 1 1 1 1 1 1 1 1 1 1 1 1 1 1 1 1 1 1 1 1 1 1 1 1 1 1 1 1 1 1 1 1 1 1 1 1 1 1 1 1 1 1 1 1 1 1 1 1 1 1 1 1 1 1 1 1 1 1 1 1 1 1 1 1 1 1 1 1 1 1 1 1 1 1 1 1 1 1 1 1 1 1 1 1 1  0 0 0 # in R project
0 1 1 1 1 1 1 1 1 1 1 1 1 1 1 1 1 1 1 1 1 1 1 1 1 1 1 1 1 1 1 1 1 1 1 1 1 1 1 1 1 1 1 1 1 1 1 1 1 1 1 1 1 1 1 1 1 1 1 1 1 1 1 1 1 1 1 1 1 1 1 1 1 1 1 1 1 1 1 1 1 1 1 1 1 1 1 1 1 1 1 1 1 1 1 1 1 1 1 1 1 1 1 1 1 1 1 1 1 1 1 1 1 1 1 1 1 1 1 1 1 1 1 1 1 1 1 1 1 1 1 1 1 1  0 0 0 # in R/S project
# Number of years with pre-specified catches
0
# catches for years with pre-specified catches go next
# Number of future recruitments to override
-2
# Process for overiding (-1 for average otherwise index in data list)
# Which probability to product detailed results for (1=0.5; 2=0.6; etc.)
3
# Steepness sigma-R Auto-correlation
0.718 0.5 0
# Target SPR rate (FMSY Proxy); manually change to SPR_MSY if not using SPR_target
0.5
# Discount rate (for cumulative catch)
0.1
# Truncate the series when 0.4B0 is reached (1=Yes)
0
# Set F to FMSY once 0.4B0 is reached (1=Yes)
0
# Maximum possible F for projection (-1 to set to FMSY)
-1
# Defintion of recovery (1=now only;2=now or before)
2
# Projection type
4
# Definition of the 40-10 rule
10 40
# Sigma Assessment Error (Base, Year1, Slope, MaxSigma)
1.0 2025 0.075 2.0
# Pstar
0.45
# Constrain catches by the ABC (1=yes, 2=no)
2
# Implementation Error (0=no; 1=lognormal; 2=uniform)
0
#Parameters of Implementaion Error
1 0.3
# Calculate coefficients of variation (1=Yes)
0
# Number of replicates to use
10
# Random number seed
-99004
# File with multiple parameter vectors 
rebuild.SSO
# User-specific projection (1=Yes); Output replaced (1->9)
0  5
# Catches and Fs (Year; 1/2/3 (F or C or SPR); value); Final row is -1
2024 1 1
-1 -1 -1
# Fixed catch project (1=Yes); Output replaced (1->9); Approach (-1=Read in else 1-9)
0 2 -1
# (48a) Special catch options (1-Yes) [CUT_OFF, Emsy, distribution, MAXCAT, Add, replace_code]
0 0.18 1.00 1.00 0 6
# (48b) B1Target
150000
# Split of Fs
2011  1
 0
 0
 0
 0
 0
 0
-1  1 1 1 1 1 1 1 1 1 1 1 1
# Yrs to define T_target for projection type 4 (a.k.a. 5 pre-specified inputs)
2030 2031 2032 2033 2034 
# Year for probability of recovery
2034 2035 2036 2037 2038 2039 2040 2041
# Time varying weight-at-age (1=Yes;0=No)
0
# File with time series of weight-at-age data
none
# Use bisection (0) or linear interpolation (1)
1
# Target Depletion
0.4
# CV of implementation error
0
