#Title, #runnumber: 1 yelloweye_data.ss yelloweye_control.ss 6754.78 1113.03 340.229 StartTime: Thu May  1 10:20:24 2025
SSv3_default_rebuild.dat
# Number of sexes
1
# Age range to consider (minimum age; maximum age)
0 100
# Number of fleets
7
# First year of projection (Yinit)
2011
# First Year of rebuilding period (Ydecl)
2013
# Number of simulations
1000
# Maximum number of years
500
# Conduct projections with multiple starting values (0=No;else yes)
0
# Number of parameter vectors
1000
# Is the maximum age a plus-group (1=Yes;2=No)
1
# Generate future recruitments using historical recruitments (1)  historical recruits/spawner (2)  or a stock-recruitment (3)
3
# Constant fishing mortality (1) or constant Catch (2) projections
1
# Fishing mortality based on SPR (1) or actual rate (2)
1
# Pre-specify the year of recovery (or -1) to ignore
-1
# Fecundity-at-age
# 0 1 2 3 4 5 6 7 8 9 10 11 12 13 14 15 16 17 18 19 20 21 22 23 24 25 26 27 28 29 30 31 32 33 34 35 36 37 38 39 40 41 42 43 44 45 46 47 48 49 50 51 52 53 54 55 56 57 58 59 60 61 62 63 64 65 66 67 68 69 70 71 72 73 74 75 76 77 78 79 80 81 82 83 84 85 86 87 88 89 90 91 92 93 94 95 96 97 98 99 100 #runnumber: 1 yelloweye_data.ss yelloweye_control.ss 6754.78 1113.03 340.229
 0 0 2.09025e-09 4.63626e-08 6.28095e-07 5.89951e-06 4.20256e-05 0.00023741 0.00107788 0.00391352 0.0113566 0.0267785 0.0528313 0.0901278 0.137088 0.190808 0.248164 0.306562 0.364209 0.420053 0.473588 0.524645 0.573236 0.619453 0.663412 0.705224 0.744986 0.782782 0.818686 0.852761 0.885066 0.91566 0.944598 0.971938 0.997737 1.02206 1.04495 1.06649 1.08672 1.10572 1.12353 1.14023 1.15586 1.17049 1.18417 1.19696 1.2089 1.22005 1.23045 1.24015 1.24919 1.25762 1.26546 1.27277 1.27958 1.28591 1.2918 1.29727 1.30237 1.3071 1.31151 1.3156 1.3194 1.32293 1.32621 1.32926 1.33209 1.33471 1.33715 1.33942 1.34152 1.3435 1.34534 1.34705 1.34864 1.35011 1.35147 1.35274 1.35392 1.35501 1.35602 1.35696 1.35783 1.35863 1.35938 1.36008 1.36072 1.36132 1.36187 1.36239 1.36286 1.3633 1.36371 1.36409 1.36445 1.36477 1.36508 1.36536 1.36562 1.36586 1.36621 #female fecundity; weighted by N in year Y_init across morphs and areas
# Age specific selectivity and weight adjusted for discard and discard mortality
 #wt and selex for gender,fleet: 1 1 1_CA_TWL
 0.00896707 0.00900463 0.0251732 0.0656987 0.127414 0.20965 0.309567 0.423788 0.54902 0.682335 0.821297 0.964109 1.10976 1.25793 1.40864 1.56173 1.71661 1.87227 2.02745 2.18085 2.33132 2.47791 2.61989 2.75676 2.88816 3.0139 3.13385 3.248 3.35638 3.45908 3.55622 3.64794 3.73444 3.81588 3.89248 3.96444 4.03197 4.09529 4.15461 4.21013 4.26206 4.3106 4.35594 4.39827 4.43778 4.47462 4.50896 4.54097 4.57078 4.59855 4.62439 4.64844 4.67081 4.69162 4.71098 4.72897 4.74569 4.76123 4.77567 4.78909 4.80155 4.81312 4.82387 4.83385 4.84311 4.85171 4.85969 4.8671 4.87398 4.88036 4.88632 4.89189 4.89705 4.90184 4.90629 4.91041 4.91423 4.91778 4.92107 4.92413 4.92696 4.92958 4.93202 4.93428 4.93637 4.93832 4.94012 4.94179 4.94334 4.94478 4.94611 4.94735 4.94849 4.94955 4.95054 4.95145 4.9523 4.95309 4.95381 4.95449 4.95548
 0 0.0010804 0.00217492 0.00840808 0.0256721 0.0623164 0.125333 0.216399 0.330287 0.456369 0.58196 0.695766 0.790285 0.8627 0.914245 0.948614 0.970274 0.983291 0.990817 0.995037 0.997347 0.998591 0.999253 0.999603 0.999788 0.999885 0.999937 0.999965 0.99998 0.999988 0.999992 0.999995 0.999996 0.999997 0.999997 0.999998 0.999998 0.999998 0.999998 0.999998 0.999998 0.999998 0.999998 0.999998 0.999998 0.999998 0.999997 0.999997 0.999997 0.999997 0.999997 0.999997 0.999997 0.999997 0.999997 0.999997 0.999997 0.999997 0.999997 0.999997 0.999997 0.999997 0.999997 0.999997 0.999997 0.999997 0.999997 0.999997 0.999997 0.999997 0.999997 0.999997 0.999997 0.999997 0.999997 0.999997 0.999997 0.999997 0.999997 0.999997 0.999997 0.999997 0.999997 0.999997 0.999997 0.999997 0.999997 0.999997 0.999997 0.999997 0.999997 0.999997 0.999997 0.999997 0.999997 0.999997 0.999997 0.999997 0.999997 0.999997 0.999997
 #wt and selex for gender,fleet: 1 3 3_CA_REC
 0.00896707 0.00900462 0.0243958 0.0631877 0.122426 0.201488 0.297805 0.408267 0.529801 0.659669 0.795731 0.936735 1.08229 1.23236 1.38661 1.54412 1.70347 1.86303 2.02128 2.1769 2.32887 2.47642 2.61901 2.75624 2.88786 3.01372 3.13375 3.24794 3.35634 3.45906 3.5562 3.64794 3.73443 3.81588 3.89248 3.96444 4.03197 4.09529 4.15461 4.21013 4.26206 4.3106 4.35594 4.39827 4.43778 4.47462 4.50896 4.54097 4.57078 4.59855 4.62439 4.64844 4.67081 4.69163 4.71098 4.72897 4.74569 4.76123 4.77567 4.78909 4.80155 4.81312 4.82387 4.83385 4.84311 4.85171 4.8597 4.8671 4.87398 4.88036 4.88632 4.89189 4.89705 4.90184 4.90629 4.91041 4.91424 4.91778 4.92107 4.92413 4.92696 4.92959 4.93202 4.93428 4.93638 4.93832 4.94012 4.94179 4.94334 4.94478 4.94611 4.94735 4.94849 4.94955 4.95054 4.95145 4.9523 4.95309 4.95382 4.95449 4.95548
 0 0.0039437 0.00741944 0.0233998 0.0598017 0.124947 0.221427 0.343455 0.478484 0.611441 0.729144 0.82338 0.891972 0.937691 0.965866 0.982097 0.990936 0.995536 0.997846 0.998975 0.999516 0.999772 0.999892 0.999949 0.999975 0.999988 0.999994 0.999997 0.999998 0.999999 0.999999 0.999999 0.999999 0.999999 1 1 0.999999 0.999999 0.999999 0.999999 0.999999 0.999999 0.999999 0.999999 0.999999 0.999999 0.999999 0.999999 0.999999 0.999999 0.999999 0.999999 0.999999 0.999999 0.999999 0.999999 0.999999 0.999999 0.999999 0.999999 0.999999 0.999999 0.999999 0.999999 0.999999 0.999999 0.999999 0.999999 0.999999 0.999999 0.999999 0.999999 0.999999 0.999999 0.999999 0.999999 0.999999 0.999999 0.999999 0.999999 0.999999 0.999999 0.999999 0.999999 0.999999 0.999999 0.999999 0.999999 0.999999 0.999999 0.999999 0.999999 0.999999 0.999999 0.999999 0.999999 0.999999 0.999999 0.999999 0.999999 0.999999
 #wt and selex for gender,fleet: 1 4 4_ORWA_TWL
 0.00896707 0.00900461 0.0232031 0.0594836 0.115895 0.192227 0.286598 0.396406 0.518857 0.651254 0.791169 0.936587 1.08606 1.23868 1.39387 1.55098 1.70917 1.86734 2.02431 2.17891 2.33015 2.47722 2.61949 2.75652 2.88803 3.01382 3.13381 3.24797 3.35637 3.45907 3.55621 3.64794 3.73443 3.81588 3.89248 3.96444 4.03197 4.09529 4.15461 4.21013 4.26206 4.3106 4.35594 4.39827 4.43778 4.47462 4.50896 4.54097 4.57078 4.59854 4.62439 4.64844 4.67081 4.69162 4.71098 4.72897 4.74569 4.76123 4.77567 4.78909 4.80155 4.81312 4.82387 4.83385 4.84311 4.85171 4.85969 4.8671 4.87398 4.88036 4.88632 4.89189 4.89705 4.90184 4.90629 4.91041 4.91423 4.91778 4.92107 4.92413 4.92696 4.92958 4.93202 4.93428 4.93637 4.93832 4.94012 4.94179 4.94334 4.94478 4.94611 4.94735 4.94849 4.94955 4.95054 4.95145 4.9523 4.95309 4.95381 4.95449 4.95548
 0 0.0127646 0.0216838 0.0499323 0.099181 0.171898 0.266129 0.375532 0.491194 0.603882 0.705857 0.791916 0.859762 0.909807 0.944455 0.967089 0.981134 0.989474 0.994251 0.996909 0.998355 0.99913 0.99954 0.999756 0.99987 0.999929 0.999961 0.999978 0.999987 0.999992 0.999995 0.999996 0.999997 0.999997 0.999997 0.999997 0.999997 0.999997 0.999997 0.999997 0.999997 0.999997 0.999997 0.999997 0.999997 0.999997 0.999997 0.999997 0.999997 0.999997 0.999997 0.999997 0.999997 0.999997 0.999997 0.999997 0.999997 0.999997 0.999997 0.999996 0.999996 0.999996 0.999996 0.999996 0.999996 0.999996 0.999996 0.999996 0.999996 0.999996 0.999996 0.999996 0.999996 0.999996 0.999996 0.999996 0.999996 0.999996 0.999996 0.999996 0.999996 0.999996 0.999996 0.999996 0.999996 0.999996 0.999996 0.999996 0.999996 0.999996 0.999996 0.999996 0.999996 0.999996 0.999996 0.999996 0.999996 0.999996 0.999996 0.999996 0.999996
 #wt and selex for gender,fleet: 1 5 5_ORWA_NONTWL
 0.00896707 0.00900462 0.0245367 0.0641483 0.125501 0.208515 0.310906 0.429586 0.561303 0.702978 0.85186 1.00557 1.1621 1.31977 1.47724 1.63345 1.78766 1.93934 2.08817 2.23388 2.37626 2.51504 2.64997 2.78072 2.90702 3.0286 3.14525 3.2568 3.36317 3.46432 3.56028 3.6511 3.7369 3.81782 3.89402 3.96567 4.03296 4.09609 4.15526 4.21067 4.26251 4.31098 4.35626 4.39855 4.43801 4.47482 4.50914 4.54113 4.57093 4.59867 4.6245 4.64854 4.67091 4.69171 4.71106 4.72904 4.74576 4.7613 4.77573 4.78915 4.8016 4.81317 4.82392 4.8339 4.84316 4.85176 4.85974 4.86715 4.87402 4.8804 4.88636 4.89193 4.89709 4.90188 4.90632 4.91045 4.91427 4.91782 4.92111 4.92416 4.92699 4.92962 4.93205 4.93431 4.93641 4.93835 4.94015 4.94182 4.94337 4.94481 4.94614 4.94738 4.94852 4.94959 4.95057 4.95149 4.95233 4.95312 4.95385 4.95452 4.95551
 0 0.000660819 0.00125656 0.00418832 0.0116794 0.027214 0.0545422 0.0964576 0.153816 0.22519 0.307218 0.395371 0.484842 0.571263 0.651178 0.722244 0.783243 0.833936 0.874849 0.907015 0.931727 0.950339 0.964125 0.9742 0.981486 0.986716 0.99045 0.99311 0.995003 0.996352 0.997317 0.998009 0.998509 0.998872 0.999138 0.999334 0.99948 0.999589 0.999672 0.999735 0.999784 0.999822 0.999851 0.999875 0.999894 0.999909 0.999921 0.999931 0.999939 0.999946 0.999952 0.999957 0.999961 0.999964 0.999967 0.99997 0.999972 0.999974 0.999975 0.999977 0.999978 0.999979 0.99998 0.999981 0.999982 0.999983 0.999983 0.999984 0.999984 0.999985 0.999985 0.999985 0.999986 0.999986 0.999986 0.999986 0.999986 0.999987 0.999987 0.999987 0.999987 0.999987 0.999987 0.999987 0.999987 0.999987 0.999987 0.999988 0.999988 0.999988 0.999988 0.999988 0.999988 0.999988 0.999988 0.999988 0.999988 0.999988 0.999988 0.999988 0.999988
 #wt and selex for gender,fleet: 1 6 6_OR_REC
 0.00896707 0.00900475 0.0316444 0.0812114 0.152011 0.240182 0.340318 0.447861 0.559827 0.675662 0.797328 0.927594 1.06792 1.21761 1.37433 1.53519 1.69755 1.85934 2.01904 2.17553 2.32798 2.47578 2.61848 2.75575 2.88738 3.01323 3.13323 3.2474 3.35578 3.45847 3.55559 3.6473 3.73377 3.8152 3.89178 3.96373 4.03124 4.09455 4.15385 4.20936 4.26127 4.3098 4.35514 4.39746 4.43695 4.47379 4.50813 4.54013 4.56993 4.59769 4.62353 4.64757 4.66994 4.69075 4.7101 4.72808 4.7448 4.76034 4.77478 4.78819 4.80065 4.81222 4.82296 4.83294 4.8422 4.8508 4.85878 4.86619 4.87307 4.87945 4.88541 4.89097 4.89613 4.90092 4.90536 4.90948 4.91331 4.91685 4.92014 4.9232 4.92603 4.92865 4.93109 4.93334 4.93544 4.93738 4.93918 4.94085 4.9424 4.94384 4.94517 4.94641 4.94755 4.94861 4.9496 4.95051 4.95136 4.95214 4.95287 4.95355 4.95453
 0 1.91179e-05 7.31847e-05 0.00113823 0.00914214 0.0420976 0.126295 0.273342 0.461779 0.648093 0.796001 0.89378 0.949477 0.977645 0.990605 0.996125 0.998312 0.999101 0.999329 0.999338 0.999262 0.999155 0.999036 0.998913 0.998791 0.998671 0.998554 0.998441 0.998332 0.998227 0.998127 0.998032 0.997941 0.997855 0.997774 0.997697 0.997625 0.997557 0.997493 0.997433 0.997376 0.997324 0.997274 0.997228 0.997184 0.997144 0.997106 0.997071 0.997038 0.997008 0.996979 0.996952 0.996928 0.996905 0.996883 0.996863 0.996845 0.996827 0.996811 0.996796 0.996782 0.99677 0.996758 0.996747 0.996736 0.996727 0.996718 0.996709 0.996702 0.996695 0.996688 0.996682 0.996676 0.996671 0.996666 0.996661 0.996657 0.996653 0.996649 0.996646 0.996643 0.99664 0.996637 0.996634 0.996632 0.99663 0.996628 0.996626 0.996624 0.996623 0.996621 0.99662 0.996618 0.996617 0.996616 0.996615 0.996614 0.996613 0.996613 0.996612 0.996611
 #wt and selex for gender,fleet: 1 7 7_WA_REC
 0.00896707 0.00900471 0.0302931 0.0795579 0.152584 0.246979 0.357895 0.480547 0.610888 0.745765 0.882904 1.02099 1.15974 1.29977 1.44201 1.58709 1.73502 1.88507 2.036 2.18638 2.33479 2.48004 2.62118 2.75753 2.88862 3.01417 3.13401 3.2481 3.35644 3.45911 3.55624 3.64796 3.73445 3.81589 3.89249 3.96445 4.03198 4.09529 4.15461 4.21013 4.26206 4.3106 4.35594 4.39827 4.43778 4.47462 4.50896 4.54097 4.57078 4.59855 4.62439 4.64844 4.67081 4.69163 4.71098 4.72897 4.74569 4.76123 4.77567 4.78909 4.80155 4.81312 4.82387 4.83385 4.84311 4.85171 4.8597 4.8671 4.87398 4.88036 4.88632 4.89189 4.89705 4.90184 4.90629 4.91041 4.91424 4.91778 4.92107 4.92413 4.92696 4.92959 4.93202 4.93428 4.93638 4.93832 4.94012 4.94179 4.94334 4.94478 4.94611 4.94735 4.94849 4.94955 4.95054 4.95145 4.9523 4.95309 4.95382 4.95449 4.95548
 0 5.14245e-06 1.68801e-05 0.000210752 0.00161012 0.007902 0.0271825 0.0705431 0.146541 0.255328 0.387076 0.525615 0.654599 0.76263 0.845206 0.903585 0.942238 0.966483 0.981036 0.989472 0.994234 0.996868 0.998305 0.999082 0.999501 0.999727 0.999849 0.999915 0.999952 0.999972 0.999984 0.99999 0.999994 0.999996 0.999997 0.999998 0.999999 0.999999 0.999999 0.999999 0.999999 0.999999 0.999999 0.999999 0.999999 1 1 1 1 1 1 0.999999 0.999999 0.999999 0.999999 0.999999 0.999999 0.999999 0.999999 0.999999 0.999999 0.999999 0.999999 0.999999 0.999999 0.999999 0.999999 0.999999 0.999999 0.999999 0.999999 0.999999 0.999999 0.999999 0.999999 0.999999 0.999999 0.999999 0.999999 0.999999 0.999999 0.999999 0.999999 0.999999 0.999999 0.999999 0.999999 0.999999 0.999999 0.999999 0.999999 0.999999 0.999999 0.999999 0.999999 0.999999 0.999999 0.999999 0.999999 0.999999 0.999999
# Sex ratio correction
1
# M and current age-structure in year Yinit: 2011
 # gender = 1
 0.0439034 0.0439034 0.0439034 0.0439034 0.0439034 0.0439034 0.0439034 0.0439034 0.0439034 0.0439034 0.0439034 0.0439034 0.0439034 0.0439034 0.0439034 0.0439034 0.0439034 0.0439034 0.0439034 0.0439034 0.0439034 0.0439034 0.0439034 0.0439034 0.0439034 0.0439034 0.0439034 0.0439034 0.0439034 0.0439034 0.0439034 0.0439034 0.0439034 0.0439034 0.0439034 0.0439034 0.0439034 0.0439034 0.0439034 0.0439034 0.0439034 0.0439034 0.0439034 0.0439034 0.0439034 0.0439034 0.0439034 0.0439034 0.0439034 0.0439034 0.0439034 0.0439034 0.0439034 0.0439034 0.0439034 0.0439034 0.0439034 0.0439034 0.0439034 0.0439034 0.0439034 0.0439034 0.0439034 0.0439034 0.0439034 0.0439034 0.0439034 0.0439034 0.0439034 0.0439034 0.0439034 0.0439034 0.0439034 0.0439034 0.0439034 0.0439034 0.0439034 0.0439034 0.0439034 0.0439034 0.0439034 0.0439034 0.0439034 0.0439034 0.0439034 0.0439034 0.0439034 0.0439034 0.0439034 0.0439034 0.0439034 0.0439034 0.0439034 0.0439034 0.0439034 0.0439034 0.0439034 0.0439034 0.0439034 0.0439034 0.0439034
 199.682 247.243 261.554 290.322 173.852 161.042 90.5032 56.1591 80.3375 186.035 54.6281 42.7624 77.0431 48.7181 30.6432 24.5791 24.5021 47.6448 50.7794 24.7502 20.0092 20.3105 19.7057 19.9515 22.3597 24.3536 30.273 27.3313 16.2015 16.8537 15.0016 12.0745 8.66794 5.69982 6.43471 5.66217 5.74268 3.48049 2.80718 3.25415 5.13591 3.15115 2.33235 1.9918 1.55779 1.32155 1.0416 0.845614 0.791093 0.832325 0.903455 0.899626 0.794071 0.678728 0.596675 0.546717 0.523304 0.523135 0.545475 0.591951 0.661952 0.74137 0.78665 0.75049 0.65778 0.564327 0.491021 0.437615 0.399126 0.37051 0.34855 0.331177 0.317121 0.305387 0.29495 0.284927 0.274688 0.264066 0.253233 0.242584 0.232504 0.223265 0.214925 0.207437 0.200577 0.194051 0.187788 0.181624 0.175439 0.169173 0.162813 0.156373 0.149899 0.14347 0.1371 0.130877 0.124853 0.119059 0.113515 0.108229 2.32476
# Age-structure at Ydeclare= 2013
 407.034 177.767 182.895 226.455 239.554 265.873 159.17 147.365 82.7457 51.2845 73.2627 169.414 49.6838 38.8503 69.9357 44.1956 27.7857 22.2798 22.205 43.1713 46.0067 22.4224 18.1263 18.3986 17.8501 18.0721 20.2527 22.0577 27.4175 24.7517 14.6713 15.2607 13.5825 10.9315 7.84691 5.15964 5.82458 5.12505 5.19769 3.15004 2.54054 2.94492 4.64764 2.85144 2.11043 1.80221 1.40946 1.19569 0.942368 0.76504 0.715702 0.752992 0.817333 0.81386 0.718363 0.614012 0.53978 0.494584 0.473402 0.473248 0.493457 0.535499 0.598824 0.670666 0.711626 0.678913 0.595044 0.510503 0.444188 0.395875 0.361056 0.33517 0.315304 0.299588 0.286872 0.276257 0.266816 0.257748 0.248486 0.238877 0.229077 0.219444 0.210326 0.201969 0.194423 0.18765 0.181445 0.175541 0.169875 0.1643 0.158704 0.153036 0.147283 0.141457 0.135601 0.129785 0.124023 0.118393 0.112944 0.107703 2.30362
# Year for Tmin Age-structure (set to Ydecl by SS)
2013
#  recruitment and biomass
# Number of historical assessment years
137
# Historical data
# year recruitment spawner in B0 in R project in R/S project
1888  1889 1890 1891 1892 1893 1894 1895 1896 1897 1898 1899 1900 1901 1902 1903 1904 1905 1906 1907 1908 1909 1910 1911 1912 1913 1914 1915 1916 1917 1918 1919 1920 1921 1922 1923 1924 1925 1926 1927 1928 1929 1930 1931 1932 1933 1934 1935 1936 1937 1938 1939 1940 1941 1942 1943 1944 1945 1946 1947 1948 1949 1950 1951 1952 1953 1954 1955 1956 1957 1958 1959 1960 1961 1962 1963 1964 1965 1966 1967 1968 1969 1970 1971 1972 1973 1974 1975 1976 1977 1978 1979 1980 1981 1982 1983 1984 1985 1986 1987 1988 1989 1990 1991 1992 1993 1994 1995 1996 1997 1998 1999 2000 2001 2002 2003 2004 2005 2006 2007 2008 2009 2010 2011 2012 2013 2014 2015 2016 2017 2018 2019 2020 2021 2022 2023 2024 #years (with first value representing R0)
212.156 215.734 215.862 215.995 216.133 216.268 216.409 216.555 216.714 216.88 217.054 217.236 217.427 217.627 217.838 218.056 218.287 218.534 218.795 219.083 219.393 219.724 220.076 220.444 220.825 221.199 221.544 221.82 221.98 221.968 221.707 221.085 220.117 218.728 216.898 214.652 212.044 209.169 206.177 203.232 200.383 197.871 195.83 194.208 192.873 191.551 189.936 187.786 185.066 181.977 178.973 176.569 175.249 175.379 177.358 181.839 189.816 202.798 221.943 246.327 267.568 266.959 239.43 203.405 173.033 151.654 138.308 131.538 130.618 135.442 146.313 162.46 174.541 166.055 144.73 129.916 130.857 151.405 179.776 197.366 233.657 251.501 309.743 455.869 258.239 197.171 214.264 306.948 260.379 252.286 188.793 240.355 277.868 284.245 261.087 204.095 279.451 251.538 165.4 125.291 93.3984 78.2292 69.5933 60.2847 66.8134 124.99 108.538 52.2276 49.4022 58.3394 88.1117 132.576 70.0961 85.3758 277.451 114.433 76.4587 117.841 200.613 207.241 331.201 285.56 258.34 199.682 185.745 407.034 203.578 267.28 195.526 98.8433 96.8256 102.801 103.163 137.999 153.376 158.333 170.563  #recruits; first value is R0 (virgin)
1113.03  1113.03 1113.03 1113.01 1112.99 1112.52 1112.05 1111.58 1111.43 1111.35 1111.27 1111.21 1111.14 1111.08 1111.05 1111.04 1111.06 1111.11 1111.21 1111.33 1111.47 1111.53 1111.72 1111.93 1112.16 1112.4 1112.65 1112.92 1113.13 1113.42 1113.56 1111.63 1111.32 1111.15 1111.06 1111.29 1111.45 1111.08 1110.37 1108.87 1106.65 1104.56 1102.95 1101 1100.11 1099.38 1098.65 1097.36 1096.03 1093.66 1091.51 1088.97 1087 1083.76 1078.9 1073.58 1063.59 1052.83 1036.69 1021.71 1014.47 1006.16 999.543 992.151 983.077 975.058 968.838 961.433 954.442 947.461 939.45 932.265 926.361 921.809 919.274 916.096 914.451 913.989 903.518 899.969 894.417 888.356 872.95 862.226 848.321 831.284 812.96 792.959 773.443 751.245 729.492 695.158 659.121 631.986 597.388 540.544 492.253 464.435 427.38 397.949 370.591 347.427 318.183 297.491 262.9 231.561 201.44 185.32 169.04 151.195 130.481 123.682 112.547 113.328 113.517 118.86 124.435 130.265 136.118 142.296 147.981 154.042 160.038 166.748 173.707 180.914 188.934 197.814 207.08 217.494 227.99 239.98 253.1 268.418 285.115 301.958 319.41 #spbio; first value is SSB_virgin (virgin)
1 0 0 0 0 0 0 0 0 0 0 0 0 0 0 0 0 0 0 0 0 0 0 0 0 0 0 0 0 0 0 0 0 0 0 0 0 0 0 0 0 0 0 0 0 0 0 0 0 0 0 0 0 0 0 0 0 0 0 0 0 0 0 0 0 0 0 0 0 0 0 0 0 0 0 0 0 0 0 0 0 0 0 0 0 0 0 0 0 0 0 0 0 0 0 0 0 0 0 0 0 0 0 0 0 0 0 0 0 0 0 0 0 0 0 0 0 0 0 0 0 0 0 0 0 0 0 0 0 0 0 0 0 0 0 0 0  # in Bzero
0 1 1 1 1 1 1 1 1 1 1 1 1 1 1 1 1 1 1 1 1 1 1 1 1 1 1 1 1 1 1 1 1 1 1 1 1 1 1 1 1 1 1 1 1 1 1 1 1 1 1 1 1 1 1 1 1 1 1 1 1 1 1 1 1 1 1 1 1 1 1 1 1 1 1 1 1 1 1 1 1 1 1 1 1 1 1 1 1 1 1 1 1 1 1 1 1 1 1 1 1 1 1 1 1 1 1 1 1 1 1 1 1 1 1 1 1 1 1 1 1 1 1 1 1 1 1 1 1 1 1 1 1 1  0 0 0 # in R project
0 1 1 1 1 1 1 1 1 1 1 1 1 1 1 1 1 1 1 1 1 1 1 1 1 1 1 1 1 1 1 1 1 1 1 1 1 1 1 1 1 1 1 1 1 1 1 1 1 1 1 1 1 1 1 1 1 1 1 1 1 1 1 1 1 1 1 1 1 1 1 1 1 1 1 1 1 1 1 1 1 1 1 1 1 1 1 1 1 1 1 1 1 1 1 1 1 1 1 1 1 1 1 1 1 1 1 1 1 1 1 1 1 1 1 1 1 1 1 1 1 1 1 1 1 1 1 1 1 1 1 1 1 1  0 0 0 # in R/S project
# Number of years with pre-specified catches
0
# catches for years with pre-specified catches go next
# Number of future recruitments to override
-2
# Process for overiding (-1 for average otherwise index in data list)
# Which probability to product detailed results for (1=0.5; 2=0.6; etc.)
3
# Steepness sigma-R Auto-correlation
0.718 0.5 0
# Target SPR rate (FMSY Proxy); manually change to SPR_MSY if not using SPR_target
0.5
# Discount rate (for cumulative catch)
0.1
# Truncate the series when 0.4B0 is reached (1=Yes)
0
# Set F to FMSY once 0.4B0 is reached (1=Yes)
0
# Maximum possible F for projection (-1 to set to FMSY)
-1
# Defintion of recovery (1=now only;2=now or before)
2
# Projection type
4
# Definition of the 40-10 rule
10 40
# Sigma Assessment Error (Base, Year1, Slope, MaxSigma)
1.0 2025 0.075 2.0
# Pstar
0.45
# Constrain catches by the ABC (1=yes, 2=no)
2
# Implementation Error (0=no; 1=lognormal; 2=uniform)
0
#Parameters of Implementaion Error
1 0.3
# Calculate coefficients of variation (1=Yes)
0
# Number of replicates to use
10
# Random number seed
-99004
# File with multiple parameter vectors 
rebuild.SSO
# User-specific projection (1=Yes); Output replaced (1->9)
0  5
# Catches and Fs (Year; 1/2/3 (F or C or SPR); value); Final row is -1
2024 1 1
-1 -1 -1
# Fixed catch project (1=Yes); Output replaced (1->9); Approach (-1=Read in else 1-9)
0 2 -1
# (48a) Special catch options (1-Yes) [CUT_OFF, Emsy, distribution, MAXCAT, Add, replace_code]
0 0.18 1.00 1.00 0 6
# (48b) B1Target
150000
# Split of Fs
2011  0.0166055
 0
 0.391851
 0.0237945
 0.192626
 0.194765
 0.180358
-1  1 1 1 1 1 1 1 1 1 1 1 1
# Yrs to define T_target for projection type 4 (a.k.a. 5 pre-specified inputs)
2030 2031 2032 2033 2034 
# Year for probability of recovery
2034 2035 2036 2037 2038 2039 2040 2041
# Time varying weight-at-age (1=Yes;0=No)
0
# File with time series of weight-at-age data
none
# Use bisection (0) or linear interpolation (1)
1
# Target Depletion
0.4
# CV of implementation error
0
