#Title, #runnumber: 1 yelloweye_data.ss yelloweye_control.ss 6849.36 1047.23 349.246 StartTime: Thu Apr 10 17:23:01 2025
SSv3_default_rebuild.dat
# Number of sexes
1
# Age range to consider (minimum age; maximum age)
0 100
# Number of fleets
7
# First year of projection (Yinit)
2011
# First Year of rebuilding period (Ydecl)
2013
# Number of simulations
1000
# Maximum number of years
500
# Conduct projections with multiple starting values (0=No;else yes)
0
# Number of parameter vectors
1000
# Is the maximum age a plus-group (1=Yes;2=No)
1
# Generate future recruitments using historical recruitments (1)  historical recruits/spawner (2)  or a stock-recruitment (3)
3
# Constant fishing mortality (1) or constant Catch (2) projections
1
# Fishing mortality based on SPR (1) or actual rate (2)
1
# Pre-specify the year of recovery (or -1) to ignore
-1
# Fecundity-at-age
# 0 1 2 3 4 5 6 7 8 9 10 11 12 13 14 15 16 17 18 19 20 21 22 23 24 25 26 27 28 29 30 31 32 33 34 35 36 37 38 39 40 41 42 43 44 45 46 47 48 49 50 51 52 53 54 55 56 57 58 59 60 61 62 63 64 65 66 67 68 69 70 71 72 73 74 75 76 77 78 79 80 81 82 83 84 85 86 87 88 89 90 91 92 93 94 95 96 97 98 99 100 #runnumber: 1 yelloweye_data.ss yelloweye_control.ss 6849.36 1047.23 349.246
 0 0 1.60665e-08 2.16842e-07 2.02778e-06 1.44685e-05 8.28551e-05 0.000389206 0.00150092 0.0047298 0.0122525 0.0265986 0.0496794 0.0820253 0.12269 0.169729 0.220855 0.273966 0.327418 0.38008 0.431267 0.480618 0.527988 0.573356 0.616764 0.65828 0.697978 0.735928 0.772192 0.806826 0.83988 0.871401 0.901431 0.930014 0.957192 0.983009 1.00751 1.03074 1.05274 1.07355 1.09324 1.11183 1.12939 1.14595 1.16156 1.17626 1.19011 1.20314 1.21539 1.22691 1.23773 1.24789 1.25743 1.26639 1.27478 1.28266 1.29004 1.29697 1.30345 1.30952 1.31521 1.32054 1.32552 1.33019 1.33456 1.33864 1.34246 1.34604 1.34938 1.35251 1.35543 1.35822 1.36082 1.36326 1.36553 1.36766 1.36965 1.3715 1.37324 1.37486 1.37638 1.37779 1.37911 1.38035 1.3815 1.38258 1.38358 1.38452 1.3854 1.38622 1.38699 1.3877 1.38837 1.38899 1.38957 1.39012 1.39062 1.3911 1.39154 1.39195 1.39258 #female fecundity; weighted by N in year Y_init across morphs and areas
# Age specific selectivity and weight adjusted for discard and discard mortality
 #wt and selex for gender,fleet: 1 1 1_CA_TWL
 0.00974214 0.0165009 0.0486582 0.0987635 0.167415 0.252617 0.351552 0.461329 0.579309 0.703245 0.831359 0.962453 1.09595 1.23178 1.37004 1.51074 1.65355 1.79783 1.94265 2.08699 2.22983 2.37026 2.50753 2.64104 2.77035 2.89514 3.01521 3.13042 3.24072 3.3461 3.44659 3.54226 3.63321 3.71956 3.80142 3.87896 3.95231 4.02164 4.08711 4.14889 4.20713 4.26201 4.31368 4.3623 4.40802 4.451 4.49138 4.5293 4.5649 4.5983 4.62963 4.65901 4.68655 4.71236 4.73654 4.75919 4.7804 4.80026 4.81885 4.83624 4.85252 4.86775 4.88199 4.89532 4.90778 4.91943 4.93032 4.9405 4.95002 4.95891 4.96729 4.97517 4.98254 4.98943 4.99586 5.00187 5.00748 5.01273 5.01762 5.0222 5.02647 5.03047 5.0342 5.03768 5.04093 5.04397 5.0468 5.04945 5.05192 5.05423 5.05639 5.0584 5.06028 5.06204 5.06368 5.06521 5.06663 5.06797 5.06921 5.07038 5.07215
 0 0.00125532 0.00437958 0.0141007 0.0364217 0.0780537 0.143401 0.232228 0.339231 0.455504 0.570971 0.676759 0.766823 0.838546 0.892326 0.930554 0.956493 0.973406 0.98407 0.99061 0.994532 0.996843 0.998187 0.998961 0.999404 0.999657 0.999801 0.999884 0.999931 0.999959 0.999975 0.999984 0.99999 0.999993 0.999995 0.999996 0.999997 0.999998 0.999998 0.999998 0.999998 0.999998 0.999998 0.999998 0.999998 0.999998 0.999998 0.999998 0.999998 0.999998 0.999998 0.999998 0.999998 0.999998 0.999998 0.999998 0.999998 0.999998 0.999998 0.999998 0.999998 0.999998 0.999998 0.999998 0.999998 0.999998 0.999998 0.999998 0.999998 0.999998 0.999998 0.999998 0.999998 0.999998 0.999998 0.999998 0.999998 0.999998 0.999998 0.999997 0.999997 0.999997 0.999997 0.999997 0.999997 0.999997 0.999997 0.999997 0.999997 0.999997 0.999997 0.999997 0.999997 0.999997 0.999997 0.999997 0.999997 0.999997 0.999997 0.999997 0.999997
# Sex ratio correction
1
# M and current age-structure in year Yinit: 2011
 # gender = 1
 0.0439034 0.0439034 0.0439034 0.0439034 0.0439034 0.0439034 0.0439034 0.0439034 0.0439034 0.0439034 0.0439034 0.0439034 0.0439034 0.0439034 0.0439034 0.0439034 0.0439034 0.0439034 0.0439034 0.0439034 0.0439034 0.0439034 0.0439034 0.0439034 0.0439034 0.0439034 0.0439034 0.0439034 0.0439034 0.0439034 0.0439034 0.0439034 0.0439034 0.0439034 0.0439034 0.0439034 0.0439034 0.0439034 0.0439034 0.0439034 0.0439034 0.0439034 0.0439034 0.0439034 0.0439034 0.0439034 0.0439034 0.0439034 0.0439034 0.0439034 0.0439034 0.0439034 0.0439034 0.0439034 0.0439034 0.0439034 0.0439034 0.0439034 0.0439034 0.0439034 0.0439034 0.0439034 0.0439034 0.0439034 0.0439034 0.0439034 0.0439034 0.0439034 0.0439034 0.0439034 0.0439034 0.0439034 0.0439034 0.0439034 0.0439034 0.0439034 0.0439034 0.0439034 0.0439034 0.0439034 0.0439034 0.0439034 0.0439034 0.0439034 0.0439034 0.0439034 0.0439034 0.0439034 0.0439034 0.0439034 0.0439034 0.0439034 0.0439034 0.0439034 0.0439034 0.0439034 0.0439034 0.0439034 0.0439034 0.0439034 0.0439034
 194.004 254.398 246.208 264.541 161.464 147.554 92.7014 60.1554 108.068 170.968 57.7463 48.7753 90.2474 48.527 29.0401 24.0889 24.124 40.0534 53.4692 27.7146 21.1134 21.792 22.4977 22.9027 23.9341 22.9605 26.683 31.8768 21.772 22.9756 16.5582 13.3666 9.02668 5.99433 6.59564 6.31838 6.35401 4.02288 3.41207 3.84397 6.24402 4.32805 2.96745 2.41339 1.76589 1.39177 1.13542 0.975204 0.938806 1.00252 1.1151 1.16794 1.07115 0.91288 0.781778 0.694441 0.6475 0.635445 0.654099 0.701015 0.770215 0.841161 0.87028 0.82357 0.728011 0.631503 0.553396 0.494464 0.450423 0.416355 0.389209 0.367114 0.349005 0.333975 0.320904 0.308692 0.296447 0.283812 0.270889 0.258108 0.245936 0.234716 0.224557 0.21545 0.207239 0.199712 0.192671 0.18595 0.179406 0.172952 0.166534 0.160127 0.15374 0.14742 0.141163 0.134935 0.128898 0.123081 0.117502 0.112175 2.4597
# Age-structure at Ydeclare= 2013
 396.821 125.484 177.694 233.005 225.491 242.248 147.815 135.012 84.7567 54.9457 98.5997 155.816 52.5755 44.3696 82.0386 44.0893 26.3739 21.8708 21.8983 36.3529 48.5247 25.1502 19.1591 19.7742 20.4142 20.7813 21.7167 20.8327 24.2095 28.9207 19.7521 20.8431 15.0206 12.1249 8.18772 5.43697 5.98213 5.73044 5.76253 3.64827 3.09423 3.48577 5.66197 3.92448 2.69066 2.18822 1.6011 1.26186 1.02942 0.884141 0.85113 0.908886 1.01093 1.05883 0.971075 0.827589 0.708733 0.629554 0.586997 0.576067 0.592977 0.635508 0.69824 0.762555 0.788951 0.746605 0.659975 0.572485 0.501677 0.448252 0.408326 0.377442 0.352833 0.332803 0.316386 0.302761 0.290911 0.27984 0.268739 0.257286 0.245571 0.233985 0.22295 0.212779 0.203569 0.195314 0.18787 0.181047 0.174664 0.168571 0.162639 0.156788 0.150971 0.145162 0.139372 0.133643 0.12797 0.122325 0.116852 0.111578 2.43806
# Year for Tmin Age-structure (set to Ydecl by SS)
2013
#  recruitment and biomass
# Number of historical assessment years
137
# Historical data
# year recruitment spawner in B0 in R project in R/S project
1888  1889 1890 1891 1892 1893 1894 1895 1896 1897 1898 1899 1900 1901 1902 1903 1904 1905 1906 1907 1908 1909 1910 1911 1912 1913 1914 1915 1916 1917 1918 1919 1920 1921 1922 1923 1924 1925 1926 1927 1928 1929 1930 1931 1932 1933 1934 1935 1936 1937 1938 1939 1940 1941 1942 1943 1944 1945 1946 1947 1948 1949 1950 1951 1952 1953 1954 1955 1956 1957 1958 1959 1960 1961 1962 1963 1964 1965 1966 1967 1968 1969 1970 1971 1972 1973 1974 1975 1976 1977 1978 1979 1980 1981 1982 1983 1984 1985 1986 1987 1988 1989 1990 1991 1992 1993 1994 1995 1996 1997 1998 1999 2000 2001 2002 2003 2004 2005 2006 2007 2008 2009 2010 2011 2012 2013 2014 2015 2016 2017 2018 2019 2020 2021 2022 2023 2024 #years (with first value representing R0)
206.295 206.053 206.043 206.033 206.022 206.003 205.983 205.961 205.945 205.929 205.912 205.894 205.875 205.858 205.843 205.824 205.808 205.798 205.792 205.799 205.818 205.845 205.885 205.933 205.987 206.027 206.034 205.97 205.795 205.461 204.748 203.733 202.451 200.864 198.987 196.872 194.587 192.224 189.908 187.764 185.918 184.483 183.502 182.892 182.5 182.04 181.205 179.777 177.781 175.502 173.458 172.171 172.064 173.366 176.311 181.379 189.385 201.625 218.892 240.065 258.335 259.637 238.637 207.753 179.749 159.407 147.155 142.447 145.08 155.024 171.708 190.942 197.079 177.848 150.836 132.925 129.54 140.943 160.745 188.751 237.276 266.501 352.429 457.297 251.113 197.172 203.946 280.29 240.517 214.839 165.642 209.831 259.347 266.411 305.028 237.925 286.831 198.362 142.022 124.379 101.208 85.7121 72.6778 62.5846 74.1393 130.942 90.9249 51.2577 48.2609 55.1185 87.5366 155.003 79.8625 90.2025 254.957 153.952 81.9148 120.721 183.828 192.481 301.793 268.805 265.815 194.004 131.116 396.821 241.045 160.475 201.972 145.765 136.098 140.002 144.444 153.387 157.692 164.424 169.937  #recruits; first value is R0 (virgin)
1047.23  1047.23 1047.22 1047.21 1047.18 1046.72 1046.26 1045.8 1045.65 1045.57 1045.49 1045.41 1045.31 1045.19 1045.06 1044.9 1044.73 1044.53 1044.32 1044.08 1043.83 1043.45 1043.17 1042.86 1042.54 1042.2 1041.85 1041.48 1041.02 1040.63 1040.06 1037.42 1036.36 1035.42 1034.53 1033.92 1033.23 1031.98 1030.38 1027.97 1024.84 1021.8 1019.21 1016.28 1014.35 1012.58 1010.8 1008.46 1006.08 1002.71 999.59 996.148 993.315 989.325 983.818 977.959 967.609 956.611 940.431 925.547 918.428 910.596 904.481 897.623 889.232 882.092 876.763 870.436 864.534 858.677 851.77 845.659 840.691 836.951 835.123 832.722 832.06 832.725 823.86 822.191 818.865 815.239 803.197 796.032 785.761 772.357 757.995 741.644 725.354 706.112 686.92 655.136 621.431 596.07 563.138 510.407 483.139 462.555 436.476 414.846 387.662 363.601 333.679 312.256 275.431 242.451 210.991 193.579 176.567 158.064 136.79 129.139 117.702 118.91 119.167 124.676 130.252 136.131 141.948 148.104 153.669 159.643 165.477 171.861 178.614 185.645 193.521 202.075 211.107 221.047 232.817 245.715 259.893 275.413 292.237 310.258 329.328 #spbio; first value is SSB_virgin (virgin)
1 0 0 0 0 0 0 0 0 0 0 0 0 0 0 0 0 0 0 0 0 0 0 0 0 0 0 0 0 0 0 0 0 0 0 0 0 0 0 0 0 0 0 0 0 0 0 0 0 0 0 0 0 0 0 0 0 0 0 0 0 0 0 0 0 0 0 0 0 0 0 0 0 0 0 0 0 0 0 0 0 0 0 0 0 0 0 0 0 0 0 0 0 0 0 0 0 0 0 0 0 0 0 0 0 0 0 0 0 0 0 0 0 0 0 0 0 0 0 0 0 0 0 0 0 0 0 0 0 0 0 0 0 0 0 0 0  # in Bzero
0 1 1 1 1 1 1 1 1 1 1 1 1 1 1 1 1 1 1 1 1 1 1 1 1 1 1 1 1 1 1 1 1 1 1 1 1 1 1 1 1 1 1 1 1 1 1 1 1 1 1 1 1 1 1 1 1 1 1 1 1 1 1 1 1 1 1 1 1 1 1 1 1 1 1 1 1 1 1 1 1 1 1 1 1 1 1 1 1 1 1 1 1 1 1 1 1 1 1 1 1 1 1 1 1 1 1 1 1 1 1 1 1 1 1 1 1 1 1 1 1 1 1 1 1 1 1 1 1 1 1 1 1 1  0 0 0 # in R project
0 1 1 1 1 1 1 1 1 1 1 1 1 1 1 1 1 1 1 1 1 1 1 1 1 1 1 1 1 1 1 1 1 1 1 1 1 1 1 1 1 1 1 1 1 1 1 1 1 1 1 1 1 1 1 1 1 1 1 1 1 1 1 1 1 1 1 1 1 1 1 1 1 1 1 1 1 1 1 1 1 1 1 1 1 1 1 1 1 1 1 1 1 1 1 1 1 1 1 1 1 1 1 1 1 1 1 1 1 1 1 1 1 1 1 1 1 1 1 1 1 1 1 1 1 1 1 1 1 1 1 1 1 1  0 0 0 # in R/S project
# Number of years with pre-specified catches
0
# catches for years with pre-specified catches go next
# Number of future recruitments to override
-2
# Process for overiding (-1 for average otherwise index in data list)
# Which probability to product detailed results for (1=0.5; 2=0.6; etc.)
3
# Steepness sigma-R Auto-correlation
0.718 0.5 0
# Target SPR rate (FMSY Proxy); manually change to SPR_MSY if not using SPR_target
0.5
# Discount rate (for cumulative catch)
0.1
# Truncate the series when 0.4B0 is reached (1=Yes)
0
# Set F to FMSY once 0.4B0 is reached (1=Yes)
0
# Maximum possible F for projection (-1 to set to FMSY)
-1
# Defintion of recovery (1=now only;2=now or before)
2
# Projection type
4
# Definition of the 40-10 rule
10 40
# Sigma Assessment Error (Base, Year1, Slope, MaxSigma)
1.0 2025 0.075 2.0
# Pstar
0.45
# Constrain catches by the ABC (1=yes, 2=no)
2
# Implementation Error (0=no; 1=lognormal; 2=uniform)
0
#Parameters of Implementaion Error
1 0.3
# Calculate coefficients of variation (1=Yes)
0
# Number of replicates to use
10
# Random number seed
-99004
# File with multiple parameter vectors 
rebuild.SSO
# User-specific projection (1=Yes); Output replaced (1->9)
0  5
# Catches and Fs (Year; 1/2/3 (F or C or SPR); value); Final row is -1
2024 1 1
-1 -1 -1
# Fixed catch project (1=Yes); Output replaced (1->9); Approach (-1=Read in else 1-9)
0 2 -1
# (48a) Special catch options (1-Yes) [CUT_OFF, Emsy, distribution, MAXCAT, Add, replace_code]
0 0.18 1.00 1.00 0 6
# (48b) B1Target
150000
# Split of Fs
2011  1
 0
 0
 0
 0
 0
 0
-1  1 1 1 1 1 1 1 1 1 1 1 1
# Yrs to define T_target for projection type 4 (a.k.a. 5 pre-specified inputs)
2030 2031 2032 2033 2034 
# Year for probability of recovery
2034 2035 2036 2037 2038 2039 2040 2041
# Time varying weight-at-age (1=Yes;0=No)
0
# File with time series of weight-at-age data
none
# Use bisection (0) or linear interpolation (1)
1
# Target Depletion
0.4
# CV of implementation error
0
