#Title, #runnumber: 3 yelloweye_data.ss yelloweye_control.ss 6815.77 1082 335.289 StartTime: Thu Apr 24 14:48:01 2025
SSv3_default_rebuild.dat
# Number of sexes
1
# Age range to consider (minimum age; maximum age)
0 100
# Number of fleets
7
# First year of projection (Yinit)
2011
# First Year of rebuilding period (Ydecl)
2013
# Number of simulations
1000
# Maximum number of years
500
# Conduct projections with multiple starting values (0=No;else yes)
0
# Number of parameter vectors
1000
# Is the maximum age a plus-group (1=Yes;2=No)
1
# Generate future recruitments using historical recruitments (1)  historical recruits/spawner (2)  or a stock-recruitment (3)
3
# Constant fishing mortality (1) or constant Catch (2) projections
1
# Fishing mortality based on SPR (1) or actual rate (2)
1
# Pre-specify the year of recovery (or -1) to ignore
-1
# Fecundity-at-age
# 0 1 2 3 4 5 6 7 8 9 10 11 12 13 14 15 16 17 18 19 20 21 22 23 24 25 26 27 28 29 30 31 32 33 34 35 36 37 38 39 40 41 42 43 44 45 46 47 48 49 50 51 52 53 54 55 56 57 58 59 60 61 62 63 64 65 66 67 68 69 70 71 72 73 74 75 76 77 78 79 80 81 82 83 84 85 86 87 88 89 90 91 92 93 94 95 96 97 98 99 100 #runnumber: 3 yelloweye_data.ss yelloweye_control.ss 6815.77 1082 335.289
 0 0 2.10443e-09 4.60743e-08 6.16047e-07 5.7316e-06 4.05666e-05 0.000228418 0.00103745 0.00378022 0.0110244 0.026116 0.0517069 0.0884231 0.134706 0.187687 0.244282 0.301936 0.358878 0.414064 0.466982 0.517453 0.565477 0.611136 0.654537 0.695788 0.734985 0.772214 0.807548 0.841054 0.872794 0.902828 0.931216 0.958016 0.983288 1.00709 1.02949 1.05055 1.07032 1.08886 1.10625 1.12254 1.13778 1.15203 1.16535 1.1778 1.18942 1.20025 1.21036 1.21979 1.22857 1.23674 1.24436 1.25144 1.25804 1.26417 1.26988 1.27518 1.28011 1.28469 1.28895 1.2929 1.29657 1.29998 1.30315 1.30609 1.30882 1.31135 1.3137 1.31588 1.3179 1.31981 1.32158 1.32323 1.32475 1.32616 1.32747 1.32869 1.32982 1.33086 1.33183 1.33273 1.33357 1.33434 1.33506 1.33572 1.33634 1.33691 1.33744 1.33793 1.33838 1.33881 1.3392 1.33956 1.3399 1.34021 1.3405 1.34076 1.34101 1.34124 1.34158 #female fecundity; weighted by N in year Y_init across morphs and areas
# Age specific selectivity and weight adjusted for discard and discard mortality
 #wt and selex for gender,fleet: 1 1 1_CA_TWL
 0.00908375 0.00911875 0.0254958 0.0661187 0.127986 0.210471 0.310777 0.425526 0.551382 0.68535 0.824921 0.968228 1.11421 1.26255 1.41323 1.56611 1.7206 1.87571 2.03019 2.18279 2.33238 2.47803 2.61904 2.7549 2.88528 3.00997 3.12887 3.24196 3.34928 3.45092 3.547 3.6377 3.72317 3.80361 3.87923 3.95023 4.01683 4.07924 4.13769 4.19236 4.24348 4.29124 4.33583 4.37745 4.41626 4.45244 4.48616 4.51757 4.54681 4.57403 4.59936 4.62292 4.64483 4.6652 4.68414 4.70173 4.71808 4.73327 4.74737 4.76047 4.77264 4.78393 4.79441 4.80414 4.81317 4.82155 4.82932 4.83654 4.84323 4.84944 4.85523 4.86064 4.86565 4.8703 4.87462 4.87862 4.88233 4.88577 4.88896 4.89191 4.89466 4.8972 4.89956 4.90174 4.90377 4.90565 4.90739 4.909 4.9105 4.91188 4.91317 4.91436 4.91547 4.91649 4.91744 4.91832 4.91914 4.91989 4.92059 4.92124 4.92219
 0 0.00105403 0.00213894 0.00831237 0.025449 0.0619324 0.124831 0.215886 0.329866 0.456066 0.581704 0.695427 0.78975 0.861933 0.913306 0.947619 0.969336 0.982489 0.990182 0.994562 0.997009 0.998358 0.999097 0.9995 0.999721 0.999842 0.999909 0.999947 0.999968 0.99998 0.999987 0.999991 0.999994 0.999995 0.999996 0.999997 0.999997 0.999997 0.999998 0.999998 0.999998 0.999998 0.999998 0.999998 0.999998 0.999997 0.999997 0.999997 0.999997 0.999997 0.999997 0.999997 0.999997 0.999997 0.999997 0.999997 0.999997 0.999997 0.999997 0.999997 0.999997 0.999997 0.999997 0.999997 0.999997 0.999997 0.999997 0.999997 0.999997 0.999997 0.999997 0.999997 0.999997 0.999997 0.999997 0.999997 0.999997 0.999997 0.999997 0.999997 0.999997 0.999997 0.999997 0.999997 0.999997 0.999997 0.999997 0.999997 0.999997 0.999997 0.999997 0.999997 0.999997 0.999997 0.999997 0.999997 0.999997 0.999997 0.999997 0.999997 0.999997
 #wt and selex for gender,fleet: 1 3 3_CA_REC
 0.00908375 0.00911874 0.0247204 0.0636437 0.12307 0.202414 0.29914 0.41013 0.532268 0.662748 0.799357 0.940781 1.0866 1.23675 1.39091 1.54815 1.70706 1.86605 2.02362 2.17848 2.32963 2.47631 2.61798 2.75425 2.88488 3.00973 3.12872 3.24187 3.34922 3.45088 3.54698 3.63768 3.72316 3.8036 3.87922 3.95023 4.01683 4.07924 4.13768 4.19236 4.24348 4.29124 4.33583 4.37745 4.41626 4.45244 4.48616 4.51757 4.54681 4.57403 4.59936 4.62292 4.64483 4.6652 4.68414 4.70173 4.71808 4.73327 4.74738 4.76047 4.77264 4.78393 4.79441 4.80414 4.81317 4.82155 4.82932 4.83654 4.84323 4.84944 4.85523 4.86064 4.86565 4.8703 4.87462 4.87862 4.88233 4.88577 4.88896 4.89192 4.89466 4.8972 4.89956 4.90174 4.90377 4.90565 4.90739 4.909 4.9105 4.91189 4.91317 4.91436 4.91547 4.91649 4.91744 4.91832 4.91914 4.91989 4.92059 4.92124 4.92219
 0 0.00389781 0.00738383 0.0233438 0.0596943 0.124815 0.221344 0.343488 0.478632 0.611621 0.729222 0.823246 0.891599 0.937149 0.96527 0.981549 0.990494 0.995211 0.997624 0.998831 0.999427 0.999718 0.99986 0.99993 0.999965 0.999982 0.99999 0.999995 0.999997 0.999998 0.999999 0.999999 0.999999 0.999999 0.999999 0.999999 0.999999 0.999999 0.999999 0.999999 0.999999 0.999999 0.999999 0.999999 0.999999 0.999999 0.999999 0.999999 0.999999 0.999999 0.999999 0.999999 0.999999 0.999999 0.999999 0.999999 0.999999 0.999999 0.999999 0.999999 0.999999 0.999999 0.999999 0.999999 0.999999 0.999999 0.999999 0.999999 0.999999 0.999999 0.999999 0.999999 0.999999 0.999999 0.999999 0.999999 0.999999 0.999999 0.999999 0.999999 0.999999 0.999999 0.999999 0.999999 0.999999 0.999999 0.999999 0.999999 0.999999 0.999999 0.999999 0.999999 0.999999 0.999999 0.999999 0.999999 0.999999 0.999999 0.999999 0.999999 0.999999
 #wt and selex for gender,fleet: 1 4 4_ORWA_TWL
 0.00908375 0.00911873 0.0234577 0.0597703 0.116256 0.192769 0.287506 0.397906 0.521166 0.65455 0.795551 0.942034 1.09238 1.24552 1.40078 1.55752 1.71499 1.8722 2.02809 2.18157 2.33169 2.47765 2.61883 2.75479 2.88522 3.00994 3.12885 3.24195 3.34927 3.45091 3.547 3.63769 3.72316 3.80361 3.87922 3.95023 4.01683 4.07924 4.13769 4.19236 4.24348 4.29124 4.33583 4.37745 4.41626 4.45244 4.48616 4.51757 4.54681 4.57403 4.59936 4.62292 4.64483 4.6652 4.68414 4.70173 4.71808 4.73327 4.74737 4.76047 4.77264 4.78393 4.79441 4.80414 4.81317 4.82155 4.82932 4.83654 4.84323 4.84944 4.85523 4.86064 4.86565 4.8703 4.87462 4.87862 4.88233 4.88577 4.88896 4.89191 4.89466 4.8972 4.89956 4.90174 4.90377 4.90565 4.90739 4.909 4.9105 4.91188 4.91317 4.91436 4.91547 4.91649 4.91744 4.91832 4.91914 4.91989 4.92059 4.92124 4.92219
 0 0.0133897 0.0227262 0.0512141 0.0999512 0.171128 0.262821 0.369089 0.481634 0.591842 0.692427 0.778371 0.847258 0.89914 0.935968 0.960732 0.976609 0.986388 0.992216 0.995603 0.997534 0.998621 0.999227 0.999565 0.999753 0.999858 0.999917 0.999951 0.99997 0.999981 0.999988 0.999992 0.999994 0.999995 0.999996 0.999997 0.999997 0.999997 0.999997 0.999997 0.999997 0.999997 0.999997 0.999997 0.999997 0.999997 0.999997 0.999997 0.999997 0.999997 0.999997 0.999997 0.999997 0.999997 0.999997 0.999997 0.999997 0.999997 0.999997 0.999997 0.999997 0.999997 0.999997 0.999997 0.999997 0.999997 0.999997 0.999997 0.999997 0.999997 0.999997 0.999997 0.999997 0.999997 0.999997 0.999997 0.999997 0.999997 0.999997 0.999997 0.999997 0.999997 0.999997 0.999997 0.999997 0.999997 0.999997 0.999997 0.999997 0.999997 0.999997 0.999997 0.999997 0.999997 0.999997 0.999997 0.999997 0.999997 0.999997 0.999997 0.999997
 #wt and selex for gender,fleet: 1 5 5_ORWA_NONTWL
 0.00908375 0.00911875 0.0248841 0.064656 0.126206 0.209487 0.312252 0.431426 0.563733 0.706054 0.855581 1.00988 1.16689 1.32489 1.4825 1.63868 1.79267 1.94397 2.09227 2.23734 2.37895 2.51688 2.65084 2.78056 2.90576 3.0262 3.14167 3.25203 3.3572 3.45716 3.55194 3.64162 3.7263 3.80613 3.88127 3.9519 4.0182 4.08038 4.13864 4.19317 4.24416 4.29183 4.33634 4.37789 4.41665 4.45279 4.48647 4.51784 4.54706 4.57426 4.59957 4.62311 4.64501 4.66537 4.68429 4.70188 4.71822 4.7334 4.7475 4.76059 4.77275 4.78404 4.79451 4.80424 4.81327 4.82164 4.82941 4.83662 4.84331 4.84952 4.85531 4.86072 4.86573 4.87038 4.8747 4.8787 4.8824 4.88584 4.88903 4.89199 4.89473 4.89727 4.89963 4.90181 4.90384 4.90572 4.90746 4.90907 4.91057 4.91196 4.91324 4.91443 4.91554 4.91656 4.91751 4.91839 4.91921 4.91996 4.92066 4.92131 4.92226
 0 0.000633238 0.00121519 0.00408753 0.0114673 0.0268551 0.0540457 0.09589 0.153283 0.224796 0.307023 0.395372 0.484969 0.571403 0.651203 0.722043 0.782742 0.833115 0.873738 0.905679 0.930252 0.948812 0.962623 0.97278 0.980185 0.985553 0.98943 0.992229 0.99425 0.995713 0.996777 0.997555 0.998126 0.99855 0.998865 0.999103 0.999283 0.999421 0.999527 0.99961 0.999675 0.999726 0.999767 0.9998 0.999827 0.999849 0.999867 0.999882 0.999895 0.999905 0.999914 0.999922 0.999928 0.999934 0.999938 0.999943 0.999946 0.999949 0.999952 0.999955 0.999957 0.999959 0.99996 0.999962 0.999963 0.999965 0.999966 0.999967 0.999968 0.999968 0.999969 0.99997 0.99997 0.99997 0.999971 0.999971 0.999971 0.999972 0.999972 0.999972 0.999972 0.999973 0.999973 0.999973 0.999973 0.999973 0.999973 0.999974 0.999974 0.999974 0.999974 0.999974 0.999974 0.999974 0.999974 0.999974 0.999974 0.999974 0.999974 0.999974 0.999975
 #wt and selex for gender,fleet: 1 6 6_OR_REC
 0.00908375 0.00911884 0.0318768 0.0813168 0.152101 0.240434 0.340929 0.448958 0.56143 0.677747 0.799907 0.930682 1.07145 1.2214 1.37814 1.53879 1.70078 1.86207 2.02116 2.17695 2.32862 2.47559 2.61739 2.75372 2.88436 3.0092 3.12817 3.24129 3.34862 3.45026 3.54633 3.637 3.72246 3.80288 3.87848 3.94946 4.01605 4.07844 4.13687 4.19153 4.24264 4.29038 4.33496 4.37657 4.41537 4.45154 4.48525 4.51665 4.54589 4.5731 4.59842 4.62198 4.64388 4.66425 4.68318 4.70077 4.71711 4.7323 4.7464 4.7595 4.77166 4.78295 4.79342 4.80315 4.81218 4.82056 4.82833 4.83554 4.84223 4.84844 4.85423 4.85963 4.86465 4.8693 4.87361 4.87761 4.88131 4.88475 4.88794 4.8909 4.89364 4.89618 4.89853 4.90072 4.90274 4.90462 4.90636 4.90798 4.90947 4.91086 4.91214 4.91333 4.91444 4.91546 4.91641 4.91729 4.91811 4.91886 4.91956 4.92021 4.92116
 0 1.84182e-05 7.14502e-05 0.00112722 0.00914431 0.0424191 0.127803 0.276964 0.467372 0.654192 0.800966 0.896922 0.951057 0.978269 0.990777 0.99613 0.998278 0.999068 0.999306 0.999323 0.999253 0.999149 0.999033 0.998912 0.998791 0.998672 0.998556 0.998444 0.998337 0.998233 0.998135 0.998041 0.997952 0.997867 0.997787 0.997712 0.997641 0.997574 0.997511 0.997452 0.997396 0.997345 0.997296 0.997251 0.997208 0.997169 0.997132 0.997097 0.997065 0.997035 0.997007 0.996982 0.996957 0.996935 0.996914 0.996895 0.996876 0.99686 0.996844 0.99683 0.996816 0.996804 0.996792 0.996781 0.996771 0.996762 0.996753 0.996745 0.996738 0.996731 0.996724 0.996718 0.996713 0.996708 0.996703 0.996698 0.996694 0.99669 0.996687 0.996683 0.99668 0.996678 0.996675 0.996673 0.99667 0.996668 0.996666 0.996664 0.996663 0.996661 0.99666 0.996658 0.996657 0.996656 0.996655 0.996654 0.996653 0.996652 0.996651 0.996651 0.99665
 #wt and selex for gender,fleet: 1 7 7_WA_REC
 0.00908375 0.00911882 0.0307542 0.0801903 0.153513 0.248324 0.359774 0.483024 0.613939 0.749273 0.886677 1.02482 1.16348 1.30336 1.44546 1.59041 1.73814 1.88789 2.03836 2.18812 2.33577 2.48016 2.62035 2.75571 2.88578 3.01028 3.12906 3.24208 3.34935 3.45097 3.54704 3.63772 3.72318 3.80362 3.87923 3.95023 4.01683 4.07925 4.13769 4.19236 4.24348 4.29124 4.33583 4.37745 4.41626 4.45244 4.48616 4.51757 4.54681 4.57403 4.59936 4.62292 4.64483 4.6652 4.68414 4.70173 4.71808 4.73327 4.74738 4.76047 4.77264 4.78393 4.79441 4.80414 4.81317 4.82155 4.82932 4.83654 4.84323 4.84944 4.85523 4.86064 4.86565 4.8703 4.87462 4.87862 4.88233 4.88577 4.88896 4.89192 4.89466 4.8972 4.89956 4.90174 4.90377 4.90565 4.90739 4.909 4.9105 4.91189 4.91317 4.91436 4.91547 4.91649 4.91744 4.91832 4.91914 4.91989 4.92059 4.92124 4.92219
 0 4.15185e-06 1.41017e-05 0.000186372 0.00148456 0.00751987 0.0264715 0.0698065 0.146522 0.256826 0.390394 0.530304 0.659691 0.767157 0.848589 0.905719 0.943342 0.966889 0.981049 0.989309 0.994021 0.996668 0.998143 0.99896 0.999413 0.999665 0.999807 0.999887 0.999932 0.999959 0.999975 0.999984 0.99999 0.999993 0.999995 0.999997 0.999998 0.999998 0.999999 0.999999 0.999999 0.999999 0.999999 0.999999 0.999999 0.999999 0.999999 0.999999 0.999999 0.999999 0.999999 0.999999 0.999999 0.999999 0.999999 0.999999 0.999999 0.999999 0.999999 0.999999 0.999999 0.999999 0.999999 0.999999 0.999999 0.999999 0.999999 0.999999 0.999999 0.999999 0.999999 0.999999 0.999999 0.999999 0.999999 0.999999 0.999999 0.999999 0.999999 0.999999 0.999999 0.999999 0.999999 0.999999 0.999999 0.999999 0.999999 0.999999 0.999999 0.999999 0.999999 0.999999 0.999999 0.999999 0.999999 0.999999 0.999999 0.999999 0.999999 0.999999 0.999999
# Sex ratio correction
1
# M and current age-structure in year Yinit: 2011
 # gender = 1
 0.0439034 0.0439034 0.0439034 0.0439034 0.0439034 0.0439034 0.0439034 0.0439034 0.0439034 0.0439034 0.0439034 0.0439034 0.0439034 0.0439034 0.0439034 0.0439034 0.0439034 0.0439034 0.0439034 0.0439034 0.0439034 0.0439034 0.0439034 0.0439034 0.0439034 0.0439034 0.0439034 0.0439034 0.0439034 0.0439034 0.0439034 0.0439034 0.0439034 0.0439034 0.0439034 0.0439034 0.0439034 0.0439034 0.0439034 0.0439034 0.0439034 0.0439034 0.0439034 0.0439034 0.0439034 0.0439034 0.0439034 0.0439034 0.0439034 0.0439034 0.0439034 0.0439034 0.0439034 0.0439034 0.0439034 0.0439034 0.0439034 0.0439034 0.0439034 0.0439034 0.0439034 0.0439034 0.0439034 0.0439034 0.0439034 0.0439034 0.0439034 0.0439034 0.0439034 0.0439034 0.0439034 0.0439034 0.0439034 0.0439034 0.0439034 0.0439034 0.0439034 0.0439034 0.0439034 0.0439034 0.0439034 0.0439034 0.0439034 0.0439034 0.0439034 0.0439034 0.0439034 0.0439034 0.0439034 0.0439034 0.0439034 0.0439034 0.0439034 0.0439034 0.0439034 0.0439034 0.0439034 0.0439034 0.0439034 0.0439034 0.0439034
 198.976 247.199 259.4 292.471 170.488 159.359 90.1251 55.2581 78.1787 184.624 53.4999 41.8335 76.1919 48.4152 30.7038 24.3843 24.1165 46.9931 49.7565 24.5124 19.9159 20.1445 19.4743 19.5291 21.6948 23.8828 30.017 28.1708 16.6917 16.8575 14.6674 12.419 8.89008 6.14704 6.73873 5.79479 5.72267 3.79674 3.1594 3.62821 5.00246 3.56967 2.73841 2.12319 1.70096 1.47676 1.12909 0.902471 0.843067 0.887251 0.962583 0.973895 0.888933 0.775731 0.682099 0.61924 0.587198 0.582971 0.604742 0.652635 0.722891 0.797003 0.833653 0.798299 0.712367 0.621458 0.546407 0.489642 0.447826 0.416441 0.392287 0.373067 0.357285 0.343809 0.331552 0.319644 0.307486 0.294961 0.282278 0.26986 0.258109 0.247306 0.237506 0.228667 0.220611 0.213114 0.205969 0.199009 0.192103 0.185179 0.178209 0.171194 0.164169 0.157208 0.150319 0.143473 0.136853 0.130492 0.124408 0.118611 2.5509
# Age-structure at Ydeclare= 2013
 406.569 178.459 182.248 226.414 237.582 267.844 156.094 145.833 82.4084 50.4702 71.3123 168.189 48.6811 38.0294 69.2133 43.9578 27.867 22.1261 21.8798 42.6306 45.1348 22.2347 18.0649 18.272 17.6638 17.7133 19.6773 21.6613 27.2241 25.5488 15.1374 15.287 13.3003 11.261 8.06072 5.57334 6.10959 5.25358 5.18802 3.44191 2.86404 3.28892 4.53453 3.23567 2.48213 1.92444 1.5417 1.33847 1.02334 0.817935 0.764087 0.804125 0.872392 0.882639 0.805634 0.703038 0.618178 0.561209 0.532168 0.528336 0.548067 0.591471 0.655142 0.722307 0.755521 0.72348 0.645601 0.563211 0.495195 0.44375 0.405852 0.377409 0.355518 0.3381 0.323797 0.311584 0.300476 0.289684 0.278666 0.267315 0.25582 0.244566 0.233917 0.224127 0.215246 0.207234 0.199934 0.19314 0.186664 0.180357 0.174098 0.167823 0.161506 0.155148 0.148782 0.142474 0.13623 0.130026 0.124027 0.118262 2.53207
# Year for Tmin Age-structure (set to Ydecl by SS)
2013
#  recruitment and biomass
# Number of historical assessment years
137
# Historical data
# year recruitment spawner in B0 in R project in R/S project
1888  1889 1890 1891 1892 1893 1894 1895 1896 1897 1898 1899 1900 1901 1902 1903 1904 1905 1906 1907 1908 1909 1910 1911 1912 1913 1914 1915 1916 1917 1918 1919 1920 1921 1922 1923 1924 1925 1926 1927 1928 1929 1930 1931 1932 1933 1934 1935 1936 1937 1938 1939 1940 1941 1942 1943 1944 1945 1946 1947 1948 1949 1950 1951 1952 1953 1954 1955 1956 1957 1958 1959 1960 1961 1962 1963 1964 1965 1966 1967 1968 1969 1970 1971 1972 1973 1974 1975 1976 1977 1978 1979 1980 1981 1982 1983 1984 1985 1986 1987 1988 1989 1990 1991 1992 1993 1994 1995 1996 1997 1998 1999 2000 2001 2002 2003 2004 2005 2006 2007 2008 2009 2010 2011 2012 2013 2014 2015 2016 2017 2018 2019 2020 2021 2022 2023 2024 #years (with first value representing R0)
209.51 212.721 212.835 212.953 213.076 213.195 213.318 213.446 213.586 213.733 213.887 214.047 214.216 214.394 214.581 214.775 214.981 215.203 215.439 215.701 215.985 216.291 216.621 216.969 217.332 217.693 218.027 218.298 218.46 218.46 218.049 217.303 216.245 214.814 213.002 210.843 208.393 205.743 203.026 200.384 197.966 195.909 194.276 193.01 191.989 190.953 189.617 187.746 185.295 182.426 179.54 177.107 175.603 175.418 176.999 180.997 188.25 199.865 216.29 235.892 251.479 249.787 227.092 195.834 168.065 148.015 135.594 129.767 129.997 135.985 146.812 159.628 165.824 155.269 135.414 121.543 122.631 144.155 176.507 189.437 219.107 260.098 309.727 393.231 256.192 198.71 210.966 278.671 245.279 245.769 191.321 233.727 272.976 266.965 251.919 203.578 279.698 242.912 158.455 119.114 89.8439 76.1917 68.1992 59.4144 65.6396 121.668 106.478 51.183 48.8429 58.3019 87.3939 130.931 68.5124 83.5665 275.262 111.34 75.2264 117.345 198.516 203.23 333.653 283.208 258.293 198.976 186.469 406.569 205.661 265.805 204.137 104.64 102.621 109.559 109.063 145.112 159.442 164.473 169.088  #recruits; first value is R0 (virgin)
1082  1082 1081.99 1081.98 1081.95 1081.48 1081.03 1080.56 1080.41 1080.33 1080.26 1080.19 1080.12 1080.06 1080.01 1079.99 1080 1080.02 1080.08 1080.16 1080.27 1080.28 1080.42 1080.58 1080.75 1080.93 1081.12 1081.32 1081.46 1081.68 1081.74 1079.77 1079.39 1079.14 1078.98 1079.11 1079.19 1078.74 1077.95 1076.38 1074.11 1071.94 1070.26 1068.25 1067.27 1066.45 1065.63 1064.26 1062.84 1060.41 1058.2 1055.63 1053.62 1050.4 1045.6 1040.38 1030.58 1020.06 1004.26 989.653 982.727 973.72 966.785 959.181 950.155 942.12 936.121 928.678 921.821 915.007 906.921 899.746 893.617 888.823 885.725 881.913 879.547 878.573 867.466 863.561 857.31 850.594 835.786 825.753 812.463 795.929 778.435 758.995 739.752 717.727 696.003 661.792 625.949 598.859 564.31 509.846 481.394 459.784 432.908 410.685 383.245 359.326 329.825 308.865 272.57 239.955 208.638 191.283 174.331 155.779 134.319 126.438 114.601 115.487 115.342 120.539 125.821 131.466 137.135 143.228 148.773 154.746 160.568 166.922 173.635 180.639 188.523 197.111 206.192 216.237 226.297 237.832 250.484 265.321 281.536 297.915 314.923 #spbio; first value is SSB_virgin (virgin)
1 0 0 0 0 0 0 0 0 0 0 0 0 0 0 0 0 0 0 0 0 0 0 0 0 0 0 0 0 0 0 0 0 0 0 0 0 0 0 0 0 0 0 0 0 0 0 0 0 0 0 0 0 0 0 0 0 0 0 0 0 0 0 0 0 0 0 0 0 0 0 0 0 0 0 0 0 0 0 0 0 0 0 0 0 0 0 0 0 0 0 0 0 0 0 0 0 0 0 0 0 0 0 0 0 0 0 0 0 0 0 0 0 0 0 0 0 0 0 0 0 0 0 0 0 0 0 0 0 0 0 0 0 0 0 0 0  # in Bzero
0 1 1 1 1 1 1 1 1 1 1 1 1 1 1 1 1 1 1 1 1 1 1 1 1 1 1 1 1 1 1 1 1 1 1 1 1 1 1 1 1 1 1 1 1 1 1 1 1 1 1 1 1 1 1 1 1 1 1 1 1 1 1 1 1 1 1 1 1 1 1 1 1 1 1 1 1 1 1 1 1 1 1 1 1 1 1 1 1 1 1 1 1 1 1 1 1 1 1 1 1 1 1 1 1 1 1 1 1 1 1 1 1 1 1 1 1 1 1 1 1 1 1 1 1 1 1 1 1 1 1 1 1 1  0 0 0 # in R project
0 1 1 1 1 1 1 1 1 1 1 1 1 1 1 1 1 1 1 1 1 1 1 1 1 1 1 1 1 1 1 1 1 1 1 1 1 1 1 1 1 1 1 1 1 1 1 1 1 1 1 1 1 1 1 1 1 1 1 1 1 1 1 1 1 1 1 1 1 1 1 1 1 1 1 1 1 1 1 1 1 1 1 1 1 1 1 1 1 1 1 1 1 1 1 1 1 1 1 1 1 1 1 1 1 1 1 1 1 1 1 1 1 1 1 1 1 1 1 1 1 1 1 1 1 1 1 1 1 1 1 1 1 1  0 0 0 # in R/S project
# Number of years with pre-specified catches
0
# catches for years with pre-specified catches go next
# Number of future recruitments to override
-2
# Process for overiding (-1 for average otherwise index in data list)
# Which probability to product detailed results for (1=0.5; 2=0.6; etc.)
3
# Steepness sigma-R Auto-correlation
0.718 0.5 0
# Target SPR rate (FMSY Proxy); manually change to SPR_MSY if not using SPR_target
0.5
# Discount rate (for cumulative catch)
0.1
# Truncate the series when 0.4B0 is reached (1=Yes)
0
# Set F to FMSY once 0.4B0 is reached (1=Yes)
0
# Maximum possible F for projection (-1 to set to FMSY)
-1
# Defintion of recovery (1=now only;2=now or before)
2
# Projection type
4
# Definition of the 40-10 rule
10 40
# Sigma Assessment Error (Base, Year1, Slope, MaxSigma)
1.0 2025 0.075 2.0
# Pstar
0.45
# Constrain catches by the ABC (1=yes, 2=no)
2
# Implementation Error (0=no; 1=lognormal; 2=uniform)
0
#Parameters of Implementaion Error
1 0.3
# Calculate coefficients of variation (1=Yes)
0
# Number of replicates to use
10
# Random number seed
-99004
# File with multiple parameter vectors 
rebuild.SSO
# User-specific projection (1=Yes); Output replaced (1->9)
0  5
# Catches and Fs (Year; 1/2/3 (F or C or SPR); value); Final row is -1
2024 1 1
-1 -1 -1
# Fixed catch project (1=Yes); Output replaced (1->9); Approach (-1=Read in else 1-9)
0 2 -1
# (48a) Special catch options (1-Yes) [CUT_OFF, Emsy, distribution, MAXCAT, Add, replace_code]
0 0.18 1.00 1.00 0 6
# (48b) B1Target
150000
# Split of Fs
2011  0.0161393
 0
 0.380616
 0.0243428
 0.196502
 0.198448
 0.183952
-1  1 1 1 1 1 1 1 1 1 1 1 1
# Yrs to define T_target for projection type 4 (a.k.a. 5 pre-specified inputs)
2030 2031 2032 2033 2034 
# Year for probability of recovery
2034 2035 2036 2037 2038 2039 2040 2041
# Time varying weight-at-age (1=Yes;0=No)
0
# File with time series of weight-at-age data
none
# Use bisection (0) or linear interpolation (1)
1
# Target Depletion
0.4
# CV of implementation error
0
