#Title, #runnumber: 1 yelloweye_data.ss yelloweye_control.ss 7773.78 1185.62 466.369 StartTime: Fri May 23 14:42:24 2025
SSv3_default_rebuild.dat
# Number of sexes
1
# Age range to consider (minimum age; maximum age)
0 100
# Number of fleets
7
# First year of projection (Yinit)
2011
# First Year of rebuilding period (Ydecl)
2013
# Number of simulations
1000
# Maximum number of years
500
# Conduct projections with multiple starting values (0=No;else yes)
0
# Number of parameter vectors
1000
# Is the maximum age a plus-group (1=Yes;2=No)
1
# Generate future recruitments using historical recruitments (1)  historical recruits/spawner (2)  or a stock-recruitment (3)
3
# Constant fishing mortality (1) or constant Catch (2) projections
1
# Fishing mortality based on SPR (1) or actual rate (2)
1
# Pre-specify the year of recovery (or -1) to ignore
-1
# Fecundity-at-age
# 0 1 2 3 4 5 6 7 8 9 10 11 12 13 14 15 16 17 18 19 20 21 22 23 24 25 26 27 28 29 30 31 32 33 34 35 36 37 38 39 40 41 42 43 44 45 46 47 48 49 50 51 52 53 54 55 56 57 58 59 60 61 62 63 64 65 66 67 68 69 70 71 72 73 74 75 76 77 78 79 80 81 82 83 84 85 86 87 88 89 90 91 92 93 94 95 96 97 98 99 100 #runnumber: 1 yelloweye_data.ss yelloweye_control.ss 7773.78 1185.62 466.369
 0 0 3.68656e-09 7.16381e-08 8.62356e-07 7.42457e-06 4.94112e-05 0.00026421 0.00114679 0.00401536 0.0113282 0.0261572 0.0508426 0.0858712 0.129801 0.180042 0.233804 0.28874 0.343178 0.396087 0.446922 0.495453 0.541636 0.585519 0.627188 0.666739 0.704267 0.739856 0.773585 0.805527 0.835747 0.864312 0.891284 0.916724 0.940696 0.96326 0.984478 1.00441 1.02312 1.04067 1.05711 1.0725 1.08691 1.10037 1.11296 1.12471 1.13568 1.14591 1.15546 1.16435 1.17264 1.18036 1.18754 1.19423 1.20045 1.20624 1.21162 1.21662 1.22127 1.2256 1.22961 1.23334 1.23681 1.24002 1.24301 1.24579 1.24836 1.25075 1.25297 1.25503 1.25694 1.25874 1.26041 1.26196 1.2634 1.26473 1.26597 1.26712 1.26818 1.26917 1.27008 1.27093 1.27172 1.27245 1.27313 1.27376 1.27434 1.27488 1.27538 1.27584 1.27627 1.27667 1.27704 1.27738 1.2777 1.27799 1.27827 1.27852 1.27875 1.27897 1.27929 #female fecundity; weighted by N in year Y_init across morphs and areas
# Age specific selectivity and weight adjusted for discard and discard mortality
 #wt and selex for gender,fleet: 1 1 1_CA_TWL
 0.00896707 0.00937806 0.0306121 0.0733002 0.136532 0.219151 0.31832 0.430752 0.553247 0.682954 0.817507 0.955195 1.0951 1.23695 1.38075 1.52633 1.67314 1.82027 1.96661 2.11103 2.25251 2.39023 2.52352 2.65192 2.77512 2.89292 3.00523 3.11202 3.21335 3.3093 3.39999 3.48557 3.56621 3.6421 3.71342 3.78039 3.84319 3.90205 3.95715 4.0087 4.05689 4.10191 4.14394 4.18317 4.21976 4.25386 4.28564 4.31525 4.34281 4.36847 4.39234 4.41455 4.4352 4.4544 4.47225 4.48884 4.50425 4.51857 4.53187 4.54422 4.55569 4.56634 4.57622 4.5854 4.59391 4.60181 4.60915 4.61595 4.62226 4.62812 4.63358 4.63868 4.64342 4.6478 4.65187 4.65565 4.65915 4.6624 4.66541 4.6682 4.67079 4.67319 4.67541 4.67748 4.67939 4.68116 4.68281 4.68433 4.68575 4.68706 4.68827 4.6894 4.69044 4.69141 4.6923 4.69314 4.69391 4.69462 4.69528 4.6959 4.69679
 0 0.00106825 0.0027108 0.010123 0.0295178 0.0691163 0.135179 0.228394 0.342776 0.46749 0.590221 0.700425 0.791459 0.86118 0.911123 0.94491 0.966713 0.980263 0.988445 0.993284 0.996105 0.997737 0.998678 0.999221 0.999536 0.99972 0.999828 0.999893 0.999932 0.999955 0.99997 0.99998 0.999986 0.999989 0.999992 0.999994 0.999995 0.999996 0.999996 0.999997 0.999997 0.999997 0.999997 0.999997 0.999997 0.999997 0.999997 0.999997 0.999997 0.999997 0.999997 0.999997 0.999997 0.999997 0.999997 0.999997 0.999997 0.999997 0.999997 0.999997 0.999997 0.999997 0.999997 0.999997 0.999997 0.999997 0.999997 0.999997 0.999997 0.999997 0.999997 0.999997 0.999997 0.999997 0.999997 0.999997 0.999997 0.999997 0.999997 0.999997 0.999997 0.999997 0.999997 0.999997 0.999997 0.999997 0.999997 0.999997 0.999997 0.999997 0.999997 0.999997 0.999997 0.999997 0.999997 0.999997 0.999997 0.999997 0.999997 0.999997 0.999997
 #wt and selex for gender,fleet: 1 3 3_CA_REC
 0.00896707 0.00937714 0.0295756 0.0705224 0.13125 0.210721 0.30635 0.415098 0.533968 0.660294 0.79202 0.927972 1.06779 1.2114 1.35846 1.50811 1.65907 1.80992 1.95929 2.10601 2.24915 2.38801 2.52207 2.65098 2.7745 2.89252 3.00496 3.11185 3.21324 3.30922 3.39994 3.48553 3.56619 3.64208 3.71341 3.78038 3.84319 3.90204 3.95714 4.00869 4.05689 4.10191 4.14394 4.18317 4.21976 4.25386 4.28564 4.31525 4.34281 4.36847 4.39234 4.41455 4.4352 4.45441 4.47225 4.48884 4.50425 4.51857 4.53187 4.54422 4.55569 4.56634 4.57622 4.5854 4.59391 4.60181 4.60915 4.61595 4.62226 4.62812 4.63358 4.63868 4.64342 4.64781 4.65188 4.65565 4.65915 4.6624 4.66541 4.6682 4.67079 4.67319 4.67541 4.67748 4.67939 4.68116 4.68281 4.68433 4.68575 4.68706 4.68827 4.6894 4.69044 4.69141 4.69231 4.69314 4.69391 4.69462 4.69528 4.6959 4.69679
 0 0.00393295 0.00899262 0.0273938 0.0671171 0.135727 0.234607 0.357064 0.490382 0.620029 0.733784 0.824442 0.890525 0.934991 0.962931 0.979525 0.988953 0.994133 0.996913 0.99838 0.999149 0.99955 0.99976 0.99987 0.999929 0.99996 0.999977 0.999987 0.999992 0.999995 0.999997 0.999998 0.999998 0.999999 0.999999 0.999999 0.999999 0.999999 0.999999 0.999999 0.999999 0.999999 0.999999 0.999999 0.999999 0.999999 0.999999 0.999999 0.999999 0.999999 0.999999 0.999999 0.999999 0.999999 0.999999 0.999999 0.999999 0.999999 0.999999 0.999999 0.999999 0.999999 0.999999 0.999999 0.999999 0.999999 0.999999 0.999999 0.999999 0.999999 0.999999 0.999999 0.999999 0.999999 0.999999 0.999999 0.999999 0.999999 0.999999 0.999999 0.999999 0.999999 0.999999 0.999999 0.999999 0.999999 0.999999 0.999999 0.999999 0.999999 0.999999 0.999999 0.999999 0.999999 0.999999 0.999999 0.999999 0.999999 0.999999 0.999999 0.999999
 #wt and selex for gender,fleet: 1 4 4_ORWA_TWL
 0.00896707 0.00937598 0.0281745 0.0669365 0.125014 0.201744 0.29505 0.402284 0.520689 0.647674 0.781046 0.919263 1.06148 1.20721 1.3559 1.50667 1.65833 1.80957 1.95915 2.10597 2.24915 2.38802 2.52208 2.65099 2.77451 2.89252 3.00497 3.11185 3.21324 3.30922 3.39994 3.48553 3.56619 3.64208 3.71341 3.78038 3.84319 3.90204 3.95714 4.00869 4.05688 4.10191 4.14394 4.18317 4.21975 4.25386 4.28564 4.31525 4.34281 4.36847 4.39234 4.41455 4.4352 4.4544 4.47225 4.48884 4.50425 4.51857 4.53187 4.54422 4.55569 4.56634 4.57622 4.5854 4.59391 4.60181 4.60914 4.61595 4.62226 4.62812 4.63358 4.63868 4.64342 4.6478 4.65187 4.65565 4.65915 4.6624 4.66541 4.6682 4.67079 4.67319 4.67541 4.67748 4.67939 4.68116 4.68281 4.68433 4.68574 4.68705 4.68827 4.6894 4.69044 4.69141 4.6923 4.69314 4.69391 4.69462 4.69528 4.6959 4.69679
 0 0.0132994 0.0264819 0.0613095 0.120765 0.206607 0.314729 0.436026 0.559157 0.673469 0.771099 0.848026 0.90412 0.942191 0.96645 0.981109 0.989601 0.994363 0.996972 0.998379 0.99913 0.999531 0.999744 0.999859 0.999921 0.999954 0.999973 0.999983 0.999989 0.999993 0.999995 0.999996 0.999996 0.999997 0.999997 0.999997 0.999997 0.999997 0.999997 0.999997 0.999997 0.999997 0.999997 0.999997 0.999997 0.999997 0.999997 0.999997 0.999997 0.999996 0.999996 0.999996 0.999996 0.999996 0.999996 0.999996 0.999996 0.999996 0.999996 0.999996 0.999996 0.999996 0.999996 0.999996 0.999996 0.999996 0.999996 0.999996 0.999996 0.999996 0.999996 0.999996 0.999996 0.999996 0.999996 0.999996 0.999996 0.999996 0.999996 0.999996 0.999996 0.999996 0.999996 0.999996 0.999996 0.999996 0.999996 0.999996 0.999996 0.999996 0.999996 0.999996 0.999996 0.999996 0.999996 0.999996 0.999996 0.999996 0.999996 0.999996 0.999996
 #wt and selex for gender,fleet: 1 5 5_ORWA_NONTWL
 0.00896707 0.00937735 0.0298777 0.0718664 0.134929 0.218475 0.320136 0.436877 0.565541 0.703149 0.847048 0.994946 1.14492 1.29538 1.44512 1.59324 1.73916 1.88251 2.02306 2.16061 2.29492 2.42573 2.55276 2.67572 2.79431 2.90831 3.01754 3.12186 3.22122 3.31562 3.40508 3.48969 3.56957 3.64485 3.7157 3.78228 3.84479 3.90339 3.9583 4.00968 4.05774 4.10265 4.1446 4.18375 4.22027 4.25433 4.28606 4.31563 4.34316 4.36879 4.39264 4.41483 4.43546 4.45465 4.47248 4.48906 4.50446 4.51877 4.53206 4.5444 4.55586 4.5665 4.57638 4.58555 4.59406 4.60196 4.60929 4.61609 4.6224 4.62825 4.63371 4.63881 4.64354 4.64793 4.652 4.65578 4.65927 4.66252 4.66553 4.66832 4.67091 4.67331 4.67553 4.6776 4.67951 4.68128 4.68292 4.68445 4.68586 4.68717 4.68839 4.68951 4.69055 4.69152 4.69242 4.69325 4.69402 4.69473 4.6954 4.69601 4.69691
 0 0.000677635 0.00159115 0.0052365 0.0141975 0.0322718 0.0632895 0.109801 0.172127 0.248161 0.333898 0.424347 0.514485 0.599975 0.677591 0.745362 0.802505 0.849214 0.886373 0.915254 0.937272 0.953799 0.966054 0.975063 0.981647 0.986443 0.989933 0.992476 0.994333 0.995696 0.9967 0.997446 0.998002 0.998422 0.99874 0.998983 0.999171 0.999317 0.999432 0.999522 0.999595 0.999653 0.9997 0.999738 0.99977 0.999796 0.999818 0.999837 0.999852 0.999865 0.999877 0.999886 0.999895 0.999902 0.999908 0.999914 0.999918 0.999923 0.999926 0.99993 0.999933 0.999935 0.999938 0.99994 0.999942 0.999944 0.999945 0.999947 0.999948 0.999949 0.99995 0.999951 0.999951 0.999952 0.999952 0.999953 0.999953 0.999954 0.999954 0.999955 0.999955 0.999955 0.999955 0.999956 0.999956 0.999956 0.999956 0.999957 0.999957 0.999957 0.999957 0.999957 0.999957 0.999957 0.999958 0.999958 0.999958 0.999958 0.999958 0.999958 0.999958
 #wt and selex for gender,fleet: 1 6 6_OR_REC
 0.00896707 0.00938885 0.0385856 0.089948 0.161466 0.248645 0.346294 0.450127 0.557614 0.668983 0.786698 0.91324 1.04934 1.19372 1.34396 1.49739 1.6517 1.80508 1.95618 2.104 2.24781 2.38705 2.52131 2.65033 2.7739 2.89193 3.00436 3.11123 3.2126 3.30856 3.39925 3.48482 3.56544 3.64131 3.71262 3.77957 3.84236 3.90119 3.95628 4.00781 4.05599 4.10099 4.14302 4.18223 4.2188 4.2529 4.28467 4.31427 4.34182 4.36747 4.39134 4.41354 4.43418 4.45338 4.47122 4.48781 4.50321 4.51753 4.53082 4.54317 4.55463 4.56528 4.57516 4.58433 4.59284 4.60074 4.60807 4.61487 4.62118 4.62704 4.6325 4.6376 4.64233 4.64672 4.65078 4.65456 4.65806 4.6613 4.66431 4.6671 4.66969 4.67209 4.67431 4.67637 4.67829 4.68006 4.6817 4.68323 4.68464 4.68595 4.68716 4.68829 4.68933 4.6903 4.69119 4.69202 4.6928 4.69351 4.69417 4.69478 4.69568
 0 1.93883e-05 0.000126246 0.00179857 0.0130938 0.0555899 0.155856 0.318582 0.512899 0.692394 0.82643 0.910845 0.957446 0.980738 0.991545 0.996277 0.998243 0.999001 0.999246 0.999275 0.999216 0.999118 0.999006 0.998889 0.998772 0.998656 0.998543 0.998433 0.998328 0.998228 0.998132 0.99804 0.997953 0.997871 0.997794 0.99772 0.997651 0.997586 0.997525 0.997468 0.997414 0.997364 0.997317 0.997273 0.997232 0.997194 0.997158 0.997124 0.997093 0.997064 0.997037 0.997012 0.996989 0.996967 0.996947 0.996928 0.99691 0.996894 0.996879 0.996865 0.996852 0.99684 0.996828 0.996818 0.996808 0.996799 0.996791 0.996783 0.996776 0.996769 0.996763 0.996757 0.996752 0.996747 0.996742 0.996738 0.996734 0.99673 0.996726 0.996723 0.99672 0.996717 0.996715 0.996713 0.99671 0.996708 0.996706 0.996705 0.996703 0.996702 0.9967 0.996699 0.996698 0.996697 0.996696 0.996695 0.996694 0.996693 0.996692 0.996691 0.99669
 #wt and selex for gender,fleet: 1 7 7_WA_REC
 0.00896707 0.00939027 0.0396924 0.0941029 0.171833 0.268764 0.379497 0.499113 0.623684 0.750357 0.877479 1.00481 1.13331 1.26442 1.39925 1.53801 1.68007 1.82413 1.96861 2.11198 2.25291 2.39035 2.52351 2.65187 2.77506 2.89286 3.00518 3.11199 3.21333 3.30928 3.39998 3.48556 3.5662 3.64209 3.71342 3.78038 3.84319 3.90205 3.95715 4.0087 4.05689 4.10191 4.14394 4.18317 4.21976 4.25386 4.28564 4.31525 4.34281 4.36847 4.39234 4.41455 4.4352 4.45441 4.47225 4.48884 4.50425 4.51857 4.53187 4.54422 4.55569 4.56634 4.57622 4.5854 4.59391 4.60181 4.60915 4.61595 4.62226 4.62812 4.63358 4.63868 4.64342 4.64781 4.65188 4.65565 4.65915 4.6624 4.66541 4.6682 4.67079 4.67319 4.67541 4.67748 4.67939 4.68116 4.68281 4.68433 4.68575 4.68706 4.68827 4.6894 4.69044 4.69141 4.69231 4.69314 4.69391 4.69462 4.69528 4.6959 4.69679
 0 1.03148e-06 7.56358e-06 0.000137079 0.00132399 0.007591 0.0287862 0.0789609 0.168213 0.294197 0.441186 0.587402 0.714611 0.813627 0.884011 0.930543 0.959614 0.97701 0.987094 0.99281 0.996004 0.997774 0.998752 0.999294 0.999596 0.999765 0.999861 0.999917 0.999949 0.999968 0.99998 0.999987 0.999991 0.999994 0.999996 0.999997 0.999998 0.999998 0.999999 0.999999 0.999999 0.999999 0.999999 0.999999 0.999999 0.999999 0.999999 0.999999 0.999999 0.999999 0.999999 0.999999 0.999999 0.999999 0.999999 0.999999 0.999999 0.999999 0.999999 0.999999 0.999999 0.999999 0.999999 0.999999 0.999999 0.999999 0.999999 0.999999 0.999999 0.999999 0.999999 0.999999 0.999999 0.999999 0.999999 0.999999 0.999999 0.999999 0.999999 0.999999 0.999999 0.999999 0.999999 0.999999 0.999999 0.999999 0.999999 0.999999 0.999999 0.999999 0.999999 0.999999 0.999999 0.999999 0.999999 0.999999 0.999999 0.999999 0.999999 0.999999 0.999999
# Sex ratio correction
1
# M and current age-structure in year Yinit: 2011
 # gender = 1
 0.0439034 0.0439034 0.0439034 0.0439034 0.0439034 0.0439034 0.0439034 0.0439034 0.0439034 0.0439034 0.0439034 0.0439034 0.0439034 0.0439034 0.0439034 0.0439034 0.0439034 0.0439034 0.0439034 0.0439034 0.0439034 0.0439034 0.0439034 0.0439034 0.0439034 0.0439034 0.0439034 0.0439034 0.0439034 0.0439034 0.0439034 0.0439034 0.0439034 0.0439034 0.0439034 0.0439034 0.0439034 0.0439034 0.0439034 0.0439034 0.0439034 0.0439034 0.0439034 0.0439034 0.0439034 0.0439034 0.0439034 0.0439034 0.0439034 0.0439034 0.0439034 0.0439034 0.0439034 0.0439034 0.0439034 0.0439034 0.0439034 0.0439034 0.0439034 0.0439034 0.0439034 0.0439034 0.0439034 0.0439034 0.0439034 0.0439034 0.0439034 0.0439034 0.0439034 0.0439034 0.0439034 0.0439034 0.0439034 0.0439034 0.0439034 0.0439034 0.0439034 0.0439034 0.0439034 0.0439034 0.0439034 0.0439034 0.0439034 0.0439034 0.0439034 0.0439034 0.0439034 0.0439034 0.0439034 0.0439034 0.0439034 0.0439034 0.0439034 0.0439034 0.0439034 0.0439034 0.0439034 0.0439034 0.0439034 0.0439034 0.0439034
 272.628 338.326 332.994 412.87 233.028 221.814 124.585 77.7397 110.526 263.693 71.0814 58.4046 107.506 65.2017 39.3109 31.0812 30.8506 61.4309 68.2224 32.0588 25.6647 25.7448 25.1826 25.8244 30.1719 33.2203 40.3699 41.0387 26.519 32.7714 25.2874 19.5196 14.4593 9.45648 11.3368 10.5087 11.0856 6.72317 5.43261 6.59852 10.7079 6.23944 4.71797 3.98282 3.10721 2.60785 2.04346 1.66226 1.56237 1.65986 1.83822 1.88443 1.69947 1.46443 1.28924 1.1805 1.12951 1.13086 1.18441 1.29584 1.46802 1.67446 1.80537 1.71568 1.47496 1.2419 1.06571 0.940824 0.852719 0.788412 0.739706 0.701458 0.670634 0.645096 0.622828 0.602114 0.58164 0.560875 0.539893 0.519247 0.499571 0.481373 0.464785 0.449749 0.435938 0.422649 0.409619 0.396637 0.383465 0.37001 0.356274 0.342324 0.328288 0.31435 0.300562 0.287106 0.274093 0.261589 0.249628 0.238228 5.19732
# Age-structure at Ydeclare= 2013
 558.315 226.376 249.709 309.88 304.987 378.11 213.365 203.016 113.954 71.0459 100.912 240.529 64.7831 53.1931 97.862 59.3298 35.7609 28.2691 28.0557 55.8606 62.0325 29.1489 23.3344 23.4066 22.8951 23.4781 27.4301 30.2009 36.6999 37.307 24.1069 29.7899 22.9862 17.7428 13.1428 8.59532 10.3043 9.55142 10.0755 6.11053 4.9375 5.99707 9.73171 5.67056 4.28776 3.6196 2.82382 2.36998 1.85706 1.51062 1.41984 1.50842 1.67051 1.71251 1.54441 1.33082 1.17161 1.07279 1.02645 1.02768 1.07634 1.1776 1.33407 1.52168 1.64064 1.55913 1.34037 1.12858 0.968464 0.854975 0.774909 0.71647 0.672208 0.63745 0.609439 0.586231 0.565995 0.547171 0.528565 0.509695 0.490628 0.471865 0.453985 0.437447 0.422373 0.408709 0.396159 0.384082 0.372241 0.360443 0.348474 0.336246 0.323764 0.311087 0.298332 0.285666 0.273135 0.260907 0.249082 0.237719 5.16641
# Year for Tmin Age-structure (set to Ydecl by SS)
2013
#  recruitment and biomass
# Number of historical assessment years
137
# Historical data
# year recruitment spawner in B0 in R project in R/S project
1888  1889 1890 1891 1892 1893 1894 1895 1896 1897 1898 1899 1900 1901 1902 1903 1904 1905 1906 1907 1908 1909 1910 1911 1912 1913 1914 1915 1916 1917 1918 1919 1920 1921 1922 1923 1924 1925 1926 1927 1928 1929 1930 1931 1932 1933 1934 1935 1936 1937 1938 1939 1940 1941 1942 1943 1944 1945 1946 1947 1948 1949 1950 1951 1952 1953 1954 1955 1956 1957 1958 1959 1960 1961 1962 1963 1964 1965 1966 1967 1968 1969 1970 1971 1972 1973 1974 1975 1976 1977 1978 1979 1980 1981 1982 1983 1984 1985 1986 1987 1988 1989 1990 1991 1992 1993 1994 1995 1996 1997 1998 1999 2000 2001 2002 2003 2004 2005 2006 2007 2008 2009 2010 2011 2012 2013 2014 2015 2016 2017 2018 2019 2020 2021 2022 2023 2024 #years (with first value representing R0)
240.107 241.399 241.443 241.488 241.535 241.575 241.616 241.659 241.709 241.763 241.82 241.879 241.943 242.012 242.085 242.159 242.24 242.333 242.436 242.563 242.706 242.873 243.063 243.273 243.503 243.737 243.952 244.107 244.155 244.035 243.664 242.923 241.812 240.24 238.171 235.614 232.615 229.267 225.73 222.123 218.572 215.384 212.641 210.289 208.196 206.106 203.762 200.99 197.825 194.502 191.461 189.183 188.133 188.704 191.407 197.104 207.13 223.514 248.158 280.792 311.139 311.831 275.405 229.868 193.133 167.992 152.611 144.997 144.115 149.62 161.49 177.978 187.286 173.231 148.162 131.922 132.542 153.504 184.046 205.266 245.172 269.076 327.46 513.047 286.139 211.307 232.498 337.995 280.322 262.713 189.125 248.091 285.849 314.723 345.406 236.083 308.525 256.814 179.815 140.089 103.91 88.8477 80.7085 72.466 82.6409 162.576 136.786 64.6943 61.7279 74.1848 117.164 184.151 95.4395 110.873 392.829 157.344 105.813 162.202 276.31 277.779 471.001 363.556 353.511 272.628 236.536 558.315 256.525 353.794 238.284 118.161 112.939 116.342 115.075 150.269 170.628 175.395 205.864  #recruits; first value is R0 (virgin)
1185.62  1185.62 1185.62 1185.6 1185.57 1185.11 1184.66 1184.19 1184.04 1183.96 1183.88 1183.81 1183.72 1183.63 1183.54 1183.44 1183.34 1183.24 1183.14 1183.05 1182.95 1182.73 1182.63 1182.52 1182.41 1182.3 1182.18 1182.05 1181.85 1181.71 1181.41 1179.07 1178.3 1177.66 1177.08 1176.79 1176.43 1175.53 1174.29 1172.26 1169.52 1166.89 1164.72 1162.23 1160.75 1159.44 1158.12 1156.24 1154.31 1151.35 1148.59 1145.45 1142.82 1138.94 1133.43 1127.43 1116.8 1105.36 1088.58 1072.89 1064.79 1055.58 1048.01 1039.66 1029.63 1020.65 1013.46 1005.15 997.329 989.641 981.111 973.603 967.586 963.125 960.836 958.061 956.862 956.846 947.002 943.873 938.425 932.601 917.422 906.636 892.459 874.931 855.852 834.985 814.964 792.166 769.741 734.838 698.228 670.57 635.657 579.14 531.327 503.768 467.24 438.228 411.274 388.44 359.652 339.915 308.212 279.651 252.551 238.703 224.709 209.199 190.9 186.94 178.469 182.091 185.181 191.963 198.797 205.842 212.739 219.819 226.345 233.205 240.018 247.626 255.625 264.098 273.665 284.382 295.809 308.719 322.073 337.378 354.299 373.865 395.244 417.151 439.984 #spbio; first value is SSB_virgin (virgin)
1 0 0 0 0 0 0 0 0 0 0 0 0 0 0 0 0 0 0 0 0 0 0 0 0 0 0 0 0 0 0 0 0 0 0 0 0 0 0 0 0 0 0 0 0 0 0 0 0 0 0 0 0 0 0 0 0 0 0 0 0 0 0 0 0 0 0 0 0 0 0 0 0 0 0 0 0 0 0 0 0 0 0 0 0 0 0 0 0 0 0 0 0 0 0 0 0 0 0 0 0 0 0 0 0 0 0 0 0 0 0 0 0 0 0 0 0 0 0 0 0 0 0 0 0 0 0 0 0 0 0 0 0 0 0 0 0  # in Bzero
0 1 1 1 1 1 1 1 1 1 1 1 1 1 1 1 1 1 1 1 1 1 1 1 1 1 1 1 1 1 1 1 1 1 1 1 1 1 1 1 1 1 1 1 1 1 1 1 1 1 1 1 1 1 1 1 1 1 1 1 1 1 1 1 1 1 1 1 1 1 1 1 1 1 1 1 1 1 1 1 1 1 1 1 1 1 1 1 1 1 1 1 1 1 1 1 1 1 1 1 1 1 1 1 1 1 1 1 1 1 1 1 1 1 1 1 1 1 1 1 1 1 1 1 1 1 1 1 1 1 1 1 1 1  0 0 0 # in R project
0 1 1 1 1 1 1 1 1 1 1 1 1 1 1 1 1 1 1 1 1 1 1 1 1 1 1 1 1 1 1 1 1 1 1 1 1 1 1 1 1 1 1 1 1 1 1 1 1 1 1 1 1 1 1 1 1 1 1 1 1 1 1 1 1 1 1 1 1 1 1 1 1 1 1 1 1 1 1 1 1 1 1 1 1 1 1 1 1 1 1 1 1 1 1 1 1 1 1 1 1 1 1 1 1 1 1 1 1 1 1 1 1 1 1 1 1 1 1 1 1 1 1 1 1 1 1 1 1 1 1 1 1 1  0 0 0 # in R/S project
# Number of years with pre-specified catches
0
# catches for years with pre-specified catches go next
# Number of future recruitments to override
-2
# Process for overiding (-1 for average otherwise index in data list)
# Which probability to product detailed results for (1=0.5; 2=0.6; etc.)
3
# Steepness sigma-R Auto-correlation
0.718 0.5 0
# Target SPR rate (FMSY Proxy); manually change to SPR_MSY if not using SPR_target
0.5
# Discount rate (for cumulative catch)
0.1
# Truncate the series when 0.4B0 is reached (1=Yes)
0
# Set F to FMSY once 0.4B0 is reached (1=Yes)
0
# Maximum possible F for projection (-1 to set to FMSY)
-1
# Defintion of recovery (1=now only;2=now or before)
2
# Projection type
4
# Definition of the 40-10 rule
10 40
# Sigma Assessment Error (Base, Year1, Slope, MaxSigma)
1.0 2025 0.075 2.0
# Pstar
0.45
# Constrain catches by the ABC (1=yes, 2=no)
2
# Implementation Error (0=no; 1=lognormal; 2=uniform)
0
#Parameters of Implementaion Error
1 0.3
# Calculate coefficients of variation (1=Yes)
0
# Number of replicates to use
10
# Random number seed
-99004
# File with multiple parameter vectors 
rebuild.SSO
# User-specific projection (1=Yes); Output replaced (1->9)
0  5
# Catches and Fs (Year; 1/2/3 (F or C or SPR); value); Final row is -1
2024 1 1
-1 -1 -1
# Fixed catch project (1=Yes); Output replaced (1->9); Approach (-1=Read in else 1-9)
0 2 -1
# (48a) Special catch options (1-Yes) [CUT_OFF, Emsy, distribution, MAXCAT, Add, replace_code]
0 0.18 1.00 1.00 0 6
# (48b) B1Target
150000
# Split of Fs
2011  0.0180545
 0
 0.426423
 0.0228737
 0.183267
 0.188989
 0.160393
-1  1 1 1 1 1 1 1 1 1 1 1 1
# Yrs to define T_target for projection type 4 (a.k.a. 5 pre-specified inputs)
2030 2031 2032 2033 2034 
# Year for probability of recovery
2034 2035 2036 2037 2038 2039 2040 2041
# Time varying weight-at-age (1=Yes;0=No)
0
# File with time series of weight-at-age data
none
# Use bisection (0) or linear interpolation (1)
1
# Target Depletion
0.4
# CV of implementation error
0
