#Title, #runnumber: 1 yelloweye_data.ss yelloweye_control.ss 6774.41 1045.06 329.885 StartTime: Tue Apr 22 22:31:17 2025
SSv3_default_rebuild.dat
# Number of sexes
1
# Age range to consider (minimum age; maximum age)
0 100
# Number of fleets
7
# First year of projection (Yinit)
2011
# First Year of rebuilding period (Ydecl)
2013
# Number of simulations
1000
# Maximum number of years
500
# Conduct projections with multiple starting values (0=No;else yes)
0
# Number of parameter vectors
1000
# Is the maximum age a plus-group (1=Yes;2=No)
1
# Generate future recruitments using historical recruitments (1)  historical recruits/spawner (2)  or a stock-recruitment (3)
3
# Constant fishing mortality (1) or constant Catch (2) projections
1
# Fishing mortality based on SPR (1) or actual rate (2)
1
# Pre-specify the year of recovery (or -1) to ignore
-1
# Fecundity-at-age
# 0 1 2 3 4 5 6 7 8 9 10 11 12 13 14 15 16 17 18 19 20 21 22 23 24 25 26 27 28 29 30 31 32 33 34 35 36 37 38 39 40 41 42 43 44 45 46 47 48 49 50 51 52 53 54 55 56 57 58 59 60 61 62 63 64 65 66 67 68 69 70 71 72 73 74 75 76 77 78 79 80 81 82 83 84 85 86 87 88 89 90 91 92 93 94 95 96 97 98 99 100 #runnumber: 1 yelloweye_data.ss yelloweye_control.ss 6774.41 1045.06 329.885
 0 0 1.6144e-08 2.1764e-07 2.03356e-06 1.45004e-05 8.29916e-05 0.000389654 0.00150196 0.00473131 0.0122529 0.0265946 0.0496667 0.0820006 0.122653 0.169679 0.220796 0.273902 0.327351 0.380013 0.4312 0.480553 0.527926 0.573297 0.616709 0.65823 0.697934 0.735889 0.77216 0.806802 0.839864 0.871393 0.901432 0.930024 0.957213 0.98304 1.00755 1.03079 1.0528 1.07363 1.09332 1.11193 1.12949 1.14606 1.16169 1.1764 1.19026 1.2033 1.21556 1.22708 1.23791 1.24809 1.25764 1.2666 1.275 1.28289 1.29028 1.29721 1.3037 1.30978 1.31547 1.32081 1.3258 1.33047 1.33484 1.33893 1.34276 1.34634 1.34969 1.35282 1.35574 1.35853 1.36114 1.36358 1.36586 1.36799 1.36998 1.37184 1.37358 1.3752 1.37672 1.37814 1.37946 1.3807 1.38185 1.38293 1.38394 1.38488 1.38576 1.38658 1.38735 1.38806 1.38873 1.38936 1.38994 1.39049 1.39099 1.39147 1.39191 1.39233 1.39296 #female fecundity; weighted by N in year Y_init across morphs and areas
# Age specific selectivity and weight adjusted for discard and discard mortality
 #wt and selex for gender,fleet: 1 1 1_CA_TWL
 0.00974768 0.0165423 0.0487344 0.098868 0.167538 0.252743 0.351667 0.461419 0.579363 0.703254 0.83132 0.962365 1.09582 1.23161 1.36984 1.51052 1.65332 1.79759 1.94241 2.08675 2.2296 2.37004 2.50732 2.64084 2.77017 2.89499 3.01507 3.13031 3.24063 3.34604 3.44656 3.54226 3.63324 3.71962 3.80152 3.87909 3.95247 4.02184 4.08734 4.14915 4.20743 4.26234 4.31404 4.36269 4.40845 4.45146 4.49187 4.52982 4.56544 4.59887 4.63023 4.65964 4.6872 4.71304 4.73724 4.75991 4.78114 4.80102 4.81963 4.83704 4.85334 4.86858 4.88285 4.89618 4.90866 4.92032 4.93123 4.94142 4.95096 4.95986 4.96825 4.97615 4.98352 4.99042 4.99686 5.00288 5.0085 5.01375 5.01866 5.02324 5.02752 5.03152 5.03526 5.03875 5.042 5.04505 5.04789 5.05054 5.05302 5.05533 5.05749 5.05951 5.06139 5.06315 5.06479 5.06632 5.06776 5.06909 5.07034 5.0715 5.07328
 0 0.00125479 0.00438213 0.01411 0.0364464 0.0781057 0.143491 0.232365 0.339415 0.455725 0.571214 0.677005 0.767055 0.838751 0.892497 0.930691 0.956597 0.973483 0.984125 0.990648 0.994558 0.99686 0.998198 0.998968 0.999409 0.99966 0.999803 0.999885 0.999932 0.999959 0.999975 0.999984 0.99999 0.999993 0.999995 0.999996 0.999997 0.999998 0.999998 0.999998 0.999998 0.999998 0.999998 0.999998 0.999998 0.999998 0.999998 0.999998 0.999998 0.999998 0.999998 0.999998 0.999998 0.999998 0.999998 0.999998 0.999998 0.999998 0.999998 0.999998 0.999998 0.999998 0.999998 0.999998 0.999998 0.999998 0.999998 0.999998 0.999998 0.999998 0.999998 0.999998 0.999998 0.999998 0.999998 0.999998 0.999998 0.999998 0.999998 0.999997 0.999997 0.999997 0.999997 0.999997 0.999997 0.999997 0.999997 0.999997 0.999997 0.999997 0.999997 0.999997 0.999997 0.999997 0.999997 0.999997 0.999997 0.999997 0.999997 0.999997 0.999997
 #wt and selex for gender,fleet: 1 3 3_CA_REC
 0.00974268 0.0161551 0.0462288 0.0936769 0.158884 0.240172 0.335067 0.440957 0.55541 0.676348 0.802234 0.932218 1.06606 1.20377 1.34523 1.48993 1.63699 1.78524 1.93345 2.08049 2.22535 2.36723 2.5055 2.63968 2.76944 2.89453 3.01479 3.13013 3.24052 3.34597 3.44651 3.54223 3.63322 3.71961 3.80151 3.87908 3.95247 4.02184 4.08734 4.14915 4.20743 4.26234 4.31404 4.36269 4.40845 4.45146 4.49187 4.52982 4.56544 4.59887 4.63023 4.65964 4.6872 4.71304 4.73724 4.75991 4.78114 4.80102 4.81963 4.83704 4.85334 4.86858 4.88285 4.89618 4.90866 4.92032 4.93123 4.94143 4.95096 4.95986 4.96825 4.97615 4.98352 4.99042 4.99686 5.00288 5.0085 5.01375 5.01866 5.02324 5.02753 5.03152 5.03526 5.03875 5.042 5.04505 5.04789 5.05054 5.05302 5.05533 5.05749 5.05951 5.06139 5.06315 5.06479 5.06632 5.06776 5.06909 5.07034 5.07151 5.07328
 0 0.00529366 0.0148774 0.038533 0.0830131 0.153 0.247944 0.361584 0.483746 0.603198 0.71034 0.799018 0.867123 0.915969 0.948927 0.97001 0.982897 0.990478 0.994799 0.997201 0.998509 0.999211 0.999584 0.999781 0.999884 0.999938 0.999967 0.999982 0.99999 0.999994 0.999997 0.999998 0.999999 0.999999 0.999999 0.999999 0.999999 0.999999 0.999999 0.999999 0.999999 0.999999 0.999999 0.999999 0.999999 0.999999 0.999999 0.999999 0.999999 0.999999 0.999999 0.999999 0.999999 0.999999 0.999999 0.999999 0.999999 0.999999 0.999999 0.999999 0.999999 0.999999 0.999999 0.999999 0.999999 0.999999 0.999999 0.999999 0.999999 0.999999 0.999999 0.999999 0.999999 0.999999 0.999999 0.999999 0.999999 0.999999 0.999999 0.999999 0.999999 0.999999 0.999999 0.999999 0.999999 0.999999 0.999999 0.999999 0.999999 0.999999 0.999999 0.999999 0.999999 0.999999 0.999999 0.999999 0.999999 0.999999 0.999999 0.999999 0.999999
 #wt and selex for gender,fleet: 1 4 4_ORWA_TWL
 0.0097348 0.0155358 0.0419408 0.0854673 0.1467 0.224903 0.318459 0.425327 0.543333 0.670354 0.804411 0.943715 1.08669 1.23199 1.37851 1.52539 1.67196 1.81768 1.96209 2.10476 2.24524 2.38309 2.51787 2.64916 2.7766 2.89988 3.01877 3.13307 3.24269 3.34756 3.44769 3.5431 3.63387 3.72009 3.80187 3.87936 3.95268 4.022 4.08747 4.14925 4.20751 4.2624 4.31409 4.36273 4.40848 4.45148 4.49189 4.52984 4.56546 4.59889 4.63024 4.65965 4.68721 4.71304 4.73725 4.75992 4.78115 4.80103 4.81963 4.83705 4.85334 4.86859 4.88285 4.89619 4.90866 4.92033 4.93123 4.94143 4.95096 4.95987 4.96825 4.97615 4.98353 4.99042 4.99686 5.00288 5.0085 5.01376 5.01866 5.02325 5.02753 5.03152 5.03526 5.03875 5.042 5.04505 5.04789 5.05054 5.05302 5.05533 5.05749 5.05951 5.06139 5.06315 5.06479 5.06633 5.06776 5.06909 5.07034 5.07151 5.07328
 0 0.0199269 0.0386782 0.0693667 0.113158 0.170182 0.238898 0.316407 0.39903 0.482911 0.564518 0.640964 0.710153 0.770804 0.822384 0.864996 0.899241 0.926052 0.946542 0.96186 0.97309 0.981184 0.986934 0.99097 0.993778 0.995716 0.997048 0.997961 0.998587 0.999015 0.999309 0.999512 0.999652 0.99975 0.999818 0.999866 0.999901 0.999925 0.999943 0.999956 0.999966 0.999973 0.999978 0.999983 0.999986 0.999988 0.99999 0.999991 0.999993 0.999993 0.999994 0.999995 0.999995 0.999996 0.999996 0.999996 0.999996 0.999997 0.999997 0.999997 0.999997 0.999997 0.999997 0.999997 0.999997 0.999997 0.999997 0.999997 0.999998 0.999998 0.999998 0.999998 0.999998 0.999998 0.999998 0.999998 0.999998 0.999998 0.999998 0.999998 0.999998 0.999998 0.999998 0.999998 0.999998 0.999998 0.999998 0.999998 0.999998 0.999998 0.999998 0.999998 0.999998 0.999998 0.999998 0.999998 0.999998 0.999998 0.999998 0.999998 0.999998
 #wt and selex for gender,fleet: 1 5 5_ORWA_NONTWL
 0.00974327 0.016205 0.0468532 0.0959001 0.164304 0.250751 0.352894 0.468044 0.593542 0.726943 0.866095 1.00915 1.15454 1.30097 1.44739 1.59295 1.73705 1.87925 2.01924 2.15681 2.29178 2.42398 2.55321 2.67927 2.80193 2.92095 3.03614 3.1473 3.25428 3.35697 3.45531 3.54927 3.63887 3.72415 3.80518 3.88205 3.95489 4.02382 4.08898 4.15051 4.20857 4.2633 4.31485 4.36338 4.40904 4.45197 4.49231 4.53021 4.56579 4.59918 4.63051 4.65988 4.68743 4.71324 4.73743 4.76008 4.7813 4.80117 4.81976 4.83717 4.85346 4.8687 4.88295 4.89629 4.90875 4.92041 4.93132 4.94151 4.95104 4.95994 4.96833 4.97622 4.9836 4.99049 4.99693 5.00295 5.00857 5.01382 5.01873 5.02331 5.02759 5.03159 5.03532 5.03881 5.04207 5.04511 5.04795 5.0506 5.05308 5.05539 5.05755 5.05957 5.06145 5.06321 5.06485 5.06638 5.06781 5.06915 5.0704 5.07156 5.07334
 0 0.000863732 0.00252522 0.00702824 0.0166313 0.0341711 0.0623036 0.10275 0.15579 0.220155 0.293302 0.371907 0.452406 0.531463 0.606284 0.674794 0.735682 0.788349 0.8328 0.869493 0.899188 0.922804 0.941303 0.955607 0.966551 0.974851 0.981104 0.985793 0.989298 0.991913 0.993864 0.995321 0.996411 0.99723 0.997846 0.998313 0.998668 0.99894 0.99915 0.999312 0.999438 0.999538 0.999616 0.999679 0.999729 0.999769 0.999802 0.999829 0.999851 0.999869 0.999884 0.999897 0.999908 0.999917 0.999925 0.999932 0.999937 0.999942 0.999947 0.99995 0.999954 0.999957 0.999959 0.999961 0.999963 0.999965 0.999967 0.999968 0.99997 0.999971 0.999972 0.999972 0.999973 0.999973 0.999974 0.999974 0.999975 0.999975 0.999976 0.999976 0.999976 0.999976 0.999977 0.999977 0.999977 0.999977 0.999978 0.999978 0.999978 0.999978 0.999978 0.999978 0.999978 0.999979 0.999979 0.999979 0.999979 0.999979 0.999979 0.999979 0.999979
 #wt and selex for gender,fleet: 1 6 6_OR_REC
 0.00979165 0.0196375 0.0619402 0.12155 0.198038 0.286632 0.382944 0.483699 0.587213 0.69382 0.805428 0.924241 1.05154 1.18718 1.32976 1.47724 1.62746 1.77854 1.92895 2.07753 2.22341 2.36592 2.50455 2.63894 2.7688 2.89393 3.0142 3.12954 3.23992 3.34534 3.44586 3.54156 3.63253 3.71889 3.80077 3.87832 3.95169 4.02104 4.08653 4.14832 4.20659 4.26148 4.31317 4.36181 4.40756 4.45056 4.49096 4.5289 4.56452 4.59794 4.62929 4.65869 4.68625 4.71208 4.73628 4.75895 4.78017 4.80005 4.81865 4.83606 4.85235 4.8676 4.88185 4.89519 4.90766 4.91932 4.93023 4.94042 4.94995 4.95886 4.96724 4.97513 4.98251 4.9894 4.99584 5.00185 5.00747 5.01272 5.01763 5.02221 5.02649 5.03049 5.03422 5.03771 5.04096 5.044 5.04684 5.04949 5.05197 5.05428 5.05644 5.05846 5.06034 5.0621 5.06374 5.06527 5.0667 5.06804 5.06929 5.07045 5.07223
 0 3.17288e-05 0.000412521 0.00367978 0.0191581 0.0652034 0.159628 0.303152 0.473763 0.638947 0.773682 0.869087 0.929293 0.963913 0.982379 0.991641 0.996048 0.998037 0.998876 0.999184 0.999254 0.999217 0.999135 0.999033 0.998923 0.99881 0.998698 0.998588 0.998481 0.998376 0.998276 0.998179 0.998086 0.997997 0.997912 0.997831 0.997754 0.997681 0.997611 0.997545 0.997483 0.997424 0.997369 0.997316 0.997267 0.99722 0.997177 0.997135 0.997097 0.99706 0.997026 0.996994 0.996964 0.996935 0.996909 0.996884 0.996861 0.996839 0.996818 0.996799 0.996781 0.996764 0.996749 0.996734 0.99672 0.996707 0.996695 0.996684 0.996674 0.996664 0.996654 0.996646 0.996637 0.99663 0.996623 0.996616 0.99661 0.996604 0.996598 0.996593 0.996589 0.996584 0.99658 0.996576 0.996573 0.996569 0.996566 0.996563 0.99656 0.996558 0.996555 0.996553 0.996551 0.996549 0.996547 0.996546 0.996544 0.996542 0.996541 0.99654 0.996538
 #wt and selex for gender,fleet: 1 7 7_WA_REC
 0.00977467 0.0185209 0.0587489 0.118497 0.198612 0.295422 0.404743 0.522784 0.646448 0.773356 0.901811 1.03081 1.16006 1.28985 1.42078 1.55346 1.6882 1.82492 1.9631 2.10193 2.24042 2.37758 2.51246 2.6443 2.77247 2.8965 3.01606 3.13096 3.24106 3.34631 3.44674 3.54238 3.63332 3.71967 3.80155 3.87911 3.95249 4.02185 4.08735 4.14916 4.20744 4.26234 4.31404 4.36269 4.40845 4.45146 4.49187 4.52982 4.56544 4.59887 4.63023 4.65964 4.6872 4.71304 4.73724 4.75991 4.78114 4.80102 4.81963 4.83704 4.85334 4.86858 4.88285 4.89619 4.90866 4.92032 4.93123 4.94143 4.95096 4.95986 4.96825 4.97615 4.98352 4.99042 4.99686 5.00288 5.0085 5.01375 5.01866 5.02324 5.02753 5.03152 5.03526 5.03875 5.042 5.04505 5.04789 5.05054 5.05302 5.05533 5.05749 5.05951 5.06139 5.06315 5.06479 5.06632 5.06776 5.06909 5.07034 5.07151 5.07328
 0 1.13162e-05 0.000100222 0.000734752 0.00363902 0.0130183 0.0357723 0.0794885 0.14892 0.243215 0.355603 0.475512 0.591805 0.695618 0.781846 0.849131 0.898893 0.934049 0.957948 0.97368 0.983767 0.990098 0.994006 0.996388 0.997827 0.998692 0.99921 0.99952 0.999707 0.999819 0.999887 0.999929 0.999955 0.999971 0.999981 0.999987 0.999991 0.999994 0.999996 0.999997 0.999998 0.999998 0.999999 0.999999 0.999999 0.999999 0.999999 0.999999 0.999999 0.999999 0.999999 0.999999 0.999999 0.999999 0.999999 0.999999 0.999999 0.999999 0.999999 0.999999 0.999999 0.999999 0.999999 0.999999 0.999999 0.999999 0.999999 0.999999 0.999999 0.999999 0.999999 0.999999 0.999999 0.999999 0.999999 0.999999 0.999999 0.999999 0.999999 0.999999 0.999999 0.999999 0.999999 0.999999 0.999999 0.999999 0.999999 0.999999 0.999999 0.999999 0.999999 0.999999 0.999999 0.999999 0.999999 0.999999 0.999999 0.999999 0.999999 0.999999 0.999999
# Sex ratio correction
1
# M and current age-structure in year Yinit: 2011
 # gender = 1
 0.0439034 0.0439034 0.0439034 0.0439034 0.0439034 0.0439034 0.0439034 0.0439034 0.0439034 0.0439034 0.0439034 0.0439034 0.0439034 0.0439034 0.0439034 0.0439034 0.0439034 0.0439034 0.0439034 0.0439034 0.0439034 0.0439034 0.0439034 0.0439034 0.0439034 0.0439034 0.0439034 0.0439034 0.0439034 0.0439034 0.0439034 0.0439034 0.0439034 0.0439034 0.0439034 0.0439034 0.0439034 0.0439034 0.0439034 0.0439034 0.0439034 0.0439034 0.0439034 0.0439034 0.0439034 0.0439034 0.0439034 0.0439034 0.0439034 0.0439034 0.0439034 0.0439034 0.0439034 0.0439034 0.0439034 0.0439034 0.0439034 0.0439034 0.0439034 0.0439034 0.0439034 0.0439034 0.0439034 0.0439034 0.0439034 0.0439034 0.0439034 0.0439034 0.0439034 0.0439034 0.0439034 0.0439034 0.0439034 0.0439034 0.0439034 0.0439034 0.0439034 0.0439034 0.0439034 0.0439034 0.0439034 0.0439034 0.0439034 0.0439034 0.0439034 0.0439034 0.0439034 0.0439034 0.0439034 0.0439034 0.0439034 0.0439034 0.0439034 0.0439034 0.0439034 0.0439034 0.0439034 0.0439034 0.0439034 0.0439034 0.0439034
 191.719 251.691 245.271 264.076 161.818 147.907 93.1483 60.533 108.721 171.905 58.2354 49.1674 90.6924 48.8199 29.2044 24.2219 24.2582 40.2569 53.7644 27.8953 21.2462 21.9289 22.6498 23.0668 24.1097 23.1361 26.8875 32.1141 21.99 23.1757 16.722 13.535 9.09388 6.0527 6.66645 6.38647 6.42766 4.06732 3.45007 3.88619 6.32575 4.37876 3.00321 2.44343 1.78757 1.40884 1.1493 0.987052 0.950238 1.01491 1.1293 1.18323 1.08505 0.92442 0.791466 0.702955 0.655403 0.643196 0.662108 0.709674 0.779907 0.852063 0.881857 0.834474 0.737402 0.639463 0.560272 0.500561 0.455956 0.421461 0.39398 0.371615 0.353288 0.338081 0.324856 0.312499 0.300102 0.287305 0.274212 0.26126 0.248925 0.237557 0.227264 0.21804 0.209724 0.202102 0.194974 0.188169 0.181543 0.175008 0.16851 0.162021 0.155552 0.149151 0.142812 0.136503 0.130388 0.124495 0.118845 0.113449 2.48477
# Age-structure at Ydeclare= 2013
 385.954 124.817 175.601 230.525 224.632 241.822 148.139 135.336 85.1662 55.2915 99.1978 156.676 53.023 44.7284 82.4477 44.358 26.5247 21.9931 22.0216 36.5402 48.7961 25.3159 19.2809 19.8999 20.5537 20.9316 21.8775 20.9935 24.3967 29.1381 19.9514 21.0262 15.1704 12.2785 8.2493 5.49033 6.04682 5.79264 5.82978 3.68887 3.12894 3.52434 5.73655 3.97079 2.72331 2.21564 1.62088 1.27745 1.04208 0.894961 0.86157 0.9202 1.0239 1.07279 0.983766 0.838124 0.717579 0.637329 0.594214 0.583146 0.600291 0.643415 0.707089 0.772507 0.799517 0.756557 0.668547 0.579753 0.507955 0.45382 0.41338 0.382105 0.35719 0.336913 0.320297 0.30651 0.29452 0.283317 0.272077 0.260476 0.248605 0.236863 0.22568 0.215373 0.206042 0.197679 0.19014 0.18323 0.176768 0.170598 0.164591 0.158667 0.152775 0.146892 0.141027 0.135224 0.129477 0.123757 0.118213 0.112871 2.46337
# Year for Tmin Age-structure (set to Ydecl by SS)
2013
#  recruitment and biomass
# Number of historical assessment years
137
# Historical data
# year recruitment spawner in B0 in R project in R/S project
1888  1889 1890 1891 1892 1893 1894 1895 1896 1897 1898 1899 1900 1901 1902 1903 1904 1905 1906 1907 1908 1909 1910 1911 1912 1913 1914 1915 1916 1917 1918 1919 1920 1921 1922 1923 1924 1925 1926 1927 1928 1929 1930 1931 1932 1933 1934 1935 1936 1937 1938 1939 1940 1941 1942 1943 1944 1945 1946 1947 1948 1949 1950 1951 1952 1953 1954 1955 1956 1957 1958 1959 1960 1961 1962 1963 1964 1965 1966 1967 1968 1969 1970 1971 1972 1973 1974 1975 1976 1977 1978 1979 1980 1981 1982 1983 1984 1985 1986 1987 1988 1989 1990 1991 1992 1993 1994 1995 1996 1997 1998 1999 2000 2001 2002 2003 2004 2005 2006 2007 2008 2009 2010 2011 2012 2013 2014 2015 2016 2017 2018 2019 2020 2021 2022 2023 2024 #years (with first value representing R0)
205.855 205.821 205.819 205.816 205.813 205.801 205.789 205.776 205.768 205.76 205.753 205.745 205.736 205.728 205.723 205.716 205.711 205.711 205.717 205.737 205.768 205.807 205.86 205.922 205.988 206.041 206.061 206.01 205.847 205.524 204.821 203.814 202.538 200.957 199.084 196.97 194.686 192.324 190.007 187.864 186.02 184.588 183.612 183.008 182.624 182.172 181.343 179.917 177.92 175.638 173.589 172.299 172.19 173.493 176.441 181.517 189.537 201.806 219.127 240.394 258.776 260.099 238.982 207.978 179.904 159.53 147.263 142.555 145.2 155.175 171.919 191.244 197.416 178.093 150.989 133.038 129.651 141.076 160.911 188.956 237.59 266.77 352.705 458.334 251.196 197.301 204.102 280.72 240.757 215.113 165.751 209.581 260.492 267.022 305.558 238.805 287.359 198.91 142.512 124.853 101.642 86.0951 73.006 62.8951 74.5509 131.575 91.343 51.5254 48.5157 55.4205 88.0535 155.753 80.4992 90.9626 256.348 154.88 82.4283 121.303 184.268 192.902 301.262 267.782 262.987 191.719 130.419 385.954 236.688 157.854 195.603 142.994 133.671 137.798 142.357 151.416 155.715 162.156 167.314  #recruits; first value is R0 (virgin)
1045.06  1045.06 1045.06 1045.04 1045.01 1044.55 1044.1 1043.63 1043.48 1043.4 1043.32 1043.24 1043.15 1043.03 1042.9 1042.76 1042.59 1042.4 1042.2 1041.99 1041.76 1041.4 1041.14 1040.86 1040.56 1040.26 1039.93 1039.6 1039.17 1038.81 1038.27 1035.68 1034.65 1033.75 1032.9 1032.33 1031.68 1030.47 1028.92 1026.55 1023.46 1020.46 1017.92 1015.03 1013.16 1011.43 1009.7 1007.41 1005.08 1001.75 998.678 995.283 992.496 988.552 983.091 977.276 966.97 956.015 939.878 925.036 917.958 910.167 904.091 897.271 888.918 881.815 876.521 870.23 864.362 858.539 851.666 845.591 840.659 836.957 835.166 832.804 832.181 832.883 824.055 822.42 819.127 815.532 803.519 796.383 786.141 772.764 758.428 742.102 725.835 706.616 687.445 655.682 621.996 596.652 563.738 511.027 483.777 463.213 437.153 415.544 388.379 364.336 334.43 313.029 276.229 243.274 211.841 194.46 177.48 159.014 137.779 130.168 118.772 120.024 120.322 125.875 131.492 137.41 143.265 149.457 155.056 161.063 166.93 173.346 180.134 187.203 195.12 203.719 212.796 222.781 232.628 243.657 255.402 268.902 283.37 297.642 312.229 #spbio; first value is SSB_virgin (virgin)
1 0 0 0 0 0 0 0 0 0 0 0 0 0 0 0 0 0 0 0 0 0 0 0 0 0 0 0 0 0 0 0 0 0 0 0 0 0 0 0 0 0 0 0 0 0 0 0 0 0 0 0 0 0 0 0 0 0 0 0 0 0 0 0 0 0 0 0 0 0 0 0 0 0 0 0 0 0 0 0 0 0 0 0 0 0 0 0 0 0 0 0 0 0 0 0 0 0 0 0 0 0 0 0 0 0 0 0 0 0 0 0 0 0 0 0 0 0 0 0 0 0 0 0 0 0 0 0 0 0 0 0 0 0 0 0 0  # in Bzero
0 1 1 1 1 1 1 1 1 1 1 1 1 1 1 1 1 1 1 1 1 1 1 1 1 1 1 1 1 1 1 1 1 1 1 1 1 1 1 1 1 1 1 1 1 1 1 1 1 1 1 1 1 1 1 1 1 1 1 1 1 1 1 1 1 1 1 1 1 1 1 1 1 1 1 1 1 1 1 1 1 1 1 1 1 1 1 1 1 1 1 1 1 1 1 1 1 1 1 1 1 1 1 1 1 1 1 1 1 1 1 1 1 1 1 1 1 1 1 1 1 1 1 1 1 1 1 1 1 1 1 1 1 1  0 0 0 # in R project
0 1 1 1 1 1 1 1 1 1 1 1 1 1 1 1 1 1 1 1 1 1 1 1 1 1 1 1 1 1 1 1 1 1 1 1 1 1 1 1 1 1 1 1 1 1 1 1 1 1 1 1 1 1 1 1 1 1 1 1 1 1 1 1 1 1 1 1 1 1 1 1 1 1 1 1 1 1 1 1 1 1 1 1 1 1 1 1 1 1 1 1 1 1 1 1 1 1 1 1 1 1 1 1 1 1 1 1 1 1 1 1 1 1 1 1 1 1 1 1 1 1 1 1 1 1 1 1 1 1 1 1 1 1  0 0 0 # in R/S project
# Number of years with pre-specified catches
0
# catches for years with pre-specified catches go next
# Number of future recruitments to override
-2
# Process for overiding (-1 for average otherwise index in data list)
# Which probability to product detailed results for (1=0.5; 2=0.6; etc.)
3
# Steepness sigma-R Auto-correlation
0.718 0.5 0
# Target SPR rate (FMSY Proxy); manually change to SPR_MSY if not using SPR_target
0.5
# Discount rate (for cumulative catch)
0.1
# Truncate the series when 0.4B0 is reached (1=Yes)
0
# Set F to FMSY once 0.4B0 is reached (1=Yes)
0
# Maximum possible F for projection (-1 to set to FMSY)
-1
# Defintion of recovery (1=now only;2=now or before)
2
# Projection type
4
# Definition of the 40-10 rule
10 40
# Sigma Assessment Error (Base, Year1, Slope, MaxSigma)
1.0 2025 0.075 2.0
# Pstar
0.45
# Constrain catches by the ABC (1=yes, 2=no)
2
# Implementation Error (0=no; 1=lognormal; 2=uniform)
0
#Parameters of Implementaion Error
1 0.3
# Calculate coefficients of variation (1=Yes)
0
# Number of replicates to use
10
# Random number seed
-99004
# File with multiple parameter vectors 
rebuild.SSO
# User-specific projection (1=Yes); Output replaced (1->9)
0  5
# Catches and Fs (Year; 1/2/3 (F or C or SPR); value); Final row is -1
2024 1 1
-1 -1 -1
# Fixed catch project (1=Yes); Output replaced (1->9); Approach (-1=Read in else 1-9)
0 2 -1
# (48a) Special catch options (1-Yes) [CUT_OFF, Emsy, distribution, MAXCAT, Add, replace_code]
0 0.18 1.00 1.00 0 6
# (48b) B1Target
150000
# Split of Fs
2011  0.0157087
 0
 0.371096
 0.025363
 0.198155
 0.199154
 0.190524
-1  1 1 1 1 1 1 1 1 1 1 1 1
# Yrs to define T_target for projection type 4 (a.k.a. 5 pre-specified inputs)
2030 2031 2032 2033 2034 
# Year for probability of recovery
2034 2035 2036 2037 2038 2039 2040 2041
# Time varying weight-at-age (1=Yes;0=No)
0
# File with time series of weight-at-age data
none
# Use bisection (0) or linear interpolation (1)
1
# Target Depletion
0.4
# CV of implementation error
0
