#Title, #runnumber: 3 yelloweye_data.ss yelloweye_control.ss 7874.77 1190 477.63 StartTime: Thu May 29 17:06:30 2025
SSv3_default_rebuild.dat
# Number of sexes
1
# Age range to consider (minimum age; maximum age)
0 100
# Number of fleets
7
# First year of projection (Yinit)
2011
# First Year of rebuilding period (Ydecl)
2013
# Number of simulations
1000
# Maximum number of years
500
# Conduct projections with multiple starting values (0=No;else yes)
0
# Number of parameter vectors
1000
# Is the maximum age a plus-group (1=Yes;2=No)
1
# Generate future recruitments using historical recruitments (1)  historical recruits/spawner (2)  or a stock-recruitment (3)
3
# Constant fishing mortality (1) or constant Catch (2) projections
1
# Fishing mortality based on SPR (1) or actual rate (2)
1
# Pre-specify the year of recovery (or -1) to ignore
-1
# Fecundity-at-age
# 0 1 2 3 4 5 6 7 8 9 10 11 12 13 14 15 16 17 18 19 20 21 22 23 24 25 26 27 28 29 30 31 32 33 34 35 36 37 38 39 40 41 42 43 44 45 46 47 48 49 50 51 52 53 54 55 56 57 58 59 60 61 62 63 64 65 66 67 68 69 70 71 72 73 74 75 76 77 78 79 80 81 82 83 84 85 86 87 88 89 90 91 92 93 94 95 96 97 98 99 100 #runnumber: 3 yelloweye_data.ss yelloweye_control.ss 7874.77 1190 477.63
 0 0 3.82451e-09 7.35446e-08 8.78238e-07 7.51567e-06 4.97774e-05 0.000265136 0.00114732 0.00400847 0.0112928 0.0260542 0.0506214 0.0854839 0.129215 0.179243 0.232795 0.287533 0.34179 0.394532 0.445212 0.493599 0.539644 0.583393 0.624932 0.664357 0.70176 0.737228 0.770839 0.802666 0.832776 0.861233 0.888103 0.913445 0.937323 0.959798 0.980932 1.00079 1.01942 1.0369 1.05327 1.0686 1.08295 1.09636 1.10889 1.12059 1.13152 1.14171 1.15121 1.16007 1.16832 1.17601 1.18316 1.18982 1.19602 1.20178 1.20714 1.21213 1.21676 1.22106 1.22506 1.22878 1.23223 1.23543 1.23841 1.24117 1.24374 1.24612 1.24833 1.25038 1.25228 1.25407 1.25574 1.25728 1.25871 1.26004 1.26127 1.26242 1.26348 1.26446 1.26537 1.26622 1.267 1.26773 1.2684 1.26903 1.26961 1.27015 1.27064 1.27111 1.27153 1.27193 1.2723 1.27264 1.27296 1.27325 1.27352 1.27377 1.27401 1.27423 1.27454 #female fecundity; weighted by N in year Y_init across morphs and areas
# Age specific selectivity and weight adjusted for discard and discard mortality
 #wt and selex for gender,fleet: 1 1 1_CA_TWL
 0.00896707 0.00942951 0.0309649 0.073762 0.137039 0.219615 0.318661 0.430901 0.553148 0.682561 0.816783 0.954111 1.09363 1.23508 1.37846 1.5236 1.66995 1.8166 1.96245 2.10637 2.24736 2.38458 2.51739 2.64533 2.76807 2.88544 2.99734 3.10374 3.2047 3.30029 3.39064 3.4759 3.55624 3.63185 3.70291 3.76962 3.83219 3.89083 3.94572 3.99708 4.04509 4.08995 4.13183 4.17091 4.20736 4.24134 4.273 4.3025 4.32996 4.35552 4.37931 4.40144 4.42201 4.44115 4.45893 4.47546 4.49082 4.50508 4.51833 4.53064 4.54207 4.55268 4.56253 4.57167 4.58015 4.58803 4.59533 4.60211 4.6084 4.61424 4.61969 4.62477 4.62949 4.63386 4.63792 4.64168 4.64517 4.6484 4.6514 4.65418 4.65676 4.65916 4.66137 4.66343 4.66534 4.6671 4.66874 4.67026 4.67167 4.67298 4.67419 4.67531 4.67635 4.67731 4.67821 4.67904 4.67981 4.68052 4.68118 4.68179 4.68268
 0 0.00107239 0.00275918 0.0102703 0.0298474 0.0697057 0.136055 0.22951 0.344025 0.468737 0.591341 0.701333 0.792123 0.861616 0.911377 0.945035 0.966758 0.980266 0.988429 0.993262 0.996084 0.99772 0.998664 0.999211 0.999528 0.999714 0.999824 0.99989 0.99993 0.999954 0.999969 0.999979 0.999985 0.999989 0.999992 0.999993 0.999995 0.999995 0.999996 0.999996 0.999997 0.999997 0.999997 0.999997 0.999997 0.999997 0.999997 0.999997 0.999997 0.999997 0.999997 0.999997 0.999997 0.999997 0.999997 0.999997 0.999997 0.999997 0.999997 0.999997 0.999997 0.999997 0.999997 0.999997 0.999997 0.999997 0.999997 0.999997 0.999997 0.999997 0.999997 0.999997 0.999997 0.999997 0.999997 0.999997 0.999997 0.999997 0.999997 0.999997 0.999997 0.999997 0.999997 0.999997 0.999997 0.999997 0.999997 0.999997 0.999997 0.999997 0.999997 0.999997 0.999997 0.999997 0.999997 0.999997 0.999997 0.999997 0.999997 0.999997 0.999997
 #wt and selex for gender,fleet: 1 2 2_CA_NONTWL
 0.00896707 0.00942908 0.030595 0.0728987 0.135637 0.217771 0.316614 0.428986 0.551746 0.682051 0.817479 0.956166 1.09694 1.23928 1.38305 1.52809 1.67398 1.81998 1.96512 2.1084 2.24885 2.38565 2.51815 2.64585 2.76844 2.88569 2.99751 3.10386 3.20478 3.30035 3.39068 3.47593 3.55626 3.63186 3.70292 3.76963 3.8322 3.89083 3.94573 3.99708 4.04509 4.08995 4.13183 4.17091 4.20736 4.24134 4.273 4.3025 4.32996 4.35552 4.37931 4.40143 4.42201 4.44114 4.45893 4.47546 4.49081 4.50508 4.51833 4.53064 4.54207 4.55268 4.56253 4.57167 4.58015 4.58803 4.59533 4.60211 4.6084 4.61424 4.61969 4.62477 4.62948 4.63386 4.63791 4.64168 4.64517 4.6484 4.6514 4.65418 4.65676 4.65915 4.66137 4.66343 4.66534 4.6671 4.66874 4.67026 4.67167 4.67298 4.67419 4.67531 4.67635 4.67731 4.67821 4.67904 4.6798 4.68052 4.68118 4.68179 4.68268
 0 0.00132679 0.0032843 0.0114284 0.0315913 0.0711987 0.135635 0.225264 0.334651 0.454178 0.572872 0.681118 0.772467 0.844289 0.897295 0.934326 0.959036 0.974922 0.984846 0.990914 0.994569 0.996751 0.998047 0.998818 0.999277 0.999552 0.999718 0.99982 0.999883 0.999922 0.999947 0.999963 0.999973 0.99998 0.999984 0.999987 0.99999 0.999991 0.999992 0.999993 0.999993 0.999993 0.999994 0.999994 0.999994 0.999994 0.999994 0.999994 0.999994 0.999994 0.999994 0.999994 0.999994 0.999994 0.999994 0.999994 0.999994 0.999994 0.999994 0.999994 0.999994 0.999993 0.999993 0.999993 0.999993 0.999993 0.999993 0.999993 0.999993 0.999993 0.999993 0.999993 0.999993 0.999993 0.999993 0.999993 0.999993 0.999993 0.999993 0.999993 0.999993 0.999993 0.999993 0.999993 0.999993 0.999993 0.999993 0.999993 0.999993 0.999993 0.999993 0.999993 0.999993 0.999993 0.999993 0.999993 0.999993 0.999993 0.999993 0.999993 0.999993
 #wt and selex for gender,fleet: 1 3 3_CA_REC
 0.00896707 0.00942834 0.0298984 0.0709338 0.131684 0.211097 0.306599 0.415162 0.533805 0.659871 0.791309 0.926947 1.06642 1.20965 1.35628 1.50547 1.65595 1.80629 1.95515 2.10136 2.24399 2.38235 2.51593 2.64437 2.76745 2.88504 2.99707 3.10356 3.20458 3.30021 3.39058 3.47586 3.55622 3.63183 3.70289 3.76961 3.83219 3.89082 3.94572 3.99708 4.04509 4.08994 4.13182 4.17091 4.20736 4.24134 4.273 4.3025 4.32996 4.35552 4.37931 4.40144 4.42201 4.44115 4.45893 4.47546 4.49082 4.50508 4.51833 4.53064 4.54207 4.55268 4.56253 4.57167 4.58015 4.58803 4.59534 4.60212 4.60841 4.61424 4.61969 4.62477 4.62949 4.63386 4.63792 4.64168 4.64517 4.6484 4.6514 4.65419 4.65677 4.65916 4.66138 4.66343 4.66534 4.66711 4.66874 4.67026 4.67167 4.67298 4.67419 4.67531 4.67635 4.67732 4.67821 4.67904 4.67981 4.68052 4.68118 4.68179 4.68268
 0 0.00399387 0.0092223 0.0279275 0.068067 0.1371 0.236269 0.358791 0.491947 0.621275 0.734652 0.824965 0.890785 0.935084 0.962933 0.97949 0.988911 0.994096 0.996884 0.99836 0.999135 0.999541 0.999754 0.999866 0.999926 0.999958 0.999976 0.999986 0.999992 0.999995 0.999997 0.999998 0.999998 0.999999 0.999999 0.999999 0.999999 0.999999 0.999999 0.999999 0.999999 0.999999 0.999999 0.999999 0.999999 0.999999 0.999999 0.999999 0.999999 0.999999 0.999999 0.999999 0.999999 0.999999 0.999999 0.999999 0.999999 0.999999 0.999999 0.999999 0.999999 0.999999 0.999999 0.999999 0.999999 0.999999 0.999999 0.999999 0.999999 0.999999 0.999999 0.999999 0.999999 0.999999 0.999999 0.999999 0.999999 0.999999 0.999999 0.999999 0.999999 0.999999 0.999999 0.999999 0.999999 0.999999 0.999999 0.999999 0.999999 0.999999 0.999999 0.999999 0.999999 0.999999 0.999999 0.999999 0.999999 0.999999 0.999999 0.999999 0.999999
 #wt and selex for gender,fleet: 1 4 4_ORWA_TWL
 0.00896707 0.00942692 0.0285161 0.0674222 0.125569 0.20226 0.295406 0.402356 0.520361 0.646846 0.779658 0.917319 1.05905 1.20439 1.35276 1.50324 1.6546 1.80551 1.95471 2.10111 2.24386 2.38228 2.51589 2.64435 2.76744 2.88503 2.99707 3.10356 3.20457 3.30021 3.39058 3.47586 3.55621 3.63183 3.70289 3.76961 3.83218 3.89082 3.94572 3.99708 4.04509 4.08994 4.13182 4.1709 4.20735 4.24134 4.273 4.3025 4.32996 4.35552 4.37931 4.40144 4.42201 4.44115 4.45893 4.47546 4.49082 4.50508 4.51833 4.53064 4.54207 4.55268 4.56253 4.57167 4.58015 4.58803 4.59533 4.60211 4.6084 4.61424 4.61969 4.62477 4.62949 4.63386 4.63792 4.64168 4.64517 4.6484 4.6514 4.65418 4.65676 4.65916 4.66137 4.66343 4.66534 4.6671 4.66874 4.67026 4.67167 4.67298 4.67419 4.67531 4.67635 4.67731 4.67821 4.67904 4.67981 4.68052 4.68118 4.68179 4.68268
 0 0.0133859 0.0269367 0.062467 0.12308 0.210451 0.320211 0.442907 0.566888 0.681325 0.778356 0.854145 0.908857 0.945591 0.968735 0.982567 0.990493 0.994892 0.997278 0.998553 0.999229 0.999587 0.999776 0.999877 0.999931 0.99996 0.999976 0.999986 0.999991 0.999993 0.999995 0.999996 0.999997 0.999997 0.999997 0.999997 0.999997 0.999997 0.999997 0.999997 0.999997 0.999997 0.999997 0.999997 0.999997 0.999997 0.999997 0.999997 0.999997 0.999997 0.999997 0.999997 0.999996 0.999996 0.999996 0.999996 0.999996 0.999996 0.999996 0.999996 0.999996 0.999996 0.999996 0.999996 0.999996 0.999996 0.999996 0.999996 0.999996 0.999996 0.999996 0.999996 0.999996 0.999996 0.999996 0.999996 0.999996 0.999996 0.999996 0.999996 0.999996 0.999996 0.999996 0.999996 0.999996 0.999996 0.999996 0.999996 0.999996 0.999996 0.999996 0.999996 0.999996 0.999996 0.999996 0.999996 0.999996 0.999996 0.999996 0.999996 0.999996
 #wt and selex for gender,fleet: 1 5 5_ORWA_NONTWL
 0.00896707 0.00942862 0.0302198 0.0723199 0.135427 0.218923 0.320445 0.436968 0.565348 0.70262 0.84614 0.993624 1.14315 1.29316 1.44242 1.59005 1.73549 1.87838 2.01847 2.15556 2.28943 2.41981 2.54642 2.66896 2.78715 2.90075 3.00959 3.11355 3.21255 3.3066 3.39573 3.48003 3.55961 3.63462 3.7052 3.77153 3.8338 3.89219 3.94688 3.99808 4.04596 4.0907 4.13249 4.1715 4.20789 4.24181 4.27343 4.30289 4.33032 4.35585 4.37961 4.40172 4.42228 4.4414 4.45917 4.47568 4.49103 4.50528 4.51853 4.53083 4.54225 4.55285 4.56269 4.57183 4.58031 4.58818 4.59548 4.60226 4.60855 4.61438 4.61982 4.62491 4.62962 4.63399 4.63805 4.64181 4.6453 4.64853 4.65153 4.65431 4.65689 4.65928 4.6615 4.66355 4.66546 4.66723 4.66886 4.67038 4.67179 4.6731 4.67431 4.67543 4.67647 4.67743 4.67833 4.67916 4.67992 4.68064 4.6813 4.68191 4.6828
 0 0.000685571 0.00162907 0.00534421 0.0144409 0.0327339 0.064048 0.110904 0.173578 0.249916 0.335873 0.426437 0.516581 0.601977 0.67942 0.746964 0.803855 0.85031 0.887231 0.915905 0.937751 0.954139 0.966289 0.97522 0.981748 0.986504 0.989967 0.992492 0.994338 0.995693 0.996693 0.997436 0.997992 0.998411 0.998729 0.998973 0.999161 0.999308 0.999423 0.999514 0.999587 0.999646 0.999694 0.999733 0.999765 0.999791 0.999813 0.999832 0.999848 0.999861 0.999873 0.999883 0.999891 0.999899 0.999905 0.999911 0.999916 0.99992 0.999924 0.999927 0.99993 0.999933 0.999935 0.999938 0.99994 0.999941 0.999943 0.999944 0.999946 0.999947 0.999948 0.999949 0.999949 0.99995 0.99995 0.999951 0.999951 0.999952 0.999952 0.999953 0.999953 0.999953 0.999954 0.999954 0.999954 0.999954 0.999955 0.999955 0.999955 0.999955 0.999955 0.999955 0.999955 0.999956 0.999956 0.999956 0.999956 0.999956 0.999956 0.999956 0.999956
 #wt and selex for gender,fleet: 1 6 6_OR_REC
 0.00896707 0.00944331 0.0391101 0.0906381 0.162211 0.249283 0.346672 0.450116 0.557147 0.668089 0.785475 0.911774 1.04765 1.19176 1.34165 1.49467 1.64852 1.80141 1.95201 2.09933 2.24263 2.38138 2.51517 2.64372 2.76685 2.88444 2.99647 3.10294 3.20393 3.29954 3.38989 3.47514 3.55547 3.63106 3.7021 3.7688 3.83135 3.88997 3.94485 3.99619 4.04418 4.08902 4.13089 4.16996 4.2064 4.24037 4.27202 4.30151 4.32896 4.35452 4.3783 4.40042 4.42099 4.44012 4.45789 4.47442 4.48977 4.50403 4.51728 4.52958 4.54101 4.55161 4.56146 4.5706 4.57908 4.58695 4.59426 4.60103 4.60732 4.61316 4.6186 4.62368 4.62839 4.63277 4.63682 4.64058 4.64407 4.6473 4.6503 4.65308 4.65566 4.65805 4.66027 4.66232 4.66423 4.66599 4.66763 4.66915 4.67056 4.67186 4.67307 4.67419 4.67523 4.6762 4.67709 4.67792 4.67869 4.6794 4.68006 4.68067 4.68156
 0 1.86012e-05 0.000126743 0.00181846 0.0132735 0.0563764 0.157893 0.322099 0.517256 0.696487 0.829497 0.912764 0.958491 0.981248 0.991773 0.996372 0.998278 0.999011 0.999246 0.999272 0.99921 0.999112 0.998999 0.998882 0.998764 0.998648 0.998535 0.998426 0.998321 0.99822 0.998124 0.998032 0.997945 0.997863 0.997786 0.997712 0.997643 0.997578 0.997517 0.99746 0.997406 0.997356 0.997309 0.997265 0.997224 0.997186 0.99715 0.997117 0.997085 0.997056 0.997029 0.997004 0.996981 0.996959 0.996939 0.99692 0.996902 0.996886 0.996871 0.996857 0.996844 0.996832 0.99682 0.99681 0.9968 0.996791 0.996783 0.996775 0.996768 0.996761 0.996755 0.996749 0.996744 0.996739 0.996734 0.99673 0.996726 0.996722 0.996719 0.996715 0.996712 0.99671 0.996707 0.996705 0.996703 0.996701 0.996699 0.996697 0.996695 0.996694 0.996692 0.996691 0.99669 0.996689 0.996688 0.996687 0.996686 0.996685 0.996684 0.996684 0.996683
 #wt and selex for gender,fleet: 1 7 7_WA_REC
 0.00896707 0.00944508 0.0402265 0.0948333 0.17267 0.26957 0.380135 0.499466 0.62365 0.749856 0.876465 1.00327 1.1313 1.26199 1.39644 1.53485 1.67655 1.82021 1.96428 2.10721 2.24768 2.38465 2.51736 2.64526 2.768 2.88538 2.99729 3.1037 3.20467 3.30027 3.39062 3.47589 3.55623 3.63184 3.7029 3.76962 3.83219 3.89082 3.94572 3.99708 4.04509 4.08995 4.13183 4.17091 4.20736 4.24134 4.273 4.3025 4.32996 4.35552 4.37931 4.40144 4.42201 4.44115 4.45893 4.47546 4.49082 4.50508 4.51833 4.53064 4.54207 4.55268 4.56253 4.57167 4.58015 4.58803 4.59534 4.60212 4.60841 4.61424 4.61969 4.62477 4.62949 4.63386 4.63792 4.64168 4.64517 4.6484 4.6514 4.65419 4.65677 4.65916 4.66138 4.66343 4.66534 4.66711 4.66874 4.67026 4.67167 4.67298 4.67419 4.67531 4.67635 4.67732 4.67821 4.67904 4.67981 4.68052 4.68118 4.68179 4.68268
 0 9.78905e-07 7.52124e-06 0.000137294 0.00133114 0.00764848 0.0290324 0.0796451 0.169586 0.296326 0.443853 0.590195 0.717126 0.815621 0.885433 0.931473 0.96018 0.977334 0.98727 0.992901 0.996048 0.997794 0.998761 0.999297 0.999596 0.999765 0.999861 0.999916 0.999948 0.999968 0.999979 0.999986 0.999991 0.999994 0.999996 0.999997 0.999998 0.999998 0.999998 0.999999 0.999999 0.999999 0.999999 0.999999 0.999999 0.999999 0.999999 0.999999 0.999999 0.999999 0.999999 0.999999 0.999999 0.999999 0.999999 0.999999 0.999999 0.999999 0.999999 0.999999 0.999999 0.999999 0.999999 0.999999 0.999999 0.999999 0.999999 0.999999 0.999999 0.999999 0.999999 0.999999 0.999999 0.999999 0.999999 0.999999 0.999999 0.999999 0.999999 0.999999 0.999999 0.999999 0.999999 0.999999 0.999999 0.999999 0.999999 0.999999 0.999999 0.999999 0.999999 0.999999 0.999999 0.999999 0.999999 0.999999 0.999999 0.999999 0.999999 0.999999 0.999999
# Sex ratio correction
1
# M and current age-structure in year Yinit: 2011
 # gender = 1
 0.0439034 0.0439034 0.0439034 0.0439034 0.0439034 0.0439034 0.0439034 0.0439034 0.0439034 0.0439034 0.0439034 0.0439034 0.0439034 0.0439034 0.0439034 0.0439034 0.0439034 0.0439034 0.0439034 0.0439034 0.0439034 0.0439034 0.0439034 0.0439034 0.0439034 0.0439034 0.0439034 0.0439034 0.0439034 0.0439034 0.0439034 0.0439034 0.0439034 0.0439034 0.0439034 0.0439034 0.0439034 0.0439034 0.0439034 0.0439034 0.0439034 0.0439034 0.0439034 0.0439034 0.0439034 0.0439034 0.0439034 0.0439034 0.0439034 0.0439034 0.0439034 0.0439034 0.0439034 0.0439034 0.0439034 0.0439034 0.0439034 0.0439034 0.0439034 0.0439034 0.0439034 0.0439034 0.0439034 0.0439034 0.0439034 0.0439034 0.0439034 0.0439034 0.0439034 0.0439034 0.0439034 0.0439034 0.0439034 0.0439034 0.0439034 0.0439034 0.0439034 0.0439034 0.0439034 0.0439034 0.0439034 0.0439034 0.0439034 0.0439034 0.0439034 0.0439034 0.0439034 0.0439034 0.0439034 0.0439034 0.0439034 0.0439034 0.0439034 0.0439034 0.0439034 0.0439034 0.0439034 0.0439034 0.0439034 0.0439034 0.0439034
 278.888 346.704 340.491 423.453 239.379 228.311 128.56 80.4238 114.196 270.629 73.2607 60.3106 110.521 66.568 39.9954 31.6142 31.4055 62.4174 69.909 32.7171 26.1032 26.116 25.572 26.2951 30.8192 34.0358 41.314 42.1387 27.6301 34.5719 26.4505 20.4612 15.0513 9.85718 11.8489 10.9958 11.653 7.09134 5.72857 6.96609 11.3842 6.59139 4.98967 4.20631 3.27587 2.74653 2.1511 1.7493 1.64375 1.74642 1.93603 1.98925 1.79773 1.55051 1.36539 1.25027 1.19624 1.19773 1.25468 1.37326 1.5569 1.77795 1.91876 1.82172 1.56306 1.31413 1.12662 0.993981 0.90051 0.832338 0.780726 0.740203 0.707547 0.680492 0.656911 0.63499 0.613342 0.591399 0.569229 0.547408 0.526602 0.507341 0.489769 0.473823 0.459163 0.445323 0.431868 0.418452 0.404826 0.390889 0.376644 0.362158 0.347566 0.332832 0.318216 0.303957 0.290172 0.276929 0.264264 0.252194 5.50216
# Age-structure at Ydeclare= 2013
 571.262 231.615 255.443 317.554 311.853 387.803 219.181 208.966 117.594 73.5027 104.272 246.882 66.7782 54.9377 100.624 60.5845 36.3909 28.7598 28.5664 56.77 63.58 29.7539 23.7384 23.7494 23.2542 23.9114 28.025 30.9493 37.5668 38.3159 25.1229 31.434 24.0491 18.6032 13.6843 8.96173 10.7724 9.99659 10.594 6.44678 5.2078 6.33274 10.349 5.99196 4.53586 3.8237 2.97787 2.49667 1.95539 1.59014 1.49419 1.58751 1.75986 1.80824 1.63414 1.40942 1.24113 1.13649 1.08738 1.08874 1.1405 1.24829 1.41521 1.61615 1.74414 1.65593 1.42081 1.19453 1.02409 0.903521 0.818557 0.756588 0.709673 0.672838 0.643154 0.618561 0.597125 0.5772 0.557522 0.537576 0.517424 0.497589 0.478676 0.461168 0.445195 0.4307 0.417375 0.404794 0.392564 0.380369 0.367983 0.355315 0.342366 0.329198 0.315934 0.302541 0.289255 0.276295 0.263764 0.251726 5.47087
# Year for Tmin Age-structure (set to Ydecl by SS)
2013
#  recruitment and biomass
# Number of historical assessment years
137
# Historical data
# year recruitment spawner in B0 in R project in R/S project
1888  1889 1890 1891 1892 1893 1894 1895 1896 1897 1898 1899 1900 1901 1902 1903 1904 1905 1906 1907 1908 1909 1910 1911 1912 1913 1914 1915 1916 1917 1918 1919 1920 1921 1922 1923 1924 1925 1926 1927 1928 1929 1930 1931 1932 1933 1934 1935 1936 1937 1938 1939 1940 1941 1942 1943 1944 1945 1946 1947 1948 1949 1950 1951 1952 1953 1954 1955 1956 1957 1958 1959 1960 1961 1962 1963 1964 1965 1966 1967 1968 1969 1970 1971 1972 1973 1974 1975 1976 1977 1978 1979 1980 1981 1982 1983 1984 1985 1986 1987 1988 1989 1990 1991 1992 1993 1994 1995 1996 1997 1998 1999 2000 2001 2002 2003 2004 2005 2006 2007 2008 2009 2010 2011 2012 2013 2014 2015 2016 2017 2018 2019 2020 2021 2022 2023 2024 #years (with first value representing R0)
241.887 243.214 243.259 243.306 243.354 243.394 243.436 243.48 243.531 243.586 243.643 243.703 243.768 243.837 243.911 243.986 244.068 244.162 244.266 244.394 244.539 244.708 244.901 245.116 245.351 245.592 245.816 245.981 246.042 245.936 245.579 244.82 243.524 241.771 239.525 236.796 233.631 230.125 226.437 222.747 219.246 216.104 213.402 211.085 209.024 206.96 204.638 201.885 198.736 195.429 192.408 190.155 189.138 189.755 192.524 198.321 208.505 225.144 250.216 283.555 314.828 315.841 278.696 232.349 195.08 169.626 154.074 146.388 145.507 151.069 163.02 179.514 188.526 173.996 148.684 132.398 133.081 154.21 185.038 206.67 247.403 272.075 330.991 522.359 289.583 213.841 235.637 341.854 282.626 265 190.599 250.173 290.896 320.352 355.494 240.619 310.749 258.511 181.692 141.481 104.852 89.5927 81.4431 73.4218 84.1066 166.273 138.791 65.793 62.741 75.4362 119.572 189.262 98.5348 114.258 403.132 162.563 109.465 167.377 284.403 285.35 483.075 371.741 362.264 278.888 242.01 571.262 262.554 358.824 242.279 120.696 115.189 118.402 117.082 152.784 173.705 179.121 208.77  #recruits; first value is R0 (virgin)
1190  1190 1189.99 1189.98 1189.95 1189.49 1189.03 1188.57 1188.42 1188.34 1188.26 1188.19 1188.1 1188.01 1187.92 1187.82 1187.73 1187.62 1187.53 1187.44 1187.34 1187.13 1187.03 1186.93 1186.82 1186.71 1186.59 1186.47 1186.27 1186.14 1185.85 1183.51 1182.75 1182.11 1181.54 1181.25 1180.9 1180.01 1178.78 1176.75 1174.02 1171.4 1169.24 1166.75 1165.28 1163.97 1162.64 1160.75 1158.8 1155.81 1153.01 1149.81 1147.12 1143.17 1137.58 1131.49 1120.78 1109.25 1092.38 1076.61 1068.42 1059.12 1051.47 1043.02 1032.92 1023.86 1016.6 1008.23 1000.35 992.618 984.062 976.546 970.541 966.114 963.877 961.173 960.054 960.124 950.383 947.341 941.981 936.237 921.143 910.423 896.305 878.828 859.786 838.943 818.934 796.143 773.722 738.842 702.273 674.664 639.846 583.497 535.86 508.453 472.105 443.256 416.463 393.783 365.164 345.585 314.08 285.722 258.831 245.182 231.385 216.065 197.939 194.15 185.831 189.601 192.817 199.714 206.643 213.766 220.727 227.861 234.431 241.33 248.184 255.845 263.915 272.488 282.187 293.075 304.711 317.872 331.522 347.168 364.478 384.476 406.327 428.735 452.092 #spbio; first value is SSB_virgin (virgin)
1 0 0 0 0 0 0 0 0 0 0 0 0 0 0 0 0 0 0 0 0 0 0 0 0 0 0 0 0 0 0 0 0 0 0 0 0 0 0 0 0 0 0 0 0 0 0 0 0 0 0 0 0 0 0 0 0 0 0 0 0 0 0 0 0 0 0 0 0 0 0 0 0 0 0 0 0 0 0 0 0 0 0 0 0 0 0 0 0 0 0 0 0 0 0 0 0 0 0 0 0 0 0 0 0 0 0 0 0 0 0 0 0 0 0 0 0 0 0 0 0 0 0 0 0 0 0 0 0 0 0 0 0 0 0 0 0  # in Bzero
0 1 1 1 1 1 1 1 1 1 1 1 1 1 1 1 1 1 1 1 1 1 1 1 1 1 1 1 1 1 1 1 1 1 1 1 1 1 1 1 1 1 1 1 1 1 1 1 1 1 1 1 1 1 1 1 1 1 1 1 1 1 1 1 1 1 1 1 1 1 1 1 1 1 1 1 1 1 1 1 1 1 1 1 1 1 1 1 1 1 1 1 1 1 1 1 1 1 1 1 1 1 1 1 1 1 1 1 1 1 1 1 1 1 1 1 1 1 1 1 1 1 1 1 1 1 1 1 1 1 1 1 1 1  0 0 0 # in R project
0 1 1 1 1 1 1 1 1 1 1 1 1 1 1 1 1 1 1 1 1 1 1 1 1 1 1 1 1 1 1 1 1 1 1 1 1 1 1 1 1 1 1 1 1 1 1 1 1 1 1 1 1 1 1 1 1 1 1 1 1 1 1 1 1 1 1 1 1 1 1 1 1 1 1 1 1 1 1 1 1 1 1 1 1 1 1 1 1 1 1 1 1 1 1 1 1 1 1 1 1 1 1 1 1 1 1 1 1 1 1 1 1 1 1 1 1 1 1 1 1 1 1 1 1 1 1 1 1 1 1 1 1 1  0 0 0 # in R/S project
# Number of years with pre-specified catches
0
# catches for years with pre-specified catches go next
# Number of future recruitments to override
-2
# Process for overiding (-1 for average otherwise index in data list)
# Which probability to product detailed results for (1=0.5; 2=0.6; etc.)
3
# Steepness sigma-R Auto-correlation
0.72 0.5 0
# Target SPR rate (FMSY Proxy); manually change to SPR_MSY if not using SPR_target
0.5
# Discount rate (for cumulative catch)
0.1
# Truncate the series when 0.4B0 is reached (1=Yes)
0
# Set F to FMSY once 0.4B0 is reached (1=Yes)
0
# Maximum possible F for projection (-1 to set to FMSY)
-1
# Defintion of recovery (1=now only;2=now or before)
2
# Projection type
4
# Definition of the 40-10 rule
10 40
# Sigma Assessment Error (Base, Year1, Slope, MaxSigma)
1.0 2025 0.075 2.0
# Pstar
0.45
# Constrain catches by the ABC (1=yes, 2=no)
2
# Implementation Error (0=no; 1=lognormal; 2=uniform)
0
#Parameters of Implementaion Error
1 0.3
# Calculate coefficients of variation (1=Yes)
0
# Number of replicates to use
10
# Random number seed
-99004
# File with multiple parameter vectors 
rebuild.SSO
# User-specific projection (1=Yes); Output replaced (1->9)
0  5
# Catches and Fs (Year; 1/2/3 (F or C or SPR); value); Final row is -1
2024 1 1
-1 -1 -1
# Fixed catch project (1=Yes); Output replaced (1->9); Approach (-1=Read in else 1-9)
0 2 -1
# (48a) Special catch options (1-Yes) [CUT_OFF, Emsy, distribution, MAXCAT, Add, replace_code]
0 0.18 1.00 1.00 0 6
# (48b) B1Target
150000
# Split of Fs
2011  0.00956509
 0.162058
 0.222083
 0.0132071
 0.413086
 0.0974175
 0.0825824
-1  1 1 1 1 1 1 1 1 1 1 1 1
# Yrs to define T_target for projection type 4 (a.k.a. 5 pre-specified inputs)
2030 2031 2032 2033 2034 
# Year for probability of recovery
2034 2035 2036 2037 2038 2039 2040 2041
# Time varying weight-at-age (1=Yes;0=No)
0
# File with time series of weight-at-age data
none
# Use bisection (0) or linear interpolation (1)
1
# Target Depletion
0.4
# CV of implementation error
0
