#Title, #runnumber: 1 yelloweye_data.ss yelloweye_control.ss 7216.86 1125.61 389.02 StartTime: Thu May  1 10:23:28 2025
SSv3_default_rebuild.dat
# Number of sexes
1
# Age range to consider (minimum age; maximum age)
0 100
# Number of fleets
7
# First year of projection (Yinit)
2011
# First Year of rebuilding period (Ydecl)
2013
# Number of simulations
1000
# Maximum number of years
500
# Conduct projections with multiple starting values (0=No;else yes)
0
# Number of parameter vectors
1000
# Is the maximum age a plus-group (1=Yes;2=No)
1
# Generate future recruitments using historical recruitments (1)  historical recruits/spawner (2)  or a stock-recruitment (3)
3
# Constant fishing mortality (1) or constant Catch (2) projections
1
# Fishing mortality based on SPR (1) or actual rate (2)
1
# Pre-specify the year of recovery (or -1) to ignore
-1
# Fecundity-at-age
# 0 1 2 3 4 5 6 7 8 9 10 11 12 13 14 15 16 17 18 19 20 21 22 23 24 25 26 27 28 29 30 31 32 33 34 35 36 37 38 39 40 41 42 43 44 45 46 47 48 49 50 51 52 53 54 55 56 57 58 59 60 61 62 63 64 65 66 67 68 69 70 71 72 73 74 75 76 77 78 79 80 81 82 83 84 85 86 87 88 89 90 91 92 93 94 95 96 97 98 99 100 #runnumber: 1 yelloweye_data.ss yelloweye_control.ss 7216.86 1125.61 389.02
 0 0 2.50352e-09 5.35092e-08 6.95881e-07 6.34105e-06 4.41141e-05 0.000244557 0.00109388 0.00392542 0.0112864 0.0264181 0.0518199 0.0880174 0.133464 0.185388 0.240829 0.297325 0.353158 0.407297 0.459221 0.508734 0.555818 0.600543 0.64301 0.683323 0.721581 0.757869 0.792267 0.824844 0.855669 0.884803 0.91231 0.938252 0.962691 0.985689 1.00731 1.02761 1.04667 1.06453 1.08125 1.09691 1.11155 1.12524 1.13802 1.14995 1.16108 1.17146 1.18113 1.19014 1.19853 1.20634 1.21361 1.22037 1.22666 1.2325 1.23794 1.24298 1.24767 1.25203 1.25607 1.25983 1.26331 1.26655 1.26955 1.27234 1.27493 1.27732 1.27955 1.28161 1.28353 1.28533 1.287 1.28855 1.28999 1.29132 1.29256 1.29371 1.29477 1.29575 1.29667 1.29751 1.2983 1.29902 1.2997 1.30032 1.3009 1.30143 1.30193 1.30239 1.30282 1.30321 1.30358 1.30392 1.30423 1.30452 1.30479 1.30504 1.30527 1.30549 1.3058 #female fecundity; weighted by N in year Y_init across morphs and areas
# Age specific selectivity and weight adjusted for discard and discard mortality
 #wt and selex for gender,fleet: 1 1 1_CA_TWL
 0.00896707 0.00905537 0.0269398 0.0681772 0.13041 0.212767 0.312375 0.425844 0.549867 0.6815 0.818304 0.958524 1.10123 1.24618 1.39338 1.54264 1.69334 1.84447 1.9948 2.14313 2.28837 2.42965 2.5663 2.69786 2.824 2.94454 3.0594 3.16856 3.27208 3.37005 3.46261 3.5499 3.63211 3.70944 3.78208 3.85024 3.91414 3.97398 4.02998 4.08234 4.13126 4.17694 4.21957 4.25932 4.29638 4.33091 4.36307 4.39301 4.42087 4.44679 4.47089 4.4933 4.51413 4.53348 4.55146 4.56817 4.58368 4.59808 4.61145 4.62385 4.63537 4.64606 4.65597 4.66517 4.6737 4.68161 4.68895 4.69576 4.70207 4.70792 4.71338 4.71847 4.72319 4.72757 4.73163 4.73539 4.73887 4.7421 4.7451 4.74787 4.75045 4.75283 4.75504 4.75708 4.75898 4.76074 4.76237 4.76388 4.76527 4.76657 4.76777 4.76888 4.76991 4.77087 4.77175 4.77257 4.77333 4.77404 4.77469 4.77529 4.77617
 0 0.00105259 0.00230614 0.00895566 0.0271649 0.0654971 0.130852 0.224445 0.34038 0.467437 0.592656 0.704872 0.797066 0.867036 0.916517 0.949435 0.970248 0.982876 0.990297 0.994556 0.996959 0.998301 0.999047 0.999462 0.999692 0.999822 0.999895 0.999937 0.999961 0.999976 0.999984 0.999989 0.999992 0.999994 0.999995 0.999996 0.999997 0.999997 0.999997 0.999997 0.999997 0.999997 0.999997 0.999997 0.999997 0.999997 0.999997 0.999997 0.999997 0.999997 0.999997 0.999997 0.999997 0.999997 0.999997 0.999997 0.999997 0.999997 0.999997 0.999997 0.999997 0.999997 0.999997 0.999997 0.999997 0.999997 0.999997 0.999997 0.999997 0.999997 0.999997 0.999997 0.999997 0.999997 0.999997 0.999997 0.999997 0.999997 0.999997 0.999997 0.999997 0.999997 0.999997 0.999997 0.999997 0.999997 0.999997 0.999997 0.999997 0.999997 0.999997 0.999997 0.999997 0.999997 0.999997 0.999997 0.999997 0.999997 0.999997 0.999997 0.999997
 #wt and selex for gender,fleet: 1 3 3_CA_REC
 0.00896707 0.00905532 0.0260441 0.0655097 0.125217 0.204384 0.30042 0.410205 0.530649 0.658998 0.793114 0.931771 1.07459 1.22151 1.37216 1.52561 1.68049 1.83527 1.98849 2.13895 2.28567 2.42793 2.56522 2.69718 2.82358 2.94428 3.05923 3.16846 3.27201 3.37001 3.46258 3.54988 3.6321 3.70943 3.78207 3.85024 3.91414 3.97398 4.02998 4.08234 4.13126 4.17694 4.21957 4.25932 4.29638 4.33091 4.36307 4.39301 4.42087 4.44679 4.47089 4.4933 4.51413 4.53348 4.55147 4.56817 4.58368 4.59808 4.61145 4.62386 4.63537 4.64606 4.65597 4.66517 4.6737 4.68161 4.68895 4.69576 4.70207 4.70792 4.71338 4.71847 4.72319 4.72757 4.73163 4.73539 4.73888 4.74211 4.7451 4.74788 4.75045 4.75283 4.75504 4.75709 4.75898 4.76074 4.76237 4.76388 4.76528 4.76657 4.76777 4.76888 4.76991 4.77087 4.77175 4.77257 4.77333 4.77404 4.77469 4.77529 4.77617
 0 0.00394823 0.00795822 0.0249422 0.0629347 0.130083 0.228452 0.351653 0.48675 0.618644 0.734474 0.826572 0.893302 0.937749 0.965272 0.981311 0.990214 0.994975 0.997451 0.998715 0.999352 0.999672 0.999833 0.999914 0.999955 0.999976 0.999987 0.999993 0.999996 0.999997 0.999998 0.999999 0.999999 0.999999 0.999999 0.999999 0.999999 0.999999 0.999999 0.999999 0.999999 0.999999 0.999999 0.999999 0.999999 0.999999 0.999999 0.999999 0.999999 0.999999 0.999999 0.999999 0.999999 0.999999 0.999999 0.999999 0.999999 0.999999 0.999999 0.999999 0.999999 0.999999 0.999999 0.999999 0.999999 0.999999 0.999999 0.999999 0.999999 0.999999 0.999999 0.999999 0.999999 0.999999 0.999999 0.999999 0.999999 0.999999 0.999999 0.999999 0.999999 0.999999 0.999999 0.999999 0.999999 0.999999 0.999999 0.999999 0.999999 0.999999 0.999999 0.999999 0.999999 0.999999 0.999999 0.999999 0.999999 0.999999 0.999999 0.999999 0.999999
 #wt and selex for gender,fleet: 1 4 4_ORWA_TWL
 0.00896707 0.00905526 0.0248381 0.0620425 0.119095 0.195585 0.289502 0.398169 0.518755 0.648564 0.785236 0.926976 1.07267 1.22171 1.37354 1.5274 1.68218 1.83664 1.98951 2.13965 2.28613 2.42823 2.56541 2.6973 2.82365 2.94432 3.05926 3.16847 3.27202 3.37002 3.46258 3.54988 3.6321 3.70943 3.78207 3.85024 3.91414 3.97398 4.02998 4.08234 4.13126 4.17694 4.21957 4.25932 4.29638 4.33091 4.36307 4.39301 4.42087 4.44679 4.47089 4.4933 4.51413 4.53348 4.55146 4.56817 4.58368 4.59808 4.61145 4.62385 4.63537 4.64606 4.65597 4.66517 4.6737 4.68161 4.68895 4.69576 4.70207 4.70792 4.71338 4.71847 4.72319 4.72757 4.73163 4.73539 4.73887 4.7421 4.7451 4.74787 4.75045 4.75283 4.75504 4.75708 4.75898 4.76074 4.76237 4.76388 4.76527 4.76657 4.76777 4.76888 4.76991 4.77087 4.77175 4.77257 4.77333 4.77403 4.77469 4.77529 4.77617
 0 0.0128537 0.0232081 0.0544122 0.108898 0.189026 0.291776 0.409147 0.530564 0.645643 0.746266 0.827695 0.888824 0.93156 0.959567 0.976918 0.987178 0.99302 0.996253 0.998005 0.998941 0.999437 0.999698 0.999837 0.999911 0.99995 0.999971 0.999983 0.999989 0.999993 0.999995 0.999996 0.999997 0.999997 0.999997 0.999997 0.999997 0.999997 0.999997 0.999997 0.999997 0.999997 0.999997 0.999997 0.999997 0.999997 0.999997 0.999997 0.999997 0.999997 0.999997 0.999997 0.999997 0.999996 0.999996 0.999996 0.999996 0.999996 0.999996 0.999996 0.999996 0.999996 0.999996 0.999996 0.999996 0.999996 0.999996 0.999996 0.999996 0.999996 0.999996 0.999996 0.999996 0.999996 0.999996 0.999996 0.999996 0.999996 0.999996 0.999996 0.999996 0.999996 0.999996 0.999996 0.999996 0.999996 0.999996 0.999996 0.999996 0.999996 0.999996 0.999996 0.999996 0.999996 0.999996 0.999996 0.999996 0.999996 0.999996 0.999996 0.999996
 #wt and selex for gender,fleet: 1 5 5_ORWA_NONTWL
 0.00896707 0.00905533 0.0262727 0.0666949 0.128651 0.211856 0.313964 0.43187 0.562313 0.702213 0.848818 0.999755 1.15303 1.30699 1.46034 1.61213 1.76172 1.90867 2.05273 2.19367 2.33126 2.46524 2.59533 2.72121 2.84261 2.95927 3.07102 3.17772 3.2793 3.37576 3.46713 3.55351 3.63501 3.71178 3.78399 3.85181 3.91543 3.97506 4.03089 4.08311 4.13192 4.17751 4.22006 4.25976 4.29677 4.33125 4.36338 4.39328 4.42112 4.44701 4.4711 4.49349 4.51431 4.53365 4.55162 4.56831 4.58382 4.59821 4.61157 4.62398 4.63549 4.64617 4.65608 4.66527 4.6738 4.68171 4.68905 4.69585 4.70216 4.70801 4.71347 4.71856 4.72328 4.72765 4.73171 4.73547 4.73896 4.74219 4.74518 4.74795 4.75052 4.75291 4.75512 4.75716 4.75906 4.76082 4.76244 4.76395 4.76535 4.76665 4.76785 4.76896 4.76999 4.77094 4.77183 4.77265 4.77341 4.77411 4.77476 4.77537 4.77624
 0 0.000655922 0.00134758 0.00454367 0.0126726 0.0294695 0.0588563 0.103609 0.164333 0.239174 0.324284 0.414719 0.5054 0.591875 0.670765 0.739944 0.798485 0.846469 0.884704 0.914432 0.937069 0.954013 0.966525 0.975669 0.982302 0.987093 0.990546 0.993035 0.994831 0.996133 0.997081 0.997775 0.998287 0.998667 0.998952 0.999166 0.99933 0.999456 0.999553 0.999629 0.999689 0.999737 0.999775 0.999806 0.999831 0.999852 0.999869 0.999883 0.999895 0.999905 0.999914 0.999921 0.999927 0.999933 0.999937 0.999941 0.999945 0.999948 0.999951 0.999953 0.999955 0.999957 0.999959 0.99996 0.999962 0.999963 0.999964 0.999965 0.999966 0.999967 0.999967 0.999968 0.999968 0.999969 0.999969 0.999969 0.99997 0.99997 0.99997 0.99997 0.999971 0.999971 0.999971 0.999971 0.999971 0.999972 0.999972 0.999972 0.999972 0.999972 0.999972 0.999972 0.999972 0.999972 0.999972 0.999973 0.999973 0.999973 0.999973 0.999973 0.999973
 #wt and selex for gender,fleet: 1 6 6_OR_REC
 0.00896707 0.00905589 0.0338395 0.0838249 0.154761 0.242502 0.341675 0.447761 0.557887 0.671809 0.791736 0.920323 1.05867 1.20574 1.35914 1.51605 1.67402 1.83111 1.98588 2.1373 2.28457 2.42714 2.56459 2.69662 2.82303 2.94373 3.05867 3.16788 3.27141 3.36938 3.46192 3.5492 3.63139 3.7087 3.78132 3.84947 3.91335 3.97317 4.02915 4.0815 4.13041 4.17607 4.21869 4.25843 4.29548 4.33 4.36215 4.39208 4.41993 4.44584 4.46994 4.49234 4.51317 4.53252 4.55049 4.56719 4.5827 4.59709 4.61046 4.62286 4.63438 4.64506 4.65497 4.66417 4.67269 4.68061 4.68794 4.69475 4.70106 4.70691 4.71236 4.71745 4.72217 4.72655 4.7306 4.73436 4.73785 4.74108 4.74407 4.74684 4.74941 4.7518 4.754 4.75605 4.75794 4.7597 4.76133 4.76284 4.76423 4.76553 4.76673 4.76784 4.76887 4.76983 4.77071 4.77153 4.77229 4.77299 4.77364 4.77425 4.77512
 0 1.86778e-05 8.59633e-05 0.00132946 0.0104524 0.0471073 0.138345 0.293256 0.48575 0.669968 0.811659 0.902843 0.953807 0.97935 0.991126 0.996209 0.998273 0.999046 0.999285 0.999306 0.99924 0.999139 0.999025 0.998906 0.998787 0.99867 0.998557 0.998447 0.998341 0.99824 0.998144 0.998052 0.997965 0.997882 0.997804 0.997731 0.997661 0.997596 0.997535 0.997478 0.997424 0.997374 0.997327 0.997283 0.997242 0.997203 0.997168 0.997134 0.997103 0.997074 0.997047 0.997022 0.996999 0.996977 0.996957 0.996939 0.996921 0.996905 0.99689 0.996876 0.996863 0.996851 0.99684 0.99683 0.99682 0.996811 0.996803 0.996795 0.996788 0.996781 0.996775 0.99677 0.996764 0.996759 0.996755 0.99675 0.996746 0.996743 0.996739 0.996736 0.996733 0.996731 0.996728 0.996726 0.996724 0.996722 0.99672 0.996718 0.996717 0.996715 0.996714 0.996712 0.996711 0.99671 0.996709 0.996708 0.996707 0.996707 0.996706 0.996705 0.996704
 #wt and selex for gender,fleet: 1 7 7_WA_REC
 0.00896707 0.00905586 0.0338017 0.0853409 0.160706 0.2566 0.36776 0.489206 0.616851 0.747623 0.879522 1.01179 1.14488 1.27997 1.41818 1.55996 1.7049 1.85188 1.9994 2.1459 2.29001 2.4306 2.56685 2.69817 2.82417 2.94464 3.05946 3.1686 3.2721 3.37006 3.46261 3.54991 3.63212 3.70944 3.78208 3.85024 3.91414 3.97398 4.02998 4.08234 4.13126 4.17694 4.21957 4.25932 4.29638 4.33091 4.36307 4.39301 4.42087 4.44679 4.47089 4.4933 4.51413 4.53348 4.55147 4.56817 4.58368 4.59808 4.61145 4.62386 4.63537 4.64606 4.65597 4.66517 4.6737 4.68161 4.68895 4.69576 4.70207 4.70792 4.71338 4.71847 4.72319 4.72757 4.73163 4.73539 4.73888 4.74211 4.7451 4.74788 4.75045 4.75283 4.75504 4.75709 4.75898 4.76074 4.76237 4.76388 4.76528 4.76657 4.76777 4.76888 4.76991 4.77087 4.77175 4.77257 4.77333 4.77404 4.77469 4.77529 4.77617
 0 1.99676e-06 9.01508e-06 0.00014682 0.00133633 0.0073845 0.0274255 0.0745178 0.158511 0.278356 0.420643 0.565389 0.694518 0.797588 0.872555 0.923079 0.955108 0.97446 0.985729 0.992118 0.995671 0.997625 0.998692 0.999274 0.999593 0.999769 0.999867 0.999922 0.999953 0.999972 0.999982 0.999989 0.999993 0.999995 0.999997 0.999997 0.999998 0.999999 0.999999 0.999999 0.999999 0.999999 0.999999 0.999999 0.999999 0.999999 0.999999 0.999999 0.999999 0.999999 0.999999 0.999999 0.999999 0.999999 0.999999 0.999999 0.999999 0.999999 0.999999 0.999999 0.999999 0.999999 0.999999 0.999999 0.999999 0.999999 0.999999 0.999999 0.999999 0.999999 0.999999 0.999999 0.999999 0.999999 0.999999 0.999999 0.999999 0.999999 0.999999 0.999999 0.999999 0.999999 0.999999 0.999999 0.999999 0.999999 0.999999 0.999999 0.999999 0.999999 0.999999 0.999999 0.999999 0.999999 0.999999 0.999999 0.999999 0.999999 0.999999 0.999999 0.999999
# Sex ratio correction
1
# M and current age-structure in year Yinit: 2011
 # gender = 1
 0.0439034 0.0439034 0.0439034 0.0439034 0.0439034 0.0439034 0.0439034 0.0439034 0.0439034 0.0439034 0.0439034 0.0439034 0.0439034 0.0439034 0.0439034 0.0439034 0.0439034 0.0439034 0.0439034 0.0439034 0.0439034 0.0439034 0.0439034 0.0439034 0.0439034 0.0439034 0.0439034 0.0439034 0.0439034 0.0439034 0.0439034 0.0439034 0.0439034 0.0439034 0.0439034 0.0439034 0.0439034 0.0439034 0.0439034 0.0439034 0.0439034 0.0439034 0.0439034 0.0439034 0.0439034 0.0439034 0.0439034 0.0439034 0.0439034 0.0439034 0.0439034 0.0439034 0.0439034 0.0439034 0.0439034 0.0439034 0.0439034 0.0439034 0.0439034 0.0439034 0.0439034 0.0439034 0.0439034 0.0439034 0.0439034 0.0439034 0.0439034 0.0439034 0.0439034 0.0439034 0.0439034 0.0439034 0.0439034 0.0439034 0.0439034 0.0439034 0.0439034 0.0439034 0.0439034 0.0439034 0.0439034 0.0439034 0.0439034 0.0439034 0.0439034 0.0439034 0.0439034 0.0439034 0.0439034 0.0439034 0.0439034 0.0439034 0.0439034 0.0439034 0.0439034 0.0439034 0.0439034 0.0439034 0.0439034 0.0439034 0.0439034
 227.776 281.834 292.927 335.321 198.996 183.022 103.996 65.072 92.646 213.295 62.5948 48.4243 86.9827 56.0772 34.661 27.5053 27.3886 53.3834 57.6879 28.0177 22.2252 22.4402 21.7525 22.0148 25.117 28.1571 34.4675 32.8847 21.0873 22.7653 19.416 15.4879 11.0813 7.47521 8.60504 7.74824 7.96501 4.90566 3.98602 4.68341 7.4744 4.57279 3.42973 2.90599 2.2517 1.89771 1.49591 1.21723 1.14014 1.2027 1.31836 1.34036 1.20694 1.04157 0.917388 0.838802 0.800117 0.79746 0.830103 0.900665 1.0086 1.13318 1.20694 1.15218 1.0068 0.860342 0.745754 0.662479 0.602687 0.558492 0.524768 0.498158 0.476605 0.458588 0.442632 0.427497 0.412272 0.396658 0.380809 0.36521 0.350366 0.336661 0.324192 0.312914 0.302521 0.292593 0.283045 0.273645 0.264218 0.254681 0.245018 0.235249 0.225446 0.215727 0.206113 0.196732 0.187661 0.178946 0.170614 0.162677 3.50094
# Age-structure at Ydeclare= 2013
 462.557 200.37 208.627 258.137 268.289 307.086 182.197 167.494 95.1002 59.4444 84.5328 194.384 56.9837 44.0443 79.0608 50.9442 31.477 24.9724 24.8622 48.4536 52.3565 25.427 20.1693 20.3638 19.7392 19.9767 22.7911 25.5488 31.2735 29.836 19.1314 20.6527 17.6133 14.0493 10.0515 6.78029 7.80481 7.02747 7.22386 4.44906 3.61491 4.24725 6.77811 4.14669 3.11007 2.63509 2.04175 1.72074 1.35639 1.10369 1.03378 1.09049 1.19536 1.21529 1.09432 0.944375 0.831778 0.760524 0.725448 0.723038 0.752633 0.816609 0.914468 1.02742 1.0943 1.04465 0.912834 0.780043 0.67615 0.600646 0.546435 0.506364 0.475787 0.451661 0.432119 0.415784 0.401317 0.387595 0.37379 0.359634 0.345265 0.331121 0.317663 0.305238 0.293932 0.283707 0.274284 0.265283 0.256626 0.248104 0.239557 0.23091 0.222148 0.213291 0.204404 0.195591 0.186875 0.17837 0.170145 0.162244 3.47636
# Year for Tmin Age-structure (set to Ydecl by SS)
2013
#  recruitment and biomass
# Number of historical assessment years
137
# Historical data
# year recruitment spawner in B0 in R project in R/S project
1888  1889 1890 1891 1892 1893 1894 1895 1896 1897 1898 1899 1900 1901 1902 1903 1904 1905 1906 1907 1908 1909 1910 1911 1912 1913 1914 1915 1916 1917 1918 1919 1920 1921 1922 1923 1924 1925 1926 1927 1928 1929 1930 1931 1932 1933 1934 1935 1936 1937 1938 1939 1940 1941 1942 1943 1944 1945 1946 1947 1948 1949 1950 1951 1952 1953 1954 1955 1956 1957 1958 1959 1960 1961 1962 1963 1964 1965 1966 1967 1968 1969 1970 1971 1972 1973 1974 1975 1976 1977 1978 1979 1980 1981 1982 1983 1984 1985 1986 1987 1988 1989 1990 1991 1992 1993 1994 1995 1996 1997 1998 1999 2000 2001 2002 2003 2004 2005 2006 2007 2008 2009 2010 2011 2012 2013 2014 2015 2016 2017 2018 2019 2020 2021 2022 2023 2024 #years (with first value representing R0)
222.755 226.304 226.429 226.559 226.693 226.824 226.959 227.1 227.253 227.413 227.58 227.755 227.938 228.132 228.334 228.544 228.768 229.007 229.263 229.546 229.853 230.186 230.545 230.925 231.325 231.727 232.107 232.424 232.631 232.666 232.45 231.871 230.939 229.578 227.764 225.522 222.903 220.005 216.975 213.98 211.059 208.454 206.294 204.519 202.994 201.45 199.606 197.253 194.392 191.239 188.24 185.894 184.687 185.016 187.354 192.462 201.459 215.996 237.354 264.561 288.339 287.601 257.057 217.765 185.049 162.271 148.294 141.511 141.063 146.649 158.201 174.088 183.47 171.107 147.837 132.54 133.566 154.524 183.956 203.986 244.79 266.936 326.402 485.117 273.854 208.001 226.344 322.082 272.307 260.737 193.748 243.804 287.174 301.445 294.259 225.926 291.63 253.353 172.474 129.295 96.2978 81.9216 73.89 65.0294 74.0556 139.878 120.315 57.9335 54.9749 65.7197 101.12 149.367 79.2643 97.739 317.943 131.93 88.5825 135.402 227.991 237.212 382.535 319.812 294.483 227.776 209.363 462.557 228.6 301.83 216.503 110.092 107.104 113.394 113.176 150.862 168.74 173.814 185.085  #recruits; first value is R0 (virgin)
1125.61  1125.61 1125.61 1125.59 1125.57 1125.1 1124.64 1124.18 1124.02 1123.95 1123.87 1123.8 1123.74 1123.68 1123.64 1123.63 1123.65 1123.69 1123.78 1123.89 1124.02 1124.06 1124.24 1124.43 1124.64 1124.86 1125.09 1125.34 1125.52 1125.78 1125.9 1123.96 1123.63 1123.43 1123.32 1123.51 1123.64 1123.24 1122.51 1120.99 1118.78 1116.68 1115.06 1113.12 1112.22 1111.48 1110.75 1109.48 1108.16 1105.82 1103.71 1101.22 1099.29 1096.12 1091.34 1086.1 1076.25 1065.63 1049.68 1034.86 1027.7 1019.45 1012.87 1005.52 996.511 988.545 982.369 975.044 968.165 961.347 953.579 946.708 941.182 937.069 935.004 932.343 931.204 931.229 921.361 918.29 913.211 907.596 892.717 882.402 868.873 852.153 834.054 814.182 794.706 772.492 750.685 716.397 680.46 653.394 619.03 562.832 515.178 487.8 451.312 422.331 395.397 372.587 343.746 323.358 289.259 258.443 228.899 213.282 197.49 180.133 159.859 153.529 142.819 144.069 144.665 150.439 156.385 162.533 168.659 175.08 180.977 187.237 193.438 200.374 207.611 215.17 223.633 233.056 242.971 254.158 265.58 278.672 293.086 309.873 328.21 346.843 366.213 #spbio; first value is SSB_virgin (virgin)
1 0 0 0 0 0 0 0 0 0 0 0 0 0 0 0 0 0 0 0 0 0 0 0 0 0 0 0 0 0 0 0 0 0 0 0 0 0 0 0 0 0 0 0 0 0 0 0 0 0 0 0 0 0 0 0 0 0 0 0 0 0 0 0 0 0 0 0 0 0 0 0 0 0 0 0 0 0 0 0 0 0 0 0 0 0 0 0 0 0 0 0 0 0 0 0 0 0 0 0 0 0 0 0 0 0 0 0 0 0 0 0 0 0 0 0 0 0 0 0 0 0 0 0 0 0 0 0 0 0 0 0 0 0 0 0 0  # in Bzero
0 1 1 1 1 1 1 1 1 1 1 1 1 1 1 1 1 1 1 1 1 1 1 1 1 1 1 1 1 1 1 1 1 1 1 1 1 1 1 1 1 1 1 1 1 1 1 1 1 1 1 1 1 1 1 1 1 1 1 1 1 1 1 1 1 1 1 1 1 1 1 1 1 1 1 1 1 1 1 1 1 1 1 1 1 1 1 1 1 1 1 1 1 1 1 1 1 1 1 1 1 1 1 1 1 1 1 1 1 1 1 1 1 1 1 1 1 1 1 1 1 1 1 1 1 1 1 1 1 1 1 1 1 1  0 0 0 # in R project
0 1 1 1 1 1 1 1 1 1 1 1 1 1 1 1 1 1 1 1 1 1 1 1 1 1 1 1 1 1 1 1 1 1 1 1 1 1 1 1 1 1 1 1 1 1 1 1 1 1 1 1 1 1 1 1 1 1 1 1 1 1 1 1 1 1 1 1 1 1 1 1 1 1 1 1 1 1 1 1 1 1 1 1 1 1 1 1 1 1 1 1 1 1 1 1 1 1 1 1 1 1 1 1 1 1 1 1 1 1 1 1 1 1 1 1 1 1 1 1 1 1 1 1 1 1 1 1 1 1 1 1 1 1  0 0 0 # in R/S project
# Number of years with pre-specified catches
0
# catches for years with pre-specified catches go next
# Number of future recruitments to override
-2
# Process for overiding (-1 for average otherwise index in data list)
# Which probability to product detailed results for (1=0.5; 2=0.6; etc.)
3
# Steepness sigma-R Auto-correlation
0.718 0.5 0
# Target SPR rate (FMSY Proxy); manually change to SPR_MSY if not using SPR_target
0.5
# Discount rate (for cumulative catch)
0.1
# Truncate the series when 0.4B0 is reached (1=Yes)
0
# Set F to FMSY once 0.4B0 is reached (1=Yes)
0
# Maximum possible F for projection (-1 to set to FMSY)
-1
# Defintion of recovery (1=now only;2=now or before)
2
# Projection type
4
# Definition of the 40-10 rule
10 40
# Sigma Assessment Error (Base, Year1, Slope, MaxSigma)
1.0 2025 0.075 2.0
# Pstar
0.45
# Constrain catches by the ABC (1=yes, 2=no)
2
# Implementation Error (0=no; 1=lognormal; 2=uniform)
0
#Parameters of Implementaion Error
1 0.3
# Calculate coefficients of variation (1=Yes)
0
# Number of replicates to use
10
# Random number seed
-99004
# File with multiple parameter vectors 
rebuild.SSO
# User-specific projection (1=Yes); Output replaced (1->9)
0  5
# Catches and Fs (Year; 1/2/3 (F or C or SPR); value); Final row is -1
2024 1 1
-1 -1 -1
# Fixed catch project (1=Yes); Output replaced (1->9); Approach (-1=Read in else 1-9)
0 2 -1
# (48a) Special catch options (1-Yes) [CUT_OFF, Emsy, distribution, MAXCAT, Add, replace_code]
0 0.18 1.00 1.00 0 6
# (48b) B1Target
150000
# Split of Fs
2011  0.0173637
 0
 0.410315
 0.023143
 0.186218
 0.190702
 0.172257
-1  1 1 1 1 1 1 1 1 1 1 1 1
# Yrs to define T_target for projection type 4 (a.k.a. 5 pre-specified inputs)
2030 2031 2032 2033 2034 
# Year for probability of recovery
2034 2035 2036 2037 2038 2039 2040 2041
# Time varying weight-at-age (1=Yes;0=No)
0
# File with time series of weight-at-age data
none
# Use bisection (0) or linear interpolation (1)
1
# Target Depletion
0.4
# CV of implementation error
0
