#Title, #runnumber: 1 yelloweye_data.ss yelloweye_control.ss 6263.09 1090.68 364.819 StartTime: Thu Apr 24 14:41:00 2025
SSv3_default_rebuild.dat
# Number of sexes
1
# Age range to consider (minimum age; maximum age)
0 100
# Number of fleets
7
# First year of projection (Yinit)
2011
# First Year of rebuilding period (Ydecl)
2013
# Number of simulations
1000
# Maximum number of years
500
# Conduct projections with multiple starting values (0=No;else yes)
0
# Number of parameter vectors
1000
# Is the maximum age a plus-group (1=Yes;2=No)
1
# Generate future recruitments using historical recruitments (1)  historical recruits/spawner (2)  or a stock-recruitment (3)
3
# Constant fishing mortality (1) or constant Catch (2) projections
1
# Fishing mortality based on SPR (1) or actual rate (2)
1
# Pre-specify the year of recovery (or -1) to ignore
-1
# Fecundity-at-age
# 0 1 2 3 4 5 6 7 8 9 10 11 12 13 14 15 16 17 18 19 20 21 22 23 24 25 26 27 28 29 30 31 32 33 34 35 36 37 38 39 40 41 42 43 44 45 46 47 48 49 50 51 52 53 54 55 56 57 58 59 60 61 62 63 64 65 66 67 68 69 70 71 72 73 74 75 76 77 78 79 80 81 82 83 84 85 86 87 88 89 90 91 92 93 94 95 96 97 98 99 100 #runnumber: 1 yelloweye_data.ss yelloweye_control.ss 6263.09 1090.68 364.819
 0 0 5.56154e-09 1.04106e-07 1.23372e-06 1.05522e-05 6.97743e-05 0.00036694 0.0015355 0.00509037 0.013522 0.02958 0.0551054 0.0902866 0.133755 0.183243 0.236315 0.290863 0.345317 0.398641 0.450229 0.499777 0.547172 0.592407 0.63553 0.676608 0.715718 0.75293 0.788312 0.821927 0.853835 0.884093 0.912757 0.939883 0.965526 0.989743 1.01259 1.03412 1.0544 1.07348 1.09141 1.10826 1.12407 1.1389 1.1528 1.16582 1.17802 1.18943 1.2001 1.21007 1.21939 1.2281 1.23623 1.24382 1.2509 1.25751 1.26367 1.26941 1.27477 1.27976 1.28441 1.28874 1.29277 1.29653 1.30003 1.30328 1.30631 1.30913 1.31176 1.3142 1.31647 1.31863 1.32064 1.32251 1.32425 1.32586 1.32737 1.32876 1.33006 1.33127 1.3324 1.33344 1.33441 1.33532 1.33616 1.33694 1.33766 1.33834 1.33896 1.33955 1.34009 1.34059 1.34106 1.3415 1.3419 1.34228 1.34263 1.34295 1.34325 1.34353 1.34395 #female fecundity; weighted by N in year Y_init across morphs and areas
# Age specific selectivity and weight adjusted for discard and discard mortality
 #wt and selex for gender,fleet: 1 1 1_CA_TWL
 0.00896707 0.0102966 0.0349216 0.0810222 0.148013 0.234336 0.336888 0.452265 0.577273 0.709143 0.845608 0.984953 1.12606 1.26837 1.41166 1.55584 1.7007 1.84581 1.99053 2.13406 2.27557 2.41425 2.54938 2.68038 2.80681 2.92835 3.04478 3.15599 3.26193 3.36264 3.45819 3.54867 3.63422 3.71499 3.79116 3.86291 3.93041 3.99387 4.05346 4.10938 4.16183 4.21097 4.25699 4.30006 4.34036 4.37803 4.41324 4.44613 4.47684 4.50551 4.53226 4.55722 4.5805 4.6022 4.62243 4.64128 4.65884 4.67521 4.69045 4.70464 4.71785 4.73015 4.7416 4.75226 4.76217 4.7714 4.77999 4.78797 4.7954 4.80231 4.80879 4.81487 4.82052 4.82577 4.83066 4.8352 4.83943 4.84335 4.847 4.8504 4.85355 4.85649 4.85921 4.86175 4.8641 4.86629 4.86833 4.87022 4.87198 4.87361 4.87513 4.87655 4.87786 4.87908 4.88021 4.88126 4.88224 4.88315 4.884 4.88478 4.88595
 0 0.0012585 0.00332729 0.0109787 0.0292219 0.064201 0.120438 0.198621 0.294984 0.402375 0.512216 0.616475 0.709089 0.78662 0.848183 0.894845 0.928817 0.952719 0.969065 0.979989 0.987157 0.991796 0.994769 0.996661 0.997862 0.998624 0.999108 0.999416 0.999614 0.999742 0.999825 0.99988 0.999916 0.999941 0.999957 0.999968 0.999976 0.999982 0.999986 0.999989 0.999991 0.999992 0.999993 0.999994 0.999995 0.999995 0.999996 0.999996 0.999996 0.999996 0.999996 0.999997 0.999997 0.999997 0.999997 0.999997 0.999997 0.999997 0.999997 0.999997 0.999997 0.999997 0.999997 0.999997 0.999997 0.999997 0.999997 0.999997 0.999997 0.999997 0.999997 0.999997 0.999997 0.999997 0.999997 0.999997 0.999997 0.999997 0.999997 0.999997 0.999997 0.999997 0.999997 0.999997 0.999997 0.999997 0.999997 0.999997 0.999997 0.999997 0.999997 0.999997 0.999997 0.999997 0.999997 0.999997 0.999997 0.999997 0.999997 0.999997 0.999997
 #wt and selex for gender,fleet: 1 3 3_CA_REC
 0.00896707 0.0102875 0.034086 0.0786544 0.143154 0.225976 0.324128 0.434382 0.553751 0.679737 0.810554 0.945268 1.08364 1.22566 1.37115 1.51949 1.66969 1.8205 1.97065 2.11895 2.26437 2.40612 2.54358 2.67629 2.80395 2.92635 3.04339 3.15502 3.26126 3.36217 3.45785 3.54842 3.63404 3.71486 3.79107 3.86284 3.93036 3.99383 4.05343 4.10936 4.16181 4.21095 4.25698 4.30005 4.34035 4.37802 4.41323 4.44612 4.47684 4.50551 4.53226 4.55722 4.5805 4.6022 4.62243 4.64128 4.65884 4.67521 4.69045 4.70464 4.71785 4.73015 4.7416 4.75226 4.76217 4.7714 4.77999 4.78797 4.7954 4.80232 4.80879 4.81487 4.82052 4.82577 4.83066 4.8352 4.83943 4.84335 4.847 4.8504 4.85355 4.85649 4.85921 4.86175 4.8641 4.86629 4.86833 4.87022 4.87198 4.87361 4.87513 4.87655 4.87786 4.87908 4.88021 4.88126 4.88224 4.88315 4.884 4.88478 4.88595
 0 0.00380953 0.00939846 0.0276117 0.065848 0.130643 0.223057 0.337286 0.462454 0.586049 0.697288 0.789342 0.859959 0.910617 0.944913 0.967026 0.980721 0.988931 0.993729 0.996479 0.998032 0.998902 0.999386 0.999655 0.999805 0.999888 0.999935 0.999962 0.999977 0.999986 0.999991 0.999995 0.999996 0.999998 0.999998 0.999999 0.999999 0.999999 0.999999 0.999999 0.999999 0.999999 0.999999 0.999999 0.999999 0.999999 0.999999 0.999999 0.999999 0.999999 0.999999 0.999999 0.999999 0.999999 0.999999 0.999999 0.999999 0.999999 0.999999 0.999999 0.999999 0.999999 0.999999 0.999999 0.999999 0.999999 0.999999 0.999999 0.999999 0.999999 0.999999 0.999999 0.999999 0.999999 0.999999 0.999999 0.999999 0.999999 0.999999 0.999999 0.999999 0.999999 0.999999 0.999999 0.999999 0.999999 0.999999 0.999999 0.999999 0.999999 0.999999 0.999999 0.999999 0.999999 0.999999 0.999999 0.999999 0.999999 0.999999 0.999999 0.999999
 #wt and selex for gender,fleet: 1 4 4_ORWA_TWL
 0.00896707 0.0102515 0.0307761 0.0706958 0.130029 0.208126 0.303098 0.412492 0.533708 0.664242 0.801811 0.944425 1.09044 1.2386 1.38796 1.53783 1.68761 1.83668 1.98442 2.13013 2.27314 2.4128 2.54857 2.67996 2.80661 2.92827 3.04477 3.15601 3.26197 3.36268 3.45822 3.5487 3.63424 3.71501 3.79118 3.86292 3.93042 3.99388 4.05347 4.10939 4.16183 4.21097 4.25699 4.30007 4.34036 4.37803 4.41324 4.44613 4.47684 4.50551 4.53227 4.55722 4.5805 4.6022 4.62243 4.64128 4.65885 4.67521 4.69045 4.70464 4.71785 4.73015 4.7416 4.75226 4.76217 4.7714 4.77999 4.78797 4.7954 4.80231 4.80879 4.81487 4.82052 4.82577 4.83066 4.8352 4.83943 4.84335 4.847 4.8504 4.85355 4.85649 4.85921 4.86175 4.8641 4.86629 4.86833 4.87022 4.87198 4.87361 4.87513 4.87655 4.87786 4.87908 4.88021 4.88126 4.88224 4.88315 4.884 4.88478 4.88595
 0 0.0211566 0.0395305 0.0750258 0.127285 0.196071 0.278611 0.370224 0.465388 0.558753 0.645862 0.72352 0.789888 0.84439 0.887496 0.92042 0.944781 0.962306 0.97461 0.983075 0.988801 0.992625 0.995153 0.996814 0.997901 0.998611 0.999075 0.999379 0.999579 0.999712 0.999801 0.99986 0.999901 0.999928 0.999948 0.999961 0.99997 0.999977 0.999982 0.999986 0.999988 0.99999 0.999992 0.999993 0.999994 0.999994 0.999995 0.999995 0.999995 0.999996 0.999996 0.999996 0.999996 0.999996 0.999996 0.999996 0.999996 0.999996 0.999996 0.999997 0.999997 0.999997 0.999997 0.999997 0.999997 0.999997 0.999997 0.999997 0.999997 0.999997 0.999997 0.999997 0.999997 0.999997 0.999997 0.999997 0.999997 0.999997 0.999997 0.999997 0.999997 0.999997 0.999997 0.999997 0.999997 0.999997 0.999997 0.999997 0.999997 0.999997 0.999997 0.999997 0.999997 0.999997 0.999997 0.999997 0.999997 0.999997 0.999997 0.999997 0.999997
 #wt and selex for gender,fleet: 1 5 5_ORWA_NONTWL
 0.00896707 0.0102885 0.0342943 0.0798793 0.146834 0.234018 0.338642 0.457434 0.587179 0.724977 0.86833 1.01515 1.16374 1.31275 1.4612 1.60841 1.75391 1.89744 2.03877 2.17767 2.31389 2.44712 2.57702 2.70326 2.82551 2.94348 3.05694 3.16572 3.26971 3.36886 3.46315 3.55265 3.63742 3.71759 3.79327 3.86463 3.93183 3.99505 4.05445 4.11022 4.16253 4.21157 4.25751 4.30051 4.34075 4.37838 4.41355 4.4464 4.47709 4.50573 4.53247 4.55741 4.58067 4.60236 4.62258 4.64142 4.65897 4.67533 4.69056 4.70475 4.71795 4.73025 4.7417 4.75235 4.76226 4.77149 4.78007 4.78805 4.79548 4.80239 4.80887 4.81494 4.82059 4.82584 4.83073 4.83527 4.83949 4.84342 4.84707 4.85046 4.85362 4.85655 4.85928 4.86181 4.86417 4.86636 4.86839 4.87028 4.87204 4.87368 4.8752 4.87661 4.87792 4.87914 4.88027 4.88132 4.8823 4.88321 4.88406 4.88484 4.88601
 0 0.000912813 0.00227947 0.00699619 0.0178833 0.0387026 0.0728813 0.122314 0.186675 0.263455 0.34858 0.437286 0.524942 0.607644 0.682554 0.747986 0.803321 0.848793 0.885233 0.913807 0.935803 0.952478 0.964962 0.97422 0.981037 0.986031 0.989679 0.992343 0.994288 0.995711 0.996757 0.997528 0.998099 0.998525 0.998845 0.999087 0.999271 0.999412 0.999522 0.999607 0.999674 0.999727 0.999769 0.999803 0.99983 0.999853 0.999871 0.999887 0.999899 0.99991 0.999919 0.999927 0.999933 0.999939 0.999943 0.999948 0.999951 0.999954 0.999957 0.99996 0.999962 0.999964 0.999965 0.999967 0.999968 0.999969 0.99997 0.999971 0.999972 0.999973 0.999974 0.999974 0.999975 0.999975 0.999975 0.999976 0.999976 0.999976 0.999976 0.999977 0.999977 0.999977 0.999977 0.999977 0.999977 0.999978 0.999978 0.999978 0.999978 0.999978 0.999978 0.999978 0.999978 0.999978 0.999978 0.999978 0.999979 0.999979 0.999979 0.999979 0.999979
 #wt and selex for gender,fleet: 1 6 6_OR_REC
 0.00896707 0.0105104 0.0469255 0.104719 0.182137 0.273449 0.37304 0.476854 0.583095 0.692561 0.807698 0.930889 1.0632 1.20405 1.35166 1.50367 1.65779 1.81202 1.96482 2.11502 2.26172 2.40429 2.54226 2.67527 2.80309 2.92558 3.04266 3.1543 3.26053 3.36143 3.45709 3.54764 3.63324 3.71404 3.79022 3.86197 3.92947 3.99292 4.05251 4.10842 4.16085 4.20998 4.256 4.29906 4.33934 4.37701 4.41221 4.44509 4.4758 4.50446 4.53121 4.55616 4.57943 4.60112 4.62135 4.64019 4.65775 4.67411 4.68935 4.70354 4.71675 4.72904 4.74049 4.75114 4.76106 4.77028 4.77887 4.78685 4.79428 4.80119 4.80767 4.81374 4.81939 4.82464 4.82952 4.83406 4.83828 4.84221 4.84586 4.84925 4.8524 4.85533 4.85806 4.86059 4.86295 4.86514 4.86717 4.86906 4.87082 4.87245 4.87397 4.87538 4.87669 4.87791 4.87905 4.8801 4.88108 4.88199 4.88283 4.88362 4.88478
 0 1.91922e-05 0.000170912 0.00217505 0.0143774 0.0567189 0.151252 0.300383 0.478528 0.648429 0.783609 0.87677 0.934146 0.966523 0.983587 0.992106 0.996166 0.998014 0.998801 0.999093 0.999158 0.99912 0.999037 0.998933 0.998821 0.998708 0.998596 0.998486 0.99838 0.998277 0.998179 0.998085 0.997995 0.99791 0.997829 0.997753 0.99768 0.997612 0.997547 0.997487 0.99743 0.997376 0.997326 0.997278 0.997234 0.997193 0.997154 0.997118 0.997084 0.997052 0.997022 0.996994 0.996969 0.996944 0.996922 0.996901 0.996881 0.996863 0.996846 0.99683 0.996816 0.996802 0.996789 0.996777 0.996766 0.996756 0.996746 0.996737 0.996729 0.996721 0.996714 0.996707 0.996701 0.996695 0.996689 0.996684 0.996679 0.996675 0.996671 0.996667 0.996663 0.99666 0.996657 0.996654 0.996652 0.996649 0.996647 0.996645 0.996643 0.996641 0.996639 0.996638 0.996636 0.996635 0.996633 0.996632 0.996631 0.99663 0.996629 0.996628 0.996627
 #wt and selex for gender,fleet: 1 7 7_WA_REC
 0.00896707 0.0106018 0.0510549 0.11531 0.202801 0.30711 0.421715 0.541522 0.663047 0.784365 0.905151 1.02646 1.15005 1.27758 1.41004 1.54747 1.68909 1.83352 1.97914 2.12435 2.26775 2.40821 2.54485 2.67707 2.80442 2.92664 3.04356 3.15512 3.26132 3.36221 3.45787 3.54844 3.63405 3.71487 3.79107 3.86284 3.93036 3.99383 4.05343 4.10936 4.16181 4.21095 4.25698 4.30005 4.34035 4.37802 4.41323 4.44612 4.47684 4.50551 4.53226 4.55722 4.5805 4.6022 4.62243 4.64128 4.65884 4.67521 4.69045 4.70464 4.71785 4.73015 4.7416 4.75226 4.76217 4.7714 4.77999 4.78797 4.7954 4.80232 4.80879 4.81487 4.82052 4.82577 4.83066 4.8352 4.83943 4.84335 4.847 4.8504 4.85355 4.85649 4.85921 4.86175 4.8641 4.86629 4.86833 4.87022 4.87198 4.87361 4.87513 4.87655 4.87786 4.87908 4.88021 4.88126 4.88224 4.88315 4.884 4.88478 4.88595
 0 4.87527e-07 6.67499e-06 0.000139749 0.00144201 0.00843856 0.031855 0.085958 0.179389 0.307388 0.452843 0.594785 0.717127 0.812475 0.880994 0.927136 0.956646 0.974769 0.985554 0.991822 0.995401 0.997421 0.998552 0.999184 0.999537 0.999735 0.999847 0.99991 0.999947 0.999968 0.99998 0.999987 0.999992 0.999995 0.999996 0.999997 0.999998 0.999998 0.999999 0.999999 0.999999 0.999999 0.999999 0.999999 0.999999 0.999999 0.999999 0.999999 0.999999 0.999999 0.999999 0.999999 0.999999 0.999999 0.999999 0.999999 0.999999 0.999999 0.999999 0.999999 0.999999 0.999999 0.999999 0.999999 0.999999 0.999999 0.999999 0.999999 0.999999 0.999999 0.999999 0.999999 0.999999 0.999999 0.999999 0.999999 0.999999 0.999999 0.999999 0.999999 0.999999 0.999999 0.999999 0.999999 0.999999 0.999999 0.999999 0.999999 0.999999 0.999999 0.999999 0.999999 0.999999 0.999999 0.999999 0.999999 0.999999 0.999999 0.999999 0.999999 0.999999
# Sex ratio correction
1
# M and current age-structure in year Yinit: 2011
 # gender = 1
 0.0439034 0.0439034 0.0439034 0.0439034 0.0439034 0.0439034 0.0439034 0.0439034 0.0439034 0.0439034 0.0439034 0.0439034 0.0439034 0.0439034 0.0439034 0.0439034 0.0439034 0.0439034 0.0439034 0.0439034 0.0439034 0.0439034 0.0439034 0.0439034 0.0439034 0.0439034 0.0439034 0.0439034 0.0439034 0.0439034 0.0439034 0.0439034 0.0439034 0.0439034 0.0439034 0.0439034 0.0439034 0.0439034 0.0439034 0.0439034 0.0439034 0.0439034 0.0439034 0.0439034 0.0439034 0.0439034 0.0439034 0.0439034 0.0439034 0.0439034 0.0439034 0.0439034 0.0439034 0.0439034 0.0439034 0.0439034 0.0439034 0.0439034 0.0439034 0.0439034 0.0439034 0.0439034 0.0439034 0.0439034 0.0439034 0.0439034 0.0439034 0.0439034 0.0439034 0.0439034 0.0439034 0.0439034 0.0439034 0.0439034 0.0439034 0.0439034 0.0439034 0.0439034 0.0439034 0.0439034 0.0439034 0.0439034 0.0439034 0.0439034 0.0439034 0.0439034 0.0439034 0.0439034 0.0439034 0.0439034 0.0439034 0.0439034 0.0439034 0.0439034 0.0439034 0.0439034 0.0439034 0.0439034 0.0439034 0.0439034 0.0439034
 278.01 346.643 313.942 304.103 178.31 156.064 99.4396 65.4312 105.857 218.595 58.2505 45.2455 76.1214 51.3381 29.3438 23.921 24.8766 52.5763 54.1171 24.4898 19.2651 19.4505 19.6177 19.8869 21.9383 24.1059 30.0951 29.602 18.469 21.4896 16.4841 12.9663 9.02583 6.49042 7.53575 7.23332 7.05176 4.08765 3.59145 4.42394 6.57241 3.98331 3.03802 2.49007 1.93401 1.60611 1.26176 1.03665 0.979828 1.03893 1.13957 1.15946 1.05148 0.914252 0.807647 0.737978 0.702654 0.699509 0.728298 0.791084 0.886606 0.995345 1.05776 1.00887 0.882586 0.75516 0.655113 0.582244 0.529921 0.491302 0.461906 0.438774 0.420082 0.404488 0.390687 0.377576 0.364332 0.350672 0.336719 0.32291 0.309722 0.297524 0.286426 0.276406 0.267267 0.258701 0.250281 0.242 0.233695 0.22529 0.216765 0.208139 0.199474 0.190877 0.182368 0.174062 0.166029 0.158309 0.150926 0.143892 3.09039
# Age-structure at Ydeclare= 2013
 391.527 220.948 254.638 317.496 287.532 278.489 163.249 142.811 90.9234 59.7646 96.5738 199.187 53.0223 41.149 69.1841 46.6376 26.6486 21.7194 22.584 47.7271 49.1232 22.2291 17.4864 17.6544 17.8059 18.05 19.9116 21.8785 27.3136 26.8654 16.7611 19.5018 14.9588 11.7661 8.1902 5.88937 6.83775 6.56319 6.39833 3.70881 3.25853 4.01378 5.96296 3.61388 2.75622 2.25907 1.75457 1.45708 1.14467 0.940441 0.888888 0.942504 1.0338 1.05184 0.953877 0.829383 0.732672 0.669469 0.637424 0.634571 0.660687 0.717643 0.804297 0.90294 0.959563 0.915206 0.800647 0.685052 0.594292 0.528188 0.480722 0.445689 0.419022 0.398037 0.381081 0.366934 0.354415 0.342521 0.330507 0.318114 0.305457 0.29293 0.280966 0.269901 0.259833 0.250744 0.242453 0.234683 0.227045 0.219533 0.211998 0.204373 0.196641 0.188815 0.180955 0.173156 0.165437 0.157902 0.150615 0.143612 3.07092
# Year for Tmin Age-structure (set to Ydecl by SS)
2013
#  recruitment and biomass
# Number of historical assessment years
137
# Historical data
# year recruitment spawner in B0 in R project in R/S project
1888  1889 1890 1891 1892 1893 1894 1895 1896 1897 1898 1899 1900 1901 1902 1903 1904 1905 1906 1907 1908 1909 1910 1911 1912 1913 1914 1915 1916 1917 1918 1919 1920 1921 1922 1923 1924 1925 1926 1927 1928 1929 1930 1931 1932 1933 1934 1935 1936 1937 1938 1939 1940 1941 1942 1943 1944 1945 1946 1947 1948 1949 1950 1951 1952 1953 1954 1955 1956 1957 1958 1959 1960 1961 1962 1963 1964 1965 1966 1967 1968 1969 1970 1971 1972 1973 1974 1975 1976 1977 1978 1979 1980 1981 1982 1983 1984 1985 1986 1987 1988 1989 1990 1991 1992 1993 1994 1995 1996 1997 1998 1999 2000 2001 2002 2003 2004 2005 2006 2007 2008 2009 2010 2011 2012 2013 2014 2015 2016 2017 2018 2019 2020 2021 2022 2023 2024 #years (with first value representing R0)
214.19 217.929 218.062 218.199 218.342 218.481 218.625 218.775 218.938 219.108 219.285 219.47 219.664 219.868 220.081 220.301 220.534 220.783 221.046 221.336 221.648 221.983 222.341 222.717 223.108 223.498 223.862 224.16 224.344 224.358 224.122 223.523 222.575 221.201 219.38 217.139 214.533 211.653 208.648 205.521 202.583 200.007 197.854 196.061 194.491 192.881 190.965 188.554 185.663 182.508 179.515 177.149 175.862 176.02 178.075 182.752 191.108 204.686 224.633 249.953 272.001 271.457 243.102 206.052 174.915 153.179 139.922 133.644 133.429 138.764 149.204 162.902 170.394 158.7 136.921 121.988 121.641 139.097 165.75 185.99 221.968 249.463 299.269 448.42 271.984 197.419 199.365 302.849 271.437 245.107 181.395 214.779 260.293 276.769 299.466 212.439 280.326 234.809 155.752 118.346 90.5678 76.4347 65.8605 57.6254 65.8141 132.774 119.426 52.871 47.941 55.7192 92.6484 130.783 74.0945 90.9897 325.943 150.778 89.0851 129.482 194.417 212.556 346.923 342.756 362.201 278.01 230.864 391.527 156.559 167.966 123.477 103.061 127.198 150.438 147.05 153.057 170.546 173.653 176.351  #recruits; first value is R0 (virgin)
1090.68  1090.68 1090.67 1090.66 1090.63 1090.17 1089.71 1089.24 1089.09 1089.01 1088.94 1088.87 1088.81 1088.76 1088.73 1088.72 1088.75 1088.8 1088.89 1089.01 1089.16 1089.21 1089.4 1089.61 1089.84 1090.08 1090.34 1090.6 1090.81 1091.1 1091.25 1089.35 1089.04 1088.88 1088.8 1089.02 1089.18 1088.81 1088.11 1086.62 1084.43 1082.35 1080.74 1078.81 1077.91 1077.18 1076.44 1075.16 1073.83 1071.49 1069.37 1066.88 1064.94 1061.77 1057 1051.77 1041.93 1031.29 1015.3 1000.46 993.303 985.286 978.861 971.55 962.557 954.702 948.56 941.326 934.458 927.61 919.725 912.685 906.861 902.312 899.676 896.372 894.677 894.145 883.737 880.4 875.15 869.36 854.77 844.921 831.712 815.151 797.539 777.897 758.394 736.026 713.911 679.106 642.657 614.972 579.822 524.461 495.523 473.631 446.57 424.273 396.797 372.733 343.027 321.988 285.646 252.961 221.588 204.179 187.01 168.239 146.476 138.342 126.24 126.96 126.657 131.735 136.908 142.45 148.008 153.985 159.429 165.324 171.116 177.511 184.389 191.717 200.09 209.351 219.297 230.389 241.682 254.614 268.884 285.589 303.997 322.834 342.32 #spbio; first value is SSB_virgin (virgin)
1 0 0 0 0 0 0 0 0 0 0 0 0 0 0 0 0 0 0 0 0 0 0 0 0 0 0 0 0 0 0 0 0 0 0 0 0 0 0 0 0 0 0 0 0 0 0 0 0 0 0 0 0 0 0 0 0 0 0 0 0 0 0 0 0 0 0 0 0 0 0 0 0 0 0 0 0 0 0 0 0 0 0 0 0 0 0 0 0 0 0 0 0 0 0 0 0 0 0 0 0 0 0 0 0 0 0 0 0 0 0 0 0 0 0 0 0 0 0 0 0 0 0 0 0 0 0 0 0 0 0 0 0 0 0 0 0  # in Bzero
0 1 1 1 1 1 1 1 1 1 1 1 1 1 1 1 1 1 1 1 1 1 1 1 1 1 1 1 1 1 1 1 1 1 1 1 1 1 1 1 1 1 1 1 1 1 1 1 1 1 1 1 1 1 1 1 1 1 1 1 1 1 1 1 1 1 1 1 1 1 1 1 1 1 1 1 1 1 1 1 1 1 1 1 1 1 1 1 1 1 1 1 1 1 1 1 1 1 1 1 1 1 1 1 1 1 1 1 1 1 1 1 1 1 1 1 1 1 1 1 1 1 1 1 1 1 1 1 1 1 1 1 1 1  0 0 0 # in R project
0 1 1 1 1 1 1 1 1 1 1 1 1 1 1 1 1 1 1 1 1 1 1 1 1 1 1 1 1 1 1 1 1 1 1 1 1 1 1 1 1 1 1 1 1 1 1 1 1 1 1 1 1 1 1 1 1 1 1 1 1 1 1 1 1 1 1 1 1 1 1 1 1 1 1 1 1 1 1 1 1 1 1 1 1 1 1 1 1 1 1 1 1 1 1 1 1 1 1 1 1 1 1 1 1 1 1 1 1 1 1 1 1 1 1 1 1 1 1 1 1 1 1 1 1 1 1 1 1 1 1 1 1 1  0 0 0 # in R/S project
# Number of years with pre-specified catches
0
# catches for years with pre-specified catches go next
# Number of future recruitments to override
-2
# Process for overiding (-1 for average otherwise index in data list)
# Which probability to product detailed results for (1=0.5; 2=0.6; etc.)
3
# Steepness sigma-R Auto-correlation
0.718 0.5 0
# Target SPR rate (FMSY Proxy); manually change to SPR_MSY if not using SPR_target
0.5
# Discount rate (for cumulative catch)
0.1
# Truncate the series when 0.4B0 is reached (1=Yes)
0
# Set F to FMSY once 0.4B0 is reached (1=Yes)
0
# Maximum possible F for projection (-1 to set to FMSY)
-1
# Defintion of recovery (1=now only;2=now or before)
2
# Projection type
4
# Definition of the 40-10 rule
10 40
# Sigma Assessment Error (Base, Year1, Slope, MaxSigma)
1.0 2025 0.075 2.0
# Pstar
0.45
# Constrain catches by the ABC (1=yes, 2=no)
2
# Implementation Error (0=no; 1=lognormal; 2=uniform)
0
#Parameters of Implementaion Error
1 0.3
# Calculate coefficients of variation (1=Yes)
0
# Number of replicates to use
10
# Random number seed
-99004
# File with multiple parameter vectors 
rebuild.SSO
# User-specific projection (1=Yes); Output replaced (1->9)
0  5
# Catches and Fs (Year; 1/2/3 (F or C or SPR); value); Final row is -1
2024 1 1
-1 -1 -1
# Fixed catch project (1=Yes); Output replaced (1->9); Approach (-1=Read in else 1-9)
0 2 -1
# (48a) Special catch options (1-Yes) [CUT_OFF, Emsy, distribution, MAXCAT, Add, replace_code]
0 0.18 1.00 1.00 0 6
# (48b) B1Target
150000
# Split of Fs
2011  0.0170294
 0
 0.396104
 0.0246166
 0.190411
 0.198245
 0.173594
-1  1 1 1 1 1 1 1 1 1 1 1 1
# Yrs to define T_target for projection type 4 (a.k.a. 5 pre-specified inputs)
2030 2031 2032 2033 2034 
# Year for probability of recovery
2034 2035 2036 2037 2038 2039 2040 2041
# Time varying weight-at-age (1=Yes;0=No)
0
# File with time series of weight-at-age data
none
# Use bisection (0) or linear interpolation (1)
1
# Target Depletion
0.4
# CV of implementation error
0
