#Title, #runnumber: 1 yelloweye_data.ss yelloweye_control.ss 6935.51 1133.19 387.314 StartTime: Mon Apr 28 17:42:13 2025
SSv3_default_rebuild.dat
# Number of sexes
1
# Age range to consider (minimum age; maximum age)
0 100
# Number of fleets
7
# First year of projection (Yinit)
2011
# First Year of rebuilding period (Ydecl)
2013
# Number of simulations
1000
# Maximum number of years
500
# Conduct projections with multiple starting values (0=No;else yes)
0
# Number of parameter vectors
1000
# Is the maximum age a plus-group (1=Yes;2=No)
1
# Generate future recruitments using historical recruitments (1)  historical recruits/spawner (2)  or a stock-recruitment (3)
3
# Constant fishing mortality (1) or constant Catch (2) projections
1
# Fishing mortality based on SPR (1) or actual rate (2)
1
# Pre-specify the year of recovery (or -1) to ignore
-1
# Fecundity-at-age
# 0 1 2 3 4 5 6 7 8 9 10 11 12 13 14 15 16 17 18 19 20 21 22 23 24 25 26 27 28 29 30 31 32 33 34 35 36 37 38 39 40 41 42 43 44 45 46 47 48 49 50 51 52 53 54 55 56 57 58 59 60 61 62 63 64 65 66 67 68 69 70 71 72 73 74 75 76 77 78 79 80 81 82 83 84 85 86 87 88 89 90 91 92 93 94 95 96 97 98 99 100 #runnumber: 1 yelloweye_data.ss yelloweye_control.ss 6935.51 1133.19 387.314
 0 0 3.30659e-09 6.75241e-08 8.48403e-07 7.55706e-06 5.16786e-05 0.000281832 0.00123535 0.00432326 0.0121068 0.027681 0.0533036 0.0893445 0.134285 0.185516 0.240261 0.296188 0.351639 0.405587 0.457485 0.5071 0.554384 0.59938 0.642168 0.682842 0.721488 0.75819 0.79302 0.826046 0.857331 0.886937 0.914923 0.94135 0.966277 0.989764 1.01187 1.03266 1.05219 1.07052 1.08772 1.10383 1.11892 1.13303 1.14624 1.15858 1.1701 1.18087 1.19091 1.20027 1.20901 1.21715 1.22473 1.23179 1.23837 1.24449 1.25018 1.25548 1.26041 1.26499 1.26925 1.27321 1.27689 1.28031 1.28349 1.28644 1.28918 1.29173 1.29409 1.29629 1.29833 1.30025 1.30204 1.3037 1.30524 1.30668 1.308 1.30924 1.31038 1.31144 1.31242 1.31334 1.31419 1.31497 1.3157 1.31638 1.31701 1.31759 1.31813 1.31863 1.3191 1.31953 1.31993 1.3203 1.32064 1.32096 1.32126 1.32153 1.32179 1.32203 1.32237 #female fecundity; weighted by N in year Y_init across morphs and areas
# Age specific selectivity and weight adjusted for discard and discard mortality
 #wt and selex for gender,fleet: 1 1 1_CA_TWL
 0.00896707 0.00926897 0.0295338 0.0723114 0.136058 0.219666 0.320206 0.434295 0.558669 0.690438 0.827215 0.967251 1.10955 1.25376 1.39984 1.54764 1.69671 1.84624 1.99519 2.14246 2.28702 2.42798 2.56465 2.69651 2.8232 2.94449 3.06025 3.17044 3.2751 3.37428 3.46811 3.55673 3.64031 3.71901 3.79305 3.86262 3.92791 3.98914 4.04651 4.10022 4.15046 4.19744 4.24133 4.28232 4.32057 4.35625 4.38953 4.42054 4.44944 4.47635 4.50141 4.52474 4.54645 4.56664 4.58543 4.6029 4.61914 4.63423 4.64826 4.6613 4.67341 4.68467 4.69512 4.70483 4.71384 4.72221 4.72999 4.7372 4.7439 4.75012 4.75593 4.76136 4.7664 4.77108 4.77542 4.77945 4.78318 4.78665 4.78987 4.79285 4.79562 4.79819 4.80058 4.80279 4.80484 4.80674 4.80851 4.81014 4.81166 4.81307 4.81438 4.81559 4.81671 4.81776 4.81872 4.81962 4.82045 4.82123 4.82194 4.82261 4.82358
 0 0.0011919 0.00281844 0.0102114 0.0292497 0.0676475 0.131257 0.2208 0.330898 0.45168 0.571771 0.681188 0.773304 0.845497 0.898586 0.935532 0.960078 0.975778 0.985522 0.991432 0.994957 0.997036 0.998254 0.998966 0.999383 0.999628 0.999773 0.999859 0.999911 0.999943 0.999963 0.999975 0.999983 0.999988 0.999991 0.999993 0.999994 0.999995 0.999996 0.999996 0.999997 0.999997 0.999997 0.999997 0.999997 0.999997 0.999997 0.999997 0.999997 0.999997 0.999997 0.999997 0.999997 0.999997 0.999997 0.999997 0.999997 0.999997 0.999997 0.999997 0.999997 0.999997 0.999997 0.999997 0.999997 0.999997 0.999997 0.999997 0.999997 0.999997 0.999997 0.999997 0.999997 0.999997 0.999997 0.999997 0.999997 0.999997 0.999997 0.999997 0.999997 0.999997 0.999997 0.999997 0.999997 0.999997 0.999997 0.999997 0.999997 0.999997 0.999997 0.999997 0.999997 0.999997 0.999997 0.999997 0.999997 0.999997 0.999997 0.999997 0.999997
 #wt and selex for gender,fleet: 1 3 3_CA_REC
 0.00896707 0.00926842 0.0286238 0.0697177 0.130988 0.211393 0.308226 0.418343 0.53868 0.666554 0.799916 0.93761 1.07928 1.22486 1.37405 1.52605 1.67964 1.83339 1.9859 2.13597 2.28259 2.42502 2.5627 2.69523 2.82237 2.94394 3.05989 3.17021 3.27494 3.37418 3.46804 3.55668 3.64027 3.71899 3.79303 3.8626 3.9279 3.98913 4.0465 4.10021 4.15046 4.19744 4.24133 4.28231 4.32057 4.35625 4.38953 4.42054 4.44944 4.47635 4.50142 4.52474 4.54645 4.56665 4.58543 4.6029 4.61914 4.63423 4.64826 4.6613 4.67341 4.68467 4.69512 4.70483 4.71384 4.72222 4.72999 4.7372 4.7439 4.75012 4.75593 4.76136 4.7664 4.77108 4.77542 4.77945 4.78318 4.78665 4.78987 4.79285 4.79562 4.79819 4.80058 4.80279 4.80484 4.80674 4.80851 4.81014 4.81166 4.81307 4.81438 4.81559 4.81672 4.81776 4.81873 4.81962 4.82045 4.82123 4.82194 4.82261 4.82358
 0 0.00402612 0.00875842 0.0265629 0.0651423 0.131897 0.228345 0.348231 0.479431 0.607933 0.721776 0.813671 0.881744 0.928434 0.958396 0.976588 0.987151 0.993075 0.996312 0.998048 0.998969 0.999453 0.999709 0.999843 0.999914 0.999953 0.999973 0.999985 0.999991 0.999994 0.999996 0.999998 0.999998 0.999999 0.999999 0.999999 0.999999 0.999999 0.999999 0.999999 0.999999 0.999999 0.999999 0.999999 0.999999 0.999999 0.999999 0.999999 0.999999 0.999999 0.999999 0.999999 0.999999 0.999999 0.999999 0.999999 0.999999 0.999999 0.999999 0.999999 0.999999 0.999999 0.999999 0.999999 0.999999 0.999999 0.999999 0.999999 0.999999 0.999999 0.999999 0.999999 0.999999 0.999999 0.999999 0.999999 0.999999 0.999999 0.999999 0.999999 0.999999 0.999999 0.999999 0.999999 0.999999 0.999999 0.999999 0.999999 0.999999 0.999999 0.999999 0.999999 0.999999 0.999999 0.999999 0.999999 0.999999 0.999999 0.999999 0.999999 0.999999
 #wt and selex for gender,fleet: 1 4 4_ORWA_TWL
 0.00896707 0.00926741 0.0268987 0.0651063 0.123033 0.200164 0.294523 0.403505 0.524356 0.654439 0.791412 0.933383 1.07904 1.22755 1.37834 1.53077 1.68399 1.83699 1.98867 2.13798 2.284 2.42598 2.56334 2.69565 2.82264 2.94412 3.06001 3.17029 3.27499 3.37421 3.46806 3.5567 3.64028 3.719 3.79304 3.86261 3.9279 3.98913 4.0465 4.10021 4.15046 4.19744 4.24133 4.28231 4.32057 4.35625 4.38953 4.42054 4.44944 4.47635 4.50141 4.52474 4.54645 4.56664 4.58543 4.6029 4.61914 4.63423 4.64826 4.6613 4.67341 4.68467 4.69512 4.70483 4.71384 4.72221 4.72999 4.7372 4.7439 4.75012 4.75593 4.76136 4.7664 4.77108 4.77542 4.77945 4.78318 4.78665 4.78987 4.79285 4.79562 4.79819 4.80057 4.80279 4.80484 4.80674 4.80851 4.81014 4.81166 4.81307 4.81438 4.81559 4.81671 4.81776 4.81872 4.81962 4.82045 4.82122 4.82194 4.8226 4.82358
 0 0.0155269 0.028902 0.0627276 0.118073 0.196026 0.293306 0.402914 0.516075 0.624287 0.720807 0.80142 0.864624 0.911282 0.943867 0.965531 0.979342 0.987849 0.992947 0.995941 0.997673 0.998666 0.999232 0.999555 0.99974 0.999846 0.999907 0.999943 0.999964 0.999977 0.999984 0.999989 0.999992 0.999994 0.999995 0.999996 0.999996 0.999996 0.999997 0.999997 0.999997 0.999997 0.999997 0.999997 0.999997 0.999997 0.999997 0.999997 0.999997 0.999997 0.999996 0.999996 0.999996 0.999996 0.999996 0.999996 0.999996 0.999996 0.999996 0.999996 0.999996 0.999996 0.999996 0.999996 0.999996 0.999996 0.999996 0.999996 0.999996 0.999996 0.999996 0.999996 0.999996 0.999996 0.999996 0.999996 0.999996 0.999996 0.999996 0.999996 0.999996 0.999996 0.999996 0.999996 0.999996 0.999996 0.999996 0.999996 0.999996 0.999996 0.999996 0.999996 0.999996 0.999996 0.999996 0.999996 0.999996 0.999996 0.999996 0.999996 0.999996
 #wt and selex for gender,fleet: 1 5 5_ORWA_NONTWL
 0.00896707 0.00926855 0.0289073 0.0710552 0.134724 0.219338 0.322408 0.440771 0.571175 0.710592 0.856344 1.00614 1.15808 1.31061 1.46253 1.613 1.76145 1.90752 2.05096 2.19154 2.32904 2.46315 2.59356 2.71994 2.842 2.95946 3.07213 3.17985 3.28254 3.38019 3.47281 3.56049 3.64333 3.72146 3.79505 3.86425 3.92927 3.99027 4.04746 4.10102 4.15115 4.19803 4.24185 4.28277 4.32097 4.35661 4.38984 4.42083 4.4497 4.47659 4.50163 4.52494 4.54663 4.56682 4.58559 4.60305 4.61928 4.63437 4.64839 4.66142 4.67353 4.68478 4.69523 4.70493 4.71394 4.72231 4.73008 4.7373 4.74399 4.75021 4.75602 4.76145 4.76649 4.77116 4.7755 4.77953 4.78326 4.78673 4.78995 4.79293 4.7957 4.79827 4.80065 4.80286 4.80491 4.80682 4.80858 4.81022 4.81174 4.81315 4.81445 4.81566 4.81679 4.81783 4.8188 4.8197 4.82053 4.8213 4.82201 4.82268 4.82365
 0 0.000744568 0.00165732 0.0054017 0.0145814 0.0330052 0.0644696 0.111443 0.174151 0.250418 0.336212 0.426566 0.516503 0.601741 0.679103 0.746655 0.803632 0.85023 0.887321 0.91616 0.938146 0.954637 0.96685 0.975807 0.982331 0.987062 0.990487 0.992967 0.994764 0.996072 0.997028 0.99773 0.99825 0.998637 0.998927 0.999147 0.999314 0.999443 0.999543 0.999621 0.999683 0.999732 0.999771 0.999803 0.999829 0.99985 0.999868 0.999882 0.999895 0.999905 0.999914 0.999921 0.999928 0.999933 0.999938 0.999942 0.999946 0.999949 0.999951 0.999954 0.999956 0.999958 0.99996 0.999961 0.999963 0.999964 0.999965 0.999966 0.999967 0.999968 0.999968 0.999969 0.999969 0.99997 0.99997 0.99997 0.999971 0.999971 0.999971 0.999972 0.999972 0.999972 0.999972 0.999972 0.999973 0.999973 0.999973 0.999973 0.999973 0.999973 0.999973 0.999973 0.999973 0.999974 0.999974 0.999974 0.999974 0.999974 0.999974 0.999974 0.999974
 #wt and selex for gender,fleet: 1 6 6_OR_REC
 0.00896707 0.00927663 0.0379253 0.0903837 0.16351 0.252592 0.352146 0.457752 0.566844 0.679528 0.798109 0.925146 1.06172 1.20698 1.35873 1.51433 1.67134 1.82782 1.98227 2.13361 2.28102 2.42392 2.56186 2.69453 2.82173 2.94333 3.05927 3.16958 3.27428 3.3735 3.46734 3.55595 3.63952 3.71821 3.79223 3.86178 3.92706 3.98827 4.04563 4.09932 4.14955 4.19652 4.24039 4.28137 4.31961 4.35528 4.38855 4.41955 4.44844 4.47535 4.5004 4.52372 4.54543 4.56562 4.58439 4.60186 4.61809 4.63319 4.64721 4.66025 4.67236 4.68361 4.69406 4.70376 4.71277 4.72114 4.72891 4.73613 4.74282 4.74904 4.75485 4.76028 4.76531 4.76999 4.77433 4.77835 4.78209 4.78555 4.78877 4.79175 4.79452 4.79709 4.79947 4.80168 4.80373 4.80563 4.8074 4.80904 4.81055 4.81196 4.81327 4.81448 4.8156 4.81665 4.81761 4.81851 4.81934 4.82011 4.82083 4.82149 4.82246
 0 1.94117e-05 0.000113018 0.00161666 0.0118667 0.050787 0.143721 0.297111 0.484692 0.663653 0.802771 0.894461 0.947544 0.975351 0.988843 0.995007 0.997677 0.998765 0.999158 0.999253 0.999221 0.999136 0.999029 0.998914 0.998797 0.998681 0.998567 0.998457 0.998351 0.998249 0.998152 0.998059 0.997971 0.997887 0.997808 0.997733 0.997663 0.997596 0.997534 0.997475 0.99742 0.997369 0.997321 0.997275 0.997233 0.997194 0.997157 0.997122 0.99709 0.99706 0.997033 0.997007 0.996982 0.99696 0.996939 0.996919 0.996901 0.996884 0.996869 0.996854 0.99684 0.996828 0.996816 0.996805 0.996795 0.996786 0.996777 0.996769 0.996761 0.996754 0.996748 0.996742 0.996736 0.996731 0.996726 0.996721 0.996717 0.996713 0.996709 0.996706 0.996703 0.9967 0.996697 0.996695 0.996693 0.99669 0.996688 0.996687 0.996685 0.996683 0.996682 0.99668 0.996679 0.996678 0.996677 0.996676 0.996675 0.996674 0.996673 0.996672 0.996671
 #wt and selex for gender,fleet: 1 7 7_WA_REC
 0.00896707 0.00927634 0.0380101 0.0924639 0.170821 0.269148 0.381948 0.504195 0.631873 0.762047 0.892904 1.02387 1.1555 1.28898 1.42541 1.56528 1.70832 1.85354 1.99961 2.14503 2.28847 2.42877 2.56507 2.69673 2.82331 2.94454 3.06027 3.17045 3.2751 3.37428 3.46811 3.55673 3.6403 3.71901 3.79305 3.86261 3.92791 3.98914 4.04651 4.10022 4.15046 4.19744 4.24133 4.28232 4.32057 4.35625 4.38953 4.42054 4.44944 4.47635 4.50142 4.52474 4.54645 4.56665 4.58543 4.6029 4.61914 4.63423 4.64826 4.6613 4.67341 4.68467 4.69512 4.70483 4.71384 4.72222 4.72999 4.7372 4.7439 4.75012 4.75593 4.76136 4.7664 4.77108 4.77542 4.77945 4.78318 4.78665 4.78987 4.79285 4.79562 4.79819 4.80058 4.80279 4.80484 4.80674 4.80851 4.81014 4.81166 4.81307 4.81438 4.81559 4.81672 4.81776 4.81873 4.81962 4.82045 4.82123 4.82194 4.82261 4.82358
 0 1.92778e-06 1.10838e-05 0.000170571 0.00147229 0.00780742 0.0281168 0.0747319 0.156626 0.272572 0.410078 0.550726 0.677721 0.780979 0.85794 0.911359 0.946376 0.968319 0.981599 0.989431 0.993966 0.99656 0.998034 0.99887 0.999345 0.999616 0.999772 0.999863 0.999916 0.999947 0.999967 0.999978 0.999986 0.99999 0.999993 0.999995 0.999996 0.999997 0.999998 0.999998 0.999999 0.999999 0.999999 0.999999 0.999999 0.999999 0.999999 0.999999 0.999999 0.999999 0.999999 0.999999 0.999999 0.999999 0.999999 0.999999 0.999999 0.999999 0.999999 0.999999 0.999999 0.999999 0.999999 0.999999 0.999999 0.999999 0.999999 0.999999 0.999999 0.999999 0.999999 0.999999 0.999999 0.999999 0.999999 0.999999 0.999999 0.999999 0.999999 0.999999 0.999999 0.999999 0.999999 0.999999 0.999999 0.999999 0.999999 0.999999 0.999999 0.999999 0.999999 0.999999 0.999999 0.999999 0.999999 0.999999 0.999999 0.999999 0.999999 0.999999 0.999999
# Sex ratio correction
1
# M and current age-structure in year Yinit: 2011
 # gender = 1
 0.0439034 0.0439034 0.0439034 0.0439034 0.0439034 0.0439034 0.0439034 0.0439034 0.0439034 0.0439034 0.0439034 0.0439034 0.0439034 0.0439034 0.0439034 0.0439034 0.0439034 0.0439034 0.0439034 0.0439034 0.0439034 0.0439034 0.0439034 0.0439034 0.0439034 0.0439034 0.0439034 0.0439034 0.0439034 0.0439034 0.0439034 0.0439034 0.0439034 0.0439034 0.0439034 0.0439034 0.0439034 0.0439034 0.0439034 0.0439034 0.0439034 0.0439034 0.0439034 0.0439034 0.0439034 0.0439034 0.0439034 0.0439034 0.0439034 0.0439034 0.0439034 0.0439034 0.0439034 0.0439034 0.0439034 0.0439034 0.0439034 0.0439034 0.0439034 0.0439034 0.0439034 0.0439034 0.0439034 0.0439034 0.0439034 0.0439034 0.0439034 0.0439034 0.0439034 0.0439034 0.0439034 0.0439034 0.0439034 0.0439034 0.0439034 0.0439034 0.0439034 0.0439034 0.0439034 0.0439034 0.0439034 0.0439034 0.0439034 0.0439034 0.0439034 0.0439034 0.0439034 0.0439034 0.0439034 0.0439034 0.0439034 0.0439034 0.0439034 0.0439034 0.0439034 0.0439034 0.0439034 0.0439034 0.0439034 0.0439034 0.0439034
 248.317 303.051 305.373 344.135 199.884 173.77 101.106 65.0421 96.8841 218.289 61.3398 48.5821 81.5367 54.327 32.9944 26.5193 26.8718 54.2797 57.3118 27.1937 21.7058 21.785 21.4337 21.7343 24.5034 27.17 33.6919 32.4905 20.5156 22.688 18.6058 14.8973 10.4528 7.2102 8.33064 7.64203 7.72212 4.62854 3.883 4.66014 7.18605 4.39745 3.31869 2.77125 2.14864 1.80051 1.41739 1.1584 1.08953 1.15183 1.26239 1.28338 1.15981 1.00525 0.887445 0.811833 0.774242 0.771675 0.803729 0.872907 0.978345 1.09939 1.1706 1.11795 0.978084 0.836727 0.725866 0.645207 0.587294 0.544531 0.51195 0.486288 0.465534 0.4482 0.432843 0.418252 0.403535 0.388398 0.372991 0.357793 0.343312 0.329934 0.317763 0.306761 0.296627 0.28695 0.277641 0.268471 0.259265 0.249941 0.240481 0.230907 0.22129 0.211749 0.202307 0.193092 0.184179 0.175614 0.167425 0.159623 3.42829
# Age-structure at Ydeclare= 2013
 437.725 210.566 227.441 277.57 279.687 315.153 183.005 159.02 92.4524 59.4138 88.395 198.925 55.8377 44.1844 74.1033 49.348 29.959 24.0731 24.3886 49.2575 52.0046 24.6741 19.6938 19.7651 19.4458 19.7179 22.2295 24.6478 30.5631 29.4719 18.6086 20.5781 16.8746 13.5105 9.47933 6.53842 7.55421 6.92954 7.00195 4.19675 3.52066 4.22516 6.51512 3.98677 3.00868 2.51232 1.94785 1.63223 1.28489 1.0501 0.987657 1.04412 1.14434 1.16336 1.05134 0.911236 0.804443 0.7359 0.701824 0.699496 0.728551 0.791257 0.886832 0.996556 1.0611 1.01338 0.886591 0.758455 0.657965 0.584851 0.532355 0.493591 0.464058 0.440797 0.421984 0.406271 0.392351 0.379124 0.365784 0.352063 0.338097 0.324321 0.311195 0.299069 0.288036 0.278063 0.268877 0.260106 0.251668 0.243355 0.235011 0.226559 0.217984 0.209305 0.200589 0.19194 0.183382 0.175028 0.166949 0.159186 3.40404
# Year for Tmin Age-structure (set to Ydecl by SS)
2013
#  recruitment and biomass
# Number of historical assessment years
137
# Historical data
# year recruitment spawner in B0 in R project in R/S project
1888  1889 1890 1891 1892 1893 1894 1895 1896 1897 1898 1899 1900 1901 1902 1903 1904 1905 1906 1907 1908 1909 1910 1911 1912 1913 1914 1915 1916 1917 1918 1919 1920 1921 1922 1923 1924 1925 1926 1927 1928 1929 1930 1931 1932 1933 1934 1935 1936 1937 1938 1939 1940 1941 1942 1943 1944 1945 1946 1947 1948 1949 1950 1951 1952 1953 1954 1955 1956 1957 1958 1959 1960 1961 1962 1963 1964 1965 1966 1967 1968 1969 1970 1971 1972 1973 1974 1975 1976 1977 1978 1979 1980 1981 1982 1983 1984 1985 1986 1987 1988 1989 1990 1991 1992 1993 1994 1995 1996 1997 1998 1999 2000 2001 2002 2003 2004 2005 2006 2007 2008 2009 2010 2011 2012 2013 2014 2015 2016 2017 2018 2019 2020 2021 2022 2023 2024 #years (with first value representing R0)
223.029 227.039 227.181 227.328 227.48 227.629 227.784 227.944 228.117 228.299 228.488 228.685 228.892 229.109 229.337 229.573 229.822 230.089 230.373 230.685 231.021 231.383 231.772 232.183 232.612 233.043 233.45 233.792 234.019 234.071 233.866 233.289 232.35 230.97 229.126 226.844 224.177 221.224 218.138 215.085 212.107 209.447 207.232 205.402 203.817 202.207 200.29 197.862 194.925 191.698 188.623 186.196 184.9 185.131 187.363 192.36 201.233 215.613 236.737 263.581 286.924 286.08 255.79 216.666 183.972 161.178 147.219 140.493 140.081 145.562 156.673 171.664 180.267 168.128 145.278 129.945 130.382 150.13 178.884 199.377 238.93 264.151 320.756 476.302 278.151 206.782 217.915 318.593 273.946 257.335 190.359 234.008 280.716 293.189 297.294 222.594 291.54 250.371 168.127 127.336 95.912 81.383 72.2709 63.9279 72.2706 139.555 122.709 56.9557 53.0722 62.6088 98.0134 140.064 79.5437 95.7992 325.439 137.981 88.5485 131.645 216.47 238.273 392.59 333.401 316.652 248.317 220.016 437.725 204.305 258.397 168.913 98.1866 104.914 136.161 151.448 161.952 169.135 173.587 184.735  #recruits; first value is R0 (virgin)
1133.19  1133.19 1133.18 1133.17 1133.14 1132.68 1132.22 1131.75 1131.6 1131.52 1131.44 1131.38 1131.32 1131.27 1131.25 1131.25 1131.3 1131.37 1131.49 1131.64 1131.82 1131.91 1132.14 1132.39 1132.66 1132.95 1133.25 1133.57 1133.83 1134.17 1134.37 1132.52 1132.27 1132.17 1132.14 1132.43 1132.65 1132.35 1131.72 1130.31 1128.19 1126.19 1124.68 1122.84 1122.03 1121.4 1120.77 1119.58 1118.35 1116.11 1114.07 1111.67 1109.8 1106.7 1101.98 1096.8 1086.99 1076.4 1060.44 1045.63 1038.47 1030.21 1023.63 1016.27 1007.22 999.217 992.997 985.618 978.678 971.785 963.924 956.931 951.251 946.939 944.636 941.7 940.271 940.006 929.828 926.493 921.167 915.322 900.19 889.632 875.832 858.807 840.376 820.151 800.305 777.701 755.49 720.73 684.315 656.788 621.883 565.001 516.757 488.927 451.996 422.655 395.395 372.257 343.054 322.37 287.896 256.744 226.908 211.052 194.995 177.413 156.925 150.376 139.486 140.549 140.986 146.629 152.469 158.527 164.571 170.915 176.74 182.926 189.048 195.902 203.065 210.568 218.999 228.413 238.352 249.598 261.133 274.397 289.068 306.215 325.025 344.219 364.133 #spbio; first value is SSB_virgin (virgin)
1 0 0 0 0 0 0 0 0 0 0 0 0 0 0 0 0 0 0 0 0 0 0 0 0 0 0 0 0 0 0 0 0 0 0 0 0 0 0 0 0 0 0 0 0 0 0 0 0 0 0 0 0 0 0 0 0 0 0 0 0 0 0 0 0 0 0 0 0 0 0 0 0 0 0 0 0 0 0 0 0 0 0 0 0 0 0 0 0 0 0 0 0 0 0 0 0 0 0 0 0 0 0 0 0 0 0 0 0 0 0 0 0 0 0 0 0 0 0 0 0 0 0 0 0 0 0 0 0 0 0 0 0 0 0 0 0  # in Bzero
0 1 1 1 1 1 1 1 1 1 1 1 1 1 1 1 1 1 1 1 1 1 1 1 1 1 1 1 1 1 1 1 1 1 1 1 1 1 1 1 1 1 1 1 1 1 1 1 1 1 1 1 1 1 1 1 1 1 1 1 1 1 1 1 1 1 1 1 1 1 1 1 1 1 1 1 1 1 1 1 1 1 1 1 1 1 1 1 1 1 1 1 1 1 1 1 1 1 1 1 1 1 1 1 1 1 1 1 1 1 1 1 1 1 1 1 1 1 1 1 1 1 1 1 1 1 1 1 1 1 1 1 1 1  0 0 0 # in R project
0 1 1 1 1 1 1 1 1 1 1 1 1 1 1 1 1 1 1 1 1 1 1 1 1 1 1 1 1 1 1 1 1 1 1 1 1 1 1 1 1 1 1 1 1 1 1 1 1 1 1 1 1 1 1 1 1 1 1 1 1 1 1 1 1 1 1 1 1 1 1 1 1 1 1 1 1 1 1 1 1 1 1 1 1 1 1 1 1 1 1 1 1 1 1 1 1 1 1 1 1 1 1 1 1 1 1 1 1 1 1 1 1 1 1 1 1 1 1 1 1 1 1 1 1 1 1 1 1 1 1 1 1 1  0 0 0 # in R/S project
# Number of years with pre-specified catches
0
# catches for years with pre-specified catches go next
# Number of future recruitments to override
-2
# Process for overiding (-1 for average otherwise index in data list)
# Which probability to product detailed results for (1=0.5; 2=0.6; etc.)
3
# Steepness sigma-R Auto-correlation
0.718 0.5 0
# Target SPR rate (FMSY Proxy); manually change to SPR_MSY if not using SPR_target
0.5
# Discount rate (for cumulative catch)
0.1
# Truncate the series when 0.4B0 is reached (1=Yes)
0
# Set F to FMSY once 0.4B0 is reached (1=Yes)
0
# Maximum possible F for projection (-1 to set to FMSY)
-1
# Defintion of recovery (1=now only;2=now or before)
2
# Projection type
4
# Definition of the 40-10 rule
10 40
# Sigma Assessment Error (Base, Year1, Slope, MaxSigma)
1.0 2025 0.075 2.0
# Pstar
0.45
# Constrain catches by the ABC (1=yes, 2=no)
2
# Implementation Error (0=no; 1=lognormal; 2=uniform)
0
#Parameters of Implementaion Error
1 0.3
# Calculate coefficients of variation (1=Yes)
0
# Number of replicates to use
10
# Random number seed
-99004
# File with multiple parameter vectors 
rebuild.SSO
# User-specific projection (1=Yes); Output replaced (1->9)
0  5
# Catches and Fs (Year; 1/2/3 (F or C or SPR); value); Final row is -1
2024 1 1
-1 -1 -1
# Fixed catch project (1=Yes); Output replaced (1->9); Approach (-1=Read in else 1-9)
0 2 -1
# (48a) Special catch options (1-Yes) [CUT_OFF, Emsy, distribution, MAXCAT, Add, replace_code]
0 0.18 1.00 1.00 0 6
# (48b) B1Target
150000
# Split of Fs
2011  0.0174364
 0
 0.411002
 0.0232356
 0.184542
 0.190619
 0.173166
-1  1 1 1 1 1 1 1 1 1 1 1 1
# Yrs to define T_target for projection type 4 (a.k.a. 5 pre-specified inputs)
2030 2031 2032 2033 2034 
# Year for probability of recovery
2034 2035 2036 2037 2038 2039 2040 2041
# Time varying weight-at-age (1=Yes;0=No)
0
# File with time series of weight-at-age data
none
# Use bisection (0) or linear interpolation (1)
1
# Target Depletion
0.4
# CV of implementation error
0
