#Title, #runnumber: 1 yelloweye_data.ss yelloweye_control.ss 7867.37 1187 473.441 StartTime: Wed May 28 19:22:56 2025
SSv3_default_rebuild.dat
# Number of sexes
1
# Age range to consider (minimum age; maximum age)
0 100
# Number of fleets
7
# First year of projection (Yinit)
2011
# First Year of rebuilding period (Ydecl)
2013
# Number of simulations
1000
# Maximum number of years
500
# Conduct projections with multiple starting values (0=No;else yes)
0
# Number of parameter vectors
1000
# Is the maximum age a plus-group (1=Yes;2=No)
1
# Generate future recruitments using historical recruitments (1)  historical recruits/spawner (2)  or a stock-recruitment (3)
3
# Constant fishing mortality (1) or constant Catch (2) projections
1
# Fishing mortality based on SPR (1) or actual rate (2)
1
# Pre-specify the year of recovery (or -1) to ignore
-1
# Fecundity-at-age
# 0 1 2 3 4 5 6 7 8 9 10 11 12 13 14 15 16 17 18 19 20 21 22 23 24 25 26 27 28 29 30 31 32 33 34 35 36 37 38 39 40 41 42 43 44 45 46 47 48 49 50 51 52 53 54 55 56 57 58 59 60 61 62 63 64 65 66 67 68 69 70 71 72 73 74 75 76 77 78 79 80 81 82 83 84 85 86 87 88 89 90 91 92 93 94 95 96 97 98 99 100 #runnumber: 1 yelloweye_data.ss yelloweye_control.ss 7867.37 1187 473.441
 0 0 3.81353e-09 7.33977e-08 8.77062e-07 7.50934e-06 4.97552e-05 0.000265103 0.00114747 0.00400967 0.0112974 0.0260663 0.0506456 0.0855242 0.129273 0.179319 0.232889 0.287643 0.341912 0.394666 0.445356 0.493752 0.539806 0.583564 0.625111 0.664543 0.701954 0.737429 0.771047 0.80288 0.832996 0.86146 0.888335 0.913682 0.937565 0.960045 0.981182 1.00104 1.01968 1.03716 1.05353 1.06887 1.08321 1.09663 1.10916 1.12087 1.13179 1.14199 1.15149 1.16035 1.1686 1.17629 1.18345 1.19011 1.19631 1.20207 1.20743 1.21241 1.21705 1.22135 1.22535 1.22907 1.23252 1.23572 1.2387 1.24146 1.24402 1.24641 1.24861 1.25066 1.25257 1.25436 1.25603 1.25757 1.259 1.26033 1.26156 1.26271 1.26377 1.26475 1.26566 1.26651 1.26729 1.26802 1.26869 1.26932 1.2699 1.27043 1.27093 1.27139 1.27182 1.27222 1.27259 1.27293 1.27325 1.27354 1.27381 1.27406 1.2743 1.27451 1.27483 #female fecundity; weighted by N in year Y_init across morphs and areas
# Age specific selectivity and weight adjusted for discard and discard mortality
 #wt and selex for gender,fleet: 1 1 1_CA_TWL
 0.00896707 0.0094252 0.0309374 0.0737265 0.137 0.219581 0.318637 0.430892 0.553158 0.682592 0.816836 0.954189 1.09374 1.23522 1.37864 1.52382 1.67021 1.8169 1.96279 2.10676 2.24778 2.38504 2.51788 2.64585 2.76863 2.88602 2.99795 3.10437 3.20535 3.30096 3.39133 3.47661 3.55697 3.63258 3.70366 3.77038 3.83296 3.89161 3.94651 3.99788 4.0459 4.09076 4.13264 4.17173 4.20818 4.24217 4.27384 4.30333 4.3308 4.35637 4.38015 4.40228 4.42286 4.442 4.45978 4.47631 4.49167 4.50594 4.51919 4.5315 4.54292 4.55353 4.56338 4.57253 4.58101 4.58889 4.59619 4.60297 4.60926 4.6151 4.62054 4.62563 4.63034 4.63472 4.63877 4.64254 4.64602 4.64926 4.65226 4.65504 4.65762 4.66001 4.66223 4.66429 4.66619 4.66796 4.6696 4.67112 4.67253 4.67383 4.67504 4.67616 4.6772 4.67817 4.67906 4.67989 4.68066 4.68137 4.68203 4.68264 4.68354
 0 0.00107288 0.00275759 0.0102673 0.029846 0.0697138 0.136085 0.229573 0.344125 0.468871 0.591498 0.701496 0.792276 0.861748 0.911482 0.945115 0.966816 0.980305 0.988455 0.993279 0.996096 0.997727 0.998669 0.999214 0.99953 0.999715 0.999825 0.99989 0.99993 0.999954 0.999969 0.999979 0.999985 0.999989 0.999992 0.999994 0.999995 0.999996 0.999996 0.999996 0.999997 0.999997 0.999997 0.999997 0.999997 0.999997 0.999997 0.999997 0.999997 0.999997 0.999997 0.999997 0.999997 0.999997 0.999997 0.999997 0.999997 0.999997 0.999997 0.999997 0.999997 0.999997 0.999997 0.999997 0.999997 0.999997 0.999997 0.999997 0.999997 0.999997 0.999997 0.999997 0.999997 0.999997 0.999997 0.999997 0.999997 0.999997 0.999997 0.999997 0.999997 0.999997 0.999997 0.999997 0.999997 0.999997 0.999997 0.999997 0.999997 0.999997 0.999997 0.999997 0.999997 0.999997 0.999997 0.999997 0.999997 0.999997 0.999997 0.999997 0.999997
 #wt and selex for gender,fleet: 1 2 2_CA_NONTWL
 0.00896707 0.00942477 0.0305661 0.0728595 0.135593 0.217729 0.316582 0.428971 0.551755 0.682087 0.817547 0.956268 1.09708 1.23946 1.38327 1.52834 1.67427 1.8203 1.96549 2.1088 2.24929 2.38612 2.51864 2.64638 2.769 2.88628 2.99812 3.10449 3.20543 3.30102 3.39137 3.47664 3.55699 3.6326 3.70367 3.77039 3.83297 3.89161 3.94652 3.99788 4.0459 4.09076 4.13264 4.17173 4.20818 4.24217 4.27384 4.30333 4.3308 4.35636 4.38015 4.40228 4.42286 4.442 4.45978 4.47631 4.49167 4.50594 4.51919 4.5315 4.54292 4.55353 4.56338 4.57252 4.58101 4.58888 4.59619 4.60297 4.60926 4.6151 4.62054 4.62563 4.63034 4.63472 4.63877 4.64253 4.64602 4.64926 4.65226 4.65504 4.65762 4.66001 4.66223 4.66428 4.66619 4.66796 4.6696 4.67112 4.67252 4.67383 4.67504 4.67616 4.6772 4.67817 4.67906 4.67989 4.68066 4.68137 4.68203 4.68264 4.68353
 0 0.00132836 0.00328442 0.0114282 0.0315908 0.0711979 0.135634 0.225261 0.334646 0.454171 0.572865 0.681112 0.772462 0.844287 0.897296 0.934329 0.959039 0.974926 0.98485 0.990917 0.994571 0.996753 0.998049 0.998819 0.999278 0.999553 0.999719 0.99982 0.999883 0.999922 0.999947 0.999963 0.999973 0.99998 0.999984 0.999987 0.99999 0.999991 0.999992 0.999993 0.999993 0.999993 0.999994 0.999994 0.999994 0.999994 0.999994 0.999994 0.999994 0.999994 0.999994 0.999994 0.999994 0.999994 0.999994 0.999994 0.999994 0.999994 0.999994 0.999994 0.999994 0.999993 0.999993 0.999993 0.999993 0.999993 0.999993 0.999993 0.999993 0.999993 0.999993 0.999993 0.999993 0.999993 0.999993 0.999993 0.999993 0.999993 0.999993 0.999993 0.999993 0.999993 0.999993 0.999993 0.999993 0.999993 0.999993 0.999993 0.999993 0.999993 0.999993 0.999993 0.999993 0.999993 0.999993 0.999993 0.999993 0.999993 0.999993 0.999993 0.999993
 #wt and selex for gender,fleet: 1 3 3_CA_REC
 0.00896707 0.00942405 0.0298719 0.0708988 0.131646 0.211062 0.306572 0.41515 0.533811 0.659897 0.791359 0.927024 1.06653 1.20979 1.35647 1.5057 1.65622 1.80661 1.95551 2.10175 2.24442 2.38282 2.51643 2.6449 2.76801 2.88562 2.99768 3.1042 3.20523 3.30088 3.39128 3.47657 3.55694 3.63256 3.70364 3.77037 3.83296 3.8916 3.94651 3.99787 4.04589 4.09076 4.13264 4.17173 4.20818 4.24217 4.27384 4.30333 4.3308 4.35637 4.38015 4.40228 4.42286 4.442 4.45978 4.47631 4.49167 4.50594 4.51919 4.5315 4.54293 4.55354 4.56338 4.57253 4.58101 4.58889 4.59619 4.60297 4.60926 4.6151 4.62055 4.62563 4.63034 4.63472 4.63877 4.64254 4.64602 4.64926 4.65226 4.65504 4.65762 4.66001 4.66223 4.66429 4.66619 4.66796 4.6696 4.67112 4.67253 4.67383 4.67504 4.67617 4.67721 4.67817 4.67906 4.67989 4.68066 4.68137 4.68203 4.68264 4.68354
 0 0.00399628 0.00921977 0.0279252 0.0680728 0.137126 0.236327 0.358887 0.492076 0.621423 0.734802 0.8251 0.890896 0.935167 0.962992 0.979529 0.988935 0.994111 0.996893 0.998365 0.999138 0.999543 0.999755 0.999867 0.999927 0.999959 0.999976 0.999986 0.999992 0.999995 0.999997 0.999998 0.999998 0.999999 0.999999 0.999999 0.999999 0.999999 0.999999 0.999999 0.999999 0.999999 0.999999 0.999999 0.999999 0.999999 0.999999 0.999999 0.999999 0.999999 0.999999 0.999999 0.999999 0.999999 0.999999 0.999999 0.999999 0.999999 0.999999 0.999999 0.999999 0.999999 0.999999 0.999999 0.999999 0.999999 0.999999 0.999999 0.999999 0.999999 0.999999 0.999999 0.999999 0.999999 0.999999 0.999999 0.999999 0.999999 0.999999 0.999999 0.999999 0.999999 0.999999 0.999999 0.999999 0.999999 0.999999 0.999999 0.999999 0.999999 0.999999 0.999999 0.999999 0.999999 0.999999 0.999999 0.999999 0.999999 0.999999 0.999999 0.999999
 #wt and selex for gender,fleet: 1 4 4_ORWA_TWL
 0.00896707 0.00942265 0.0284879 0.0673811 0.125521 0.202215 0.295374 0.402349 0.52039 0.64692 0.779782 0.917493 1.05926 1.20464 1.35304 1.50354 1.65493 1.80586 1.95509 2.10153 2.2443 2.38275 2.51639 2.64488 2.768 2.88561 2.99767 3.10419 3.20523 3.30088 3.39127 3.47657 3.55694 3.63256 3.70364 3.77037 3.83296 3.8916 3.94651 3.99787 4.04589 4.09075 4.13264 4.17173 4.20818 4.24217 4.27384 4.30333 4.3308 4.35636 4.38015 4.40228 4.42286 4.442 4.45978 4.47631 4.49167 4.50594 4.51919 4.5315 4.54292 4.55353 4.56338 4.57253 4.58101 4.58889 4.59619 4.60297 4.60926 4.6151 4.62054 4.62563 4.63034 4.63472 4.63877 4.64253 4.64602 4.64926 4.65226 4.65504 4.65762 4.66001 4.66223 4.66429 4.66619 4.66796 4.6696 4.67112 4.67253 4.67383 4.67504 4.67616 4.6772 4.67817 4.67906 4.67989 4.68066 4.68137 4.68203 4.68264 4.68354
 0 0.0134003 0.0269396 0.0624446 0.122999 0.210276 0.31992 0.442503 0.566402 0.680807 0.777861 0.853717 0.908521 0.945346 0.968569 0.98246 0.990427 0.994852 0.997255 0.99854 0.999222 0.999582 0.999773 0.999875 0.99993 0.99996 0.999976 0.999985 0.99999 0.999993 0.999995 0.999996 0.999997 0.999997 0.999997 0.999997 0.999997 0.999997 0.999997 0.999997 0.999997 0.999997 0.999997 0.999997 0.999997 0.999997 0.999997 0.999997 0.999997 0.999997 0.999997 0.999997 0.999996 0.999996 0.999996 0.999996 0.999996 0.999996 0.999996 0.999996 0.999996 0.999996 0.999996 0.999996 0.999996 0.999996 0.999996 0.999996 0.999996 0.999996 0.999996 0.999996 0.999996 0.999996 0.999996 0.999996 0.999996 0.999996 0.999996 0.999996 0.999996 0.999996 0.999996 0.999996 0.999996 0.999996 0.999996 0.999996 0.999996 0.999996 0.999996 0.999996 0.999996 0.999996 0.999996 0.999996 0.999996 0.999996 0.999996 0.999996 0.999996
 #wt and selex for gender,fleet: 1 5 5_ORWA_NONTWL
 0.00896707 0.00942432 0.0301919 0.0722818 0.135384 0.218882 0.320414 0.436954 0.565356 0.702654 0.846203 0.99372 1.14328 1.29332 1.44262 1.5903 1.73577 1.87869 2.01882 2.15594 2.28985 2.42027 2.54691 2.66948 2.7877 2.90133 3.01019 3.11417 3.2132 3.30727 3.39642 3.48074 3.56033 3.63535 3.70594 3.77229 3.83457 3.89297 3.94767 3.99888 4.04676 4.09151 4.13331 4.17232 4.20871 4.24264 4.27427 4.30373 4.33116 4.3567 4.38046 4.40257 4.42313 4.44225 4.46002 4.47653 4.49188 4.50614 4.51938 4.53168 4.5431 4.55371 4.56355 4.57269 4.58117 4.58904 4.59634 4.60312 4.6094 4.61524 4.62068 4.62576 4.63048 4.63485 4.6389 4.64266 4.64615 4.64939 4.65239 4.65517 4.65775 4.66014 4.66235 4.66441 4.66631 4.66808 4.66972 4.67124 4.67265 4.67395 4.67516 4.67628 4.67732 4.67829 4.67918 4.68001 4.68078 4.68149 4.68215 4.68276 4.68365
 0 0.000686267 0.00162905 0.00534424 0.0144417 0.0327366 0.0640545 0.110916 0.173598 0.249944 0.335907 0.426478 0.516626 0.602024 0.679467 0.747011 0.803899 0.850351 0.887268 0.915938 0.937779 0.954163 0.96631 0.975237 0.981762 0.986516 0.989977 0.9925 0.994344 0.995698 0.996697 0.99744 0.997995 0.998413 0.998731 0.998975 0.999163 0.999309 0.999424 0.999515 0.999588 0.999647 0.999694 0.999733 0.999765 0.999792 0.999814 0.999833 0.999848 0.999862 0.999873 0.999883 0.999891 0.999899 0.999905 0.999911 0.999916 0.99992 0.999924 0.999927 0.999931 0.999933 0.999936 0.999938 0.99994 0.999942 0.999943 0.999945 0.999946 0.999947 0.999948 0.999949 0.999949 0.99995 0.999951 0.999951 0.999952 0.999952 0.999952 0.999953 0.999953 0.999953 0.999954 0.999954 0.999954 0.999954 0.999955 0.999955 0.999955 0.999955 0.999955 0.999956 0.999956 0.999956 0.999956 0.999956 0.999956 0.999956 0.999956 0.999956 0.999956
 #wt and selex for gender,fleet: 1 6 6_OR_REC
 0.00896707 0.00943873 0.0390709 0.090588 0.162158 0.249239 0.346647 0.450118 0.55718 0.668153 0.785568 0.911895 1.04779 1.19194 1.34187 1.49492 1.64881 1.80174 1.95237 2.09973 2.24307 2.38185 2.51567 2.64425 2.7674 2.88502 2.99708 3.10358 3.20459 3.30021 3.39058 3.47585 3.55619 3.63179 3.70285 3.76956 3.83212 3.89075 3.94564 3.99699 4.04499 4.08984 4.13171 4.17078 4.20723 4.2412 4.27286 4.30235 4.3298 4.35536 4.37914 4.40127 4.42184 4.44097 4.45875 4.47527 4.49062 4.50489 4.51813 4.53044 4.54186 4.55247 4.56232 4.57145 4.57994 4.58781 4.59511 4.60189 4.60818 4.61401 4.61946 4.62454 4.62925 4.63362 4.63768 4.64144 4.64492 4.64816 4.65116 4.65394 4.65651 4.65891 4.66112 4.66318 4.66508 4.66685 4.66849 4.67001 4.67141 4.67272 4.67393 4.67505 4.67609 4.67705 4.67795 4.67877 4.67954 4.68025 4.68091 4.68153 4.68242
 0 1.86478e-05 0.000126661 0.00181713 0.0132645 0.0563426 0.157814 0.321972 0.517108 0.696356 0.829403 0.912709 0.958463 0.981236 0.991769 0.99637 0.998278 0.999011 0.999246 0.999272 0.99921 0.999112 0.999 0.998882 0.998764 0.998648 0.998535 0.998426 0.998321 0.99822 0.998124 0.998032 0.997946 0.997863 0.997786 0.997712 0.997643 0.997578 0.997517 0.99746 0.997406 0.997356 0.997309 0.997265 0.997224 0.997186 0.99715 0.997117 0.997085 0.997056 0.997029 0.997004 0.996981 0.996959 0.996939 0.99692 0.996902 0.996886 0.996871 0.996857 0.996844 0.996832 0.996821 0.99681 0.9968 0.996791 0.996783 0.996775 0.996768 0.996761 0.996755 0.996749 0.996744 0.996739 0.996734 0.99673 0.996726 0.996722 0.996719 0.996715 0.996713 0.99671 0.996707 0.996705 0.996703 0.996701 0.996699 0.996697 0.996695 0.996694 0.996692 0.996691 0.99669 0.996689 0.996688 0.996687 0.996686 0.996685 0.996684 0.996684 0.996683
 #wt and selex for gender,fleet: 1 7 7_WA_REC
 0.00896707 0.00944047 0.0401851 0.0947774 0.172607 0.269509 0.380088 0.499439 0.62365 0.749888 0.876531 1.00338 1.13144 1.26217 1.39665 1.5351 1.67683 1.82054 1.96464 2.1076 2.24811 2.38512 2.51785 2.64579 2.76856 2.88596 2.99789 3.10433 3.20532 3.30094 3.39131 3.4766 3.55696 3.63258 3.70365 3.77038 3.83296 3.89161 3.94651 3.99788 4.0459 4.09076 4.13264 4.17173 4.20818 4.24217 4.27384 4.30334 4.3308 4.35637 4.38016 4.40228 4.42286 4.442 4.45978 4.47631 4.49167 4.50594 4.51919 4.5315 4.54293 4.55354 4.56338 4.57253 4.58101 4.58889 4.59619 4.60297 4.60926 4.6151 4.62055 4.62563 4.63034 4.63472 4.63877 4.64254 4.64602 4.64926 4.65226 4.65504 4.65762 4.66001 4.66223 4.66429 4.66619 4.66796 4.6696 4.67112 4.67253 4.67383 4.67504 4.67617 4.67721 4.67817 4.67906 4.67989 4.68066 4.68137 4.68203 4.68264 4.68354
 0 9.82936e-07 7.52645e-06 0.000137352 0.00133151 0.00764982 0.0290353 0.0796493 0.16959 0.296327 0.443853 0.590195 0.717128 0.815626 0.88544 0.931481 0.960188 0.977341 0.987275 0.992905 0.996051 0.997796 0.998762 0.999298 0.999597 0.999765 0.999861 0.999916 0.999948 0.999968 0.999979 0.999986 0.999991 0.999994 0.999996 0.999997 0.999998 0.999998 0.999998 0.999999 0.999999 0.999999 0.999999 0.999999 0.999999 0.999999 0.999999 0.999999 0.999999 0.999999 0.999999 0.999999 0.999999 0.999999 0.999999 0.999999 0.999999 0.999999 0.999999 0.999999 0.999999 0.999999 0.999999 0.999999 0.999999 0.999999 0.999999 0.999999 0.999999 0.999999 0.999999 0.999999 0.999999 0.999999 0.999999 0.999999 0.999999 0.999999 0.999999 0.999999 0.999999 0.999999 0.999999 0.999999 0.999999 0.999999 0.999999 0.999999 0.999999 0.999999 0.999999 0.999999 0.999999 0.999999 0.999999 0.999999 0.999999 0.999999 0.999999 0.999999 0.999999
# Sex ratio correction
1
# M and current age-structure in year Yinit: 2011
 # gender = 1
 0.0439034 0.0439034 0.0439034 0.0439034 0.0439034 0.0439034 0.0439034 0.0439034 0.0439034 0.0439034 0.0439034 0.0439034 0.0439034 0.0439034 0.0439034 0.0439034 0.0439034 0.0439034 0.0439034 0.0439034 0.0439034 0.0439034 0.0439034 0.0439034 0.0439034 0.0439034 0.0439034 0.0439034 0.0439034 0.0439034 0.0439034 0.0439034 0.0439034 0.0439034 0.0439034 0.0439034 0.0439034 0.0439034 0.0439034 0.0439034 0.0439034 0.0439034 0.0439034 0.0439034 0.0439034 0.0439034 0.0439034 0.0439034 0.0439034 0.0439034 0.0439034 0.0439034 0.0439034 0.0439034 0.0439034 0.0439034 0.0439034 0.0439034 0.0439034 0.0439034 0.0439034 0.0439034 0.0439034 0.0439034 0.0439034 0.0439034 0.0439034 0.0439034 0.0439034 0.0439034 0.0439034 0.0439034 0.0439034 0.0439034 0.0439034 0.0439034 0.0439034 0.0439034 0.0439034 0.0439034 0.0439034 0.0439034 0.0439034 0.0439034 0.0439034 0.0439034 0.0439034 0.0439034 0.0439034 0.0439034 0.0439034 0.0439034 0.0439034 0.0439034 0.0439034 0.0439034 0.0439034 0.0439034 0.0439034 0.0439034 0.0439034
 276.438 343.718 337.568 419.961 237.228 226.381 127.401 79.6767 113.14 268.564 72.5905 59.7729 109.684 66.0485 39.6993 31.3807 31.1702 61.9593 69.3399 32.4619 25.9076 25.9275 25.3872 26.099 30.5824 33.7669 40.9968 41.7987 27.3536 34.2251 26.1943 20.2506 14.9141 9.76098 11.734 10.8859 11.5366 7.01622 5.66772 6.89167 11.2632 6.51938 4.9357 4.1614 3.24121 2.7177 2.12855 1.73104 1.6267 1.72835 1.9159 1.96822 1.77847 1.53387 1.35077 1.23695 1.18355 1.18507 1.24144 1.35875 1.5403 1.7586 1.89738 1.80163 1.54643 1.30057 1.11524 0.984089 0.891655 0.82424 0.773207 0.733146 0.700871 0.674139 0.650848 0.629203 0.607833 0.586174 0.564295 0.542764 0.52224 0.50325 0.485936 0.470235 0.455809 0.441924 0.428305 0.414733 0.40096 0.386889 0.372522 0.357931 0.343249 0.328671 0.31425 0.300178 0.286571 0.273497 0.260991 0.249072 5.43349
# Age-structure at Ydeclare= 2013
 566.232 229.414 253.199 314.82 309.176 384.604 217.211 207.198 116.532 72.8184 103.305 244.99 66.1646 54.4453 99.8568 60.1084 36.1194 28.5457 28.3507 56.3499 63.0586 29.52 23.559 23.5766 23.0848 23.7316 27.8079 30.7029 37.276 38.0043 24.8699 31.1167 23.8147 18.4105 13.5586 8.87369 10.6672 9.89603 10.4874 6.37806 5.15215 6.26467 10.2384 5.9261 4.48649 3.78262 2.94617 2.47029 1.93476 1.57344 1.47858 1.57098 1.74144 1.789 1.61653 1.39419 1.22777 1.12431 1.07577 1.07715 1.12839 1.23501 1.40003 1.59845 1.72459 1.63756 1.4056 1.18213 1.01367 0.894468 0.810452 0.749176 0.70279 0.666378 0.637042 0.612745 0.591574 0.571901 0.552476 0.53279 0.512903 0.493333 0.474679 0.457418 0.441681 0.42741 0.414298 0.401677 0.389299 0.376963 0.364444 0.351654 0.338596 0.325333 0.311989 0.298738 0.285631 0.272841 0.260473 0.248589 5.40227
# Year for Tmin Age-structure (set to Ydecl by SS)
2013
#  recruitment and biomass
# Number of historical assessment years
137
# Historical data
# year recruitment spawner in B0 in R project in R/S project
1888  1889 1890 1891 1892 1893 1894 1895 1896 1897 1898 1899 1900 1901 1902 1903 1904 1905 1906 1907 1908 1909 1910 1911 1912 1913 1914 1915 1916 1917 1918 1919 1920 1921 1922 1923 1924 1925 1926 1927 1928 1929 1930 1931 1932 1933 1934 1935 1936 1937 1938 1939 1940 1941 1942 1943 1944 1945 1946 1947 1948 1949 1950 1951 1952 1953 1954 1955 1956 1957 1958 1959 1960 1961 1962 1963 1964 1965 1966 1967 1968 1969 1970 1971 1972 1973 1974 1975 1976 1977 1978 1979 1980 1981 1982 1983 1984 1985 1986 1987 1988 1989 1990 1991 1992 1993 1994 1995 1996 1997 1998 1999 2000 2001 2002 2003 2004 2005 2006 2007 2008 2009 2010 2011 2012 2013 2014 2015 2016 2017 2018 2019 2020 2021 2022 2023 2024 #years (with first value representing R0)
241.214 242.552 242.597 242.644 242.693 242.734 242.777 242.821 242.874 242.929 242.987 243.049 243.115 243.185 243.26 243.336 243.419 243.514 243.619 243.748 243.893 244.062 244.255 244.469 244.702 244.94 245.159 245.319 245.372 245.257 244.89 244.152 243.041 241.468 239.394 236.829 233.818 230.456 226.902 223.277 219.706 216.5 213.739 211.37 209.26 207.152 204.79 202.002 198.823 195.489 192.444 190.168 189.13 189.727 192.474 198.248 208.401 224.996 249.995 283.209 314.319 315.291 278.281 232.054 194.849 169.427 153.889 146.205 145.317 150.863 162.792 179.264 188.288 173.805 148.527 132.251 132.922 154.015 184.795 206.373 247.009 271.584 330.33 521.42 289.009 213.399 235.118 341.24 282.056 264.478 190.156 249.671 289.859 319.271 354.007 239.494 309.732 257.619 180.918 140.826 104.333 89.124 80.9807 72.9561 83.521 165.019 137.832 65.3203 62.2917 74.8903 118.654 187.846 97.663 113.218 400.068 161.063 108.449 165.868 281.999 282.785 479.091 368.55 359.145 276.438 239.71 566.232 259.731 355.832 240.061 119.68 114.316 117.66 116.487 152.217 173.274 178.077 207.902  #recruits; first value is R0 (virgin)
1187  1187 1187 1186.98 1186.96 1186.49 1186.04 1185.58 1185.42 1185.35 1185.27 1185.19 1185.11 1185.02 1184.92 1184.83 1184.73 1184.63 1184.54 1184.44 1184.35 1184.14 1184.04 1183.94 1183.84 1183.73 1183.61 1183.49 1183.3 1183.17 1182.88 1180.54 1179.78 1179.15 1178.58 1178.3 1177.94 1177.06 1175.83 1173.8 1171.08 1168.45 1166.3 1163.81 1162.35 1161.05 1159.73 1157.87 1155.95 1153 1150.26 1147.12 1144.51 1140.64 1135.14 1129.15 1118.54 1107.12 1090.35 1074.68 1066.59 1057.38 1049.82 1041.47 1031.45 1022.47 1015.28 1006.98 999.165 991.492 982.989 975.519 969.553 965.159 962.948 960.265 959.162 959.244 949.513 946.48 941.126 935.388 920.298 909.582 895.467 877.992 858.951 838.111 818.103 795.312 772.892 738.008 701.433 673.816 638.983 582.612 534.95 507.519 471.143 442.266 415.441 392.73 364.075 344.459 312.91 284.505 257.562 243.858 230.003 214.62 196.431 192.578 184.196 187.904 191.061 197.9 204.774 211.843 218.752 225.833 232.353 239.202 246.006 253.612 261.625 270.132 279.757 290.56 302.102 315.156 328.685 344.194 361.347 381.169 402.824 425.019 448.147 #spbio; first value is SSB_virgin (virgin)
1 0 0 0 0 0 0 0 0 0 0 0 0 0 0 0 0 0 0 0 0 0 0 0 0 0 0 0 0 0 0 0 0 0 0 0 0 0 0 0 0 0 0 0 0 0 0 0 0 0 0 0 0 0 0 0 0 0 0 0 0 0 0 0 0 0 0 0 0 0 0 0 0 0 0 0 0 0 0 0 0 0 0 0 0 0 0 0 0 0 0 0 0 0 0 0 0 0 0 0 0 0 0 0 0 0 0 0 0 0 0 0 0 0 0 0 0 0 0 0 0 0 0 0 0 0 0 0 0 0 0 0 0 0 0 0 0  # in Bzero
0 1 1 1 1 1 1 1 1 1 1 1 1 1 1 1 1 1 1 1 1 1 1 1 1 1 1 1 1 1 1 1 1 1 1 1 1 1 1 1 1 1 1 1 1 1 1 1 1 1 1 1 1 1 1 1 1 1 1 1 1 1 1 1 1 1 1 1 1 1 1 1 1 1 1 1 1 1 1 1 1 1 1 1 1 1 1 1 1 1 1 1 1 1 1 1 1 1 1 1 1 1 1 1 1 1 1 1 1 1 1 1 1 1 1 1 1 1 1 1 1 1 1 1 1 1 1 1 1 1 1 1 1 1  0 0 0 # in R project
0 1 1 1 1 1 1 1 1 1 1 1 1 1 1 1 1 1 1 1 1 1 1 1 1 1 1 1 1 1 1 1 1 1 1 1 1 1 1 1 1 1 1 1 1 1 1 1 1 1 1 1 1 1 1 1 1 1 1 1 1 1 1 1 1 1 1 1 1 1 1 1 1 1 1 1 1 1 1 1 1 1 1 1 1 1 1 1 1 1 1 1 1 1 1 1 1 1 1 1 1 1 1 1 1 1 1 1 1 1 1 1 1 1 1 1 1 1 1 1 1 1 1 1 1 1 1 1 1 1 1 1 1 1  0 0 0 # in R/S project
# Number of years with pre-specified catches
0
# catches for years with pre-specified catches go next
# Number of future recruitments to override
-2
# Process for overiding (-1 for average otherwise index in data list)
# Which probability to product detailed results for (1=0.5; 2=0.6; etc.)
3
# Steepness sigma-R Auto-correlation
0.72 0.5 0
# Target SPR rate (FMSY Proxy); manually change to SPR_MSY if not using SPR_target
0.5
# Discount rate (for cumulative catch)
0.1
# Truncate the series when 0.4B0 is reached (1=Yes)
0
# Set F to FMSY once 0.4B0 is reached (1=Yes)
0
# Maximum possible F for projection (-1 to set to FMSY)
-1
# Defintion of recovery (1=now only;2=now or before)
2
# Projection type
4
# Definition of the 40-10 rule
10 40
# Sigma Assessment Error (Base, Year1, Slope, MaxSigma)
1.0 2025 0.075 2.0
# Pstar
0.45
# Constrain catches by the ABC (1=yes, 2=no)
2
# Implementation Error (0=no; 1=lognormal; 2=uniform)
0
#Parameters of Implementaion Error
1 0.3
# Calculate coefficients of variation (1=Yes)
0
# Number of replicates to use
10
# Random number seed
-99004
# File with multiple parameter vectors 
rebuild.SSO
# User-specific projection (1=Yes); Output replaced (1->9)
0  5
# Catches and Fs (Year; 1/2/3 (F or C or SPR); value); Final row is -1
2024 1 1
-1 -1 -1
# Fixed catch project (1=Yes); Output replaced (1->9); Approach (-1=Read in else 1-9)
0 2 -1
# (48a) Special catch options (1-Yes) [CUT_OFF, Emsy, distribution, MAXCAT, Add, replace_code]
0 0.18 1.00 1.00 0 6
# (48b) B1Target
150000
# Split of Fs
2011  0.00955541
 0.161901
 0.221864
 0.0132166
 0.413337
 0.0974806
 0.0826455
-1  1 1 1 1 1 1 1 1 1 1 1 1
# Yrs to define T_target for projection type 4 (a.k.a. 5 pre-specified inputs)
2030 2031 2032 2033 2034 
# Year for probability of recovery
2034 2035 2036 2037 2038 2039 2040 2041
# Time varying weight-at-age (1=Yes;0=No)
0
# File with time series of weight-at-age data
none
# Use bisection (0) or linear interpolation (1)
1
# Target Depletion
0.4
# CV of implementation error
0
