#Title, #runnumber: 1 yelloweye_data.ss yelloweye_control.ss 7150.03 1145.55 412.647 StartTime: Thu May  1 10:23:35 2025
SSv3_default_rebuild.dat
# Number of sexes
1
# Age range to consider (minimum age; maximum age)
0 100
# Number of fleets
7
# First year of projection (Yinit)
2011
# First Year of rebuilding period (Ydecl)
2013
# Number of simulations
1000
# Maximum number of years
500
# Conduct projections with multiple starting values (0=No;else yes)
0
# Number of parameter vectors
1000
# Is the maximum age a plus-group (1=Yes;2=No)
1
# Generate future recruitments using historical recruitments (1)  historical recruits/spawner (2)  or a stock-recruitment (3)
3
# Constant fishing mortality (1) or constant Catch (2) projections
1
# Fishing mortality based on SPR (1) or actual rate (2)
1
# Pre-specify the year of recovery (or -1) to ignore
-1
# Fecundity-at-age
# 0 1 2 3 4 5 6 7 8 9 10 11 12 13 14 15 16 17 18 19 20 21 22 23 24 25 26 27 28 29 30 31 32 33 34 35 36 37 38 39 40 41 42 43 44 45 46 47 48 49 50 51 52 53 54 55 56 57 58 59 60 61 62 63 64 65 66 67 68 69 70 71 72 73 74 75 76 77 78 79 80 81 82 83 84 85 86 87 88 89 90 91 92 93 94 95 96 97 98 99 100 #runnumber: 1 yelloweye_data.ss yelloweye_control.ss 7150.03 1145.55 412.647
 0 0 2.47758e-09 5.29656e-08 6.90041e-07 6.29801e-06 4.38787e-05 0.00024355 0.00109032 0.00391474 0.0112604 0.0263703 0.0517581 0.0879739 0.133492 0.185548 0.241176 0.297899 0.353985 0.408392 0.460593 0.510389 0.557763 0.602784 0.645553 0.686175 0.724746 0.761353 0.796072 0.828972 0.860119 0.889574 0.917399 0.943656 0.968403 0.991704 1.01362 1.03421 1.05354 1.07167 1.08866 1.10457 1.11945 1.13337 1.14637 1.15852 1.16985 1.18042 1.19028 1.19947 1.20802 1.21599 1.22341 1.23032 1.23674 1.24271 1.24827 1.25343 1.25823 1.26268 1.26683 1.27067 1.27424 1.27756 1.28064 1.2835 1.28615 1.28861 1.2909 1.29302 1.29498 1.29684 1.29856 1.30015 1.30163 1.30301 1.30428 1.30546 1.30655 1.30757 1.30851 1.30938 1.31019 1.31094 1.31164 1.31228 1.31288 1.31343 1.31395 1.31442 1.31486 1.31527 1.31565 1.316 1.31633 1.31663 1.31691 1.31717 1.31741 1.31763 1.31796 #female fecundity; weighted by N in year Y_init across morphs and areas
# Age specific selectivity and weight adjusted for discard and discard mortality
 #wt and selex for gender,fleet: 1 1 1_CA_TWL
 0.00896707 0.00905371 0.0268658 0.0681306 0.130414 0.212862 0.312596 0.426226 0.550445 0.682315 0.819397 0.959917 1.1029 1.24809 1.39548 1.54494 1.69589 1.84736 1.99816 2.14709 2.29304 2.43512 2.57265 2.70514 2.83225 2.95379 3.06966 3.17984 3.28437 3.38334 3.47689 3.56516 3.64833 3.72659 3.80014 3.86919 3.93394 3.99461 4.05141 4.10454 4.1542 4.20058 4.24389 4.28429 4.32197 4.35709 4.38981 4.42029 4.44866 4.47506 4.49962 4.52246 4.54371 4.56345 4.5818 4.59885 4.6147 4.62941 4.64307 4.65576 4.66754 4.67847 4.68862 4.69803 4.70677 4.71488 4.7224 4.72938 4.73585 4.74185 4.74746 4.75269 4.75754 4.76203 4.7662 4.77007 4.77366 4.77698 4.78006 4.78292 4.78557 4.78802 4.7903 4.79241 4.79437 4.79618 4.79786 4.79942 4.80086 4.8022 4.80344 4.80459 4.80566 4.80664 4.80756 4.80841 4.80919 4.80992 4.8106 4.81122 4.81214
 0 0.000987575 0.00215607 0.00842858 0.0257588 0.0625441 0.125765 0.217013 0.330923 0.456746 0.581769 0.694791 0.788515 0.860343 0.91164 0.946096 0.968079 0.981527 0.989487 0.994082 0.996688 0.998149 0.998962 0.999414 0.999666 0.999807 0.999887 0.999933 0.999959 0.999974 0.999983 0.999989 0.999992 0.999994 0.999995 0.999996 0.999997 0.999997 0.999997 0.999997 0.999997 0.999997 0.999997 0.999997 0.999997 0.999997 0.999997 0.999997 0.999997 0.999997 0.999997 0.999997 0.999997 0.999997 0.999997 0.999997 0.999997 0.999997 0.999997 0.999997 0.999997 0.999997 0.999997 0.999997 0.999997 0.999997 0.999997 0.999997 0.999997 0.999997 0.999997 0.999997 0.999997 0.999997 0.999997 0.999997 0.999997 0.999997 0.999997 0.999997 0.999997 0.999997 0.999997 0.999997 0.999997 0.999997 0.999997 0.999997 0.999997 0.999997 0.999997 0.999997 0.999997 0.999997 0.999997 0.999997 0.999997 0.999997 0.999997 0.999997 0.999997
 #wt and selex for gender,fleet: 1 3 3_CA_REC
 0.00896707 0.00905366 0.0259564 0.0654083 0.125106 0.204283 0.300349 0.410186 0.530715 0.659185 0.793455 0.932274 1.07525 1.22232 1.37317 1.5269 1.68218 1.83748 1.99135 2.14255 2.2901 2.43325 2.57148 2.7044 2.83179 2.9535 3.06948 3.17972 3.2843 3.3833 3.47686 3.56514 3.64832 3.72658 3.80014 3.86919 3.93394 3.99461 4.05141 4.10454 4.1542 4.20058 4.24389 4.28429 4.32197 4.35709 4.38981 4.42029 4.44866 4.47506 4.49962 4.52247 4.54371 4.56345 4.5818 4.59886 4.6147 4.62941 4.64307 4.65576 4.66754 4.67847 4.68862 4.69803 4.70677 4.71488 4.7224 4.72938 4.73585 4.74186 4.74746 4.75269 4.75754 4.76203 4.76621 4.77007 4.77366 4.77698 4.78006 4.78292 4.78557 4.78802 4.7903 4.79241 4.79437 4.79618 4.79786 4.79942 4.80086 4.8022 4.80344 4.80459 4.80566 4.80664 4.80756 4.80841 4.80919 4.80992 4.8106 4.81122 4.81214
 0 0.00380262 0.00763476 0.0240264 0.0609255 0.126519 0.223158 0.344881 0.479134 0.611009 0.727598 0.820979 0.889167 0.934946 0.96351 0.980273 0.989635 0.994665 0.997291 0.998635 0.999313 0.999653 0.999824 0.99991 0.999953 0.999975 0.999986 0.999992 0.999996 0.999997 0.999998 0.999999 0.999999 0.999999 0.999999 0.999999 0.999999 0.999999 0.999999 0.999999 0.999999 0.999999 0.999999 0.999999 0.999999 0.999999 0.999999 0.999999 0.999999 0.999999 0.999999 0.999999 0.999999 0.999999 0.999999 0.999999 0.999999 0.999999 0.999999 0.999999 0.999999 0.999999 0.999999 0.999999 0.999999 0.999999 0.999999 0.999999 0.999999 0.999999 0.999999 0.999999 0.999999 0.999999 0.999999 0.999999 0.999999 0.999999 0.999999 0.999999 0.999999 0.999999 0.999999 0.999999 0.999999 0.999999 0.999999 0.999999 0.999999 0.999999 0.999999 0.999999 0.999999 0.999999 0.999999 0.999999 0.999999 0.999999 0.999999 0.999999 0.999999
 #wt and selex for gender,fleet: 1 4 4_ORWA_TWL
 0.00896707 0.00905362 0.0250811 0.0627955 0.120233 0.196786 0.29021 0.39768 0.516322 0.643538 0.777374 0.9168 1.06145 1.21097 1.36452 1.52077 1.67808 1.83488 1.98976 2.14161 2.28955 2.43293 2.5713 2.7043 2.83173 2.95347 3.06946 3.17971 3.28428 3.38329 3.47685 3.56513 3.64831 3.72658 3.80013 3.86918 3.93393 3.9946 4.0514 4.10453 4.15419 4.20058 4.24388 4.28428 4.32196 4.35708 4.3898 4.42028 4.44865 4.47505 4.49961 4.52246 4.5437 4.56344 4.58179 4.59885 4.61469 4.6294 4.64306 4.65575 4.66753 4.67846 4.68861 4.69802 4.70676 4.71487 4.72239 4.72937 4.73584 4.74185 4.74745 4.75268 4.75753 4.76202 4.7662 4.77006 4.77365 4.77697 4.78005 4.78291 4.78556 4.78801 4.79029 4.7924 4.79436 4.79617 4.79785 4.79941 4.80085 4.80219 4.80343 4.80458 4.80565 4.80663 4.80755 4.8084 4.80918 4.80991 4.81059 4.81121 4.81213
 0 0.0113474 0.0210502 0.0535781 0.113788 0.205035 0.322975 0.456197 0.590059 0.711013 0.809785 0.882897 0.932217 0.962821 0.980499 0.990128 0.995134 0.997645 0.998873 0.999462 0.999742 0.999873 0.999935 0.999964 0.999978 0.999983 0.999986 0.999987 0.999986 0.999986 0.999985 0.999985 0.999984 0.999983 0.999982 0.999982 0.999981 0.99998 0.99998 0.999979 0.999979 0.999978 0.999978 0.999977 0.999977 0.999976 0.999976 0.999976 0.999975 0.999975 0.999975 0.999975 0.999974 0.999974 0.999974 0.999974 0.999974 0.999973 0.999973 0.999973 0.999973 0.999973 0.999973 0.999973 0.999972 0.999972 0.999972 0.999972 0.999972 0.999972 0.999972 0.999972 0.999972 0.999972 0.999972 0.999972 0.999972 0.999972 0.999972 0.999972 0.999972 0.999972 0.999972 0.999972 0.999971 0.999971 0.999971 0.999971 0.999971 0.999971 0.999971 0.999971 0.999971 0.999971 0.999971 0.999971 0.999971 0.999971 0.999971 0.999971 0.999971
 #wt and selex for gender,fleet: 1 5 5_ORWA_NONTWL
 0.00896707 0.00905348 0.0219879 0.0529304 0.103105 0.173638 0.270775 1.49888 1.6554 1.67764 1.70031 1.72758 1.7614 1.80324 1.85441 1.91597 1.98859 2.07235 2.16662 2.27006 2.38074 2.4964 2.61477 2.73371 2.85147 2.96665 3.07825 3.18559 3.28824 3.38597 3.47868 3.5664 3.6492 3.7272 3.80058 3.86951 3.93418 3.99479 4.05154 4.10464 4.15428 4.20065 4.24394 4.28433 4.32201 4.35712 4.38984 4.42031 4.44867 4.47507 4.49963 4.52248 4.54372 4.56346 4.58181 4.59886 4.6147 4.62942 4.64308 4.65576 4.66754 4.67847 4.68862 4.69804 4.70678 4.71488 4.7224 4.72938 4.73586 4.74186 4.74746 4.75269 4.75754 4.76204 4.76621 4.77007 4.77366 4.77698 4.78007 4.78292 4.78557 4.78803 4.7903 4.79241 4.79437 4.79618 4.79786 4.79942 4.80087 4.8022 4.80344 4.80459 4.80566 4.80665 4.80756 4.80841 4.8092 4.80993 4.8106 4.81123 4.81214
 0 2.45173e-09 3.48638e-09 3.95171e-09 4.31061e-09 4.78266e-09 5.46394e-09 6.20468e-08 1.01652e-05 0.000340743 0.00383156 0.0207892 0.0684162 0.158572 0.286404 0.432624 0.574928 0.697446 0.793523 0.863685 0.912229 0.944483 0.965289 0.978432 0.986621 0.991682 0.994801 0.996724 0.997914 0.998656 0.999122 0.999418 0.999608 0.999732 0.999814 0.999868 0.999905 0.999931 0.999949 0.999961 0.99997 0.999977 0.999982 0.999985 0.999988 0.99999 0.999992 0.999993 0.999994 0.999995 0.999995 0.999996 0.999996 0.999997 0.999997 0.999997 0.999997 0.999998 0.999998 0.999998 0.999998 0.999998 0.999998 0.999998 0.999998 0.999998 0.999998 0.999998 0.999998 0.999999 0.999999 0.999999 0.999999 0.999999 0.999999 0.999999 0.999999 0.999999 0.999999 0.999999 0.999999 0.999999 0.999999 0.999999 0.999999 0.999999 0.999999 0.999999 0.999999 0.999999 0.999999 0.999999 0.999999 0.999999 0.999999 0.999999 0.999999 0.999999 0.999999 0.999999 0.999999
 #wt and selex for gender,fleet: 1 6 6_OR_REC
 0.00896707 0.00905425 0.033936 0.0840508 0.154922 0.242293 0.340748 0.44581 0.554802 0.667885 0.787624 0.916695 1.05594 1.20406 1.35844 1.51625 1.67504 1.83293 1.98852 2.14077 2.28893 2.43242 2.57082 2.70382 2.83124 2.95295 3.06891 3.17913 3.28368 3.38265 3.47619 3.56445 3.6476 3.72584 3.79937 3.8684 3.93314 3.99379 4.05057 4.10369 4.15333 4.19971 4.243 4.28339 4.32106 4.35617 4.38888 4.41935 4.44771 4.47411 4.49866 4.5215 4.54274 4.56248 4.58082 4.59787 4.61371 4.62842 4.64207 4.65476 4.66653 4.67746 4.68761 4.69702 4.70576 4.71386 4.72138 4.72836 4.73483 4.74083 4.74643 4.75166 4.75651 4.761 4.76517 4.76904 4.77262 4.77594 4.77902 4.78188 4.78453 4.78698 4.78926 4.79137 4.79332 4.79513 4.79681 4.79837 4.79981 4.80115 4.80239 4.80354 4.80461 4.80559 4.80651 4.80736 4.80814 4.80887 4.80954 4.81017 4.81108
 0 1.88162e-05 8.74143e-05 0.00138787 0.0110463 0.0498959 0.145938 0.306911 0.503334 0.687139 0.825048 0.911597 0.958814 0.981941 0.99237 0.996768 0.998506 0.999129 0.999298 0.999287 0.999204 0.999094 0.998973 0.998849 0.998726 0.998605 0.998487 0.998374 0.998265 0.99816 0.998061 0.997966 0.997876 0.997791 0.997711 0.997635 0.997563 0.997496 0.997433 0.997374 0.997318 0.997266 0.997218 0.997172 0.99713 0.99709 0.997053 0.997019 0.996987 0.996957 0.996929 0.996903 0.996879 0.996856 0.996836 0.996816 0.996798 0.996781 0.996766 0.996751 0.996738 0.996725 0.996714 0.996703 0.996693 0.996684 0.996675 0.996667 0.99666 0.996653 0.996646 0.99664 0.996635 0.99663 0.996625 0.99662 0.996616 0.996613 0.996609 0.996606 0.996603 0.9966 0.996597 0.996595 0.996593 0.996591 0.996589 0.996587 0.996585 0.996584 0.996582 0.996581 0.99658 0.996579 0.996577 0.996576 0.996576 0.996575 0.996574 0.996573 0.996572
 #wt and selex for gender,fleet: 1 7 7_WA_REC
 0.00896707 0.00905436 0.0352088 0.0885586 0.165886 0.263199 0.374776 0.49545 0.62116 0.749024 0.877461 1.0064 1.13705 1.27104 1.40952 1.55265 1.69957 1.84875 1.9984 2.14684 2.29266 2.43476 2.57236 2.70492 2.83209 2.95368 3.06958 3.17979 3.28433 3.38332 3.47688 3.56515 3.64833 3.72659 3.80014 3.86919 3.93394 3.99461 4.05141 4.10454 4.1542 4.20058 4.24389 4.28429 4.32197 4.35709 4.38981 4.42029 4.44866 4.47506 4.49962 4.52247 4.54371 4.56345 4.5818 4.59886 4.6147 4.62941 4.64307 4.65576 4.66754 4.67847 4.68862 4.69803 4.70677 4.71488 4.7224 4.72938 4.73585 4.74186 4.74746 4.75269 4.75754 4.76203 4.76621 4.77007 4.77366 4.77698 4.78006 4.78292 4.78557 4.78802 4.7903 4.79241 4.79437 4.79618 4.79786 4.79942 4.80086 4.8022 4.80344 4.80459 4.80566 4.80664 4.80756 4.80841 4.80919 4.80992 4.8106 4.81122 4.81214
 0 8.29037e-07 4.41083e-06 9.45452e-05 0.0010422 0.00655503 0.0264836 0.0757919 0.165964 0.295198 0.446789 0.597152 0.726668 0.825844 0.894799 0.939157 0.96599 0.981468 0.99008 0.99475 0.997236 0.998545 0.999231 0.999591 0.99978 0.99988 0.999933 0.999962 0.999978 0.999987 0.999992 0.999995 0.999997 0.999998 0.999998 0.999999 0.999999 0.999999 0.999999 0.999999 0.999999 0.999999 0.999999 0.999999 0.999999 0.999999 0.999999 0.999999 0.999999 0.999999 0.999999 0.999999 0.999999 0.999999 0.999999 0.999999 0.999999 0.999999 0.999999 0.999999 0.999999 0.999999 0.999999 0.999999 0.999999 0.999999 0.999999 0.999999 0.999999 0.999999 0.999999 0.999999 0.999999 0.999999 0.999999 0.999999 0.999999 0.999999 0.999999 0.999999 0.999999 0.999999 0.999999 0.999999 0.999999 0.999999 0.999999 0.999999 0.999999 0.999999 0.999999 0.999999 0.999999 0.999999 0.999999 0.999999 0.999999 0.999999 0.999999 0.999999 0.999999
# Sex ratio correction
1
# M and current age-structure in year Yinit: 2011
 # gender = 1
 0.0439034 0.0439034 0.0439034 0.0439034 0.0439034 0.0439034 0.0439034 0.0439034 0.0439034 0.0439034 0.0439034 0.0439034 0.0439034 0.0439034 0.0439034 0.0439034 0.0439034 0.0439034 0.0439034 0.0439034 0.0439034 0.0439034 0.0439034 0.0439034 0.0439034 0.0439034 0.0439034 0.0439034 0.0439034 0.0439034 0.0439034 0.0439034 0.0439034 0.0439034 0.0439034 0.0439034 0.0439034 0.0439034 0.0439034 0.0439034 0.0439034 0.0439034 0.0439034 0.0439034 0.0439034 0.0439034 0.0439034 0.0439034 0.0439034 0.0439034 0.0439034 0.0439034 0.0439034 0.0439034 0.0439034 0.0439034 0.0439034 0.0439034 0.0439034 0.0439034 0.0439034 0.0439034 0.0439034 0.0439034 0.0439034 0.0439034 0.0439034 0.0439034 0.0439034 0.0439034 0.0439034 0.0439034 0.0439034 0.0439034 0.0439034 0.0439034 0.0439034 0.0439034 0.0439034 0.0439034 0.0439034 0.0439034 0.0439034 0.0439034 0.0439034 0.0439034 0.0439034 0.0439034 0.0439034 0.0439034 0.0439034 0.0439034 0.0439034 0.0439034 0.0439034 0.0439034 0.0439034 0.0439034 0.0439034 0.0439034 0.0439034
 240.196 291.883 296.729 339.596 206.938 186.375 105.119 65.4949 91.9029 209.825 64.2106 50.2182 86.8457 57.867 36.1474 29.1087 29.2744 58.0233 62.888 30.5034 24.5737 24.6197 23.8474 24.2512 27.711 30.7117 37.2292 36.5861 23.7586 25.1683 21.5749 17.2898 12.4981 8.48422 9.65613 8.73417 8.92601 5.5131 4.45486 5.20848 8.24225 5.07893 3.78498 3.20379 2.48763 2.09879 1.65628 1.34779 1.26201 1.33063 1.45719 1.4788 1.32919 1.14599 1.00918 0.92299 0.880846 0.87834 0.914653 0.992735 1.11212 1.25011 1.33215 1.27195 1.1116 0.950256 0.824216 0.732767 0.667203 0.618793 0.581873 0.552761 0.529204 0.509541 0.492158 0.475696 0.459153 0.442194 0.424971 0.407978 0.391719 0.376567 0.362618 0.349863 0.338024 0.3267 0.315836 0.305191 0.294576 0.283897 0.273131 0.262295 0.25145 0.240699 0.230036 0.219576 0.209395 0.19955 0.190093 0.181067 3.86497
# Age-structure at Ydeclare= 2013
 514.144 210.067 220.003 267.342 271.773 311.007 189.478 170.58 96.146 59.8501 83.8952 191.346 58.503 45.7199 79.0177 52.6243 32.8586 26.4513 26.5947 52.7015 57.1118 27.6989 22.3128 22.3534 21.6514 22.0172 25.1575 27.8809 33.7965 33.2118 21.5667 22.8457 19.5834 15.6935 11.3439 7.7006 8.76414 7.92724 8.10125 5.00362 4.04313 4.72703 7.48027 4.60933 3.43498 2.9075 2.25755 1.90466 1.50307 1.22311 1.14526 1.20753 1.32237 1.34198 1.2062 1.03995 0.915798 0.837587 0.799341 0.797067 0.830019 0.900876 1.00921 1.13443 1.20888 1.15425 1.00874 0.862324 0.747947 0.66496 0.605463 0.561531 0.528028 0.50161 0.480233 0.462389 0.446614 0.431676 0.416663 0.401274 0.385644 0.370224 0.355469 0.34172 0.329062 0.317487 0.306744 0.296468 0.286609 0.276949 0.267317 0.257626 0.247856 0.238023 0.228181 0.218426 0.208749 0.199257 0.190018 0.181084 3.84413
# Year for Tmin Age-structure (set to Ydecl by SS)
2013
#  recruitment and biomass
# Number of historical assessment years
137
# Historical data
# year recruitment spawner in B0 in R project in R/S project
1888  1889 1890 1891 1892 1893 1894 1895 1896 1897 1898 1899 1900 1901 1902 1903 1904 1905 1906 1907 1908 1909 1910 1911 1912 1913 1914 1915 1916 1917 1918 1919 1920 1921 1922 1923 1924 1925 1926 1927 1928 1929 1930 1931 1932 1933 1934 1935 1936 1937 1938 1939 1940 1941 1942 1943 1944 1945 1946 1947 1948 1949 1950 1951 1952 1953 1954 1955 1956 1957 1958 1959 1960 1961 1962 1963 1964 1965 1966 1967 1968 1969 1970 1971 1972 1973 1974 1975 1976 1977 1978 1979 1980 1981 1982 1983 1984 1985 1986 1987 1988 1989 1990 1991 1992 1993 1994 1995 1996 1997 1998 1999 2000 2001 2002 2003 2004 2005 2006 2007 2008 2009 2010 2011 2012 2013 2014 2015 2016 2017 2018 2019 2020 2021 2022 2023 2024 #years (with first value representing R0)
225.283 229.436 229.583 229.736 229.893 230.048 230.209 230.375 230.555 230.743 230.939 231.143 231.357 231.582 231.817 232.062 232.32 232.595 232.888 233.209 233.554 233.925 234.323 234.741 235.177 235.612 236.021 236.361 236.582 236.623 236.4 235.797 234.825 233.405 231.513 229.176 226.446 223.423 220.261 217.129 214.075 211.354 209.111 207.294 205.771 204.258 202.454 200.126 197.258 194.065 191.007 188.603 187.358 187.675 190.032 195.195 204.298 219.021 240.682 268.324 292.547 291.864 260.824 220.896 187.661 164.504 150.259 143.291 142.732 148.298 159.953 176.107 185.835 173.505 149.913 134.299 135.181 156.12 185.323 204.929 244.984 266.912 327.762 482.437 273.866 208.342 227.056 320.56 270.88 256.219 190.966 236.943 274.647 286.157 278.084 218.475 280.657 239.544 167.281 129.197 97.9401 84.4438 77.4397 69.5724 78.7809 150.053 129.312 61.4323 57.8473 68.254 104.035 148.819 82.0844 100.172 312.604 130.835 89.1462 136.857 232.162 246.678 387.411 323.963 304.983 240.196 219.495 514.144 259.207 348.274 247.086 121.357 116.664 120.205 118.375 156.367 173.967 178.697 189.142  #recruits; first value is R0 (virgin)
1145.55  1145.55 1145.54 1145.53 1145.5 1145.02 1144.56 1144.09 1143.94 1143.87 1143.81 1143.75 1143.7 1143.66 1143.64 1143.66 1143.72 1143.8 1143.94 1144.11 1144.31 1144.42 1144.68 1144.95 1145.25 1145.57 1145.9 1146.25 1146.54 1146.91 1147.14 1145.28 1145.07 1145.01 1145.04 1145.38 1145.67 1145.42 1144.84 1143.46 1141.38 1139.44 1138 1136.25 1135.57 1135.07 1134.56 1133.49 1132.38 1130.22 1128.28 1125.96 1124.18 1121.14 1116.45 1111.28 1101.45 1090.93 1075.09 1060.34 1053.27 1045.08 1038.56 1031.24 1022.23 1014.26 1008.09 1000.75 993.835 986.993 979.179 972.28 966.72 962.582 960.499 957.821 956.663 956.663 946.743 943.603 938.421 932.68 917.629 907.147 893.423 876.485 858.16 838.048 818.344 795.875 773.775 739.107 702.683 675.288 640.525 583.839 535.783 508.061 471.109 441.728 414.266 391.256 362.187 341.292 306.377 274.741 244.141 228.051 212.137 194.332 173.713 167.735 157.222 159.181 160.433 166.92 173.573 180.408 187.205 194.265 200.754 207.544 214.213 221.538 229.071 236.821 245.382 254.829 264.697 275.811 287.11 300.113 314.476 331.314 349.842 368.796 388.748 #spbio; first value is SSB_virgin (virgin)
1 0 0 0 0 0 0 0 0 0 0 0 0 0 0 0 0 0 0 0 0 0 0 0 0 0 0 0 0 0 0 0 0 0 0 0 0 0 0 0 0 0 0 0 0 0 0 0 0 0 0 0 0 0 0 0 0 0 0 0 0 0 0 0 0 0 0 0 0 0 0 0 0 0 0 0 0 0 0 0 0 0 0 0 0 0 0 0 0 0 0 0 0 0 0 0 0 0 0 0 0 0 0 0 0 0 0 0 0 0 0 0 0 0 0 0 0 0 0 0 0 0 0 0 0 0 0 0 0 0 0 0 0 0 0 0 0  # in Bzero
0 1 1 1 1 1 1 1 1 1 1 1 1 1 1 1 1 1 1 1 1 1 1 1 1 1 1 1 1 1 1 1 1 1 1 1 1 1 1 1 1 1 1 1 1 1 1 1 1 1 1 1 1 1 1 1 1 1 1 1 1 1 1 1 1 1 1 1 1 1 1 1 1 1 1 1 1 1 1 1 1 1 1 1 1 1 1 1 1 1 1 1 1 1 1 1 1 1 1 1 1 1 1 1 1 1 1 1 1 1 1 1 1 1 1 1 1 1 1 1 1 1 1 1 1 1 1 1 1 1 1 1 1 1  0 0 0 # in R project
0 1 1 1 1 1 1 1 1 1 1 1 1 1 1 1 1 1 1 1 1 1 1 1 1 1 1 1 1 1 1 1 1 1 1 1 1 1 1 1 1 1 1 1 1 1 1 1 1 1 1 1 1 1 1 1 1 1 1 1 1 1 1 1 1 1 1 1 1 1 1 1 1 1 1 1 1 1 1 1 1 1 1 1 1 1 1 1 1 1 1 1 1 1 1 1 1 1 1 1 1 1 1 1 1 1 1 1 1 1 1 1 1 1 1 1 1 1 1 1 1 1 1 1 1 1 1 1 1 1 1 1 1 1  0 0 0 # in R/S project
# Number of years with pre-specified catches
0
# catches for years with pre-specified catches go next
# Number of future recruitments to override
-2
# Process for overiding (-1 for average otherwise index in data list)
# Which probability to product detailed results for (1=0.5; 2=0.6; etc.)
3
# Steepness sigma-R Auto-correlation
0.718 0.5 0
# Target SPR rate (FMSY Proxy); manually change to SPR_MSY if not using SPR_target
0.5
# Discount rate (for cumulative catch)
0.1
# Truncate the series when 0.4B0 is reached (1=Yes)
0
# Set F to FMSY once 0.4B0 is reached (1=Yes)
0
# Maximum possible F for projection (-1 to set to FMSY)
-1
# Defintion of recovery (1=now only;2=now or before)
2
# Projection type
4
# Definition of the 40-10 rule
10 40
# Sigma Assessment Error (Base, Year1, Slope, MaxSigma)
1.0 2025 0.075 2.0
# Pstar
0.45
# Constrain catches by the ABC (1=yes, 2=no)
2
# Implementation Error (0=no; 1=lognormal; 2=uniform)
0
#Parameters of Implementaion Error
1 0.3
# Calculate coefficients of variation (1=Yes)
0
# Number of replicates to use
10
# Random number seed
-99004
# File with multiple parameter vectors 
rebuild.SSO
# User-specific projection (1=Yes); Output replaced (1->9)
0  5
# Catches and Fs (Year; 1/2/3 (F or C or SPR); value); Final row is -1
2024 1 1
-1 -1 -1
# Fixed catch project (1=Yes); Output replaced (1->9); Approach (-1=Read in else 1-9)
0 2 -1
# (48a) Special catch options (1-Yes) [CUT_OFF, Emsy, distribution, MAXCAT, Add, replace_code]
0 0.18 1.00 1.00 0 6
# (48b) B1Target
150000
# Split of Fs
2011  0.0176654
 0
 0.416035
 0.0215534
 0.20435
 0.17937
 0.161026
-1  1 1 1 1 1 1 1 1 1 1 1 1
# Yrs to define T_target for projection type 4 (a.k.a. 5 pre-specified inputs)
2030 2031 2032 2033 2034 
# Year for probability of recovery
2034 2035 2036 2037 2038 2039 2040 2041
# Time varying weight-at-age (1=Yes;0=No)
0
# File with time series of weight-at-age data
none
# Use bisection (0) or linear interpolation (1)
1
# Target Depletion
0.4
# CV of implementation error
0
