#Title, #runnumber: 1 yelloweye_data.ss yelloweye_control.ss 4203.88 1117.21 284.689 StartTime: Tue May 13 17:40:21 2025
SSv3_default_rebuild.dat
# Number of sexes
1
# Age range to consider (minimum age; maximum age)
0 100
# Number of fleets
7
# First year of projection (Yinit)
2011
# First Year of rebuilding period (Ydecl)
2013
# Number of simulations
1000
# Maximum number of years
500
# Conduct projections with multiple starting values (0=No;else yes)
0
# Number of parameter vectors
1000
# Is the maximum age a plus-group (1=Yes;2=No)
1
# Generate future recruitments using historical recruitments (1)  historical recruits/spawner (2)  or a stock-recruitment (3)
3
# Constant fishing mortality (1) or constant Catch (2) projections
1
# Fishing mortality based on SPR (1) or actual rate (2)
1
# Pre-specify the year of recovery (or -1) to ignore
-1
# Fecundity-at-age
# 0 1 2 3 4 5 6 7 8 9 10 11 12 13 14 15 16 17 18 19 20 21 22 23 24 25 26 27 28 29 30 31 32 33 34 35 36 37 38 39 40 41 42 43 44 45 46 47 48 49 50 51 52 53 54 55 56 57 58 59 60 61 62 63 64 65 66 67 68 69 70 71 72 73 74 75 76 77 78 79 80 81 82 83 84 85 86 87 88 89 90 91 92 93 94 95 96 97 98 99 100 #runnumber: 1 yelloweye_data.ss yelloweye_control.ss 4203.88 1117.21 284.689
 0 0 2.29329e-08 3.12618e-07 2.98083e-06 2.16585e-05 0.00012468 0.000572451 0.00208721 0.00609255 0.0145884 0.0295769 0.0523803 0.0832573 0.121446 0.165498 0.213685 0.264336 0.316035 0.367699 0.418572 0.468167 0.516204 0.562542 0.607131 0.649973 0.691097 0.730545 0.768363 0.804595 0.839284 0.872471 0.904194 0.934492 0.963402 0.990962 1.01721 1.04219 1.06593 1.08849 1.1099 1.13019 1.14943 1.16764 1.18487 1.20117 1.21657 1.23111 1.24484 1.25779 1.27 1.28152 1.29236 1.30257 1.31219 1.32124 1.32975 1.33776 1.34529 1.35236 1.35901 1.36526 1.37113 1.37664 1.38181 1.38667 1.39122 1.3955 1.39952 1.40328 1.40681 1.41022 1.41341 1.41641 1.41921 1.42185 1.42431 1.42663 1.4288 1.43083 1.43273 1.43452 1.43619 1.43776 1.43923 1.4406 1.44189 1.4431 1.44423 1.44529 1.44628 1.44721 1.44808 1.4489 1.44966 1.45038 1.45105 1.45168 1.45227 1.45282 1.45367 #female fecundity; weighted by N in year Y_init across morphs and areas
# Age specific selectivity and weight adjusted for discard and discard mortality
 #wt and selex for gender,fleet: 1 1 1_CA_TWL
 0.0105858 0.0199271 0.0583194 0.116234 0.193306 0.286403 0.391789 0.506048 0.626371 0.750604 0.877234 1.00536 1.13463 1.26505 1.39687 1.53029 1.66537 1.80198 1.93971 2.07798 2.21606 2.35318 2.48857 2.62154 2.75147 2.87788 3.00038 3.11869 3.23261 3.34204 3.44691 3.54722 3.643 3.73431 3.82126 3.90393 3.98246 4.05697 4.1276 4.1945 4.25781 4.31769 4.37427 4.42772 4.47816 4.52574 4.57061 4.6129 4.65274 4.69025 4.72556 4.75878 4.79004 4.81943 4.84706 4.87303 4.89742 4.92034 4.94187 4.96208 4.98106 4.99887 5.01559 5.03127 5.04599 5.0598 5.07275 5.08489 5.09628 5.10696 5.11707 5.12665 5.13563 5.14405 5.15194 5.15933 5.16626 5.17275 5.17884 5.18454 5.18988 5.19489 5.19958 5.20397 5.20808 5.21194 5.21555 5.21893 5.2221 5.22506 5.22784 5.23044 5.23288 5.23516 5.2373 5.2393 5.24118 5.24293 5.24458 5.24612 5.24851
 0 0.000533703 0.002102 0.00745967 0.0209022 0.047913 0.0931995 0.158681 0.24253 0.339607 0.442852 0.544965 0.639797 0.723153 0.792971 0.849022 0.892375 0.924827 0.948433 0.96518 0.976804 0.984723 0.990032 0.993544 0.995841 0.99733 0.998289 0.998904 0.999297 0.999547 0.999707 0.999809 0.999875 0.999917 0.999945 0.999962 0.999974 0.999982 0.999987 0.99999 0.999993 0.999994 0.999995 0.999996 0.999997 0.999997 0.999997 0.999997 0.999997 0.999997 0.999998 0.999998 0.999998 0.999998 0.999998 0.999998 0.999998 0.999998 0.999998 0.999998 0.999998 0.999998 0.999998 0.999998 0.999997 0.999997 0.999997 0.999997 0.999997 0.999997 0.999997 0.999997 0.999997 0.999997 0.999997 0.999997 0.999997 0.999997 0.999997 0.999997 0.999997 0.999997 0.999997 0.999997 0.999997 0.999997 0.999997 0.999997 0.999997 0.999997 0.999997 0.999997 0.999997 0.999997 0.999997 0.999997 0.999997 0.999997 0.999997 0.999997 0.999997
 #wt and selex for gender,fleet: 1 3 3_CA_REC
 0.0105166 0.0186089 0.0520831 0.103784 0.17324 0.258145 0.355531 0.462534 0.576688 0.696065 0.819365 0.945915 1.07553 1.20825 1.34411 1.48294 1.6243 1.76749 1.91164 2.05578 2.19896 2.34032 2.4791 2.61469 2.74659 2.87445 2.99799 3.11704 3.23148 3.34126 3.44638 3.54685 3.64275 3.73414 3.82114 3.90385 3.9824 4.05693 4.12757 4.19448 4.2578 4.31768 4.37427 4.42771 4.47815 4.52574 4.57061 4.6129 4.65274 4.69025 4.72556 4.75878 4.79004 4.81943 4.84706 4.87303 4.89743 4.92035 4.94187 4.96208 4.98106 4.99887 5.01559 5.03128 5.04599 5.0598 5.07275 5.08489 5.09628 5.10696 5.11707 5.12665 5.13563 5.14405 5.15194 5.15933 5.16626 5.17276 5.17884 5.18454 5.18988 5.19489 5.19958 5.20397 5.20808 5.21194 5.21555 5.21893 5.2221 5.22506 5.22784 5.23044 5.23288 5.23516 5.2373 5.2393 5.24118 5.24293 5.24458 5.24612 5.24852
 0 0.00506479 0.0137831 0.0346153 0.0731244 0.133157 0.214608 0.313091 0.42117 0.53033 0.632858 0.723144 0.798208 0.857497 0.902244 0.934682 0.957375 0.972763 0.982915 0.989453 0.993578 0.996134 0.997694 0.998634 0.999195 0.999527 0.999722 0.999837 0.999904 0.999943 0.999966 0.99998 0.999988 0.999992 0.999995 0.999997 0.999998 0.999998 0.999999 0.999999 0.999999 0.999999 0.999999 0.999999 0.999999 0.999999 0.999999 0.999999 0.999999 0.999999 0.999999 0.999999 0.999999 0.999999 0.999999 0.999999 0.999999 0.999999 0.999999 0.999999 0.999999 0.999999 0.999999 0.999999 0.999999 0.999999 0.999999 0.999999 0.999999 0.999999 0.999999 0.999999 0.999999 0.999999 0.999999 0.999999 0.999999 0.999999 0.999999 0.999999 0.999999 0.999999 0.999999 0.999999 0.999999 0.999999 0.999999 0.999999 0.999999 0.999999 0.999999 0.999999 0.999999 0.999999 0.999999 0.999999 0.999999 0.999999 0.999999 0.999999 0.999999
 #wt and selex for gender,fleet: 1 4 4_ORWA_TWL
 0.0104645 0.0176098 0.0470404 0.094431 0.159888 0.242134 0.339044 0.448218 0.567303 0.694144 0.826849 0.9638 1.10365 1.2453 1.38789 1.53077 1.67344 1.81549 1.95659 2.09638 2.23453 2.37067 2.50442 2.63541 2.76328 2.88771 3.00842 3.12517 3.23778 3.34612 3.45012 3.54973 3.64496 3.73584 3.82245 3.90486 3.98319 4.05754 4.12805 4.19486 4.2581 4.31792 4.37446 4.42787 4.47828 4.52585 4.5707 4.61297 4.6528 4.6903 4.7256 4.75882 4.79007 4.81946 4.84708 4.87305 4.89744 4.92036 4.94189 4.9621 4.98107 4.99888 5.0156 5.03128 5.046 5.0598 5.07275 5.0849 5.09628 5.10696 5.11707 5.12665 5.13563 5.14405 5.15194 5.15934 5.16626 5.17276 5.17884 5.18454 5.18989 5.19489 5.19958 5.20397 5.20808 5.21194 5.21555 5.21893 5.2221 5.22506 5.22784 5.23045 5.23288 5.23517 5.2373 5.2393 5.24118 5.24294 5.24458 5.24612 5.24852
 0 0.0122748 0.0247664 0.047033 0.0807276 0.126789 0.184703 0.252574 0.327526 0.406219 0.485327 0.561897 0.633563 0.698646 0.756143 0.80567 0.847347 0.881672 0.909389 0.931371 0.948523 0.961713 0.971725 0.97924 0.984826 0.988945 0.991962 0.994161 0.995756 0.996911 0.997746 0.99835 0.998786 0.999103 0.999333 0.9995 0.999623 0.999714 0.99978 0.99983 0.999867 0.999895 0.999916 0.999932 0.999945 0.999954 0.999962 0.999968 0.999972 0.999976 0.999979 0.999981 0.999983 0.999985 0.999986 0.999987 0.999988 0.999989 0.999989 0.99999 0.99999 0.999991 0.999991 0.999991 0.999991 0.999992 0.999992 0.999992 0.999992 0.999992 0.999992 0.999992 0.999992 0.999992 0.999992 0.999992 0.999992 0.999992 0.999992 0.999992 0.999992 0.999992 0.999992 0.999992 0.999992 0.999992 0.999992 0.999993 0.999993 0.999993 0.999993 0.999993 0.999993 0.999993 0.999993 0.999993 0.999993 0.999993 0.999993 0.999993 0.999993
 #wt and selex for gender,fleet: 1 5 5_ORWA_NONTWL
 0.0105182 0.0186535 0.0527111 0.106234 0.179362 0.270138 0.375649 0.492853 0.618951 0.75153 0.888589 1.02851 1.16998 1.31202 1.45385 1.59492 1.73486 1.8734 2.01035 2.14555 2.27884 2.41004 2.53893 2.66528 2.78885 2.90937 3.0266 3.14031 3.25031 3.35643 3.45857 3.55664 3.6506 3.74044 3.8262 3.90793 3.9857 4.05961 4.12976 4.19627 4.25927 4.3189 4.37528 4.42856 4.47887 4.52635 4.57113 4.61335 4.65312 4.69058 4.72585 4.75904 4.79027 4.81963 4.84724 4.87319 4.89757 4.92048 4.942 4.9622 4.98117 4.99897 5.01568 5.03136 5.04607 5.05987 5.07282 5.08496 5.09634 5.10702 5.11713 5.12671 5.13569 5.1441 5.15199 5.15939 5.16631 5.17281 5.17889 5.18459 5.18993 5.19494 5.19962 5.20402 5.20813 5.21198 5.21559 5.21897 5.22214 5.22511 5.22789 5.23049 5.23293 5.23521 5.23735 5.23935 5.24122 5.24298 5.24462 5.24616 5.24856
 0 0.00119346 0.00332422 0.00877414 0.0198649 0.0392751 0.0692748 0.111082 0.164532 0.228118 0.299315 0.375044 0.45212 0.527624 0.599147 0.66491 0.723788 0.775259 0.819296 0.856254 0.886739 0.911498 0.931336 0.947042 0.959347 0.968905 0.976273 0.981919 0.986226 0.9895 0.991982 0.993863 0.995287 0.996366 0.997185 0.997808 0.998284 0.998648 0.998928 0.999144 0.999311 0.999442 0.999545 0.999626 0.99969 0.999741 0.999782 0.999816 0.999843 0.999865 0.999883 0.999898 0.999911 0.999921 0.99993 0.999937 0.999944 0.999949 0.999954 0.999958 0.999961 0.999964 0.999967 0.999969 0.999971 0.999973 0.999974 0.999976 0.999977 0.999978 0.999979 0.99998 0.99998 0.999981 0.999981 0.999981 0.999982 0.999982 0.999982 0.999983 0.999983 0.999983 0.999983 0.999984 0.999984 0.999984 0.999984 0.999984 0.999984 0.999984 0.999985 0.999985 0.999985 0.999985 0.999985 0.999985 0.999985 0.999985 0.999985 0.999985 0.999985
 #wt and selex for gender,fleet: 1 6 6_OR_REC
 0.0108833 0.0249991 0.0742436 0.141429 0.224188 0.316659 0.414134 0.513707 0.614482 0.717354 0.824203 0.936952 1.0569 1.18444 1.31901 1.4594 1.60398 1.75103 1.89895 2.04637 2.19218 2.33552 2.47572 2.61227 2.74482 2.87309 2.99688 3.11608 3.2306 3.34043 3.44556 3.54603 3.64192 3.7333 3.82028 3.90297 3.98151 4.05602 4.12665 4.19354 4.25685 4.31672 4.37329 4.42672 4.47716 4.52474 4.5696 4.61188 4.65171 4.68921 4.72452 4.75774 4.78899 4.81837 4.846 4.87196 4.89636 4.91928 4.9408 4.96101 4.97998 4.99779 5.01451 5.03019 5.0449 5.05871 5.07165 5.0838 5.09518 5.10586 5.11597 5.12555 5.13452 5.14294 5.15082 5.15821 5.16514 5.17163 5.17771 5.18341 5.18875 5.19375 5.19844 5.20283 5.20694 5.21079 5.2144 5.21778 5.22095 5.22391 5.22669 5.22929 5.23173 5.23401 5.23615 5.23815 5.24002 5.24178 5.24342 5.24496 5.24736
 0 5.29143e-05 0.000618842 0.00471597 0.0216062 0.0667043 0.152516 0.277729 0.425778 0.573758 0.703073 0.804544 0.877554 0.926504 0.957466 0.976113 0.98688 0.992867 0.996077 0.997731 0.998539 0.998898 0.999023 0.999029 0.998976 0.998893 0.998798 0.998696 0.998594 0.998492 0.998392 0.998295 0.998202 0.998111 0.998025 0.997942 0.997862 0.997786 0.997714 0.997645 0.99758 0.997518 0.997459 0.997403 0.99735 0.9973 0.997253 0.997208 0.997166 0.997126 0.997089 0.997054 0.99702 0.996989 0.99696 0.996932 0.996906 0.996881 0.996858 0.996837 0.996816 0.996797 0.996779 0.996762 0.996746 0.996732 0.996718 0.996705 0.996692 0.996681 0.99667 0.99666 0.99665 0.996641 0.996632 0.996624 0.996617 0.99661 0.996603 0.996597 0.996591 0.996586 0.99658 0.996576 0.996571 0.996567 0.996563 0.996559 0.996556 0.996553 0.99655 0.996547 0.996544 0.996542 0.996539 0.996537 0.996535 0.996533 0.996532 0.99653 0.996527
 #wt and selex for gender,fleet: 1 7 7_WA_REC
 0.0108776 0.0250294 0.0760529 0.148503 0.240906 0.347307 0.462248 0.58158 0.702476 0.823256 0.943259 1.06266 1.18222 1.30293 1.42573 1.55131 1.67996 1.81155 1.94558 2.08126 2.21765 2.35373 2.48854 2.62122 2.75105 2.87746 3 3.11837 3.23236 3.34185 3.44676 3.54711 3.64292 3.73426 3.82121 3.9039 3.98243 4.05695 4.12759 4.19449 4.25781 4.31768 4.37427 4.42771 4.47816 4.52574 4.57061 4.6129 4.65274 4.69025 4.72556 4.75879 4.79004 4.81943 4.84706 4.87303 4.89743 4.92035 4.94187 4.96208 4.98106 4.99887 5.01559 5.03128 5.04599 5.0598 5.07275 5.08489 5.09628 5.10696 5.11707 5.12665 5.13563 5.14405 5.15194 5.15933 5.16626 5.17276 5.17884 5.18454 5.18988 5.19489 5.19958 5.20397 5.20808 5.21194 5.21555 5.21893 5.2221 5.22506 5.22784 5.23044 5.23288 5.23516 5.2373 5.2393 5.24118 5.24293 5.24458 5.24612 5.24852
 0 5.58537e-06 6.88754e-05 0.00059981 0.00329083 0.0124405 0.0350782 0.07863 0.147253 0.239387 0.348002 0.463049 0.57454 0.67483 0.759558 0.827431 0.879396 0.917671 0.944943 0.96383 0.976595 0.985046 0.990544 0.994069 0.996302 0.997703 0.998577 0.999118 0.999453 0.99966 0.999787 0.999866 0.999915 0.999946 0.999965 0.999977 0.999985 0.99999 0.999993 0.999995 0.999997 0.999997 0.999998 0.999998 0.999999 0.999999 0.999999 0.999999 0.999999 0.999999 0.999999 0.999999 0.999999 0.999999 0.999999 0.999999 0.999999 0.999999 0.999999 0.999999 0.999999 0.999999 0.999999 0.999999 0.999999 0.999999 0.999999 0.999999 0.999999 0.999999 0.999999 0.999999 0.999999 0.999999 0.999999 0.999999 0.999999 0.999999 0.999999 0.999999 0.999999 0.999999 0.999999 0.999999 0.999999 0.999999 0.999999 0.999999 0.999999 0.999999 0.999999 0.999999 0.999999 0.999999 0.999999 0.999999 0.999999 0.999999 0.999999 0.999999 0.999999
# Sex ratio correction
1
# M and current age-structure in year Yinit: 2011
 # gender = 1
 0.0439034 0.0439034 0.0439034 0.0439034 0.0439034 0.0439034 0.0439034 0.0439034 0.0439034 0.0439034 0.0439034 0.0439034 0.0439034 0.0439034 0.0439034 0.0439034 0.0439034 0.0439034 0.0439034 0.0439034 0.0439034 0.0439034 0.0439034 0.0439034 0.0439034 0.0439034 0.0439034 0.0439034 0.0439034 0.0439034 0.0439034 0.0439034 0.0439034 0.0439034 0.0439034 0.0439034 0.0439034 0.0439034 0.0439034 0.0439034 0.0439034 0.0439034 0.0439034 0.0439034 0.0439034 0.0439034 0.0439034 0.0439034 0.0439034 0.0439034 0.0439034 0.0439034 0.0439034 0.0439034 0.0439034 0.0439034 0.0439034 0.0439034 0.0439034 0.0439034 0.0439034 0.0439034 0.0439034 0.0439034 0.0439034 0.0439034 0.0439034 0.0439034 0.0439034 0.0439034 0.0439034 0.0439034 0.0439034 0.0439034 0.0439034 0.0439034 0.0439034 0.0439034 0.0439034 0.0439034 0.0439034 0.0439034 0.0439034 0.0439034 0.0439034 0.0439034 0.0439034 0.0439034 0.0439034 0.0439034 0.0439034 0.0439034 0.0439034 0.0439034 0.0439034 0.0439034 0.0439034 0.0439034 0.0439034 0.0439034 0.0439034
 225.381 245.397 220.775 272.544 172.014 128.528 94.6865 71.4009 121.577 276.079 88.5271 61.8734 118.525 63.4419 36.9394 32.0773 33.0745 63.9753 81.2792 35.0777 26.1255 25.8408 27.2205 27.1582 26.8059 28.2052 36.0981 41.8691 26.4953 24.734 21.8995 15.8412 11.9386 9.0515 8.91936 8.43372 7.18033 4.92028 4.42739 4.87813 6.14234 4.81069 3.58485 2.77298 2.13695 1.75385 1.45182 1.24756 1.17242 1.18508 1.22002 1.20667 1.12242 1.01113 0.911709 0.837415 0.791628 0.773635 0.780541 0.807516 0.84356 0.868855 0.862571 0.819509 0.753357 0.683405 0.620502 0.568083 0.525913 0.49171 0.463599 0.439925 0.419525 0.401484 0.384879 0.368986 0.353283 0.337652 0.322218 0.307282 0.293133 0.279981 0.267847 0.2567 0.246402 0.236777 0.227669 0.218953 0.210522 0.202315 0.194295 0.18644 0.178752 0.171269 0.163959 0.156758 0.149822 0.143163 0.136784 0.130687 2.88295
# Age-structure at Ydeclare= 2013
 125.111 115.187 206.434 224.763 202.202 249.587 157.49 117.63 86.6082 65.2609 111.028 251.906 80.7088 56.3671 107.909 57.7296 33.5997 29.1679 30.0675 58.1486 73.8668 31.8756 23.7389 23.4789 24.7313 24.6737 24.3527 25.6229 32.7918 38.0325 24.0663 22.4654 19.89 14.3869 10.8422 8.21991 8.09965 7.65841 6.52007 4.46771 4.02004 4.42919 5.57688 4.3677 3.25465 2.5175 1.94003 1.59219 1.31797 1.13253 1.0643 1.07577 1.10748 1.09535 1.01886 0.917839 0.827586 0.760144 0.718579 0.702244 0.708511 0.732995 0.765711 0.78867 0.782964 0.743876 0.683827 0.620331 0.563233 0.515651 0.477372 0.446326 0.420809 0.39932 0.380802 0.364426 0.349354 0.334927 0.320674 0.306486 0.292476 0.278919 0.266076 0.254138 0.243124 0.233006 0.223659 0.214922 0.206655 0.198744 0.191091 0.183641 0.176362 0.169232 0.162254 0.155462 0.148826 0.14229 0.135994 0.129949 2.85966
# Year for Tmin Age-structure (set to Ydecl by SS)
2013
#  recruitment and biomass
# Number of historical assessment years
129
# Historical data
# year recruitment spawner in B0 in R project in R/S project
1888  1889 1890 1891 1892 1893 1894 1895 1896 1897 1898 1899 1900 1901 1902 1903 1904 1905 1906 1907 1908 1909 1910 1911 1912 1913 1914 1915 1916 1917 1918 1919 1920 1921 1922 1923 1924 1925 1926 1927 1928 1929 1930 1931 1932 1933 1934 1935 1936 1937 1938 1939 1940 1941 1942 1943 1944 1945 1946 1947 1948 1949 1950 1951 1952 1953 1954 1955 1956 1957 1958 1959 1960 1961 1962 1963 1964 1965 1966 1967 1968 1969 1970 1971 1972 1973 1974 1975 1976 1977 1978 1979 1980 1981 1982 1983 1984 1985 1986 1987 1988 1989 1990 1991 1992 1993 1994 1995 1996 1997 1998 1999 2000 2001 2002 2003 2004 2005 2006 2007 2008 2009 2010 2011 2012 2013 2014 2015 2016 #years (with first value representing R0)
217.351 216.391 216.36 216.328 216.294 216.252 216.21 216.165 216.125 216.085 216.044 216.002 215.956 215.91 215.857 215.801 215.742 215.682 215.618 215.559 215.5 215.436 215.373 215.302 215.224 215.126 214.997 214.814 214.558 214.202 213.545 212.686 211.671 210.463 209.065 207.506 205.818 204.047 202.273 200.572 199.028 197.727 196.705 195.922 195.306 194.686 193.881 192.742 191.25 189.521 187.838 186.528 185.929 186.302 187.936 191.221 196.525 204.25 214.054 224.515 232.352 232.628 222.847 205.718 187.195 171.948 161.894 157.289 157.882 162.97 171.187 179.747 182.484 173.879 158.771 147.204 146.244 158.17 176.668 197.82 234.295 274.375 330.883 376.497 264.242 210.215 203.184 255.994 257.796 232.241 199.544 221.63 246.522 284.784 268.322 239.835 317.147 229.964 152.347 124.023 108.924 95.8765 81.0396 73.9314 90.7282 194.392 142.884 69.4997 63.7719 69.729 113.983 202.963 101.082 138.067 411.284 173.093 97.1973 123.288 160.114 205.054 310.92 241.038 256.411 225.381 120.356 125.111 128.622 145.118 166.425  #recruits; first value is R0 (virgin)
1117.21  1117.21 1117.21 1117.19 1117.16 1116.7 1116.24 1115.78 1115.63 1115.55 1115.46 1115.38 1115.27 1115.14 1114.99 1114.81 1114.6 1114.36 1114.09 1113.81 1113.49 1113.03 1112.67 1112.28 1111.87 1111.44 1110.98 1110.51 1109.94 1109.43 1108.74 1105.98 1104.79 1103.72 1102.69 1101.93 1101.09 1099.68 1097.91 1095.31 1091.98 1088.73 1085.94 1082.79 1080.66 1078.68 1076.71 1074.2 1071.68 1068.2 1065.01 1061.54 1058.74 1054.82 1049.42 1043.71 1033.53 1022.7 1006.69 992.026 985.185 977.427 971.505 964.961 956.899 949.998 944.966 938.812 933.035 927.125 919.933 913.181 907.252 902.227 898.888 894.775 892.282 891.245 880.719 877.599 872.733 868.055 854.424 845.564 833.548 818.386 801.856 783.724 766.567 746.721 727.203 695.009 660.747 634.842 600.981 544.186 495.612 467.515 430.081 400.428 372.814 349.182 319.511 299.315 267.044 237.91 210.367 196.061 181.537 165.762 147.541 143.473 135.321 138.973 142.411 149.609 157.112 165.022 172.955 181.208 189.095 197.464 205.935 215.317 225.167 235.469 246.708 258.837 271.306 #spbio; first value is SSB_virgin (virgin)
1 0 0 0 0 0 0 0 0 0 0 0 0 0 0 0 0 0 0 0 0 0 0 0 0 0 0 0 0 0 0 0 0 0 0 0 0 0 0 0 0 0 0 0 0 0 0 0 0 0 0 0 0 0 0 0 0 0 0 0 0 0 0 0 0 0 0 0 0 0 0 0 0 0 0 0 0 0 0 0 0 0 0 0 0 0 0 0 0 0 0 0 0 0 0 0 0 0 0 0 0 0 0 0 0 0 0 0 0 0 0 0 0 0 0 0 0 0 0 0 0 0 0 0 0 0 0 0 0  # in Bzero
0 1 1 1 1 1 1 1 1 1 1 1 1 1 1 1 1 1 1 1 1 1 1 1 1 1 1 1 1 1 1 1 1 1 1 1 1 1 1 1 1 1 1 1 1 1 1 1 1 1 1 1 1 1 1 1 1 1 1 1 1 1 1 1 1 1 1 1 1 1 1 1 1 1 1 1 1 1 1 1 1 1 1 1 1 1 1 1 1 1 1 1 1 1 1 1 1 1 1 1 1 1 1 1 1 1 1 1 1 1 1 1 1 1 1 1 1 1 1 1 1 1 1 1 1 1  0 0 0 # in R project
0 1 1 1 1 1 1 1 1 1 1 1 1 1 1 1 1 1 1 1 1 1 1 1 1 1 1 1 1 1 1 1 1 1 1 1 1 1 1 1 1 1 1 1 1 1 1 1 1 1 1 1 1 1 1 1 1 1 1 1 1 1 1 1 1 1 1 1 1 1 1 1 1 1 1 1 1 1 1 1 1 1 1 1 1 1 1 1 1 1 1 1 1 1 1 1 1 1 1 1 1 1 1 1 1 1 1 1 1 1 1 1 1 1 1 1 1 1 1 1 1 1 1 1 1 1  0 0 0 # in R/S project
# Number of years with pre-specified catches
0
# catches for years with pre-specified catches go next
# Number of future recruitments to override
-2
# Process for overiding (-1 for average otherwise index in data list)
# Which probability to product detailed results for (1=0.5; 2=0.6; etc.)
3
# Steepness sigma-R Auto-correlation
0.718 0.5 0
# Target SPR rate (FMSY Proxy); manually change to SPR_MSY if not using SPR_target
0.5
# Discount rate (for cumulative catch)
0.1
# Truncate the series when 0.4B0 is reached (1=Yes)
0
# Set F to FMSY once 0.4B0 is reached (1=Yes)
0
# Maximum possible F for projection (-1 to set to FMSY)
-1
# Defintion of recovery (1=now only;2=now or before)
2
# Projection type
4
# Definition of the 40-10 rule
10 40
# Sigma Assessment Error (Base, Year1, Slope, MaxSigma)
1.0 2017 0.075 2.0
# Pstar
0.45
# Constrain catches by the ABC (1=yes, 2=no)
2
# Implementation Error (0=no; 1=lognormal; 2=uniform)
0
#Parameters of Implementaion Error
1 0.3
# Calculate coefficients of variation (1=Yes)
0
# Number of replicates to use
10
# Random number seed
-99004
# File with multiple parameter vectors 
rebuild.SSO
# User-specific projection (1=Yes); Output replaced (1->9)
0  5
# Catches and Fs (Year; 1/2/3 (F or C or SPR); value); Final row is -1
2016 1 1
-1 -1 -1
# Fixed catch project (1=Yes); Output replaced (1->9); Approach (-1=Read in else 1-9)
0 2 -1
# (48a) Special catch options (1-Yes) [CUT_OFF, Emsy, distribution, MAXCAT, Add, replace_code]
0 0.18 1.00 1.00 0 6
# (48b) B1Target
150000
# Split of Fs
2011  0.000527668
 0
 0.166333
 0.00707428
 0.28159
 0.268769
 0.275706
-1  1 1 1 1 1 1 1 1 1 1 1 1
# Yrs to define T_target for projection type 4 (a.k.a. 5 pre-specified inputs)
2022 2023 2024 2025 2026 
# Year for probability of recovery
2026 2027 2028 2029 2030 2031 2032 2033
# Time varying weight-at-age (1=Yes;0=No)
0
# File with time series of weight-at-age data
none
# Use bisection (0) or linear interpolation (1)
1
# Target Depletion
0.4
# CV of implementation error
0
