#Title, #runnumber: 1 yelloweye_data.ss yelloweye_control.ss 6908.43 1138.27 389.093 StartTime: Thu May  1 10:22:12 2025
SSv3_default_rebuild.dat
# Number of sexes
1
# Age range to consider (minimum age; maximum age)
0 100
# Number of fleets
7
# First year of projection (Yinit)
2011
# First Year of rebuilding period (Ydecl)
2013
# Number of simulations
1000
# Maximum number of years
500
# Conduct projections with multiple starting values (0=No;else yes)
0
# Number of parameter vectors
1000
# Is the maximum age a plus-group (1=Yes;2=No)
1
# Generate future recruitments using historical recruitments (1)  historical recruits/spawner (2)  or a stock-recruitment (3)
3
# Constant fishing mortality (1) or constant Catch (2) projections
1
# Fishing mortality based on SPR (1) or actual rate (2)
1
# Pre-specify the year of recovery (or -1) to ignore
-1
# Fecundity-at-age
# 0 1 2 3 4 5 6 7 8 9 10 11 12 13 14 15 16 17 18 19 20 21 22 23 24 25 26 27 28 29 30 31 32 33 34 35 36 37 38 39 40 41 42 43 44 45 46 47 48 49 50 51 52 53 54 55 56 57 58 59 60 61 62 63 64 65 66 67 68 69 70 71 72 73 74 75 76 77 78 79 80 81 82 83 84 85 86 87 88 89 90 91 92 93 94 95 96 97 98 99 100 #runnumber: 1 yelloweye_data.ss yelloweye_control.ss 6908.43 1138.27 389.093
 0 0 2.49573e-09 5.1095e-08 6.40891e-07 5.68482e-06 3.87991e-05 0.000212841 0.000952796 0.0034635 0.0101658 0.0243297 0.0486727 0.0839748 0.128822 0.180431 0.235753 0.292235 0.348097 0.402279 0.454253 0.503825 0.550984 0.595804 0.63839 0.678847 0.717272 0.75375 0.788358 0.821163 0.852231 0.881621 0.909394 0.93561 0.960328 0.98361 1.00551 1.0261 1.04544 1.06358 1.08058 1.09651 1.11142 1.12536 1.13839 1.15057 1.16193 1.17254 1.18243 1.19166 1.20025 1.20826 1.21572 1.22266 1.22911 1.23512 1.24071 1.24591 1.25074 1.25523 1.2594 1.26328 1.26688 1.27023 1.27333 1.27622 1.27889 1.28138 1.28369 1.28583 1.28782 1.28969 1.29142 1.29303 1.29453 1.29592 1.2972 1.2984 1.2995 1.30053 1.30148 1.30236 1.30318 1.30394 1.30465 1.3053 1.30591 1.30647 1.30699 1.30747 1.30792 1.30833 1.30872 1.30908 1.30941 1.30971 1.31 1.31026 1.31051 1.31073 1.31106 #female fecundity; weighted by N in year Y_init across morphs and areas
# Age specific selectivity and weight adjusted for discard and discard mortality
 #wt and selex for gender,fleet: 1 1 1_CA_TWL
 0.00896707 0.00904481 0.0265254 0.0662893 0.126486 0.206537 0.303944 0.415591 0.538315 0.669203 0.805747 0.946006 1.0888 1.23369 1.38064 1.52949 1.67971 1.83038 1.98035 2.12842 2.27354 2.41483 2.55163 2.68344 2.80996 2.93097 3.04637 3.15616 3.26035 3.35905 3.45237 3.54046 3.62349 3.70164 3.77512 3.84413 3.90887 3.96955 4.02637 4.07954 4.12926 4.17572 4.21911 4.2596 4.29738 4.3326 4.36543 4.39601 4.42449 4.451 4.47568 4.49863 4.51999 4.53984 4.5583 4.57546 4.5914 4.60622 4.61998 4.63276 4.64463 4.65565 4.66588 4.67538 4.6842 4.69238 4.69998 4.70702 4.71356 4.71963 4.72529 4.73057 4.73547 4.74001 4.74423 4.74813 4.75176 4.75512 4.75824 4.76113 4.76381 4.7663 4.76861 4.77074 4.77273 4.77457 4.77627 4.77785 4.77932 4.78067 4.78193 4.7831 4.78418 4.78519 4.78612 4.78698 4.78778 4.78852 4.78921 4.78985 4.79078
 0 0.00110828 0.00241083 0.00909659 0.0270192 0.0643819 0.127926 0.219141 0.332751 0.458207 0.582978 0.695925 0.789666 0.861469 0.912631 0.946865 0.968605 0.981845 0.989653 0.994153 0.996705 0.99814 0.998944 0.999395 0.999649 0.999793 0.999876 0.999924 0.999953 0.99997 0.99998 0.999986 0.99999 0.999993 0.999994 0.999995 0.999996 0.999997 0.999997 0.999997 0.999997 0.999997 0.999997 0.999997 0.999997 0.999997 0.999997 0.999997 0.999997 0.999997 0.999997 0.999997 0.999997 0.999997 0.999997 0.999997 0.999997 0.999997 0.999997 0.999997 0.999997 0.999997 0.999997 0.999997 0.999997 0.999997 0.999997 0.999997 0.999997 0.999997 0.999997 0.999997 0.999997 0.999997 0.999997 0.999997 0.999997 0.999997 0.999997 0.999997 0.999997 0.999997 0.999997 0.999997 0.999997 0.999997 0.999997 0.999997 0.999997 0.999997 0.999997 0.999997 0.999997 0.999997 0.999997 0.999997 0.999997 0.999997 0.999997 0.999997 0.999997
 #wt and selex for gender,fleet: 1 3 3_CA_REC
 0.00896707 0.00904479 0.0257914 0.0641066 0.122161 0.199402 0.293521 0.401611 0.520696 0.648036 0.781413 0.919465 1.06173 1.20812 1.3583 1.51135 1.66591 1.82042 1.97347 2.12382 2.27054 2.41291 2.55041 2.68267 2.80947 2.93066 3.04617 3.15603 3.26027 3.35899 3.45233 3.54043 3.62347 3.70163 3.77512 3.84413 3.90887 3.96955 4.02637 4.07954 4.12926 4.17572 4.21911 4.2596 4.29738 4.3326 4.36543 4.39601 4.42449 4.451 4.47568 4.49864 4.51999 4.53984 4.5583 4.57546 4.5914 4.60622 4.61998 4.63276 4.64463 4.65565 4.66588 4.67538 4.6842 4.69238 4.69998 4.70702 4.71356 4.71963 4.72529 4.73057 4.73547 4.74001 4.74423 4.74814 4.75176 4.75512 4.75824 4.76113 4.76381 4.7663 4.76861 4.77075 4.77273 4.77457 4.77627 4.77785 4.77932 4.78068 4.78194 4.7831 4.78419 4.78519 4.78612 4.78698 4.78778 4.78852 4.78921 4.78985 4.79078
 0 0.0039878 0.00806376 0.025089 0.0629468 0.129836 0.228031 0.35139 0.487079 0.619878 0.736624 0.829307 0.896105 0.940178 0.967114 0.982568 0.991004 0.99544 0.997712 0.998856 0.999427 0.999711 0.999852 0.999923 0.99996 0.999978 0.999988 0.999993 0.999996 0.999997 0.999998 0.999999 0.999999 0.999999 0.999999 0.999999 0.999999 0.999999 0.999999 0.999999 0.999999 0.999999 0.999999 0.999999 0.999999 0.999999 0.999999 0.999999 0.999999 0.999999 0.999999 0.999999 0.999999 0.999999 0.999999 0.999999 0.999999 0.999999 0.999999 0.999999 0.999999 0.999999 0.999999 0.999999 0.999999 0.999999 0.999999 0.999999 0.999999 0.999999 0.999999 0.999999 0.999999 0.999999 0.999999 0.999999 0.999999 0.999999 0.999999 0.999999 0.999999 0.999999 0.999999 0.999999 0.999999 0.999999 0.999999 0.999999 0.999999 0.999999 0.999999 0.999999 0.999999 0.999999 0.999999 0.999999 0.999999 0.999999 0.999999 0.999999 0.999999
 #wt and selex for gender,fleet: 1 4 4_ORWA_TWL
 0.00896707 0.00904476 0.0246544 0.06091 0.116528 0.191291 0.283437 0.390491 0.50975 0.638567 0.774552 0.915788 1.06101 1.20951 1.36075 1.514 1.66823 1.82224 1.97477 2.12471 2.27112 2.41328 2.55064 2.68281 2.80956 2.93071 3.04621 3.15605 3.26028 3.359 3.45234 3.54043 3.62347 3.70163 3.77512 3.84413 3.90887 3.96954 4.02637 4.07954 4.12926 4.17572 4.21911 4.2596 4.29738 4.3326 4.36543 4.39601 4.42449 4.451 4.47568 4.49863 4.51999 4.53984 4.5583 4.57546 4.5914 4.60622 4.61998 4.63276 4.64463 4.65565 4.66588 4.67538 4.6842 4.69238 4.69997 4.70702 4.71356 4.71963 4.72529 4.73057 4.73547 4.74001 4.74422 4.74813 4.75176 4.75512 4.75824 4.76113 4.76381 4.7663 4.76861 4.77074 4.77273 4.77457 4.77627 4.77785 4.77932 4.78067 4.78193 4.7831 4.78418 4.78519 4.78612 4.78698 4.78778 4.78852 4.78921 4.78985 4.79078
 0 0.0131603 0.0238165 0.0550518 0.108997 0.18801 0.289307 0.405287 0.525755 0.640558 0.741594 0.823937 0.886155 0.929864 0.958582 0.976383 0.986895 0.992871 0.996171 0.997957 0.998911 0.999417 0.999686 0.999828 0.999905 0.999946 0.999969 0.999981 0.999988 0.999992 0.999994 0.999996 0.999996 0.999997 0.999997 0.999997 0.999997 0.999997 0.999997 0.999997 0.999997 0.999997 0.999997 0.999997 0.999997 0.999997 0.999997 0.999997 0.999997 0.999997 0.999997 0.999997 0.999997 0.999997 0.999997 0.999996 0.999996 0.999996 0.999996 0.999996 0.999996 0.999996 0.999996 0.999996 0.999996 0.999996 0.999996 0.999996 0.999996 0.999996 0.999996 0.999996 0.999996 0.999996 0.999996 0.999996 0.999996 0.999996 0.999996 0.999996 0.999996 0.999996 0.999996 0.999996 0.999996 0.999996 0.999996 0.999996 0.999996 0.999996 0.999996 0.999996 0.999996 0.999996 0.999996 0.999996 0.999996 0.999996 0.999996 0.999996 0.999996
 #wt and selex for gender,fleet: 1 5 5_ORWA_NONTWL
 0.00896707 0.00904479 0.0259853 0.0651313 0.125177 0.206048 0.305716 0.42134 0.549838 0.688219 0.833755 0.984048 1.13704 1.29103 1.44461 1.59674 1.7467 1.89399 2.03833 2.1795 2.31729 2.45147 2.58177 2.70791 2.82963 2.94669 3.05889 3.16612 3.26828 3.36538 3.45744 3.54455 3.6268 3.70435 3.77735 3.84598 3.91041 3.97085 4.02747 4.08049 4.13008 4.17643 4.21973 4.26015 4.29787 4.33304 4.36582 4.39637 4.42482 4.4513 4.47595 4.49889 4.52023 4.54007 4.55851 4.57566 4.59159 4.6064 4.62015 4.63292 4.64479 4.6558 4.66603 4.67552 4.68434 4.69252 4.70011 4.70715 4.71369 4.71975 4.72541 4.73069 4.73558 4.74013 4.74434 4.74825 4.75187 4.75523 4.75835 4.76124 4.76392 4.76641 4.76871 4.77085 4.77283 4.77467 4.77638 4.77796 4.77942 4.78078 4.78204 4.78321 4.78429 4.78529 4.78622 4.78709 4.78788 4.78863 4.78931 4.78995 4.79088
 0 0.000642985 0.00132285 0.0044101 0.0121937 0.0282482 0.0563957 0.0994569 0.158234 0.231158 0.314659 0.403995 0.494185 0.580766 0.660272 0.730436 0.790174 0.839418 0.878865 0.909683 0.933257 0.950979 0.96412 0.973766 0.980796 0.985897 0.989593 0.992272 0.994218 0.995637 0.996677 0.997444 0.998014 0.99844 0.998761 0.999006 0.999194 0.999339 0.999453 0.999542 0.999613 0.99967 0.999715 0.999753 0.999783 0.999809 0.99983 0.999847 0.999862 0.999875 0.999885 0.999895 0.999902 0.999909 0.999915 0.99992 0.999925 0.999929 0.999933 0.999936 0.999938 0.999941 0.999943 0.999945 0.999947 0.999949 0.99995 0.999951 0.999953 0.999954 0.999954 0.999955 0.999956 0.999956 0.999957 0.999957 0.999958 0.999958 0.999959 0.999959 0.999959 0.999959 0.99996 0.99996 0.99996 0.99996 0.999961 0.999961 0.999961 0.999961 0.999961 0.999961 0.999961 0.999962 0.999962 0.999962 0.999962 0.999962 0.999962 0.999962 0.999962
 #wt and selex for gender,fleet: 1 6 6_OR_REC
 0.00896707 0.00904506 0.0327093 0.0803448 0.148634 0.2341 0.331844 0.437463 0.547806 0.662009 0.781825 0.909893 1.04751 1.19382 1.34648 1.50272 1.66011 1.81672 1.97115 2.12236 2.26956 2.41219 2.54982 2.68214 2.80895 2.93013 3.04563 3.15546 3.25967 3.35837 3.45167 3.53975 3.62276 3.7009 3.77436 3.84335 3.90807 3.96873 4.02553 4.07869 4.12839 4.17484 4.21821 4.25869 4.29645 4.33167 4.36448 4.39506 4.42353 4.45003 4.4747 4.49765 4.519 4.53884 4.5573 4.57445 4.59039 4.6052 4.61895 4.63173 4.6436 4.65461 4.66484 4.67434 4.68315 4.69134 4.69893 4.70597 4.71251 4.71858 4.72423 4.72951 4.73441 4.73895 4.74316 4.74707 4.75069 4.75405 4.75717 4.76006 4.76274 4.76522 4.76753 4.76967 4.77165 4.77349 4.77519 4.77677 4.77823 4.77959 4.78085 4.78202 4.7831 4.7841 4.78503 4.7859 4.7867 4.78744 4.78812 4.78876 4.78969
 0 1.92941e-05 8.54676e-05 0.0012675 0.00981828 0.0443712 0.131772 0.283227 0.475392 0.662552 0.808021 0.901793 0.953872 0.979664 0.991381 0.996361 0.998356 0.999093 0.999317 0.999333 0.999265 0.999165 0.999051 0.998933 0.998815 0.998698 0.998585 0.998475 0.998369 0.998268 0.998171 0.998079 0.997991 0.997908 0.99783 0.997756 0.997686 0.99762 0.997558 0.9975 0.997446 0.997395 0.997347 0.997303 0.997261 0.997222 0.997186 0.997152 0.99712 0.997091 0.997063 0.997038 0.997014 0.996992 0.996971 0.996952 0.996934 0.996918 0.996902 0.996888 0.996875 0.996862 0.996851 0.99684 0.99683 0.996821 0.996812 0.996805 0.996797 0.99679 0.996784 0.996778 0.996773 0.996767 0.996763 0.996758 0.996754 0.99675 0.996747 0.996744 0.996741 0.996738 0.996735 0.996733 0.996731 0.996728 0.996727 0.996725 0.996723 0.996722 0.99672 0.996719 0.996718 0.996716 0.996715 0.996714 0.996714 0.996713 0.996712 0.996711 0.99671
 #wt and selex for gender,fleet: 1 7 7_WA_REC
 0.00896707 0.00904504 0.0324678 0.0811591 0.152948 0.245295 0.353608 0.473252 0.600212 0.731293 0.864194 0.997696 1.13181 1.26744 1.40571 1.5472 1.69167 1.83814 1.98522 2.13141 2.27534 2.4159 2.55226 2.68382 2.81018 2.9311 3.04645 3.1562 3.26038 3.35907 3.45238 3.54046 3.62349 3.70165 3.77513 3.84413 3.90887 3.96955 4.02637 4.07954 4.12926 4.17572 4.21911 4.2596 4.29738 4.3326 4.36543 4.39601 4.42449 4.451 4.47568 4.49864 4.51999 4.53984 4.5583 4.57546 4.5914 4.60622 4.61998 4.63276 4.64463 4.65565 4.66588 4.67538 4.6842 4.69238 4.69998 4.70702 4.71356 4.71963 4.72529 4.73057 4.73547 4.74001 4.74423 4.74814 4.75176 4.75512 4.75824 4.76113 4.76381 4.7663 4.76861 4.77075 4.77273 4.77457 4.77627 4.77785 4.77932 4.78068 4.78194 4.7831 4.78419 4.78519 4.78612 4.78698 4.78778 4.78852 4.78921 4.78985 4.79078
 0 2.39513e-06 1.01622e-05 0.000151372 0.00130607 0.00702842 0.0258575 0.0702953 0.150417 0.266387 0.406297 0.550961 0.681979 0.787894 0.865698 0.918522 0.952197 0.972638 0.984599 0.991416 0.995234 0.99735 0.998519 0.999164 0.999523 0.999724 0.999837 0.999902 0.99994 0.999963 0.999976 0.999985 0.99999 0.999993 0.999995 0.999996 0.999997 0.999998 0.999998 0.999999 0.999999 0.999999 0.999999 0.999999 0.999999 0.999999 0.999999 0.999999 0.999999 0.999999 0.999999 0.999999 0.999999 0.999999 0.999999 0.999999 0.999999 0.999999 0.999999 0.999999 0.999999 0.999999 0.999999 0.999999 0.999999 0.999999 0.999999 0.999999 0.999999 0.999999 0.999999 0.999999 0.999999 0.999999 0.999999 0.999999 0.999999 0.999999 0.999999 0.999999 0.999999 0.999999 0.999999 0.999999 0.999999 0.999999 0.999999 0.999999 0.999999 0.999999 0.999999 0.999999 0.999999 0.999999 0.999999 0.999999 0.999999 0.999999 0.999999 0.999999 0.999999
# Sex ratio correction
1
# M and current age-structure in year Yinit: 2011
 # gender = 1
 0.0439034 0.0439034 0.0439034 0.0439034 0.0439034 0.0439034 0.0439034 0.0439034 0.0439034 0.0439034 0.0439034 0.0439034 0.0439034 0.0439034 0.0439034 0.0439034 0.0439034 0.0439034 0.0439034 0.0439034 0.0439034 0.0439034 0.0439034 0.0439034 0.0439034 0.0439034 0.0439034 0.0439034 0.0439034 0.0439034 0.0439034 0.0439034 0.0439034 0.0439034 0.0439034 0.0439034 0.0439034 0.0439034 0.0439034 0.0439034 0.0439034 0.0439034 0.0439034 0.0439034 0.0439034 0.0439034 0.0439034 0.0439034 0.0439034 0.0439034 0.0439034 0.0439034 0.0439034 0.0439034 0.0439034 0.0439034 0.0439034 0.0439034 0.0439034 0.0439034 0.0439034 0.0439034 0.0439034 0.0439034 0.0439034 0.0439034 0.0439034 0.0439034 0.0439034 0.0439034 0.0439034 0.0439034 0.0439034 0.0439034 0.0439034 0.0439034 0.0439034 0.0439034 0.0439034 0.0439034 0.0439034 0.0439034 0.0439034 0.0439034 0.0439034 0.0439034 0.0439034 0.0439034 0.0439034 0.0439034 0.0439034 0.0439034 0.0439034 0.0439034 0.0439034 0.0439034 0.0439034 0.0439034 0.0439034 0.0439034 0.0439034
 242.197 254.804 320.188 317.318 212.092 175.128 116.107 71.4162 80.3912 185.722 75.4001 57.332 96.22 50.6695 34.3597 27.9353 27.7471 52.3714 57.4622 28.6836 23.1871 23.3432 22.5173 22.8682 26.1656 29.0139 35.415 34.6782 21.8109 22.6423 20.0167 16.4817 11.3295 7.37507 8.6501 8.33635 8.54169 5.0717 3.77092 4.85006 7.54474 3.98981 3.28924 2.8117 2.39529 2.1836 1.66396 1.30866 1.20253 1.24349 1.31618 1.26313 1.09441 0.944693 0.854274 0.812293 0.805705 0.82735 0.876932 0.960204 1.08003 1.21266 1.26942 1.16813 0.990624 0.834673 0.720938 0.641941 0.587294 0.548136 0.518617 0.494727 0.474004 0.455034 0.437002 0.419646 0.402968 0.387189 0.37251 0.3591 0.347013 0.336202 0.326439 0.317452 0.308796 0.29998 0.290921 0.281456 0.271538 0.26125 0.250743 0.240177 0.229713 0.219507 0.209576 0.200016 0.190861 0.182116 0.173774 0.165825 3.56563
# Age-structure at Ydeclare= 2013
 469.367 205.801 221.836 233.38 293.257 290.601 194.191 160.276 106.183 65.2465 73.3603 169.279 68.651 52.154 87.4694 46.0379 31.2076 25.3661 25.1909 47.541 52.158 26.0345 21.0448 21.1859 20.4359 20.7539 23.7458 26.3299 32.1377 31.4677 19.7907 20.544 18.1606 14.9526 10.2779 6.69022 7.84654 7.56166 7.74764 4.60007 3.42013 4.39873 6.84241 3.61829 2.98286 2.54973 2.17206 1.98006 1.50882 1.18663 1.09038 1.12751 1.19341 1.1453 0.992315 0.856559 0.774574 0.736507 0.730532 0.750156 0.79511 0.870611 0.979254 1.09951 1.15097 1.05913 0.898185 0.756786 0.653662 0.582036 0.532488 0.496984 0.470219 0.448558 0.429769 0.412569 0.39622 0.380484 0.365361 0.351056 0.337746 0.325588 0.314629 0.304826 0.295975 0.287827 0.279978 0.271985 0.263772 0.25519 0.246198 0.23687 0.227343 0.217763 0.208276 0.199022 0.190018 0.18135 0.17305 0.165121 3.54081
# Year for Tmin Age-structure (set to Ydecl by SS)
2013
#  recruitment and biomass
# Number of historical assessment years
137
# Historical data
# year recruitment spawner in B0 in R project in R/S project
1888  1889 1890 1891 1892 1893 1894 1895 1896 1897 1898 1899 1900 1901 1902 1903 1904 1905 1906 1907 1908 1909 1910 1911 1912 1913 1914 1915 1916 1917 1918 1919 1920 1921 1922 1923 1924 1925 1926 1927 1928 1929 1930 1931 1932 1933 1934 1935 1936 1937 1938 1939 1940 1941 1942 1943 1944 1945 1946 1947 1948 1949 1950 1951 1952 1953 1954 1955 1956 1957 1958 1959 1960 1961 1962 1963 1964 1965 1966 1967 1968 1969 1970 1971 1972 1973 1974 1975 1976 1977 1978 1979 1980 1981 1982 1983 1984 1985 1986 1987 1988 1989 1990 1991 1992 1993 1994 1995 1996 1997 1998 1999 2000 2001 2002 2003 2004 2005 2006 2007 2008 2009 2010 2011 2012 2013 2014 2015 2016 2017 2018 2019 2020 2021 2022 2023 2024 #years (with first value representing R0)
225.961 230.512 230.677 230.848 231.026 231.203 231.386 231.577 231.782 231.995 232.217 232.447 232.684 232.931 233.186 233.442 233.704 233.971 234.238 234.512 234.783 235.049 235.308 235.555 235.793 236.016 236.221 236.397 236.532 236.603 236.562 236.309 235.838 235.013 233.718 231.856 229.357 226.221 222.551 218.521 214.226 210.012 206.132 202.689 199.733 197.203 194.994 192.967 191.001 189.001 186.992 185.106 183.657 183.101 184.142 187.817 195.494 209.104 230.589 260.655 292.7 302.848 275.395 233.431 197.474 171.578 153.977 142.601 136.685 136.619 143.52 157.852 172.836 170.691 152.654 139.523 143.211 171.26 210.673 215.699 235.091 253.69 281.717 483.501 279.498 193.585 229.822 338.685 286.829 256.192 186.534 242.85 297.314 302.02 284.279 227.033 299.114 253.676 173.639 132.007 98.3654 83.6729 76.0829 67.3428 75.4268 138.85 117.763 58.599 55.7705 65.0918 91.3068 165.142 93.808 117.7 276.79 114.466 97.2137 151.168 218.155 252.823 361.997 349.575 266.239 242.197 215.038 469.367 227.311 304.364 222.212 112.679 108.158 115.251 112.913 151.729 168.517 173.58 187.248  #recruits; first value is R0 (virgin)
1138.27  1138.27 1138.27 1138.25 1138.23 1137.76 1137.3 1136.84 1136.68 1136.61 1136.53 1136.47 1136.4 1136.36 1136.34 1136.36 1136.43 1136.53 1136.68 1136.88 1137.11 1137.26 1137.56 1137.88 1138.22 1138.59 1138.98 1139.38 1139.73 1140.16 1140.45 1138.7 1138.54 1138.53 1138.59 1138.95 1139.25 1139 1138.42 1137.03 1134.94 1132.94 1131.43 1129.58 1128.77 1128.15 1127.54 1126.4 1125.24 1123.08 1121.14 1118.83 1117.05 1113.99 1109.25 1103.98 1094 1083.13 1066.82 1051.56 1043.88 1035.06 1027.88 1019.89 1010.2 1001.55 994.65 986.557 978.855 971.161 962.48 954.715 948.386 943.635 941.154 938.322 937.239 937.493 927.97 925.25 920.455 914.984 900.054 889.509 875.6 858.422 839.875 819.639 799.933 777.642 755.872 721.637 685.653 658.381 623.553 566.656 518.356 490.396 453.392 424.016 396.774 373.747 344.737 324.174 289.86 258.875 229.247 213.584 197.824 180.54 160.427 154.34 143.899 145.428 146.301 152.313 158.467 164.796 171.076 177.619 183.603 189.926 196.172 203.163 210.448 218.023 226.444 235.748 245.469 256.4 267.509 280.262 294.333 310.803 328.854 347.243 366.418 #spbio; first value is SSB_virgin (virgin)
1 0 0 0 0 0 0 0 0 0 0 0 0 0 0 0 0 0 0 0 0 0 0 0 0 0 0 0 0 0 0 0 0 0 0 0 0 0 0 0 0 0 0 0 0 0 0 0 0 0 0 0 0 0 0 0 0 0 0 0 0 0 0 0 0 0 0 0 0 0 0 0 0 0 0 0 0 0 0 0 0 0 0 0 0 0 0 0 0 0 0 0 0 0 0 0 0 0 0 0 0 0 0 0 0 0 0 0 0 0 0 0 0 0 0 0 0 0 0 0 0 0 0 0 0 0 0 0 0 0 0 0 0 0 0 0 0  # in Bzero
0 1 1 1 1 1 1 1 1 1 1 1 1 1 1 1 1 1 1 1 1 1 1 1 1 1 1 1 1 1 1 1 1 1 1 1 1 1 1 1 1 1 1 1 1 1 1 1 1 1 1 1 1 1 1 1 1 1 1 1 1 1 1 1 1 1 1 1 1 1 1 1 1 1 1 1 1 1 1 1 1 1 1 1 1 1 1 1 1 1 1 1 1 1 1 1 1 1 1 1 1 1 1 1 1 1 1 1 1 1 1 1 1 1 1 1 1 1 1 1 1 1 1 1 1 1 1 1 1 1 1 1 1 1  0 0 0 # in R project
0 1 1 1 1 1 1 1 1 1 1 1 1 1 1 1 1 1 1 1 1 1 1 1 1 1 1 1 1 1 1 1 1 1 1 1 1 1 1 1 1 1 1 1 1 1 1 1 1 1 1 1 1 1 1 1 1 1 1 1 1 1 1 1 1 1 1 1 1 1 1 1 1 1 1 1 1 1 1 1 1 1 1 1 1 1 1 1 1 1 1 1 1 1 1 1 1 1 1 1 1 1 1 1 1 1 1 1 1 1 1 1 1 1 1 1 1 1 1 1 1 1 1 1 1 1 1 1 1 1 1 1 1 1  0 0 0 # in R/S project
# Number of years with pre-specified catches
0
# catches for years with pre-specified catches go next
# Number of future recruitments to override
-2
# Process for overiding (-1 for average otherwise index in data list)
# Which probability to product detailed results for (1=0.5; 2=0.6; etc.)
3
# Steepness sigma-R Auto-correlation
0.718 0.5 0
# Target SPR rate (FMSY Proxy); manually change to SPR_MSY if not using SPR_target
0.5
# Discount rate (for cumulative catch)
0.1
# Truncate the series when 0.4B0 is reached (1=Yes)
0
# Set F to FMSY once 0.4B0 is reached (1=Yes)
0
# Maximum possible F for projection (-1 to set to FMSY)
-1
# Defintion of recovery (1=now only;2=now or before)
2
# Projection type
4
# Definition of the 40-10 rule
10 40
# Sigma Assessment Error (Base, Year1, Slope, MaxSigma)
1.0 2025 0.075 2.0
# Pstar
0.45
# Constrain catches by the ABC (1=yes, 2=no)
2
# Implementation Error (0=no; 1=lognormal; 2=uniform)
0
#Parameters of Implementaion Error
1 0.3
# Calculate coefficients of variation (1=Yes)
0
# Number of replicates to use
10
# Random number seed
-99004
# File with multiple parameter vectors 
rebuild.SSO
# User-specific projection (1=Yes); Output replaced (1->9)
0  5
# Catches and Fs (Year; 1/2/3 (F or C or SPR); value); Final row is -1
2024 1 1
-1 -1 -1
# Fixed catch project (1=Yes); Output replaced (1->9); Approach (-1=Read in else 1-9)
0 2 -1
# (48a) Special catch options (1-Yes) [CUT_OFF, Emsy, distribution, MAXCAT, Add, replace_code]
0 0.18 1.00 1.00 0 6
# (48b) B1Target
150000
# Split of Fs
2011  0.0171489
 0
 0.404155
 0.0233582
 0.188971
 0.192418
 0.173949
-1  1 1 1 1 1 1 1 1 1 1 1 1
# Yrs to define T_target for projection type 4 (a.k.a. 5 pre-specified inputs)
2030 2031 2032 2033 2034 
# Year for probability of recovery
2034 2035 2036 2037 2038 2039 2040 2041
# Time varying weight-at-age (1=Yes;0=No)
0
# File with time series of weight-at-age data
none
# Use bisection (0) or linear interpolation (1)
1
# Target Depletion
0.4
# CV of implementation error
0
