#Title, #runnumber: 1 yelloweye_data.ss yelloweye_control.ss 7141.38 1135.9 401.122 StartTime: Thu May  1 10:25:48 2025
SSv3_default_rebuild.dat
# Number of sexes
1
# Age range to consider (minimum age; maximum age)
0 100
# Number of fleets
7
# First year of projection (Yinit)
2011
# First Year of rebuilding period (Ydecl)
2013
# Number of simulations
1000
# Maximum number of years
500
# Conduct projections with multiple starting values (0=No;else yes)
0
# Number of parameter vectors
1000
# Is the maximum age a plus-group (1=Yes;2=No)
1
# Generate future recruitments using historical recruitments (1)  historical recruits/spawner (2)  or a stock-recruitment (3)
3
# Constant fishing mortality (1) or constant Catch (2) projections
1
# Fishing mortality based on SPR (1) or actual rate (2)
1
# Pre-specify the year of recovery (or -1) to ignore
-1
# Fecundity-at-age
# 0 1 2 3 4 5 6 7 8 9 10 11 12 13 14 15 16 17 18 19 20 21 22 23 24 25 26 27 28 29 30 31 32 33 34 35 36 37 38 39 40 41 42 43 44 45 46 47 48 49 50 51 52 53 54 55 56 57 58 59 60 61 62 63 64 65 66 67 68 69 70 71 72 73 74 75 76 77 78 79 80 81 82 83 84 85 86 87 88 89 90 91 92 93 94 95 96 97 98 99 100 #runnumber: 1 yelloweye_data.ss yelloweye_control.ss 7141.38 1135.9 401.122
 0 0 2.27776e-09 4.96071e-08 6.57164e-07 6.07125e-06 4.27076e-05 0.000238988 0.00107763 0.0038931 0.0112507 0.0264275 0.0519547 0.0883617 0.134078 0.186297 0.24203 0.298799 0.354882 0.40925 0.461385 0.511097 0.558371 0.60328 0.645924 0.686409 0.724831 0.761277 0.795824 0.828544 0.859502 0.888762 0.916386 0.942437 0.966977 0.990069 1.01178 1.03216 1.05128 1.06921 1.08599 1.1017 1.1164 1.13012 1.14294 1.15491 1.16607 1.17648 1.18618 1.19521 1.20362 1.21145 1.21873 1.22551 1.23181 1.23766 1.2431 1.24816 1.25285 1.25721 1.26126 1.26502 1.26851 1.27175 1.27476 1.27754 1.28013 1.28253 1.28475 1.28682 1.28873 1.29053 1.29221 1.29376 1.29519 1.29653 1.29776 1.29891 1.29997 1.30095 1.30186 1.30271 1.30349 1.30421 1.30489 1.30551 1.30609 1.30662 1.30712 1.30757 1.308 1.30839 1.30876 1.3091 1.30941 1.3097 1.30997 1.31022 1.31045 1.31066 1.31097 #female fecundity; weighted by N in year Y_init across morphs and areas
# Age specific selectivity and weight adjusted for discard and discard mortality
 #wt and selex for gender,fleet: 1 1 1_CA_TWL
 0.00896707 0.00902195 0.0259751 0.0666929 0.1285 0.210654 0.31032 0.424108 0.548686 0.681071 0.818774 0.95996 1.1036 1.24938 1.39728 1.54713 1.69834 1.84996 2.0008 2.14966 2.29545 2.43729 2.57451 2.70663 2.83332 2.95438 3.06973 3.17936 3.28331 3.38169 3.47461 3.56225 3.64477 3.72238 3.79528 3.86368 3.92779 3.98782 4.04399 4.09651 4.14557 4.19137 4.23411 4.27396 4.31111 4.34572 4.37794 4.40794 4.43585 4.46181 4.48595 4.50839 4.52925 4.54863 4.56663 4.58335 4.59887 4.61328 4.62666 4.63907 4.65059 4.66128 4.67119 4.68039 4.68892 4.69683 4.70417 4.71097 4.71728 4.72313 4.72858 4.73367 4.73838 4.74275 4.74681 4.75056 4.75404 4.75727 4.76025 4.76302 4.76559 4.76797 4.77017 4.77221 4.7741 4.77586 4.77748 4.77899 4.78038 4.78167 4.78287 4.78398 4.785 4.78595 4.78684 4.78765 4.78841 4.78911 4.78976 4.79036 4.79123
 0 0.00108613 0.00227591 0.00877053 0.0265564 0.0640116 0.127977 0.219832 0.33403 0.45976 0.584372 0.696806 0.789907 0.861189 0.912072 0.946255 0.968081 0.981457 0.989395 0.993994 0.996615 0.998092 0.998921 0.999385 0.999646 0.999793 0.999878 0.999926 0.999954 0.999971 0.999981 0.999987 0.999991 0.999993 0.999995 0.999996 0.999996 0.999997 0.999997 0.999997 0.999997 0.999997 0.999997 0.999997 0.999997 0.999997 0.999997 0.999997 0.999997 0.999997 0.999997 0.999997 0.999997 0.999997 0.999997 0.999997 0.999997 0.999997 0.999997 0.999997 0.999997 0.999997 0.999997 0.999997 0.999997 0.999997 0.999997 0.999997 0.999997 0.999997 0.999997 0.999997 0.999997 0.999997 0.999997 0.999997 0.999997 0.999997 0.999997 0.999997 0.999997 0.999997 0.999997 0.999997 0.999997 0.999997 0.999997 0.999997 0.999997 0.999997 0.999997 0.999997 0.999997 0.999997 0.999997 0.999997 0.999997 0.999997 0.999997 0.999997 0.999997
 #wt and selex for gender,fleet: 1 3 3_CA_REC
 0.00896707 0.00902193 0.0251803 0.0642225 0.123611 0.202654 0.298772 0.40883 0.529709 0.658616 0.793365 0.932676 1.07614 1.22367 1.37493 1.529 1.68452 1.83996 1.99388 2.14502 2.29242 2.43535 2.57329 2.70585 2.83283 2.95407 3.06954 3.17924 3.28323 3.38163 3.47458 3.56222 3.64476 3.72237 3.79527 3.86367 3.92779 3.98782 4.04399 4.09651 4.14557 4.19137 4.23411 4.27396 4.31111 4.34572 4.37794 4.40794 4.43585 4.46181 4.48595 4.5084 4.52925 4.54863 4.56663 4.58335 4.59887 4.61328 4.62666 4.63907 4.65059 4.66128 4.6712 4.68039 4.68892 4.69683 4.70417 4.71097 4.71728 4.72313 4.72858 4.73367 4.73838 4.74275 4.74681 4.75056 4.75404 4.75727 4.76026 4.76302 4.76559 4.76797 4.77017 4.77221 4.77411 4.77586 4.77748 4.77899 4.78038 4.78167 4.78287 4.78398 4.785 4.78596 4.78684 4.78765 4.78841 4.78911 4.78976 4.79036 4.79123
 0 0.00393172 0.00766356 0.0241208 0.0612519 0.127282 0.224522 0.346871 0.481596 0.613657 0.73011 0.823098 0.890763 0.936028 0.964176 0.980647 0.989828 0.994756 0.99733 0.998648 0.999316 0.999653 0.999822 0.999908 0.999951 0.999974 0.999986 0.999992 0.999995 0.999997 0.999998 0.999999 0.999999 0.999999 0.999999 0.999999 0.999999 0.999999 0.999999 0.999999 0.999999 0.999999 0.999999 0.999999 0.999999 0.999999 0.999999 0.999999 0.999999 0.999999 0.999999 0.999999 0.999999 0.999999 0.999999 0.999999 0.999999 0.999999 0.999999 0.999999 0.999999 0.999999 0.999999 0.999999 0.999999 0.999999 0.999999 0.999999 0.999999 0.999999 0.999999 0.999999 0.999999 0.999999 0.999999 0.999999 0.999999 0.999999 0.999999 0.999999 0.999999 0.999999 0.999999 0.999999 0.999999 0.999999 0.999999 0.999999 0.999999 0.999999 0.999999 0.999999 0.999999 0.999999 0.999999 0.999999 0.999999 0.999999 0.999999 0.999999 0.999999
 #wt and selex for gender,fleet: 1 4 4_ORWA_TWL
 0.00896707 0.0090219 0.024063 0.0608808 0.117652 0.194028 0.288002 0.396881 0.517807 0.648054 0.785236 0.927534 1.07383 1.22349 1.37598 1.53051 1.68601 1.8412 1.9948 2.14566 2.29285 2.43563 2.57346 2.70596 2.83289 2.95411 3.06956 3.17925 3.28324 3.38164 3.47458 3.56222 3.64476 3.72237 3.79527 3.86367 3.92779 3.98782 4.04399 4.09651 4.14557 4.19137 4.23411 4.27396 4.31111 4.34572 4.37794 4.40794 4.43585 4.46181 4.48595 4.50839 4.52925 4.54863 4.56663 4.58335 4.59887 4.61328 4.62666 4.63907 4.65059 4.66128 4.67119 4.68039 4.68892 4.69683 4.70417 4.71097 4.71728 4.72312 4.72858 4.73367 4.73838 4.74275 4.74681 4.75056 4.75404 4.75727 4.76025 4.76302 4.76559 4.76797 4.77017 4.77221 4.7741 4.77586 4.77748 4.77899 4.78038 4.78167 4.78287 4.78398 4.785 4.78595 4.78683 4.78765 4.78841 4.78911 4.78976 4.79036 4.79123
 0 0.0126146 0.0222493 0.0526219 0.106206 0.18557 0.287896 0.405267 0.527059 0.642756 0.744086 0.826183 0.887856 0.930985 0.959248 0.976752 0.987096 0.992982 0.996236 0.997998 0.998938 0.999436 0.999698 0.999837 0.999911 0.99995 0.999971 0.999983 0.999989 0.999993 0.999995 0.999996 0.999997 0.999997 0.999997 0.999997 0.999997 0.999997 0.999997 0.999997 0.999997 0.999997 0.999997 0.999997 0.999997 0.999997 0.999997 0.999997 0.999997 0.999997 0.999997 0.999996 0.999996 0.999996 0.999996 0.999996 0.999996 0.999996 0.999996 0.999996 0.999996 0.999996 0.999996 0.999996 0.999996 0.999996 0.999996 0.999996 0.999996 0.999996 0.999996 0.999996 0.999996 0.999996 0.999996 0.999996 0.999996 0.999996 0.999996 0.999996 0.999996 0.999996 0.999996 0.999996 0.999996 0.999996 0.999996 0.999996 0.999996 0.999996 0.999996 0.999996 0.999996 0.999996 0.999996 0.999996 0.999996 0.999996 0.999996 0.999996 0.999996
 #wt and selex for gender,fleet: 1 5 5_ORWA_NONTWL
 0.00896707 0.00902193 0.0255011 0.0656691 0.127481 0.210703 0.312949 0.431056 0.561716 0.701809 0.848561 0.999589 1.15289 1.30684 1.46017 1.61199 1.76172 1.90899 2.05356 2.19521 2.33368 2.46865 2.59977 2.7267 2.84912 2.96674 3.07937 3.18687 3.28917 3.38626 3.47821 3.56509 3.64703 3.72419 3.79674 3.86487 3.92877 3.98864 4.04467 4.09708 4.14606 4.19179 4.23447 4.27428 4.31139 4.34596 4.37816 4.40814 4.43603 4.46197 4.4861 4.50853 4.52938 4.54875 4.56674 4.58345 4.59897 4.61338 4.62675 4.63916 4.65067 4.66136 4.67127 4.68046 4.68899 4.6969 4.70424 4.71104 4.71734 4.72319 4.72864 4.73373 4.73844 4.74281 4.74686 4.75062 4.7541 4.75732 4.76031 4.76308 4.76565 4.76802 4.77023 4.77227 4.77416 4.77591 4.77753 4.77904 4.78043 4.78172 4.78292 4.78403 4.78506 4.78601 4.78689 4.7877 4.78846 4.78916 4.78981 4.79041 4.79128
 0 0.000617993 0.00123809 0.00430024 0.0123093 0.0291841 0.0591086 0.105077 0.16775 0.245119 0.333014 0.426104 0.518957 0.606863 0.686333 0.755261 0.812859 0.859413 0.895952 0.923916 0.944868 0.9603 0.971513 0.979581 0.985346 0.989449 0.992366 0.99444 0.99592 0.996979 0.997742 0.998294 0.998698 0.998995 0.999215 0.999381 0.999505 0.999601 0.999674 0.999731 0.999775 0.999811 0.999839 0.999862 0.99988 0.999895 0.999907 0.999918 0.999926 0.999934 0.99994 0.999945 0.999949 0.999953 0.999956 0.999959 0.999962 0.999964 0.999966 0.999968 0.999969 0.99997 0.999972 0.999973 0.999974 0.999975 0.999975 0.999976 0.999977 0.999977 0.999978 0.999978 0.999978 0.999979 0.999979 0.999979 0.999979 0.999979 0.99998 0.99998 0.99998 0.99998 0.99998 0.99998 0.99998 0.999981 0.999981 0.999981 0.999981 0.999981 0.999981 0.999981 0.999981 0.999981 0.999981 0.999981 0.999981 0.999981 0.999981 0.999981 0.999981
 #wt and selex for gender,fleet: 1 6 6_OR_REC
 0.00896707 0.00902215 0.0326234 0.082123 0.152629 0.24011 0.339154 0.445193 0.55535 0.669462 0.789851 0.91919 1.05848 1.20657 1.36096 1.5188 1.67764 1.83555 1.99111 2.14327 2.29127 2.43453 2.57262 2.70527 2.83227 2.95352 3.06897 3.17864 3.28262 3.38099 3.4739 3.56153 3.64403 3.72163 3.79451 3.86289 3.92698 3.987 4.04315 4.09565 4.1447 4.19049 4.23322 4.27306 4.3102 4.34479 4.37701 4.407 4.4349 4.46085 4.48499 4.50742 4.52828 4.54765 4.56564 4.58236 4.59788 4.61228 4.62566 4.63807 4.64958 4.66027 4.67018 4.67937 4.6879 4.69581 4.70315 4.70995 4.71625 4.7221 4.72755 4.73263 4.73735 4.74172 4.74577 4.74952 4.753 4.75622 4.75921 4.76198 4.76454 4.76692 4.76912 4.77116 4.77305 4.7748 4.77643 4.77793 4.77932 4.78062 4.78181 4.78292 4.78395 4.7849 4.78578 4.78659 4.78735 4.78805 4.7887 4.7893 4.79017
 0 2.026e-05 8.52303e-05 0.00133286 0.0105864 0.047947 0.140977 0.298429 0.492861 0.677286 0.817612 0.906868 0.956167 0.980592 0.991728 0.99648 0.998386 0.999087 0.999292 0.999297 0.999223 0.999118 0.999 0.998879 0.998759 0.99864 0.998525 0.998413 0.998306 0.998204 0.998106 0.998013 0.997925 0.997842 0.997763 0.997688 0.997618 0.997553 0.997491 0.997433 0.997379 0.997328 0.997281 0.997236 0.997195 0.997156 0.99712 0.997087 0.997055 0.997026 0.996999 0.996974 0.99695 0.996929 0.996908 0.996889 0.996872 0.996856 0.99684 0.996826 0.996813 0.996801 0.99679 0.99678 0.99677 0.996761 0.996753 0.996745 0.996738 0.996731 0.996725 0.996719 0.996714 0.996709 0.996704 0.9967 0.996696 0.996693 0.996689 0.996686 0.996683 0.99668 0.996678 0.996676 0.996673 0.996671 0.99667 0.996668 0.996666 0.996665 0.996663 0.996662 0.996661 0.99666 0.996659 0.996658 0.996657 0.996656 0.996656 0.996655 0.996654
 #wt and selex for gender,fleet: 1 7 7_WA_REC
 0.00896707 0.00902215 0.0327937 0.0841 0.159367 0.255345 0.366683 0.488312 0.616093 0.746928 0.878838 1.01114 1.14441 1.2799 1.41876 1.5614 1.70733 1.85534 2.00388 2.15134 2.29633 2.43774 2.57472 2.70672 2.83335 2.95439 3.06973 3.17936 3.28331 3.38168 3.47461 3.56224 3.64477 3.72238 3.79528 3.86368 3.92779 3.98782 4.04399 4.09651 4.14557 4.19137 4.23411 4.27397 4.31111 4.34572 4.37794 4.40794 4.43585 4.46181 4.48595 4.5084 4.52925 4.54863 4.56663 4.58335 4.59887 4.61328 4.62666 4.63907 4.65059 4.66128 4.6712 4.68039 4.68892 4.69683 4.70417 4.71097 4.71728 4.72313 4.72858 4.73367 4.73838 4.74276 4.74681 4.75056 4.75404 4.75727 4.76026 4.76302 4.76559 4.76797 4.77017 4.77221 4.77411 4.77586 4.77748 4.77899 4.78038 4.78167 4.78287 4.78398 4.785 4.78596 4.78684 4.78765 4.78841 4.78911 4.78976 4.79036 4.79123
 0 1.81133e-06 7.66993e-06 0.000131766 0.0012516 0.0071255 0.027 0.0743154 0.15931 0.280892 0.425079 0.571164 0.700669 0.803225 0.877156 0.926514 0.9575 0.97604 0.986734 0.992738 0.996047 0.997849 0.998826 0.999354 0.999641 0.999798 0.999884 0.999933 0.99996 0.999976 0.999985 0.99999 0.999994 0.999996 0.999997 0.999998 0.999998 0.999999 0.999999 0.999999 0.999999 0.999999 0.999999 0.999999 0.999999 0.999999 0.999999 0.999999 0.999999 0.999999 0.999999 0.999999 0.999999 0.999999 0.999999 0.999999 0.999999 0.999999 0.999999 0.999999 0.999999 0.999999 0.999999 0.999999 0.999999 0.999999 0.999999 0.999999 0.999999 0.999999 0.999999 0.999999 0.999999 0.999999 0.999999 0.999999 0.999999 0.999999 0.999999 0.999999 0.999999 0.999999 0.999999 0.999999 0.999999 0.999999 0.999999 0.999999 0.999999 0.999999 0.999999 0.999999 0.999999 0.999999 0.999999 0.999999 0.999999 0.999999 0.999999 0.999999 0.999999
# Sex ratio correction
1
# M and current age-structure in year Yinit: 2011
 # gender = 1
 0.0439034 0.0439034 0.0439034 0.0439034 0.0439034 0.0439034 0.0439034 0.0439034 0.0439034 0.0439034 0.0439034 0.0439034 0.0439034 0.0439034 0.0439034 0.0439034 0.0439034 0.0439034 0.0439034 0.0439034 0.0439034 0.0439034 0.0439034 0.0439034 0.0439034 0.0439034 0.0439034 0.0439034 0.0439034 0.0439034 0.0439034 0.0439034 0.0439034 0.0439034 0.0439034 0.0439034 0.0439034 0.0439034 0.0439034 0.0439034 0.0439034 0.0439034 0.0439034 0.0439034 0.0439034 0.0439034 0.0439034 0.0439034 0.0439034 0.0439034 0.0439034 0.0439034 0.0439034 0.0439034 0.0439034 0.0439034 0.0439034 0.0439034 0.0439034 0.0439034 0.0439034 0.0439034 0.0439034 0.0439034 0.0439034 0.0439034 0.0439034 0.0439034 0.0439034 0.0439034 0.0439034 0.0439034 0.0439034 0.0439034 0.0439034 0.0439034 0.0439034 0.0439034 0.0439034 0.0439034 0.0439034 0.0439034 0.0439034 0.0439034 0.0439034 0.0439034 0.0439034 0.0439034 0.0439034 0.0439034 0.0439034 0.0439034 0.0439034 0.0439034 0.0439034 0.0439034 0.0439034 0.0439034 0.0439034 0.0439034 0.0439034
 236.298 292.852 302.446 342.358 203.859 188.25 105.692 66.4197 98.4337 207.493 60.4835 46.6347 77.0298 53.6596 33.7814 27.3682 27.6193 54.6114 59.8643 29.0091 23.4308 23.6124 22.9241 23.3227 26.6327 29.6721 36.4373 35.3471 22.3158 24.0432 20.8502 16.7005 11.8854 8.05226 9.2628 8.33712 8.6035 5.31018 4.32341 5.08625 8.10836 4.98219 3.73358 3.16841 2.45905 2.07346 1.63527 1.33213 1.24908 1.31815 1.44392 1.46635 1.32067 1.14117 1.00649 0.921391 0.879822 0.877719 0.914418 0.992883 1.11253 1.25049 1.33262 1.27343 1.11402 0.952831 0.826545 0.734741 0.668844 0.620169 0.583057 0.553803 0.530131 0.510354 0.492833 0.476186 0.459403 0.442153 0.424613 0.407327 0.39087 0.375671 0.361844 0.349342 0.337821 0.326813 0.31622 0.305781 0.295298 0.284678 0.273901 0.262993 0.252035 0.241161 0.230398 0.219893 0.209734 0.199972 0.190639 0.18175 3.90155
# Age-structure at Ydeclare= 2013
 478.284 208.422 216.433 268.23 277.008 313.532 186.653 172.283 96.6564 60.6803 89.8236 189.124 55.0714 42.4253 70.0303 48.76 30.6864 24.8549 25.0789 49.583 54.3483 26.3348 21.2701 21.4343 20.809 21.1703 24.1742 26.9323 33.0717 32.081 20.253 21.8198 18.9213 15.1549 10.785 7.30653 8.40474 7.56462 7.80613 4.81793 3.92255 4.61455 7.35623 4.51995 3.38712 2.87435 2.23079 1.88097 1.48344 1.20844 1.13309 1.19574 1.30982 1.33016 1.19801 1.03518 0.91301 0.835811 0.798102 0.796193 0.829483 0.900658 1.00919 1.13434 1.20884 1.15514 1.01054 0.864322 0.749766 0.66649 0.606713 0.562559 0.528894 0.502358 0.480885 0.462945 0.447051 0.431951 0.416726 0.401079 0.385168 0.369489 0.35456 0.340773 0.32823 0.31689 0.306439 0.296454 0.286845 0.277375 0.267866 0.258233 0.248457 0.238563 0.228623 0.218758 0.208995 0.199466 0.190251 0.181396 3.87692
# Year for Tmin Age-structure (set to Ydecl by SS)
2013
#  recruitment and biomass
# Number of historical assessment years
137
# Historical data
# year recruitment spawner in B0 in R project in R/S project
1888  1889 1890 1891 1892 1893 1894 1895 1896 1897 1898 1899 1900 1901 1902 1903 1904 1905 1906 1907 1908 1909 1910 1911 1912 1913 1914 1915 1916 1917 1918 1919 1920 1921 1922 1923 1924 1925 1926 1927 1928 1929 1930 1931 1932 1933 1934 1935 1936 1937 1938 1939 1940 1941 1942 1943 1944 1945 1946 1947 1948 1949 1950 1951 1952 1953 1954 1955 1956 1957 1958 1959 1960 1961 1962 1963 1964 1965 1966 1967 1968 1969 1970 1971 1972 1973 1974 1975 1976 1977 1978 1979 1980 1981 1982 1983 1984 1985 1986 1987 1988 1989 1990 1991 1992 1993 1994 1995 1996 1997 1998 1999 2000 2001 2002 2003 2004 2005 2006 2007 2008 2009 2010 2011 2012 2013 2014 2015 2016 2017 2018 2019 2020 2021 2022 2023 2024 #years (with first value representing R0)
223.82 227.98 228.126 228.279 228.436 228.591 228.752 228.919 229.099 229.287 229.483 229.687 229.902 230.127 230.363 230.607 230.866 231.143 231.437 231.759 232.107 232.48 232.881 233.305 233.747 234.191 234.61 234.965 235.204 235.268 235.073 234.505 233.573 232.198 230.357 228.075 225.405 222.446 219.352 216.289 213.3 210.63 208.409 206.577 204.996 203.393 201.483 199.056 196.111 192.867 189.774 187.336 186.044 186.295 188.565 193.615 202.566 217.066 238.382 265.502 289.078 288.095 257.401 217.999 185.174 162.291 148.218 141.339 140.778 146.216 157.567 173.234 182.611 170.587 147.58 132.353 133.352 154.257 183.76 203.945 244.719 266.907 327.29 485.389 274.961 209.113 227.719 324.297 273.981 263.331 196.52 247.177 293.898 308.549 297.518 229.891 302.714 259.735 176.981 134.026 100.11 85.019 76.8149 67.9277 76.1572 144.455 122.669 58.2862 54.6132 63.9798 96.6831 132.2 76.3047 94.4173 309.243 140.158 90.4127 137.608 234.501 243.009 390.562 330.205 305.996 236.298 217.777 478.284 233.05 313.318 226.52 112.909 110.819 118.025 116.782 155.386 172.55 177.526 186.978  #recruits; first value is R0 (virgin)
1135.9  1135.9 1135.9 1135.88 1135.85 1135.39 1134.93 1134.46 1134.31 1134.23 1134.16 1134.09 1134.03 1133.98 1133.96 1133.98 1134.03 1134.11 1134.24 1134.41 1134.61 1134.72 1134.97 1135.25 1135.54 1135.86 1136.19 1136.53 1136.81 1137.19 1137.41 1135.6 1135.38 1135.31 1135.31 1135.63 1135.89 1135.63 1135.03 1133.65 1131.58 1129.62 1128.14 1126.34 1125.59 1125 1124.41 1123.27 1122.09 1119.89 1117.9 1115.53 1113.71 1110.64 1105.95 1100.8 1091.01 1080.44 1064.52 1049.72 1042.57 1034.32 1027.75 1020.38 1011.33 1003.32 997.092 989.7 982.743 975.837 967.972 960.997 955.365 951.142 948.964 946.178 944.903 944.778 934.721 931.459 926.168 920.324 905.178 894.596 880.784 863.769 845.369 825.192 805.41 782.888 760.777 726.165 689.925 662.598 627.987 571.502 523.634 496.132 459.538 430.506 403.567 380.78 351.985 331.726 297.799 267.186 237.859 222.526 207.042 190.049 170.139 164.17 153.817 155.429 156.361 162.487 168.763 175.21 181.597 188.232 194.268 200.574 206.704 213.449 220.377 227.531 235.545 244.509 253.993 264.814 275.955 288.886 303.268 320.172 338.769 357.796 377.684 #spbio; first value is SSB_virgin (virgin)
1 0 0 0 0 0 0 0 0 0 0 0 0 0 0 0 0 0 0 0 0 0 0 0 0 0 0 0 0 0 0 0 0 0 0 0 0 0 0 0 0 0 0 0 0 0 0 0 0 0 0 0 0 0 0 0 0 0 0 0 0 0 0 0 0 0 0 0 0 0 0 0 0 0 0 0 0 0 0 0 0 0 0 0 0 0 0 0 0 0 0 0 0 0 0 0 0 0 0 0 0 0 0 0 0 0 0 0 0 0 0 0 0 0 0 0 0 0 0 0 0 0 0 0 0 0 0 0 0 0 0 0 0 0 0 0 0  # in Bzero
0 1 1 1 1 1 1 1 1 1 1 1 1 1 1 1 1 1 1 1 1 1 1 1 1 1 1 1 1 1 1 1 1 1 1 1 1 1 1 1 1 1 1 1 1 1 1 1 1 1 1 1 1 1 1 1 1 1 1 1 1 1 1 1 1 1 1 1 1 1 1 1 1 1 1 1 1 1 1 1 1 1 1 1 1 1 1 1 1 1 1 1 1 1 1 1 1 1 1 1 1 1 1 1 1 1 1 1 1 1 1 1 1 1 1 1 1 1 1 1 1 1 1 1 1 1 1 1 1 1 1 1 1 1  0 0 0 # in R project
0 1 1 1 1 1 1 1 1 1 1 1 1 1 1 1 1 1 1 1 1 1 1 1 1 1 1 1 1 1 1 1 1 1 1 1 1 1 1 1 1 1 1 1 1 1 1 1 1 1 1 1 1 1 1 1 1 1 1 1 1 1 1 1 1 1 1 1 1 1 1 1 1 1 1 1 1 1 1 1 1 1 1 1 1 1 1 1 1 1 1 1 1 1 1 1 1 1 1 1 1 1 1 1 1 1 1 1 1 1 1 1 1 1 1 1 1 1 1 1 1 1 1 1 1 1 1 1 1 1 1 1 1 1  0 0 0 # in R/S project
# Number of years with pre-specified catches
0
# catches for years with pre-specified catches go next
# Number of future recruitments to override
-2
# Process for overiding (-1 for average otherwise index in data list)
# Which probability to product detailed results for (1=0.5; 2=0.6; etc.)
3
# Steepness sigma-R Auto-correlation
0.718 0.5 0
# Target SPR rate (FMSY Proxy); manually change to SPR_MSY if not using SPR_target
0.5
# Discount rate (for cumulative catch)
0.1
# Truncate the series when 0.4B0 is reached (1=Yes)
0
# Set F to FMSY once 0.4B0 is reached (1=Yes)
0
# Maximum possible F for projection (-1 to set to FMSY)
-1
# Defintion of recovery (1=now only;2=now or before)
2
# Projection type
4
# Definition of the 40-10 rule
10 40
# Sigma Assessment Error (Base, Year1, Slope, MaxSigma)
1.0 2025 0.075 2.0
# Pstar
0.45
# Constrain catches by the ABC (1=yes, 2=no)
2
# Implementation Error (0=no; 1=lognormal; 2=uniform)
0
#Parameters of Implementaion Error
1 0.3
# Calculate coefficients of variation (1=Yes)
0
# Number of replicates to use
10
# Random number seed
-99004
# File with multiple parameter vectors 
rebuild.SSO
# User-specific projection (1=Yes); Output replaced (1->9)
0  5
# Catches and Fs (Year; 1/2/3 (F or C or SPR); value); Final row is -1
2024 1 1
-1 -1 -1
# Fixed catch project (1=Yes); Output replaced (1->9); Approach (-1=Read in else 1-9)
0 2 -1
# (48a) Special catch options (1-Yes) [CUT_OFF, Emsy, distribution, MAXCAT, Add, replace_code]
0 0.18 1.00 1.00 0 6
# (48b) B1Target
150000
# Split of Fs
2011  0.0177627
 0
 0.418967
 0.0228313
 0.182171
 0.18793
 0.170338
-1  1 1 1 1 1 1 1 1 1 1 1 1
# Yrs to define T_target for projection type 4 (a.k.a. 5 pre-specified inputs)
2030 2031 2032 2033 2034 
# Year for probability of recovery
2034 2035 2036 2037 2038 2039 2040 2041
# Time varying weight-at-age (1=Yes;0=No)
0
# File with time series of weight-at-age data
none
# Use bisection (0) or linear interpolation (1)
1
# Target Depletion
0.4
# CV of implementation error
0
