#Title, #runnumber: 1 yelloweye_data.ss yelloweye_control.ss 6644.44 1089.73 358.28 StartTime: Thu Apr 24 07:38:18 2025
SSv3_default_rebuild.dat
# Number of sexes
1
# Age range to consider (minimum age; maximum age)
0 100
# Number of fleets
7
# First year of projection (Yinit)
2011
# First Year of rebuilding period (Ydecl)
2013
# Number of simulations
1000
# Maximum number of years
500
# Conduct projections with multiple starting values (0=No;else yes)
0
# Number of parameter vectors
1000
# Is the maximum age a plus-group (1=Yes;2=No)
1
# Generate future recruitments using historical recruitments (1)  historical recruits/spawner (2)  or a stock-recruitment (3)
3
# Constant fishing mortality (1) or constant Catch (2) projections
1
# Fishing mortality based on SPR (1) or actual rate (2)
1
# Pre-specify the year of recovery (or -1) to ignore
-1
# Fecundity-at-age
# 0 1 2 3 4 5 6 7 8 9 10 11 12 13 14 15 16 17 18 19 20 21 22 23 24 25 26 27 28 29 30 31 32 33 34 35 36 37 38 39 40 41 42 43 44 45 46 47 48 49 50 51 52 53 54 55 56 57 58 59 60 61 62 63 64 65 66 67 68 69 70 71 72 73 74 75 76 77 78 79 80 81 82 83 84 85 86 87 88 89 90 91 92 93 94 95 96 97 98 99 100 #runnumber: 1 yelloweye_data.ss yelloweye_control.ss 6644.44 1089.73 358.28
 0 0 3.73337e-09 7.49226e-08 9.32728e-07 8.26532e-06 5.62825e-05 0.000304915 0.00132036 0.00454162 0.012486 0.0280957 0.05346 0.0889 0.133001 0.183331 0.237278 0.292605 0.347677 0.401447 0.453329 0.503047 0.550517 0.595755 0.638826 0.67981 0.718789 0.755839 0.791032 0.824432 0.856103 0.886103 0.91449 0.941323 0.966659 0.990557 1.01308 1.03427 1.05421 1.07294 1.09053 1.10703 1.12249 1.13698 1.15055 1.16324 1.1751 1.18619 1.19655 1.20623 1.21525 1.22368 1.23153 1.23885 1.24568 1.25204 1.25796 1.26347 1.26861 1.27339 1.27784 1.28198 1.28583 1.28941 1.29274 1.29583 1.29871 1.30139 1.30388 1.30619 1.30834 1.31038 1.31227 1.31403 1.31566 1.31718 1.31859 1.3199 1.32111 1.32224 1.32329 1.32427 1.32517 1.32601 1.32679 1.32752 1.32819 1.32881 1.32939 1.32993 1.33043 1.3309 1.33133 1.33173 1.3321 1.33245 1.33277 1.33306 1.33334 1.3336 1.33397 #female fecundity; weighted by N in year Y_init across morphs and areas
# Age specific selectivity and weight adjusted for discard and discard mortality
 #wt and selex for gender,fleet: 1 1 1_CA_TWL
 0.00896707 0.0094466 0.0307568 0.0744496 0.139052 0.223289 0.324117 0.438112 0.562023 0.693014 0.828782 0.967671 1.10875 1.2517 1.39646 1.54292 1.69069 1.83902 1.98697 2.13349 2.27757 2.41834 2.55507 2.68722 2.81439 2.93631 3.05285 3.16393 3.26956 3.36979 3.46472 3.55449 3.63924 3.71915 3.7944 3.86519 3.9317 3.99414 4.0527 4.10759 4.15899 4.2071 4.2521 4.29416 4.33346 4.37015 4.40441 4.43637 4.46617 4.49396 4.51987 4.544 4.56648 4.58741 4.60691 4.62505 4.64193 4.65764 4.67226 4.68585 4.69849 4.71025 4.72118 4.73134 4.74078 4.74956 4.75772 4.7653 4.77234 4.77888 4.78501 4.79074 4.79607 4.80101 4.80561 4.80987 4.81384 4.81752 4.82094 4.82411 4.82706 4.8298 4.83234 4.8347 4.83689 4.83892 4.84081 4.84257 4.84419 4.84571 4.84711 4.84841 4.84962 4.85075 4.85179 4.85276 4.85365 4.85449 4.85526 4.85598 4.85704
 0 0.00128796 0.00310747 0.0108971 0.0304305 0.069036 0.132062 0.219937 0.327424 0.445195 0.562577 0.670194 0.761726 0.834501 0.889008 0.927773 0.954159 0.97148 0.982522 0.989402 0.993615 0.996164 0.997695 0.99861 0.999157 0.999484 0.999681 0.9998 0.999873 0.999918 0.999946 0.999964 0.999975 0.999983 0.999987 0.999991 0.999993 0.999994 0.999995 0.999996 0.999996 0.999997 0.999997 0.999997 0.999997 0.999997 0.999997 0.999997 0.999997 0.999997 0.999997 0.999997 0.999997 0.999997 0.999997 0.999997 0.999997 0.999997 0.999997 0.999997 0.999997 0.999997 0.999997 0.999997 0.999997 0.999997 0.999997 0.999997 0.999997 0.999997 0.999997 0.999997 0.999997 0.999997 0.999997 0.999997 0.999997 0.999997 0.999997 0.999997 0.999997 0.999997 0.999997 0.999997 0.999997 0.999997 0.999997 0.999997 0.999997 0.999997 0.999997 0.999997 0.999997 0.999997 0.999997 0.999997 0.999997 0.999997 0.999997 0.999997 0.999997
 #wt and selex for gender,fleet: 1 3 3_CA_REC
 0.00896707 0.00944528 0.0299779 0.072192 0.13451 0.215653 0.312735 0.422519 0.541946 0.668417 0.800064 0.93594 1.07584 1.21978 1.36749 1.5182 1.67072 1.82364 1.9756 2.12535 2.2719 2.41447 2.55246 2.68548 2.81323 2.93555 3.05234 3.16359 3.26933 3.36963 3.46462 3.55442 3.63919 3.71912 3.79438 3.86517 3.93168 3.99413 4.0527 4.10758 4.15899 4.2071 4.2521 4.29416 4.33346 4.37015 4.40441 4.43637 4.46617 4.49396 4.51987 4.544 4.56648 4.58742 4.60691 4.62505 4.64193 4.65764 4.67226 4.68585 4.69849 4.71025 4.72118 4.73134 4.74078 4.74956 4.75772 4.7653 4.77234 4.77888 4.78501 4.79074 4.79607 4.80101 4.80561 4.80988 4.81384 4.81752 4.82094 4.82411 4.82706 4.8298 4.83234 4.8347 4.83689 4.83892 4.84081 4.84257 4.8442 4.84571 4.84711 4.84841 4.84962 4.85075 4.85179 4.85276 4.85365 4.85449 4.85526 4.85598 4.85704
 0 0.00374649 0.00844902 0.0258666 0.0638772 0.129928 0.225592 0.344677 0.475127 0.603017 0.716504 0.808432 0.876975 0.924463 0.955355 0.974422 0.985699 0.992148 0.995742 0.997708 0.99877 0.999339 0.999644 0.999806 0.999893 0.999941 0.999966 0.999981 0.999989 0.999993 0.999996 0.999997 0.999998 0.999999 0.999999 0.999999 0.999999 0.999999 0.999999 0.999999 0.999999 0.999999 0.999999 0.999999 0.999999 0.999999 0.999999 0.999999 0.999999 0.999999 0.999999 0.999999 0.999999 0.999999 0.999999 0.999999 0.999999 0.999999 0.999999 0.999999 0.999999 0.999999 0.999999 0.999999 0.999999 0.999999 0.999999 0.999999 0.999999 0.999999 0.999999 0.999999 0.999999 0.999999 0.999999 0.999999 0.999999 0.999999 0.999999 0.999999 0.999999 0.999999 0.999999 0.999999 0.999999 0.999999 0.999999 0.999999 0.999999 0.999999 0.999999 0.999999 0.999999 0.999999 0.999999 0.999999 0.999999 0.999999 0.999999 0.999999 0.999999
 #wt and selex for gender,fleet: 1 4 4_ORWA_TWL
 0.00896707 0.00944126 0.0275292 0.0658185 0.12377 0.200902 0.295344 0.404588 0.525949 0.656833 0.794873 0.938023 1.08464 1.23352 1.38381 1.53487 1.68609 1.83679 1.98622 2.13356 2.27803 2.41892 2.55565 2.68772 2.8148 2.93664 3.0531 3.16412 3.2697 3.3699 3.4648 3.55455 3.63929 3.71919 3.79443 3.86521 3.93171 3.99415 4.05271 4.1076 4.159 4.20711 4.2521 4.29416 4.33346 4.37016 4.40441 4.43637 4.46617 4.49397 4.51987 4.544 4.56648 4.58742 4.60691 4.62505 4.64193 4.65764 4.67226 4.68585 4.69849 4.71025 4.72118 4.73134 4.74078 4.74956 4.75772 4.7653 4.77234 4.77888 4.78501 4.79074 4.79607 4.80101 4.80561 4.80987 4.81384 4.81752 4.82094 4.82411 4.82706 4.8298 4.83234 4.8347 4.83689 4.83892 4.84081 4.84257 4.84419 4.84571 4.84711 4.84841 4.84962 4.85075 4.85179 4.85276 4.85365 4.85449 4.85526 4.85598 4.85704
 0 0.0176405 0.0322126 0.0650178 0.115937 0.185478 0.271069 0.367578 0.468592 0.567738 0.659672 0.740608 0.808471 0.862794 0.904418 0.935054 0.956805 0.971772 0.981805 0.988389 0.992639 0.995348 0.997061 0.998138 0.998815 0.99924 0.999509 0.999679 0.999788 0.999858 0.999903 0.999933 0.999953 0.999966 0.999975 0.999981 0.999986 0.999989 0.999991 0.999992 0.999994 0.999994 0.999995 0.999995 0.999996 0.999996 0.999996 0.999996 0.999996 0.999997 0.999997 0.999997 0.999997 0.999997 0.999997 0.999997 0.999997 0.999997 0.999997 0.999997 0.999997 0.999997 0.999997 0.999997 0.999997 0.999997 0.999997 0.999997 0.999997 0.999997 0.999997 0.999997 0.999997 0.999997 0.999997 0.999997 0.999997 0.999997 0.999997 0.999997 0.999997 0.999997 0.999997 0.999997 0.999997 0.999997 0.999997 0.999997 0.999997 0.999997 0.999997 0.999997 0.999997 0.999997 0.999997 0.999997 0.999997 0.999997 0.999997 0.999997 0.999997
 #wt and selex for gender,fleet: 1 5 5_ORWA_NONTWL
 0.00896707 0.0094454 0.0301286 0.0732517 0.137906 0.223348 0.326958 0.445498 0.575704 0.714572 0.859482 1.00822 1.15895 1.3102 1.46087 1.61015 1.75752 1.90266 2.04533 2.1853 2.32233 2.45615 2.58643 2.71286 2.83512 2.95295 3.06614 3.17451 3.27797 3.37649 3.47008 3.55878 3.6427 3.72196 3.79669 3.86706 3.93325 3.99543 4.05379 4.10851 4.15978 4.20778 4.25268 4.29467 4.3339 4.37055 4.40476 4.43668 4.46646 4.49422 4.5201 4.54422 4.56668 4.5876 4.60708 4.62521 4.64209 4.65779 4.67239 4.68598 4.69862 4.71037 4.72129 4.73145 4.74089 4.74966 4.75782 4.76539 4.77243 4.77898 4.7851 4.79083 4.79615 4.8011 4.80569 4.80996 4.81392 4.8176 4.82102 4.82419 4.82714 4.82988 4.83242 4.83478 4.83697 4.839 4.84089 4.84265 4.84427 4.84579 4.84719 4.84849 4.8497 4.85082 4.85187 4.85283 4.85373 4.85456 4.85534 4.85606 4.85711
 0 0.000781115 0.00177805 0.00568589 0.0151154 0.0337962 0.0653738 0.112152 0.174253 0.249513 0.334018 0.422982 0.51162 0.595811 0.672479 0.739728 0.796776 0.843755 0.881446 0.911011 0.933762 0.950996 0.963886 0.973432 0.980453 0.985591 0.989342 0.992079 0.994078 0.995542 0.996617 0.997412 0.998001 0.998442 0.998774 0.999025 0.999217 0.999365 0.99948 0.99957 0.999641 0.999697 0.999742 0.999779 0.999809 0.999833 0.999853 0.99987 0.999884 0.999895 0.999905 0.999914 0.999921 0.999927 0.999932 0.999937 0.999941 0.999945 0.999948 0.999951 0.999953 0.999955 0.999957 0.999959 0.99996 0.999962 0.999963 0.999964 0.999965 0.999966 0.999967 0.999967 0.999968 0.999968 0.999969 0.999969 0.999969 0.99997 0.99997 0.99997 0.999971 0.999971 0.999971 0.999971 0.999971 0.999972 0.999972 0.999972 0.999972 0.999972 0.999972 0.999972 0.999972 0.999972 0.999973 0.999973 0.999973 0.999973 0.999973 0.999973 0.999973
 #wt and selex for gender,fleet: 1 6 6_OR_REC
 0.00896707 0.00947199 0.0405875 0.0951664 0.170135 0.260268 0.359884 0.464633 0.572254 0.683187 0.799847 0.924767 1.05909 1.20213 1.35193 1.50596 1.66183 1.81753 1.97153 2.12267 2.27011 2.41321 2.55152 2.6847 2.81254 2.93489 3.05169 3.16292 3.26864 3.36893 3.46388 3.55366 3.63841 3.71831 3.79355 3.86432 3.93081 3.99324 4.05179 4.10666 4.15805 4.20615 4.25113 4.29318 4.33247 4.36915 4.4034 4.43535 4.46515 4.49293 4.51883 4.54295 4.56543 4.58636 4.60584 4.62398 4.64086 4.65656 4.67117 4.68476 4.6974 4.70915 4.72008 4.73024 4.73968 4.74846 4.75661 4.76419 4.77123 4.77777 4.7839 4.78963 4.79495 4.79989 4.80449 4.80875 4.81271 4.81639 4.81981 4.82298 4.82593 4.82866 4.8312 4.83356 4.83575 4.83778 4.83967 4.84143 4.84305 4.84456 4.84597 4.84727 4.84848 4.8496 4.85064 4.85161 4.85251 4.85334 4.85411 4.85483 4.85589
 0 1.7043e-05 0.000113137 0.00162283 0.0118421 0.0502796 0.141292 0.290764 0.473649 0.649593 0.788814 0.88308 0.939581 0.9704 0.986029 0.993514 0.996927 0.998403 0.998991 0.99918 0.999194 0.99913 0.999033 0.998922 0.998807 0.998692 0.998578 0.998468 0.998361 0.998259 0.998161 0.998067 0.997978 0.997893 0.997813 0.997737 0.997666 0.997598 0.997535 0.997475 0.997419 0.997366 0.997317 0.99727 0.997227 0.997187 0.997149 0.997113 0.99708 0.997049 0.99702 0.996994 0.996969 0.996945 0.996924 0.996903 0.996884 0.996867 0.99685 0.996835 0.996821 0.996808 0.996796 0.996784 0.996774 0.996764 0.996755 0.996746 0.996738 0.996731 0.996724 0.996718 0.996712 0.996706 0.996701 0.996696 0.996692 0.996687 0.996684 0.99668 0.996677 0.996674 0.996671 0.996668 0.996666 0.996663 0.996661 0.996659 0.996657 0.996656 0.996654 0.996653 0.996651 0.99665 0.996649 0.996648 0.996647 0.996646 0.996645 0.996644 0.996643
 #wt and selex for gender,fleet: 1 7 7_WA_REC
 0.00896707 0.00946497 0.0387937 0.0935354 0.172037 0.270543 0.383702 0.506586 0.635227 0.766687 0.899035 1.03141 1.16396 1.29751 1.43298 1.57097 1.71149 1.85399 1.99745 2.14066 2.28239 2.42153 2.55716 2.68858 2.81527 2.93689 3.05322 3.16418 3.26972 3.3699 3.4648 3.55454 3.63928 3.71918 3.79442 3.8652 3.93171 3.99414 4.05271 4.10759 4.159 4.2071 4.2521 4.29416 4.33346 4.37016 4.40441 4.43637 4.46618 4.49397 4.51987 4.544 4.56648 4.58742 4.60691 4.62505 4.64193 4.65764 4.67226 4.68585 4.69849 4.71025 4.72118 4.73134 4.74078 4.74956 4.75772 4.7653 4.77234 4.77888 4.78501 4.79074 4.79607 4.80101 4.80561 4.80988 4.81384 4.81752 4.82094 4.82411 4.82706 4.8298 4.83234 4.8347 4.83689 4.83892 4.84081 4.84257 4.8442 4.84571 4.84711 4.84841 4.84962 4.85075 4.85179 4.85276 4.85365 4.85449 4.85526 4.85598 4.85704
 0 4.34157e-06 2.29907e-05 0.000273406 0.00195516 0.00906919 0.0297794 0.0744554 0.150251 0.256165 0.382397 0.514145 0.637086 0.74146 0.823324 0.883453 0.925313 0.953222 0.971206 0.982493 0.989437 0.993651 0.996185 0.997701 0.998607 0.999149 0.999475 0.999673 0.999793 0.999867 0.999914 0.999943 0.999962 0.999974 0.999982 0.999987 0.999991 0.999993 0.999995 0.999996 0.999997 0.999997 0.999998 0.999998 0.999998 0.999999 0.999999 0.999999 0.999999 0.999999 0.999999 0.999999 0.999999 0.999999 0.999999 0.999999 0.999999 0.999999 0.999999 0.999999 0.999999 0.999999 0.999999 0.999999 0.999999 0.999999 0.999999 0.999999 0.999999 0.999999 0.999999 0.999999 0.999999 0.999999 0.999999 0.999999 0.999999 0.999999 0.999999 0.999999 0.999999 0.999999 0.999999 0.999999 0.999999 0.999999 0.999999 0.999999 0.999999 0.999999 0.999999 0.999999 0.999999 0.999999 0.999999 0.999999 0.999999 0.999999 0.999999 0.999999 0.999999
# Sex ratio correction
1
# M and current age-structure in year Yinit: 2011
 # gender = 1
 0.0439034 0.0439034 0.0439034 0.0439034 0.0439034 0.0439034 0.0439034 0.0439034 0.0439034 0.0439034 0.0439034 0.0439034 0.0439034 0.0439034 0.0439034 0.0439034 0.0439034 0.0439034 0.0439034 0.0439034 0.0439034 0.0439034 0.0439034 0.0439034 0.0439034 0.0439034 0.0439034 0.0439034 0.0439034 0.0439034 0.0439034 0.0439034 0.0439034 0.0439034 0.0439034 0.0439034 0.0439034 0.0439034 0.0439034 0.0439034 0.0439034 0.0439034 0.0439034 0.0439034 0.0439034 0.0439034 0.0439034 0.0439034 0.0439034 0.0439034 0.0439034 0.0439034 0.0439034 0.0439034 0.0439034 0.0439034 0.0439034 0.0439034 0.0439034 0.0439034 0.0439034 0.0439034 0.0439034 0.0439034 0.0439034 0.0439034 0.0439034 0.0439034 0.0439034 0.0439034 0.0439034 0.0439034 0.0439034 0.0439034 0.0439034 0.0439034 0.0439034 0.0439034 0.0439034 0.0439034 0.0439034 0.0439034 0.0439034 0.0439034 0.0439034 0.0439034 0.0439034 0.0439034 0.0439034 0.0439034 0.0439034 0.0439034 0.0439034 0.0439034 0.0439034 0.0439034 0.0439034 0.0439034 0.0439034 0.0439034 0.0439034
 246.708 333.482 304.82 304.878 187.047 162.279 96.6763 61.8242 94.0095 204.161 56.578 44.1745 75.0622 51.6587 30.2709 24.4333 24.9392 51.4774 53.3406 24.6348 19.4973 19.6003 19.4087 19.534 21.6685 24.0214 30.0031 29.5791 18.237 20.4334 16.4503 12.9313 9.19201 6.42783 7.37419 6.9067 6.85631 4.05739 3.46905 4.19734 6.33193 3.9154 2.94898 2.43677 1.8881 1.57374 1.23847 1.01446 0.955329 1.00968 1.10489 1.12291 1.01759 0.884343 0.781305 0.714238 0.680302 0.677218 0.70465 0.764492 0.855348 0.958276 1.01693 0.97078 0.851254 0.729845 0.63402 0.563974 0.513549 0.476262 0.447844 0.425459 0.407349 0.392212 0.378784 0.366004 0.353087 0.339774 0.326195 0.312778 0.299976 0.28814 0.277369 0.267637 0.258752 0.25042 0.24223 0.234179 0.226111 0.217955 0.209688 0.201328 0.192935 0.184611 0.176372 0.168331 0.160555 0.153082 0.145937 0.13913 2.98829
# Age-structure at Ydeclare= 2013
 438.167 199.962 225.968 305.442 279.179 279.201 171.25 148.501 88.3982 56.4708 85.7666 186.038 51.5008 40.1748 68.2188 46.925 27.487 22.1808 22.6362 46.7187 48.4063 22.355 17.6924 17.7855 17.6114 17.7247 19.6611 21.7956 27.2223 26.8367 16.5456 18.5376 14.9235 11.7306 8.33823 5.8306 6.68883 6.26461 6.21874 3.68 3.14631 3.80675 5.74258 3.5509 2.6744 2.20984 1.71224 1.42714 1.12309 0.919944 0.866312 0.915589 1.00193 1.01826 0.922751 0.801922 0.708486 0.647668 0.616894 0.614097 0.638971 0.693235 0.775622 0.868956 0.92214 0.880292 0.771907 0.661814 0.57492 0.511404 0.465679 0.431867 0.406098 0.385799 0.369377 0.355651 0.343475 0.331886 0.320173 0.308101 0.295788 0.283622 0.272013 0.261281 0.251514 0.242689 0.234632 0.227077 0.219651 0.21235 0.205034 0.197638 0.190142 0.182562 0.174951 0.167402 0.159932 0.15264 0.145589 0.138813 2.96824
# Year for Tmin Age-structure (set to Ydecl by SS)
2013
#  recruitment and biomass
# Number of historical assessment years
137
# Historical data
# year recruitment spawner in B0 in R project in R/S project
1888  1889 1890 1891 1892 1893 1894 1895 1896 1897 1898 1899 1900 1901 1902 1903 1904 1905 1906 1907 1908 1909 1910 1911 1912 1913 1914 1915 1916 1917 1918 1919 1920 1921 1922 1923 1924 1925 1926 1927 1928 1929 1930 1931 1932 1933 1934 1935 1936 1937 1938 1939 1940 1941 1942 1943 1944 1945 1946 1947 1948 1949 1950 1951 1952 1953 1954 1955 1956 1957 1958 1959 1960 1961 1962 1963 1964 1965 1966 1967 1968 1969 1970 1971 1972 1973 1974 1975 1976 1977 1978 1979 1980 1981 1982 1983 1984 1985 1986 1987 1988 1989 1990 1991 1992 1993 1994 1995 1996 1997 1998 1999 2000 2001 2002 2003 2004 2005 2006 2007 2008 2009 2010 2011 2012 2013 2014 2015 2016 2017 2018 2019 2020 2021 2022 2023 2024 #years (with first value representing R0)
214.218 217.873 218.003 218.137 218.276 218.412 218.553 218.699 218.857 219.024 219.197 219.378 219.568 219.768 219.977 220.193 220.422 220.668 220.928 221.215 221.525 221.858 222.215 222.591 222.984 223.375 223.742 224.044 224.234 224.254 224.025 223.437 222.503 221.147 219.351 217.137 214.564 211.721 208.754 205.664 202.76 200.212 198.083 196.312 194.763 193.178 191.29 188.907 186.038 182.896 179.903 177.528 176.226 176.37 178.407 183.055 191.348 204.785 224.444 249.237 270.584 269.795 241.946 205.483 174.717 153.179 140.004 133.726 133.461 138.734 149.16 162.94 170.567 159.052 137.56 122.971 123.095 141.212 168.012 187.873 224.777 250.572 304.308 446.654 266.566 196.749 203.864 302.765 265.87 245.353 183.169 222.223 262.746 278.521 286.122 210.101 279.761 233.266 154.391 116.152 88.3628 75.1262 65.975 58.0307 65.946 130.492 116.694 52.9345 48.9285 57.4538 93.2054 128.946 72.3339 88.3711 304.404 133.896 84.1709 125.88 202.157 222.97 347.806 332.797 348.449 246.708 208.937 438.167 201.586 261.422 139.393 96.4422 105.479 135.169 144.774 151.277 157.289 172.751 175.51  #recruits; first value is R0 (virgin)
1089.73  1089.73 1089.73 1089.71 1089.69 1089.22 1088.76 1088.3 1088.14 1088.07 1087.99 1087.93 1087.86 1087.81 1087.77 1087.77 1087.79 1087.83 1087.92 1088.03 1088.17 1088.22 1088.41 1088.61 1088.83 1089.06 1089.3 1089.56 1089.76 1090.04 1090.17 1088.25 1087.94 1087.76 1087.66 1087.87 1088.02 1087.64 1086.92 1085.42 1083.22 1081.13 1079.52 1077.58 1076.68 1075.95 1075.21 1073.94 1072.62 1070.28 1068.17 1065.69 1063.77 1060.62 1055.86 1050.65 1040.82 1030.21 1014.24 999.43 992.301 984.313 977.92 970.642 961.68 953.853 947.734 940.512 933.647 926.793 918.892 911.835 905.999 901.45 898.828 895.549 893.882 893.37 882.972 879.621 874.337 868.495 853.849 843.943 830.691 814.104 796.476 776.826 757.315 734.941 712.81 678.04 641.593 613.915 578.742 523.589 494.699 472.802 445.704 423.346 395.786 371.686 341.911 320.76 284.175 251.31 219.785 202.287 185.071 166.245 144.422 136.249 124.109 124.795 124.441 129.514 134.678 140.209 145.764 151.753 157.207 163.11 168.889 175.233 181.997 189.127 197.224 206.129 215.655 226.291 237.115 249.599 263.438 279.736 297.749 316.258 335.602 #spbio; first value is SSB_virgin (virgin)
1 0 0 0 0 0 0 0 0 0 0 0 0 0 0 0 0 0 0 0 0 0 0 0 0 0 0 0 0 0 0 0 0 0 0 0 0 0 0 0 0 0 0 0 0 0 0 0 0 0 0 0 0 0 0 0 0 0 0 0 0 0 0 0 0 0 0 0 0 0 0 0 0 0 0 0 0 0 0 0 0 0 0 0 0 0 0 0 0 0 0 0 0 0 0 0 0 0 0 0 0 0 0 0 0 0 0 0 0 0 0 0 0 0 0 0 0 0 0 0 0 0 0 0 0 0 0 0 0 0 0 0 0 0 0 0 0  # in Bzero
0 1 1 1 1 1 1 1 1 1 1 1 1 1 1 1 1 1 1 1 1 1 1 1 1 1 1 1 1 1 1 1 1 1 1 1 1 1 1 1 1 1 1 1 1 1 1 1 1 1 1 1 1 1 1 1 1 1 1 1 1 1 1 1 1 1 1 1 1 1 1 1 1 1 1 1 1 1 1 1 1 1 1 1 1 1 1 1 1 1 1 1 1 1 1 1 1 1 1 1 1 1 1 1 1 1 1 1 1 1 1 1 1 1 1 1 1 1 1 1 1 1 1 1 1 1 1 1 1 1 1 1 1 1  0 0 0 # in R project
0 1 1 1 1 1 1 1 1 1 1 1 1 1 1 1 1 1 1 1 1 1 1 1 1 1 1 1 1 1 1 1 1 1 1 1 1 1 1 1 1 1 1 1 1 1 1 1 1 1 1 1 1 1 1 1 1 1 1 1 1 1 1 1 1 1 1 1 1 1 1 1 1 1 1 1 1 1 1 1 1 1 1 1 1 1 1 1 1 1 1 1 1 1 1 1 1 1 1 1 1 1 1 1 1 1 1 1 1 1 1 1 1 1 1 1 1 1 1 1 1 1 1 1 1 1 1 1 1 1 1 1 1 1  0 0 0 # in R/S project
# Number of years with pre-specified catches
0
# catches for years with pre-specified catches go next
# Number of future recruitments to override
-2
# Process for overiding (-1 for average otherwise index in data list)
# Which probability to product detailed results for (1=0.5; 2=0.6; etc.)
3
# Steepness sigma-R Auto-correlation
0.718 0.5 0
# Target SPR rate (FMSY Proxy); manually change to SPR_MSY if not using SPR_target
0.5
# Discount rate (for cumulative catch)
0.1
# Truncate the series when 0.4B0 is reached (1=Yes)
0
# Set F to FMSY once 0.4B0 is reached (1=Yes)
0
# Maximum possible F for projection (-1 to set to FMSY)
-1
# Defintion of recovery (1=now only;2=now or before)
2
# Projection type
4
# Definition of the 40-10 rule
10 40
# Sigma Assessment Error (Base, Year1, Slope, MaxSigma)
1.0 2025 0.075 2.0
# Pstar
0.45
# Constrain catches by the ABC (1=yes, 2=no)
2
# Implementation Error (0=no; 1=lognormal; 2=uniform)
0
#Parameters of Implementaion Error
1 0.3
# Calculate coefficients of variation (1=Yes)
0
# Number of replicates to use
10
# Random number seed
-99004
# File with multiple parameter vectors 
rebuild.SSO
# User-specific projection (1=Yes); Output replaced (1->9)
0  5
# Catches and Fs (Year; 1/2/3 (F or C or SPR); value); Final row is -1
2024 1 1
-1 -1 -1
# Fixed catch project (1=Yes); Output replaced (1->9); Approach (-1=Read in else 1-9)
0 2 -1
# (48a) Special catch options (1-Yes) [CUT_OFF, Emsy, distribution, MAXCAT, Add, replace_code]
0 0.18 1.00 1.00 0 6
# (48b) B1Target
150000
# Split of Fs
2011  0.0165535
 0
 0.388954
 0.0244331
 0.192307
 0.197312
 0.180441
-1  1 1 1 1 1 1 1 1 1 1 1 1
# Yrs to define T_target for projection type 4 (a.k.a. 5 pre-specified inputs)
2030 2031 2032 2033 2034 
# Year for probability of recovery
2034 2035 2036 2037 2038 2039 2040 2041
# Time varying weight-at-age (1=Yes;0=No)
0
# File with time series of weight-at-age data
none
# Use bisection (0) or linear interpolation (1)
1
# Target Depletion
0.4
# CV of implementation error
0
