#Title, #runnumber: 1 yelloweye_data.ss yelloweye_control.ss 4205.01 1133.35 289.173 StartTime: Sun Apr 27 23:33:50 2025
SSv3_default_rebuild.dat
# Number of sexes
1
# Age range to consider (minimum age; maximum age)
0 100
# Number of fleets
7
# First year of projection (Yinit)
2011
# First Year of rebuilding period (Ydecl)
2013
# Number of simulations
1000
# Maximum number of years
500
# Conduct projections with multiple starting values (0=No;else yes)
0
# Number of parameter vectors
1000
# Is the maximum age a plus-group (1=Yes;2=No)
1
# Generate future recruitments using historical recruitments (1)  historical recruits/spawner (2)  or a stock-recruitment (3)
3
# Constant fishing mortality (1) or constant Catch (2) projections
1
# Fishing mortality based on SPR (1) or actual rate (2)
1
# Pre-specify the year of recovery (or -1) to ignore
-1
# Fecundity-at-age
# 0 1 2 3 4 5 6 7 8 9 10 11 12 13 14 15 16 17 18 19 20 21 22 23 24 25 26 27 28 29 30 31 32 33 34 35 36 37 38 39 40 41 42 43 44 45 46 47 48 49 50 51 52 53 54 55 56 57 58 59 60 61 62 63 64 65 66 67 68 69 70 71 72 73 74 75 76 77 78 79 80 81 82 83 84 85 86 87 88 89 90 91 92 93 94 95 96 97 98 99 100 #runnumber: 1 yelloweye_data.ss yelloweye_control.ss 4205.01 1133.35 289.173
 0 0 2.32575e-08 3.15773e-07 3.00218e-06 2.17648e-05 0.000125066 0.000573366 0.00208809 0.0060899 0.0145738 0.0295371 0.0523003 0.0831245 0.121253 0.165244 0.213374 0.263976 0.315635 0.367269 0.41812 0.467701 0.51573 0.562065 0.606655 0.649501 0.690633 0.730092 0.767922 0.804169 0.838874 0.872079 0.903823 0.934143 0.963076 0.990661 1.01694 1.04194 1.06571 1.0883 1.10973 1.13006 1.14932 1.16756 1.18483 1.20115 1.21658 1.23115 1.24491 1.25788 1.27012 1.28166 1.29253 1.30277 1.31241 1.32149 1.33002 1.33805 1.3456 1.3527 1.35937 1.36563 1.37152 1.37705 1.38224 1.38711 1.39169 1.39598 1.40001 1.40379 1.40734 1.41075 1.41396 1.41697 1.41979 1.42243 1.42491 1.42723 1.42941 1.43145 1.43336 1.43516 1.43684 1.43841 1.43989 1.44127 1.44257 1.44378 1.44492 1.44598 1.44698 1.44792 1.44879 1.44961 1.45038 1.4511 1.45178 1.45241 1.453 1.45355 1.45442 #female fecundity; weighted by N in year Y_init across morphs and areas
# Age specific selectivity and weight adjusted for discard and discard mortality
 #wt and selex for gender,fleet: 1 1 1_CA_TWL
 0.0106093 0.0200395 0.0583916 0.116232 0.1932 0.286196 0.39151 0.505741 0.626088 0.750393 0.87713 1.00538 1.13475 1.26525 1.39709 1.53046 1.66545 1.80191 1.93947 2.07754 2.21544 2.35238 2.48763 2.62047 2.75031 2.87666 2.99912 3.11742 3.23135 3.3408 3.4457 3.54606 3.6419 3.73328 3.82029 3.90304 3.98164 4.05624 4.12695 4.19394 4.25734 4.31731 4.37398 4.42751 4.47804 4.52571 4.57066 4.61304 4.65295 4.69055 4.72594 4.75924 4.79057 4.82003 4.84773 4.87377 4.89823 4.92122 4.94281 4.96308 4.98211 4.99998 5.01675 5.03249 5.04726 5.06111 5.0741 5.08629 5.09772 5.10844 5.11859 5.12821 5.13723 5.14568 5.1536 5.16103 5.16799 5.17451 5.18062 5.18635 5.19171 5.19674 5.20145 5.20586 5.21 5.21387 5.2175 5.2209 5.22408 5.22707 5.22986 5.23248 5.23493 5.23722 5.23937 5.24138 5.24327 5.24504 5.24669 5.24824 5.25065
 0 0.000551968 0.0021539 0.00756918 0.0210577 0.0480273 0.0931028 0.158165 0.241423 0.337835 0.440468 0.542129 0.636731 0.720086 0.790094 0.846466 0.890207 0.923059 0.94704 0.964113 0.976008 0.984141 0.989614 0.993248 0.995634 0.997187 0.998191 0.998836 0.999251 0.999516 0.999686 0.999795 0.999865 0.99991 0.99994 0.999959 0.999972 0.99998 0.999986 0.999989 0.999992 0.999994 0.999995 0.999996 0.999996 0.999997 0.999997 0.999997 0.999997 0.999997 0.999998 0.999998 0.999998 0.999998 0.999998 0.999998 0.999998 0.999998 0.999998 0.999998 0.999998 0.999998 0.999998 0.999998 0.999998 0.999997 0.999997 0.999997 0.999997 0.999997 0.999997 0.999997 0.999997 0.999997 0.999997 0.999997 0.999997 0.999997 0.999997 0.999997 0.999997 0.999997 0.999997 0.999997 0.999997 0.999997 0.999997 0.999997 0.999997 0.999997 0.999997 0.999997 0.999997 0.999997 0.999997 0.999997 0.999997 0.999997 0.999997 0.999997 0.999997
 #wt and selex for gender,fleet: 1 3 3_CA_REC
 0.0105399 0.0187304 0.0522566 0.103976 0.173419 0.258284 0.355614 0.46255 0.576635 0.695945 0.819176 0.945651 1.07518 1.2078 1.34355 1.48226 1.62349 1.76656 1.91059 2.05462 2.19772 2.33901 2.47774 2.6133 2.74518 2.87304 2.99659 3.11566 3.23014 3.33997 3.44513 3.54567 3.64163 3.73309 3.82016 3.90295 3.98158 4.05619 4.12692 4.19392 4.25733 4.31729 4.37397 4.4275 4.47803 4.52571 4.57066 4.61303 4.65295 4.69055 4.72594 4.75924 4.79057 4.82003 4.84773 4.87377 4.89823 4.92122 4.94281 4.96308 4.98212 4.99998 5.01675 5.03249 5.04726 5.06111 5.0741 5.08629 5.09772 5.10844 5.11859 5.12821 5.13723 5.14568 5.1536 5.16103 5.16799 5.17451 5.18062 5.18635 5.19171 5.19674 5.20145 5.20587 5.21 5.21387 5.2175 5.2209 5.22408 5.22707 5.22986 5.23248 5.23493 5.23722 5.23937 5.24139 5.24327 5.24504 5.24669 5.24824 5.25065
 0 0.00510662 0.0138776 0.0347606 0.0732864 0.133267 0.214586 0.312873 0.420736 0.529705 0.632103 0.722338 0.797424 0.856791 0.901647 0.934203 0.957009 0.972493 0.982722 0.98932 0.993488 0.996074 0.997655 0.998609 0.999179 0.999517 0.999716 0.999833 0.999901 0.999942 0.999965 0.999979 0.999987 0.999992 0.999995 0.999997 0.999998 0.999998 0.999999 0.999999 0.999999 0.999999 0.999999 0.999999 0.999999 0.999999 0.999999 0.999999 0.999999 0.999999 0.999999 0.999999 0.999999 0.999999 0.999999 0.999999 0.999999 0.999999 0.999999 0.999999 0.999999 0.999999 0.999999 0.999999 0.999999 0.999999 0.999999 0.999999 0.999999 0.999999 0.999999 0.999999 0.999999 0.999999 0.999999 0.999999 0.999999 0.999999 0.999999 0.999999 0.999999 0.999999 0.999999 0.999999 0.999999 0.999999 0.999999 0.999999 0.999999 0.999999 0.999999 0.999999 0.999999 0.999999 0.999999 0.999999 0.999999 0.999999 0.999999 0.999999 0.999999
 #wt and selex for gender,fleet: 1 4 4_ORWA_TWL
 0.0104838 0.0176657 0.0469352 0.0941128 0.159344 0.241412 0.338248 0.447494 0.566813 0.694052 0.827308 0.964938 1.10556 1.24802 1.3914 1.53498 1.67819 1.8206 1.96184 2.10156 2.23944 2.37517 2.50841 2.63883 2.76612 2.88998 3.01016 3.12644 3.23864 3.34665 3.45036 3.54976 3.64482 3.73559 3.82212 3.90449 3.98279 4.05715 4.12769 4.19453 4.25782 4.31769 4.37429 4.42777 4.47825 4.52589 4.57081 4.61316 4.65306 4.69064 4.72602 4.75931 4.79063 4.82008 4.84778 4.87381 4.89827 4.92125 4.94284 4.96311 4.98214 5 5.01677 5.03251 5.04727 5.06112 5.07412 5.0863 5.09773 5.10845 5.1186 5.12822 5.13724 5.14569 5.15361 5.16104 5.168 5.17452 5.18063 5.18636 5.19172 5.19675 5.20146 5.20587 5.21001 5.21388 5.21751 5.22091 5.22409 5.22707 5.22987 5.23248 5.23493 5.23723 5.23938 5.24139 5.24328 5.24504 5.2467 5.24825 5.25066
 0 0.0126938 0.0251933 0.0470512 0.0797458 0.124118 0.179697 0.244765 0.316717 0.392511 0.469095 0.543725 0.614168 0.678783 0.736536 0.786941 0.829981 0.865996 0.895577 0.919463 0.938454 0.953344 0.964874 0.973704 0.980403 0.985444 0.989212 0.992013 0.994087 0.995617 0.996746 0.997576 0.998188 0.99864 0.998973 0.99922 0.999404 0.999541 0.999644 0.999722 0.999781 0.999826 0.99986 0.999887 0.999907 0.999924 0.999936 0.999946 0.999954 0.999961 0.999966 0.99997 0.999974 0.999977 0.999979 0.999981 0.999983 0.999984 0.999985 0.999986 0.999987 0.999988 0.999988 0.999989 0.999989 0.99999 0.99999 0.99999 0.999991 0.999991 0.999991 0.999991 0.999991 0.999991 0.999991 0.999991 0.999991 0.999991 0.999992 0.999992 0.999992 0.999992 0.999992 0.999992 0.999992 0.999992 0.999992 0.999992 0.999992 0.999992 0.999992 0.999992 0.999992 0.999992 0.999992 0.999992 0.999992 0.999992 0.999992 0.999992 0.999992
 #wt and selex for gender,fleet: 1 5 5_ORWA_NONTWL
 0.0105404 0.0187545 0.0527874 0.106248 0.179286 0.269968 0.375409 0.492585 0.618706 0.751362 0.888549 1.02864 1.17032 1.31259 1.45465 1.59595 1.73607 1.87475 2.01178 2.147 2.28024 2.41134 2.54009 2.66627 2.78964 2.90996 3.02699 3.14051 3.25035 3.35633 3.45835 3.55633 3.65022 3.74002 3.82576 3.90748 3.98526 4.05919 4.12938 4.19594 4.25899 4.31868 4.37513 4.42848 4.47886 4.52641 4.57126 4.61355 4.6534 4.69094 4.72628 4.75954 4.79084 4.82027 4.84795 4.87396 4.89841 4.92138 4.94296 4.96322 4.98224 5.0001 5.01686 5.03259 5.04735 5.0612 5.07419 5.08637 5.0978 5.10851 5.11866 5.12828 5.13729 5.14574 5.15367 5.16109 5.16805 5.17457 5.18068 5.18641 5.19177 5.1968 5.20151 5.20592 5.21006 5.21393 5.21756 5.22096 5.22414 5.22712 5.22991 5.23253 5.23498 5.23728 5.23942 5.24144 5.24332 5.24509 5.24674 5.24829 5.2507
 0 0.00121647 0.00336339 0.00880568 0.0198151 0.0390055 0.0685913 0.109768 0.162393 0.225024 0.295226 0.370015 0.446293 0.521202 0.592369 0.65802 0.717014 0.768791 0.813281 0.850786 0.881869 0.90724 0.92767 0.943929 0.956735 0.966734 0.974484 0.980456 0.985034 0.988533 0.991201 0.993232 0.994777 0.995955 0.996852 0.997538 0.998064 0.998469 0.998781 0.999023 0.999211 0.999359 0.999475 0.999567 0.99964 0.999699 0.999746 0.999785 0.999816 0.999841 0.999862 0.99988 0.999894 0.999907 0.999917 0.999926 0.999933 0.999939 0.999945 0.99995 0.999954 0.999957 0.99996 0.999963 0.999965 0.999968 0.999969 0.999971 0.999973 0.999974 0.999975 0.999976 0.999976 0.999977 0.999977 0.999978 0.999978 0.999978 0.999979 0.999979 0.999979 0.99998 0.99998 0.99998 0.999981 0.999981 0.999981 0.999981 0.999981 0.999981 0.999982 0.999982 0.999982 0.999982 0.999982 0.999982 0.999982 0.999982 0.999982 0.999982 0.999983
 #wt and selex for gender,fleet: 1 6 6_OR_REC
 0.0109168 0.0252143 0.0744941 0.141698 0.224435 0.316857 0.414276 0.513789 0.614501 0.717304 0.824068 0.936711 1.05654 1.18393 1.31836 1.4586 1.60304 1.74996 1.89778 2.04512 2.19086 2.33415 2.47431 2.61085 2.74339 2.87166 2.99547 3.1147 3.22926 3.33913 3.44431 3.54484 3.6408 3.73225 3.8193 3.90207 3.98069 4.05528 4.126 4.19298 4.25637 4.31633 4.37299 4.42651 4.47704 4.5247 4.56965 4.61201 4.65193 4.68951 4.7249 4.75819 4.78952 4.81898 4.84667 4.8727 4.89717 4.92015 4.94173 4.962 4.98104 4.9989 5.01567 5.0314 5.04617 5.06002 5.07301 5.0852 5.09663 5.10734 5.11749 5.12711 5.13612 5.14457 5.15249 5.15991 5.16686 5.17338 5.17949 5.18522 5.19058 5.19561 5.20031 5.20472 5.20886 5.21273 5.21636 5.21975 5.22294 5.22592 5.22871 5.23132 5.23377 5.23607 5.23822 5.24023 5.24211 5.24388 5.24553 5.24708 5.24949
 0 5.37263e-05 0.000626519 0.0047499 0.0216866 0.0668061 0.152548 0.277587 0.42542 0.573232 0.702478 0.803976 0.877075 0.926137 0.957205 0.975939 0.98677 0.9928 0.996038 0.99771 0.998528 0.998893 0.999021 0.999029 0.998977 0.998895 0.9988 0.998698 0.998596 0.998494 0.998395 0.998298 0.998204 0.998114 0.998027 0.997944 0.997865 0.997789 0.997716 0.997647 0.997582 0.99752 0.997461 0.997405 0.997352 0.997302 0.997255 0.99721 0.997168 0.997128 0.99709 0.997055 0.997022 0.99699 0.996961 0.996933 0.996907 0.996882 0.996859 0.996837 0.996817 0.996798 0.99678 0.996763 0.996747 0.996732 0.996718 0.996705 0.996693 0.996681 0.99667 0.99666 0.99665 0.996641 0.996632 0.996624 0.996617 0.99661 0.996603 0.996597 0.996591 0.996585 0.99658 0.996576 0.996571 0.996567 0.996563 0.996559 0.996556 0.996553 0.99655 0.996547 0.996544 0.996542 0.996539 0.996537 0.996535 0.996533 0.996531 0.99653 0.996527
 #wt and selex for gender,fleet: 1 7 7_WA_REC
 0.0109018 0.0251023 0.0759196 0.148141 0.240327 0.346599 0.461537 0.581002 0.702148 0.823268 0.943649 1.06341 1.18325 1.30413 1.42698 1.55247 1.68093 1.81224 1.94596 2.08131 2.21738 2.35319 2.48777 2.62027 2.74996 2.87628 2.99877 3.11711 3.2311 3.3406 3.44555 3.54595 3.64181 3.73322 3.82024 3.903 3.98162 4.05622 4.12694 4.19393 4.25734 4.3173 4.37397 4.4275 4.47804 4.52571 4.57066 4.61304 4.65295 4.69055 4.72594 4.75924 4.79057 4.82003 4.84773 4.87377 4.89823 4.92122 4.94281 4.96308 4.98212 4.99998 5.01675 5.03249 5.04726 5.06111 5.0741 5.08629 5.09772 5.10844 5.11859 5.12821 5.13723 5.14568 5.1536 5.16103 5.16799 5.17451 5.18062 5.18635 5.19171 5.19674 5.20145 5.20587 5.21 5.21387 5.2175 5.2209 5.22408 5.22707 5.22986 5.23248 5.23493 5.23722 5.23937 5.24139 5.24327 5.24504 5.24669 5.24824 5.25065
 0 6.06763e-06 7.2635e-05 0.000617708 0.00333465 0.0124727 0.034933 0.0779933 0.14576 0.236788 0.344287 0.458465 0.569495 0.669768 0.754848 0.823317 0.875988 0.914971 0.942883 0.962309 0.975502 0.984279 0.990016 0.993711 0.996063 0.997545 0.998473 0.99905 0.999409 0.999631 0.999769 0.999854 0.999907 0.999941 0.999962 0.999975 0.999983 0.999989 0.999992 0.999995 0.999996 0.999997 0.999998 0.999998 0.999999 0.999999 0.999999 0.999999 0.999999 0.999999 0.999999 0.999999 0.999999 0.999999 0.999999 0.999999 0.999999 0.999999 0.999999 0.999999 0.999999 0.999999 0.999999 0.999999 0.999999 0.999999 0.999999 0.999999 0.999999 0.999999 0.999999 0.999999 0.999999 0.999999 0.999999 0.999999 0.999999 0.999999 0.999999 0.999999 0.999999 0.999999 0.999999 0.999999 0.999999 0.999999 0.999999 0.999999 0.999999 0.999999 0.999999 0.999999 0.999999 0.999999 0.999999 0.999999 0.999999 0.999999 0.999999 0.999999 0.999999
# Sex ratio correction
1
# M and current age-structure in year Yinit: 2011
 # gender = 1
 0.0439034 0.0439034 0.0439034 0.0439034 0.0439034 0.0439034 0.0439034 0.0439034 0.0439034 0.0439034 0.0439034 0.0439034 0.0439034 0.0439034 0.0439034 0.0439034 0.0439034 0.0439034 0.0439034 0.0439034 0.0439034 0.0439034 0.0439034 0.0439034 0.0439034 0.0439034 0.0439034 0.0439034 0.0439034 0.0439034 0.0439034 0.0439034 0.0439034 0.0439034 0.0439034 0.0439034 0.0439034 0.0439034 0.0439034 0.0439034 0.0439034 0.0439034 0.0439034 0.0439034 0.0439034 0.0439034 0.0439034 0.0439034 0.0439034 0.0439034 0.0439034 0.0439034 0.0439034 0.0439034 0.0439034 0.0439034 0.0439034 0.0439034 0.0439034 0.0439034 0.0439034 0.0439034 0.0439034 0.0439034 0.0439034 0.0439034 0.0439034 0.0439034 0.0439034 0.0439034 0.0439034 0.0439034 0.0439034 0.0439034 0.0439034 0.0439034 0.0439034 0.0439034 0.0439034 0.0439034 0.0439034 0.0439034 0.0439034 0.0439034 0.0439034 0.0439034 0.0439034 0.0439034 0.0439034 0.0439034 0.0439034 0.0439034 0.0439034 0.0439034 0.0439034 0.0439034 0.0439034 0.0439034 0.0439034 0.0439034 0.0439034
 229.036 249.268 224.537 277.746 175.039 130.853 96.3831 72.6657 123.824 280.92 90.2719 63.2228 120.459 64.753 37.654 32.66 33.6671 64.9449 82.5384 35.7263 26.6018 26.3151 27.7193 27.6644 27.2921 28.6838 36.6973 42.7022 26.84 25.073 22.2195 16.0342 12.0878 9.15908 9.02885 8.53555 7.26982 4.98441 4.48854 4.94981 6.24354 4.88962 3.64391 2.81823 2.1715 1.78215 1.47528 1.26771 1.19131 1.20421 1.23993 1.22676 1.14147 1.02853 0.927528 0.852038 0.805529 0.787293 0.794393 0.821915 0.858675 0.884519 0.878245 0.834525 0.767256 0.696065 0.632023 0.578652 0.535718 0.500906 0.472305 0.44823 0.427496 0.40917 0.392309 0.376172 0.360227 0.344349 0.328664 0.313476 0.299082 0.285693 0.273336 0.261979 0.251483 0.24167 0.232383 0.223494 0.214896 0.206526 0.198348 0.190338 0.1825 0.17487 0.167416 0.160073 0.153 0.146207 0.1397 0.13348 2.94547
# Age-structure at Ydeclare= 2013
 126.906 116.94 209.782 228.308 205.647 254.353 160.261 119.759 88.1612 66.418 113.083 256.326 82.3 57.5962 109.668 58.921 34.2483 29.6963 30.6045 59.0261 75.0061 32.4628 24.17 23.9081 25.1827 25.1319 24.7926 26.0559 33.3337 38.7864 24.3776 22.7716 20.1789 14.561 10.9767 8.31686 8.19831 7.75012 6.60065 4.52547 4.07513 4.49377 5.66811 4.43884 3.30787 2.55827 1.97114 1.61768 1.33909 1.15066 1.0813 1.09299 1.1254 1.11343 1.03602 0.933503 0.841829 0.77331 0.731096 0.714542 0.720984 0.745961 0.779322 0.802776 0.79708 0.757398 0.696346 0.631733 0.573609 0.52517 0.486203 0.454609 0.42865 0.406801 0.387983 0.37135 0.356047 0.341401 0.32693 0.31252 0.298284 0.284501 0.271437 0.259286 0.248071 0.237764 0.228238 0.219332 0.210904 0.202837 0.195033 0.187437 0.180015 0.172746 0.165632 0.158707 0.151942 0.145278 0.138858 0.132694 2.92118
# Year for Tmin Age-structure (set to Ydecl by SS)
2013
#  recruitment and biomass
# Number of historical assessment years
129
# Historical data
# year recruitment spawner in B0 in R project in R/S project
1888  1889 1890 1891 1892 1893 1894 1895 1896 1897 1898 1899 1900 1901 1902 1903 1904 1905 1906 1907 1908 1909 1910 1911 1912 1913 1914 1915 1916 1917 1918 1919 1920 1921 1922 1923 1924 1925 1926 1927 1928 1929 1930 1931 1932 1933 1934 1935 1936 1937 1938 1939 1940 1941 1942 1943 1944 1945 1946 1947 1948 1949 1950 1951 1952 1953 1954 1955 1956 1957 1958 1959 1960 1961 1962 1963 1964 1965 1966 1967 1968 1969 1970 1971 1972 1973 1974 1975 1976 1977 1978 1979 1980 1981 1982 1983 1984 1985 1986 1987 1988 1989 1990 1991 1992 1993 1994 1995 1996 1997 1998 1999 2000 2001 2002 2003 2004 2005 2006 2007 2008 2009 2010 2011 2012 2013 2014 2015 2016 #years (with first value representing R0)
220.539 219.545 219.513 219.48 219.445 219.402 219.358 219.312 219.271 219.229 219.187 219.143 219.095 219.046 218.992 218.934 218.872 218.809 218.742 218.68 218.618 218.55 218.483 218.408 218.325 218.222 218.086 217.896 217.631 217.265 216.593 215.717 214.681 213.45 212.027 210.439 208.72 206.919 205.113 203.381 201.809 200.482 199.439 198.639 198.007 197.373 196.553 195.396 193.885 192.134 190.433 189.11 188.509 188.894 190.559 193.896 199.284 207.125 217.075 227.685 235.623 235.891 225.965 208.597 189.823 174.372 164.187 159.531 160.146 165.323 173.671 182.353 185.107 176.353 161.025 149.303 148.344 160.448 179.214 200.694 237.784 278.608 336.169 382.87 268.548 213.748 206.762 260.788 262.96 237.303 204.076 227.01 252.558 292.484 275.263 245.749 326.969 236.146 156.369 127.322 111.752 98.2155 82.9143 75.5417 92.6308 197.719 145.195 70.7879 64.9537 71.0927 116.352 206.283 103.287 140.786 418.487 176.289 98.9179 125.496 163.011 208.66 316.855 245.145 260.455 229.036 122.188 126.906 130.462 147.231 168.935  #recruits; first value is R0 (virgin)
1133.35  1133.35 1133.34 1133.33 1133.3 1132.84 1132.38 1131.92 1131.76 1131.69 1131.6 1131.52 1131.41 1131.28 1131.13 1130.94 1130.74 1130.49 1130.22 1129.93 1129.62 1129.16 1128.79 1128.39 1127.98 1127.54 1127.09 1126.61 1126.03 1125.52 1124.82 1122.06 1120.86 1119.78 1118.74 1117.98 1117.13 1115.71 1113.93 1111.33 1107.99 1104.73 1101.93 1098.77 1096.62 1094.64 1092.65 1090.13 1087.59 1084.09 1080.88 1077.39 1074.56 1070.61 1065.18 1059.44 1049.22 1038.36 1022.3 1007.59 1000.71 992.917 986.955 980.368 972.263 965.317 960.241 954.043 948.223 942.271 935.04 928.255 922.297 917.247 913.888 909.757 907.251 906.2 895.648 892.51 887.908 883.259 869.726 861.04 849.316 834.546 818.513 800.832 783.602 763.678 744.077 711.801 677.537 651.56 617.65 560.802 512.163 484.101 446.706 417.147 389.665 366.181 336.643 315.996 281.625 250.704 221.363 206.08 190.644 174.014 154.87 149.616 140.404 142.918 145.043 152.272 159.847 167.759 175.749 184.114 192.1 200.581 209.177 218.692 228.704 239.182 250.603 262.927 275.585 #spbio; first value is SSB_virgin (virgin)
1 0 0 0 0 0 0 0 0 0 0 0 0 0 0 0 0 0 0 0 0 0 0 0 0 0 0 0 0 0 0 0 0 0 0 0 0 0 0 0 0 0 0 0 0 0 0 0 0 0 0 0 0 0 0 0 0 0 0 0 0 0 0 0 0 0 0 0 0 0 0 0 0 0 0 0 0 0 0 0 0 0 0 0 0 0 0 0 0 0 0 0 0 0 0 0 0 0 0 0 0 0 0 0 0 0 0 0 0 0 0 0 0 0 0 0 0 0 0 0 0 0 0 0 0 0 0 0 0  # in Bzero
0 1 1 1 1 1 1 1 1 1 1 1 1 1 1 1 1 1 1 1 1 1 1 1 1 1 1 1 1 1 1 1 1 1 1 1 1 1 1 1 1 1 1 1 1 1 1 1 1 1 1 1 1 1 1 1 1 1 1 1 1 1 1 1 1 1 1 1 1 1 1 1 1 1 1 1 1 1 1 1 1 1 1 1 1 1 1 1 1 1 1 1 1 1 1 1 1 1 1 1 1 1 1 1 1 1 1 1 1 1 1 1 1 1 1 1 1 1 1 1 1 1 1 1 1 1  0 0 0 # in R project
0 1 1 1 1 1 1 1 1 1 1 1 1 1 1 1 1 1 1 1 1 1 1 1 1 1 1 1 1 1 1 1 1 1 1 1 1 1 1 1 1 1 1 1 1 1 1 1 1 1 1 1 1 1 1 1 1 1 1 1 1 1 1 1 1 1 1 1 1 1 1 1 1 1 1 1 1 1 1 1 1 1 1 1 1 1 1 1 1 1 1 1 1 1 1 1 1 1 1 1 1 1 1 1 1 1 1 1 1 1 1 1 1 1 1 1 1 1 1 1 1 1 1 1 1 1  0 0 0 # in R/S project
# Number of years with pre-specified catches
0
# catches for years with pre-specified catches go next
# Number of future recruitments to override
-2
# Process for overiding (-1 for average otherwise index in data list)
# Which probability to product detailed results for (1=0.5; 2=0.6; etc.)
3
# Steepness sigma-R Auto-correlation
0.718 0.5 0
# Target SPR rate (FMSY Proxy); manually change to SPR_MSY if not using SPR_target
0.5
# Discount rate (for cumulative catch)
0.1
# Truncate the series when 0.4B0 is reached (1=Yes)
0
# Set F to FMSY once 0.4B0 is reached (1=Yes)
0
# Maximum possible F for projection (-1 to set to FMSY)
-1
# Defintion of recovery (1=now only;2=now or before)
2
# Projection type
4
# Definition of the 40-10 rule
10 40
# Sigma Assessment Error (Base, Year1, Slope, MaxSigma)
1.0 2017 0.075 2.0
# Pstar
0.45
# Constrain catches by the ABC (1=yes, 2=no)
2
# Implementation Error (0=no; 1=lognormal; 2=uniform)
0
#Parameters of Implementaion Error
1 0.3
# Calculate coefficients of variation (1=Yes)
0
# Number of replicates to use
10
# Random number seed
-99004
# File with multiple parameter vectors 
rebuild.SSO
# User-specific projection (1=Yes); Output replaced (1->9)
0  5
# Catches and Fs (Year; 1/2/3 (F or C or SPR); value); Final row is -1
2016 1 1
-1 -1 -1
# Fixed catch project (1=Yes); Output replaced (1->9); Approach (-1=Read in else 1-9)
0 2 -1
# (48a) Special catch options (1-Yes) [CUT_OFF, Emsy, distribution, MAXCAT, Add, replace_code]
0 0.18 1.00 1.00 0 6
# (48b) B1Target
150000
# Split of Fs
2011  0.00050596
 0
 0.159411
 0.00677127
 0.268332
 0.255005
 0.309975
-1  1 1 1 1 1 1 1 1 1 1 1 1
# Yrs to define T_target for projection type 4 (a.k.a. 5 pre-specified inputs)
2022 2023 2024 2025 2026 
# Year for probability of recovery
2026 2027 2028 2029 2030 2031 2032 2033
# Time varying weight-at-age (1=Yes;0=No)
0
# File with time series of weight-at-age data
none
# Use bisection (0) or linear interpolation (1)
1
# Target Depletion
0.4
# CV of implementation error
0
