#Title, #runnumber: 1 yelloweye_data.ss yelloweye_control.ss 6904.78 1136.21 388.97 StartTime: Thu May  1 10:27:14 2025
SSv3_default_rebuild.dat
# Number of sexes
1
# Age range to consider (minimum age; maximum age)
0 100
# Number of fleets
7
# First year of projection (Yinit)
2011
# First Year of rebuilding period (Ydecl)
2013
# Number of simulations
1000
# Maximum number of years
500
# Conduct projections with multiple starting values (0=No;else yes)
0
# Number of parameter vectors
1000
# Is the maximum age a plus-group (1=Yes;2=No)
1
# Generate future recruitments using historical recruitments (1)  historical recruits/spawner (2)  or a stock-recruitment (3)
3
# Constant fishing mortality (1) or constant Catch (2) projections
1
# Fishing mortality based on SPR (1) or actual rate (2)
1
# Pre-specify the year of recovery (or -1) to ignore
-1
# Fecundity-at-age
# 0 1 2 3 4 5 6 7 8 9 10 11 12 13 14 15 16 17 18 19 20 21 22 23 24 25 26 27 28 29 30 31 32 33 34 35 36 37 38 39 40 41 42 43 44 45 46 47 48 49 50 51 52 53 54 55 56 57 58 59 60 61 62 63 64 65 66 67 68 69 70 71 72 73 74 75 76 77 78 79 80 81 82 83 84 85 86 87 88 89 90 91 92 93 94 95 96 97 98 99 100 #runnumber: 1 yelloweye_data.ss yelloweye_control.ss 6904.78 1136.21 388.97
 0 0 2.33932e-09 5.10029e-08 6.76245e-07 6.25837e-06 4.41127e-05 0.000247232 0.00111469 0.00401688 0.0115572 0.0270081 0.0528355 0.089485 0.135336 0.187585 0.243279 0.299983 0.356008 0.410341 0.462471 0.512203 0.559519 0.604482 0.647189 0.68774 0.726229 0.762741 0.797351 0.83013 0.861144 0.890455 0.918128 0.944223 0.968804 0.991934 1.01368 1.03409 1.05324 1.0712 1.08801 1.10375 1.11846 1.13221 1.14505 1.15703 1.16821 1.17863 1.18834 1.19739 1.20581 1.21365 1.22094 1.22773 1.23403 1.2399 1.24535 1.25041 1.25511 1.25948 1.26353 1.2673 1.27079 1.27404 1.27704 1.27984 1.28243 1.28483 1.28706 1.28912 1.29104 1.29285 1.29452 1.29607 1.29751 1.29885 1.30008 1.30123 1.30229 1.30328 1.30419 1.30504 1.30582 1.30655 1.30722 1.30785 1.30842 1.30896 1.30946 1.30991 1.31034 1.31074 1.3111 1.31144 1.31175 1.31204 1.31231 1.31256 1.31279 1.31301 1.31332 #female fecundity; weighted by N in year Y_init across morphs and areas
# Age specific selectivity and weight adjusted for discard and discard mortality
 #wt and selex for gender,fleet: 1 1 1_CA_TWL
 0.00896707 0.00903053 0.0263118 0.0674188 0.129729 0.212436 0.312635 0.426876 0.551784 0.684352 0.822093 0.963217 1.10678 1.25252 1.40046 1.55041 1.70177 1.85354 2.00452 2.15351 2.29942 2.44138 2.5787 2.71092 2.83771 2.95887 3.07432 3.18403 3.28807 3.38652 3.47952 3.56723 3.64982 3.72749 3.80044 3.86889 3.93305 3.99313 4.04935 4.1019 4.151 4.19684 4.23961 4.27949 4.31667 4.3513 4.38355 4.41357 4.4415 4.46748 4.49164 4.5141 4.53497 4.55436 4.57238 4.58911 4.60464 4.61906 4.63245 4.64487 4.6564 4.6671 4.67702 4.68623 4.69476 4.70268 4.71002 4.71683 4.72314 4.72899 4.73445 4.73954 4.74426 4.74864 4.7527 4.75645 4.75994 4.76317 4.76616 4.76893 4.7715 4.77388 4.77609 4.77813 4.78002 4.78178 4.7834 4.78491 4.7863 4.7876 4.78879 4.7899 4.79093 4.79188 4.79277 4.79358 4.79434 4.79504 4.79569 4.79629 4.79717
 0 0.00105125 0.0022365 0.00870678 0.0265398 0.0642459 0.128761 0.221419 0.336483 0.462877 0.587741 0.699953 0.792467 0.863009 0.913199 0.94685 0.96833 0.981511 0.989358 0.993926 0.996545 0.998033 0.998875 0.999351 0.999622 0.999776 0.999866 0.999918 0.999949 0.999967 0.999978 0.999985 0.99999 0.999992 0.999994 0.999995 0.999996 0.999996 0.999997 0.999997 0.999997 0.999997 0.999997 0.999997 0.999997 0.999997 0.999997 0.999997 0.999997 0.999997 0.999997 0.999997 0.999997 0.999997 0.999997 0.999997 0.999997 0.999997 0.999997 0.999997 0.999997 0.999997 0.999997 0.999997 0.999997 0.999997 0.999997 0.999997 0.999997 0.999997 0.999997 0.999997 0.999997 0.999997 0.999997 0.999997 0.999997 0.999997 0.999997 0.999997 0.999997 0.999997 0.999997 0.999997 0.999997 0.999997 0.999997 0.999997 0.999997 0.999997 0.999997 0.999997 0.999997 0.999997 0.999997 0.999997 0.999997 0.999997 0.999997 0.999997 0.999997
 #wt and selex for gender,fleet: 1 3 3_CA_REC
 0.00896707 0.0090305 0.0254491 0.0647721 0.124529 0.203988 0.300528 0.410974 0.532176 0.661323 0.796239 0.935679 1.07926 1.22692 1.37829 1.53246 1.68807 1.8436 1.9976 2.14884 2.29635 2.43939 2.57743 2.71011 2.83719 2.95854 3.07411 3.1839 3.28798 3.38646 3.47948 3.5672 3.6498 3.72747 3.80043 3.86889 3.93305 3.99313 4.04935 4.1019 4.151 4.19684 4.23961 4.27949 4.31667 4.3513 4.38355 4.41357 4.4415 4.46748 4.49164 4.5141 4.53497 4.55436 4.57238 4.58911 4.60464 4.61907 4.63245 4.64488 4.6564 4.6671 4.67702 4.68623 4.69476 4.70268 4.71002 4.71683 4.72314 4.72899 4.73445 4.73954 4.74427 4.74864 4.7527 4.75646 4.75994 4.76317 4.76616 4.76893 4.7715 4.77388 4.77609 4.77813 4.78002 4.78178 4.7834 4.78491 4.78631 4.7876 4.7888 4.78991 4.79093 4.79189 4.79277 4.79358 4.79434 4.79504 4.79569 4.79629 4.79717
 0 0.00393948 0.00774787 0.024363 0.0617717 0.128167 0.225751 0.348285 0.482944 0.614682 0.73064 0.823112 0.890389 0.93546 0.963587 0.98014 0.98944 0.994483 0.997148 0.998533 0.999244 0.999609 0.999796 0.999892 0.999942 0.999968 0.999982 0.99999 0.999994 0.999996 0.999998 0.999998 0.999999 0.999999 0.999999 0.999999 0.999999 0.999999 0.999999 0.999999 0.999999 0.999999 0.999999 0.999999 0.999999 0.999999 0.999999 0.999999 0.999999 0.999999 0.999999 0.999999 0.999999 0.999999 0.999999 0.999999 0.999999 0.999999 0.999999 0.999999 0.999999 0.999999 0.999999 0.999999 0.999999 0.999999 0.999999 0.999999 0.999999 0.999999 0.999999 0.999999 0.999999 0.999999 0.999999 0.999999 0.999999 0.999999 0.999999 0.999999 0.999999 0.999999 0.999999 0.999999 0.999999 0.999999 0.999999 0.999999 0.999999 0.999999 0.999999 0.999999 0.999999 0.999999 0.999999 0.999999 0.999999 0.999999 0.999999 0.999999 0.999999
 #wt and selex for gender,fleet: 1 4 4_ORWA_TWL
 0.00896707 0.00903048 0.0243983 0.0616321 0.118864 0.195655 0.289896 0.398812 0.519498 0.649226 0.785692 0.927296 1.07318 1.22289 1.37583 1.53108 1.68736 1.84326 1.99746 2.14879 2.29634 2.43939 2.57744 2.71012 2.8372 2.95855 3.07411 3.1839 3.28798 3.38646 3.47948 3.5672 3.6498 3.72747 3.80043 3.86889 3.93305 3.99313 4.04934 4.1019 4.151 4.19684 4.23961 4.27949 4.31666 4.3513 4.38355 4.41356 4.4415 4.46748 4.49164 4.5141 4.53497 4.55436 4.57238 4.58911 4.60464 4.61906 4.63245 4.64487 4.6564 4.6671 4.67702 4.68622 4.69476 4.70268 4.71002 4.71683 4.72314 4.72899 4.73445 4.73954 4.74426 4.74864 4.75269 4.75645 4.75994 4.76317 4.76616 4.76893 4.7715 4.77388 4.77608 4.77813 4.78002 4.78178 4.7834 4.78491 4.7863 4.7876 4.78879 4.7899 4.79093 4.79188 4.79277 4.79358 4.79434 4.79504 4.79569 4.79629 4.79717
 0 0.0122937 0.02201 0.0532367 0.109132 0.192449 0.299864 0.422376 0.548137 0.665698 0.766429 0.845795 0.903488 0.94241 0.966995 0.981689 0.990088 0.994726 0.997223 0.998545 0.999237 0.999598 0.999786 0.999884 0.999936 0.999964 0.999979 0.999987 0.999991 0.999993 0.999995 0.999995 0.999996 0.999996 0.999996 0.999996 0.999996 0.999996 0.999996 0.999996 0.999995 0.999995 0.999995 0.999995 0.999995 0.999995 0.999995 0.999995 0.999995 0.999995 0.999995 0.999995 0.999995 0.999994 0.999994 0.999994 0.999994 0.999994 0.999994 0.999994 0.999994 0.999994 0.999994 0.999994 0.999994 0.999994 0.999994 0.999994 0.999994 0.999994 0.999994 0.999994 0.999994 0.999994 0.999994 0.999994 0.999994 0.999994 0.999994 0.999994 0.999994 0.999994 0.999994 0.999994 0.999994 0.999994 0.999994 0.999994 0.999994 0.999994 0.999994 0.999994 0.999994 0.999994 0.999994 0.999994 0.999994 0.999994 0.999994 0.999994 0.999994
 #wt and selex for gender,fleet: 1 5 5_ORWA_NONTWL
 0.00896707 0.00903051 0.0257325 0.0661289 0.128294 0.211991 0.314831 0.433633 0.565064 0.705976 0.853567 1.00543 1.15953 1.31424 1.46825 1.62065 1.7708 1.91834 2.063 2.20457 2.34282 2.47747 2.60821 2.73474 2.85675 2.97401 3.08631 3.19353 3.29559 3.3925 3.48429 3.57105 3.65291 3.73 3.8025 3.87059 3.93447 3.99432 4.05035 4.10276 4.15174 4.19748 4.24017 4.27998 4.3171 4.35169 4.3839 4.41388 4.44179 4.46774 4.49188 4.51432 4.53518 4.55456 4.57256 4.58928 4.60481 4.61922 4.6326 4.64502 4.65654 4.66723 4.67715 4.68635 4.69488 4.7028 4.71014 4.71694 4.72325 4.7291 4.73456 4.73965 4.74437 4.74874 4.7528 4.75655 4.76004 4.76326 4.76625 4.76903 4.77159 4.77397 4.77618 4.77822 4.78012 4.78187 4.7835 4.785 4.7864 4.78769 4.78889 4.79 4.79102 4.79197 4.79286 4.79367 4.79443 4.79513 4.79578 4.79638 4.79726
 0 0.00061838 0.00124554 0.00427684 0.0121328 0.0285875 0.0576664 0.10227 0.163089 0.238281 0.323932 0.414986 0.506247 0.593165 0.672309 0.741543 0.799975 0.847738 0.885701 0.915153 0.937545 0.95429 0.966652 0.975691 0.982256 0.987007 0.99044 0.992921 0.994719 0.996027 0.996983 0.997687 0.998208 0.998597 0.99889 0.999112 0.999282 0.999413 0.999515 0.999596 0.999659 0.99971 0.999751 0.999784 0.999811 0.999834 0.999852 0.999868 0.999881 0.999892 0.999901 0.999909 0.999916 0.999922 0.999927 0.999932 0.999936 0.999939 0.999942 0.999945 0.999947 0.99995 0.999952 0.999953 0.999955 0.999956 0.999957 0.999959 0.99996 0.99996 0.999961 0.999962 0.999962 0.999963 0.999963 0.999964 0.999964 0.999964 0.999965 0.999965 0.999965 0.999965 0.999966 0.999966 0.999966 0.999966 0.999966 0.999966 0.999967 0.999967 0.999967 0.999967 0.999967 0.999967 0.999967 0.999967 0.999967 0.999967 0.999967 0.999967 0.999968
 #wt and selex for gender,fleet: 1 6 6_OR_REC
 0.00896707 0.00903082 0.0332101 0.083363 0.15472 0.243091 0.342946 0.449641 0.560259 0.674601 0.79495 0.924002 1.06287 1.21054 1.36461 1.52229 1.68109 1.83904 1.9947 2.14698 2.29511 2.4385 2.57673 2.70949 2.83661 2.95796 3.07351 3.18328 3.28734 3.3858 3.47879 3.56648 3.64905 3.72671 3.79964 3.86808 3.93222 3.99228 4.04848 4.10102 4.1501 4.19592 4.23868 4.27855 4.31572 4.35034 4.38258 4.41259 4.44051 4.46649 4.49064 4.51309 4.53396 4.55334 4.57135 4.58808 4.60361 4.61803 4.63141 4.64383 4.65535 4.66605 4.67597 4.68517 4.6937 4.70162 4.70896 4.71576 4.72207 4.72792 4.73338 4.73847 4.74319 4.74756 4.75162 4.75537 4.75885 4.76208 4.76507 4.76784 4.77041 4.77279 4.77499 4.77704 4.77893 4.78068 4.78231 4.78381 4.78521 4.7865 4.7877 4.78881 4.78983 4.79078 4.79167 4.79248 4.79324 4.79394 4.79459 4.79519 4.79607
 0 1.73607e-05 7.62582e-05 0.0012254 0.00992297 0.0456029 0.135594 0.289592 0.48179 0.666227 0.808485 0.900425 0.952151 0.97832 0.990536 0.99589 0.998108 0.998963 0.999242 0.999282 0.999225 0.999128 0.999015 0.998896 0.998778 0.99866 0.998546 0.998436 0.99833 0.998228 0.998131 0.998039 0.997952 0.997869 0.997791 0.997717 0.997647 0.997582 0.997521 0.997463 0.997409 0.997359 0.997312 0.997268 0.997227 0.997188 0.997152 0.997119 0.997088 0.997059 0.997032 0.997007 0.996984 0.996962 0.996942 0.996923 0.996906 0.99689 0.996875 0.996861 0.996848 0.996836 0.996824 0.996814 0.996805 0.996796 0.996787 0.99678 0.996773 0.996766 0.99676 0.996754 0.996749 0.996744 0.996739 0.996735 0.996731 0.996727 0.996724 0.996721 0.996718 0.996715 0.996713 0.996711 0.996708 0.996706 0.996705 0.996703 0.996701 0.9967 0.996698 0.996697 0.996696 0.996695 0.996694 0.996693 0.996692 0.996691 0.996691 0.99669 0.996689
 #wt and selex for gender,fleet: 1 7 7_WA_REC
 0.00896707 0.00903081 0.0332833 0.0851342 0.161137 0.257924 0.370046 0.492361 0.620678 0.75188 0.884 1.0164 1.1497 1.28517 1.42396 1.56647 1.71224 1.86009 2.00847 2.15582 2.30074 2.44211 2.57911 2.71114 2.83783 2.95893 3.07435 3.18405 3.28808 3.38653 3.47952 3.56723 3.64982 3.72749 3.80044 3.86889 3.93305 3.99314 4.04935 4.1019 4.151 4.19684 4.23961 4.27949 4.31667 4.3513 4.38355 4.41357 4.4415 4.46748 4.49164 4.5141 4.53497 4.55436 4.57238 4.58911 4.60464 4.61907 4.63245 4.64488 4.6564 4.6671 4.67702 4.68623 4.69476 4.70268 4.71002 4.71683 4.72314 4.72899 4.73445 4.73955 4.74427 4.74864 4.7527 4.75646 4.75994 4.76317 4.76616 4.76893 4.7715 4.77388 4.77609 4.77813 4.78002 4.78178 4.7834 4.78491 4.78631 4.7876 4.7888 4.78991 4.79093 4.79189 4.79277 4.79358 4.79434 4.79504 4.79569 4.7963 4.79717
 0 1.72713e-06 7.54672e-06 0.000130548 0.00124429 0.00709681 0.0269106 0.0740719 0.158737 0.27976 0.423208 0.568554 0.697549 0.79997 0.874132 0.923961 0.955508 0.974578 0.985711 0.992049 0.995595 0.997558 0.99864 0.999237 0.999567 0.999751 0.999855 0.999914 0.999948 0.999968 0.99998 0.999987 0.999991 0.999994 0.999996 0.999997 0.999998 0.999998 0.999999 0.999999 0.999999 0.999999 0.999999 0.999999 0.999999 0.999999 0.999999 0.999999 0.999999 0.999999 0.999999 0.999999 0.999999 0.999999 0.999999 0.999999 0.999999 0.999999 0.999999 0.999999 0.999999 0.999999 0.999999 0.999999 0.999999 0.999999 0.999999 0.999999 0.999999 0.999999 0.999999 0.999999 0.999999 0.999999 0.999999 0.999999 0.999999 0.999999 0.999999 0.999999 0.999999 0.999999 0.999999 0.999999 0.999999 0.999999 0.999999 0.999999 0.999999 0.999999 0.999999 0.999999 0.999999 0.999999 0.999999 0.999999 0.999999 0.999999 0.999999 0.999999 0.999999
# Sex ratio correction
1
# M and current age-structure in year Yinit: 2011
 # gender = 1
 0.0439034 0.0439034 0.0439034 0.0439034 0.0439034 0.0439034 0.0439034 0.0439034 0.0439034 0.0439034 0.0439034 0.0439034 0.0439034 0.0439034 0.0439034 0.0439034 0.0439034 0.0439034 0.0439034 0.0439034 0.0439034 0.0439034 0.0439034 0.0439034 0.0439034 0.0439034 0.0439034 0.0439034 0.0439034 0.0439034 0.0439034 0.0439034 0.0439034 0.0439034 0.0439034 0.0439034 0.0439034 0.0439034 0.0439034 0.0439034 0.0439034 0.0439034 0.0439034 0.0439034 0.0439034 0.0439034 0.0439034 0.0439034 0.0439034 0.0439034 0.0439034 0.0439034 0.0439034 0.0439034 0.0439034 0.0439034 0.0439034 0.0439034 0.0439034 0.0439034 0.0439034 0.0439034 0.0439034 0.0439034 0.0439034 0.0439034 0.0439034 0.0439034 0.0439034 0.0439034 0.0439034 0.0439034 0.0439034 0.0439034 0.0439034 0.0439034 0.0439034 0.0439034 0.0439034 0.0439034 0.0439034 0.0439034 0.0439034 0.0439034 0.0439034 0.0439034 0.0439034 0.0439034 0.0439034 0.0439034 0.0439034 0.0439034 0.0439034 0.0439034 0.0439034 0.0439034 0.0439034 0.0439034 0.0439034 0.0439034 0.0439034
 232.666 288.737 304.626 345.988 199.536 178.389 100.349 63.3346 91.6614 215.339 62.1797 49.0842 86.0072 56.6041 35.2995 28.0774 28.0484 55.3854 55.0313 27.1756 21.9526 21.8915 20.9676 21.1143 24.2471 27.5773 33.9235 31.2893 19.8066 21.1091 18.1627 14.5797 10.619 7.24566 8.35336 7.58412 7.74988 4.69593 3.85931 4.56654 7.0682 4.37047 3.28172 2.77385 2.15855 1.81956 1.43673 1.17384 1.10353 1.16673 1.27962 1.30124 1.17467 1.01706 0.897593 0.821198 0.783234 0.78048 0.812472 0.881724 0.987347 1.10859 1.18015 1.12814 0.988346 0.846404 0.734804 0.653495 0.595059 0.551868 0.518924 0.492938 0.471884 0.454264 0.438635 0.423788 0.40884 0.393505 0.377933 0.362595 0.347988 0.334489 0.322196 0.311069 0.300804 0.290989 0.281538 0.272221 0.262866 0.253389 0.243774 0.234045 0.224274 0.214581 0.20499 0.19563 0.186579 0.177885 0.169574 0.161659 3.47069
# Age-structure at Ydeclare= 2013
 458.582 203.926 213.106 264.46 279.004 316.856 182.692 163.254 91.7646 57.8556 83.63 196.231 56.5998 44.6389 78.163 51.415 32.0517 25.4875 25.4568 50.2619 49.9366 24.6583 19.9183 19.8623 19.0235 19.1561 21.9978 25.0182 30.7743 28.3834 17.9662 19.1467 16.4733 13.223 9.63034 6.57084 7.5751 6.87732 7.02741 4.25804 3.49933 4.14047 6.40854 3.96248 2.97529 2.51479 1.95692 1.64956 1.30248 1.06415 1.0004 1.05768 1.16001 1.17961 1.06486 0.921978 0.813679 0.744425 0.710009 0.707511 0.736511 0.799287 0.895034 1.00494 1.06981 1.02266 0.895935 0.767264 0.666098 0.592391 0.539419 0.500266 0.470402 0.446846 0.42776 0.411788 0.39762 0.384161 0.37061 0.356709 0.342593 0.32869 0.315448 0.303212 0.292068 0.281982 0.272677 0.263779 0.255212 0.246767 0.238286 0.229695 0.22098 0.212161 0.203303 0.194516 0.185822 0.177337 0.169133 0.161252 3.44643
# Year for Tmin Age-structure (set to Ydecl by SS)
2013
#  recruitment and biomass
# Number of historical assessment years
137
# Historical data
# year recruitment spawner in B0 in R project in R/S project
1888  1889 1890 1891 1892 1893 1894 1895 1896 1897 1898 1899 1900 1901 1902 1903 1904 1905 1906 1907 1908 1909 1910 1911 1912 1913 1914 1915 1916 1917 1918 1919 1920 1921 1922 1923 1924 1925 1926 1927 1928 1929 1930 1931 1932 1933 1934 1935 1936 1937 1938 1939 1940 1941 1942 1943 1944 1945 1946 1947 1948 1949 1950 1951 1952 1953 1954 1955 1956 1957 1958 1959 1960 1961 1962 1963 1964 1965 1966 1967 1968 1969 1970 1971 1972 1973 1974 1975 1976 1977 1978 1979 1980 1981 1982 1983 1984 1985 1986 1987 1988 1989 1990 1991 1992 1993 1994 1995 1996 1997 1998 1999 2000 2001 2002 2003 2004 2005 2006 2007 2008 2009 2010 2011 2012 2013 2014 2015 2016 2017 2018 2019 2020 2021 2022 2023 2024 #years (with first value representing R0)
223.381 227.398 227.54 227.687 227.84 227.989 228.144 228.305 228.478 228.66 228.85 229.048 229.256 229.474 229.703 229.941 230.195 230.466 230.754 231.072 231.415 231.786 232.186 232.609 233.053 233.501 233.926 234.289 234.539 234.615 234.435 233.882 232.968 231.611 229.79 227.526 224.874 221.933 218.853 215.804 212.825 210.162 207.945 206.113 204.53 202.926 201.021 198.605 195.677 192.45 189.366 186.922 185.608 185.823 188.046 193.035 201.895 216.242 237.286 263.944 286.956 285.863 255.663 216.743 184.205 161.509 147.602 140.889 140.47 145.956 157.151 172.379 181.231 169.003 145.963 130.588 131.153 151.169 179.744 199.403 238.455 260.912 319.023 469.691 273.698 206.632 222.476 321.938 273.873 260.074 192.931 239.94 277.502 289.262 279.61 217.163 283.469 254.201 171.796 126.614 93.4416 79.6862 72.5713 64.5389 72.0623 133.723 125.006 59.3885 56.1597 66.9673 102.112 147.734 80.3593 97.101 321.006 130.531 86.2179 130.655 222.22 237.856 394.704 332.585 301.696 232.666 213.078 458.582 228.124 314.511 219.135 109.892 106.779 112.652 112.441 149.887 167.108 172.107 185.075  #recruits; first value is R0 (virgin)
1136.21  1136.21 1136.21 1136.19 1136.17 1135.7 1135.24 1134.77 1134.62 1134.55 1134.47 1134.41 1134.34 1134.29 1134.27 1134.28 1134.33 1134.4 1134.52 1134.68 1134.87 1134.96 1135.2 1135.46 1135.73 1136.03 1136.34 1136.66 1136.92 1137.27 1137.48 1135.63 1135.4 1135.3 1135.28 1135.58 1135.81 1135.53 1134.91 1133.51 1131.41 1129.43 1127.93 1126.12 1125.34 1124.74 1124.14 1122.99 1121.8 1119.59 1117.59 1115.22 1113.39 1110.32 1105.62 1100.47 1090.68 1080.12 1064.19 1049.4 1042.25 1034.01 1027.43 1020.07 1011.03 1003.02 996.797 989.411 982.459 975.559 967.694 960.709 955.052 950.784 948.539 945.664 944.285 944.049 933.881 930.517 925.136 919.216 904.006 893.367 879.496 862.412 843.929 823.651 803.749 781.077 758.786 723.932 687.399 659.764 624.737 567.751 519.432 491.479 454.438 424.976 397.616 374.442 345.216 324.438 289.786 258.401 228.281 212.149 195.84 177.977 157.218 150.489 139.397 140.333 140.639 146.176 151.918 157.896 163.893 170.229 176.092 182.363 188.621 195.654 203.023 210.745 219.389 228.995 239.087 250.447 262.063 275.402 290.149 307.365 326.225 345.462 365.487 #spbio; first value is SSB_virgin (virgin)
1 0 0 0 0 0 0 0 0 0 0 0 0 0 0 0 0 0 0 0 0 0 0 0 0 0 0 0 0 0 0 0 0 0 0 0 0 0 0 0 0 0 0 0 0 0 0 0 0 0 0 0 0 0 0 0 0 0 0 0 0 0 0 0 0 0 0 0 0 0 0 0 0 0 0 0 0 0 0 0 0 0 0 0 0 0 0 0 0 0 0 0 0 0 0 0 0 0 0 0 0 0 0 0 0 0 0 0 0 0 0 0 0 0 0 0 0 0 0 0 0 0 0 0 0 0 0 0 0 0 0 0 0 0 0 0 0  # in Bzero
0 1 1 1 1 1 1 1 1 1 1 1 1 1 1 1 1 1 1 1 1 1 1 1 1 1 1 1 1 1 1 1 1 1 1 1 1 1 1 1 1 1 1 1 1 1 1 1 1 1 1 1 1 1 1 1 1 1 1 1 1 1 1 1 1 1 1 1 1 1 1 1 1 1 1 1 1 1 1 1 1 1 1 1 1 1 1 1 1 1 1 1 1 1 1 1 1 1 1 1 1 1 1 1 1 1 1 1 1 1 1 1 1 1 1 1 1 1 1 1 1 1 1 1 1 1 1 1 1 1 1 1 1 1  0 0 0 # in R project
0 1 1 1 1 1 1 1 1 1 1 1 1 1 1 1 1 1 1 1 1 1 1 1 1 1 1 1 1 1 1 1 1 1 1 1 1 1 1 1 1 1 1 1 1 1 1 1 1 1 1 1 1 1 1 1 1 1 1 1 1 1 1 1 1 1 1 1 1 1 1 1 1 1 1 1 1 1 1 1 1 1 1 1 1 1 1 1 1 1 1 1 1 1 1 1 1 1 1 1 1 1 1 1 1 1 1 1 1 1 1 1 1 1 1 1 1 1 1 1 1 1 1 1 1 1 1 1 1 1 1 1 1 1  0 0 0 # in R/S project
# Number of years with pre-specified catches
0
# catches for years with pre-specified catches go next
# Number of future recruitments to override
-2
# Process for overiding (-1 for average otherwise index in data list)
# Which probability to product detailed results for (1=0.5; 2=0.6; etc.)
3
# Steepness sigma-R Auto-correlation
0.718 0.5 0
# Target SPR rate (FMSY Proxy); manually change to SPR_MSY if not using SPR_target
0.5
# Discount rate (for cumulative catch)
0.1
# Truncate the series when 0.4B0 is reached (1=Yes)
0
# Set F to FMSY once 0.4B0 is reached (1=Yes)
0
# Maximum possible F for projection (-1 to set to FMSY)
-1
# Defintion of recovery (1=now only;2=now or before)
2
# Projection type
4
# Definition of the 40-10 rule
10 40
# Sigma Assessment Error (Base, Year1, Slope, MaxSigma)
1.0 2025 0.075 2.0
# Pstar
0.45
# Constrain catches by the ABC (1=yes, 2=no)
2
# Implementation Error (0=no; 1=lognormal; 2=uniform)
0
#Parameters of Implementaion Error
1 0.3
# Calculate coefficients of variation (1=Yes)
0
# Number of replicates to use
10
# Random number seed
-99004
# File with multiple parameter vectors 
rebuild.SSO
# User-specific projection (1=Yes); Output replaced (1->9)
0  5
# Catches and Fs (Year; 1/2/3 (F or C or SPR); value); Final row is -1
2024 1 1
-1 -1 -1
# Fixed catch project (1=Yes); Output replaced (1->9); Approach (-1=Read in else 1-9)
0 2 -1
# (48a) Special catch options (1-Yes) [CUT_OFF, Emsy, distribution, MAXCAT, Add, replace_code]
0 0.18 1.00 1.00 0 6
# (48b) B1Target
150000
# Split of Fs
2011  0.0174147
 0
 0.411153
 0.0230354
 0.186316
 0.190616
 0.171465
-1  1 1 1 1 1 1 1 1 1 1 1 1
# Yrs to define T_target for projection type 4 (a.k.a. 5 pre-specified inputs)
2030 2031 2032 2033 2034 
# Year for probability of recovery
2034 2035 2036 2037 2038 2039 2040 2041
# Time varying weight-at-age (1=Yes;0=No)
0
# File with time series of weight-at-age data
none
# Use bisection (0) or linear interpolation (1)
1
# Target Depletion
0.4
# CV of implementation error
0
