#Title, #runnumber: 1 yelloweye_data.ss yelloweye_control.ss 5449.01 1105.42 409.066 StartTime: Thu Apr 24 14:48:16 2025
SSv3_default_rebuild.dat
# Number of sexes
1
# Age range to consider (minimum age; maximum age)
0 100
# Number of fleets
7
# First year of projection (Yinit)
2011
# First Year of rebuilding period (Ydecl)
2013
# Number of simulations
1000
# Maximum number of years
500
# Conduct projections with multiple starting values (0=No;else yes)
0
# Number of parameter vectors
1000
# Is the maximum age a plus-group (1=Yes;2=No)
1
# Generate future recruitments using historical recruitments (1)  historical recruits/spawner (2)  or a stock-recruitment (3)
3
# Constant fishing mortality (1) or constant Catch (2) projections
1
# Fishing mortality based on SPR (1) or actual rate (2)
1
# Pre-specify the year of recovery (or -1) to ignore
-1
# Fecundity-at-age
# 0 1 2 3 4 5 6 7 8 9 10 11 12 13 14 15 16 17 18 19 20 21 22 23 24 25 26 27 28 29 30 31 32 33 34 35 36 37 38 39 40 41 42 43 44 45 46 47 48 49 50 51 52 53 54 55 56 57 58 59 60 61 62 63 64 65 66 67 68 69 70 71 72 73 74 75 76 77 78 79 80 81 82 83 84 85 86 87 88 89 90 91 92 93 94 95 96 97 98 99 100 #runnumber: 1 yelloweye_data.ss yelloweye_control.ss 5449.01 1105.42 409.066
 0 0 1.28986e-08 2.09785e-07 2.26539e-06 1.80838e-05 0.000112291 0.000549272 0.00210724 0.00638113 0.0156372 0.0320888 0.0570586 0.0905706 0.131498 0.178037 0.22821 0.280227 0.332664 0.3845 0.435067 0.483971 0.53101 0.576102 0.61924 0.660456 0.6998 0.737329 0.773101 0.807173 0.839598 0.870431 0.899722 0.927521 0.953881 0.978852 1.00248 1.02483 1.04594 1.06586 1.08466 1.10237 1.11904 1.13474 1.1495 1.16337 1.1764 1.18864 1.20012 1.21088 1.22098 1.23044 1.2393 1.2476 1.25536 1.26263 1.26943 1.27579 1.28174 1.2873 1.2925 1.29735 1.30189 1.30613 1.31009 1.31378 1.31723 1.32045 1.32346 1.32626 1.32888 1.33139 1.33373 1.33591 1.33795 1.33985 1.34162 1.34328 1.34482 1.34626 1.3476 1.34885 1.35001 1.3511 1.35211 1.35306 1.35394 1.35476 1.35552 1.35624 1.3569 1.35752 1.3581 1.35864 1.35914 1.35961 1.36005 1.36045 1.36083 1.36118 1.36172 #female fecundity; weighted by N in year Y_init across morphs and areas
# Age specific selectivity and weight adjusted for discard and discard mortality
 #wt and selex for gender,fleet: 1 1 1_CA_TWL
 0.00896709 0.0145378 0.0496906 0.105872 0.182708 0.276893 0.384255 0.500955 0.623848 0.750549 0.879445 1.00968 1.14102 1.27364 1.40782 1.54372 1.68122 1.81993 1.95918 2.09814 2.23593 2.37169 2.50464 2.63413 2.75966 2.88082 2.99735 3.10908 3.21592 3.31784 3.41488 3.5071 3.59459 3.67749 3.75593 3.83006 3.90005 3.96606 4.02826 4.08683 4.14193 4.19374 4.24242 4.28813 4.33103 4.37127 4.40899 4.44435 4.47748 4.50849 4.53753 4.56471 4.59013 4.61391 4.63614 4.65692 4.67635 4.6945 4.71145 4.72729 4.74208 4.7559 4.76879 4.78083 4.79207 4.80255 4.81234 4.82147 4.82999 4.83794 4.84542 4.85248 4.85906 4.8652 4.87092 4.87626 4.88123 4.88587 4.8902 4.89423 4.898 4.9015 4.90477 4.90782 4.91066 4.91331 4.91578 4.91808 4.92022 4.92222 4.92409 4.92582 4.92744 4.92895 4.93036 4.93167 4.93289 4.93403 4.93509 4.93608 4.93757
 0 0.000383313 0.00154993 0.00631616 0.0195687 0.0480329 0.0976617 0.170732 0.264481 0.371855 0.483679 0.591076 0.687279 0.768425 0.833412 0.88319 0.919893 0.946094 0.964294 0.97665 0.984882 0.990284 0.993786 0.996036 0.997473 0.998386 0.998966 0.999334 0.999568 0.999718 0.999814 0.999876 0.999916 0.999942 0.99996 0.999971 0.999979 0.999985 0.999988 0.999991 0.999993 0.999994 0.999995 0.999995 0.999996 0.999996 0.999996 0.999997 0.999997 0.999997 0.999997 0.999997 0.999997 0.999997 0.999997 0.999997 0.999997 0.999997 0.999997 0.999997 0.999997 0.999997 0.999997 0.999997 0.999997 0.999997 0.999997 0.999997 0.999997 0.999997 0.999997 0.999997 0.999997 0.999997 0.999997 0.999997 0.999997 0.999997 0.999997 0.999997 0.999997 0.999997 0.999997 0.999997 0.999997 0.999997 0.999997 0.999997 0.999997 0.999997 0.999997 0.999997 0.999997 0.999997 0.999997 0.999997 0.999997 0.999997 0.999997 0.999997 0.999997
 #wt and selex for gender,fleet: 1 3 3_CA_REC
 0.00896709 0.0139638 0.0441233 0.0939632 0.162937 0.24872 0.348068 0.457781 0.575085 0.697808 0.824514 0.954501 1.08759 1.22381 1.36307 1.50498 1.64886 1.79378 1.93868 2.0825 2.22428 2.36318 2.49854 2.62981 2.75663 2.87871 2.99589 3.10807 3.21523 3.31736 3.41455 3.50686 3.59443 3.67737 3.75585 3.83 3.90001 3.96603 4.02824 4.08681 4.14192 4.19373 4.24241 4.28812 4.33102 4.37126 4.40899 4.44435 4.47747 4.50849 4.53753 4.56471 4.59013 4.61391 4.63614 4.65692 4.67635 4.6945 4.71145 4.72729 4.74208 4.7559 4.76879 4.78083 4.79207 4.80255 4.81234 4.82147 4.82999 4.83794 4.84543 4.85248 4.85906 4.8652 4.87092 4.87626 4.88123 4.88587 4.8902 4.89424 4.898 4.9015 4.90477 4.90782 4.91066 4.91331 4.91578 4.91808 4.92023 4.92222 4.92409 4.92583 4.92744 4.92895 4.93036 4.93167 4.93289 4.93403 4.93509 4.93608 4.93757
 0 0.00447938 0.0121664 0.03273 0.0726488 0.136635 0.224524 0.330806 0.446341 0.560997 0.666072 0.755815 0.827829 0.882537 0.922165 0.949717 0.968213 0.980268 0.987932 0.992705 0.99563 0.997397 0.998456 0.999085 0.999457 0.999677 0.999806 0.999883 0.999929 0.999956 0.999973 0.999983 0.999989 0.999993 0.999995 0.999997 0.999998 0.999998 0.999999 0.999999 0.999999 0.999999 0.999999 0.999999 0.999999 0.999999 0.999999 0.999999 0.999999 0.999999 0.999999 0.999999 0.999999 0.999999 0.999999 0.999999 0.999999 0.999999 0.999999 0.999999 0.999999 0.999999 0.999999 0.999999 0.999999 0.999999 0.999999 0.999999 0.999999 0.999999 0.999999 0.999999 0.999999 0.999999 0.999999 0.999999 0.999999 0.999999 0.999999 0.999999 0.999999 0.999999 0.999999 0.999999 0.999999 0.999999 0.999999 0.999999 0.999999 0.999999 0.999999 0.999999 0.999999 0.999999 0.999999 0.999999 0.999999 0.999999 0.999999 0.999999 0.999999
 #wt and selex for gender,fleet: 1 4 4_ORWA_TWL
 0.00896709 0.0135549 0.0396817 0.0847495 0.148825 0.230655 0.32797 0.438159 0.558644 0.687063 0.821351 0.959771 1.10093 1.24378 1.38753 1.53162 1.67556 1.81891 1.96117 2.10183 2.24035 2.37618 2.50882 2.63781 2.76276 2.88337 2.9994 3.11071 3.21719 3.31884 3.41565 3.50769 3.59506 3.67785 3.75621 3.83028 3.90022 3.9662 4.02837 4.08692 4.142 4.1938 4.24247 4.28817 4.33106 4.37129 4.40902 4.44437 4.47749 4.50851 4.53755 4.56472 4.59014 4.61391 4.63615 4.65693 4.67635 4.6945 4.71146 4.7273 4.74209 4.7559 4.7688 4.78083 4.79207 4.80256 4.81234 4.82147 4.82999 4.83794 4.84543 4.85248 4.85906 4.8652 4.87092 4.87626 4.88124 4.88588 4.8902 4.89424 4.898 4.90151 4.90477 4.90782 4.91066 4.91331 4.91578 4.91808 4.92023 4.92223 4.92409 4.92583 4.92744 4.92895 4.93036 4.93167 4.93289 4.93403 4.93509 4.93608 4.93757
 0 0.016383 0.0326896 0.0626976 0.107646 0.167846 0.241444 0.324807 0.413348 0.502366 0.587706 0.666142 0.735543 0.794847 0.843926 0.883371 0.914239 0.937825 0.95547 0.96843 0.9778 0.984484 0.989203 0.992504 0.9948 0.99639 0.997487 0.998245 0.998767 0.999129 0.99938 0.999555 0.999678 0.999764 0.999826 0.99987 0.999902 0.999925 0.999942 0.999954 0.999963 0.99997 0.999976 0.99998 0.999983 0.999985 0.999987 0.999989 0.99999 0.999991 0.999992 0.999992 0.999993 0.999993 0.999994 0.999994 0.999994 0.999994 0.999995 0.999995 0.999995 0.999995 0.999995 0.999995 0.999995 0.999995 0.999995 0.999995 0.999995 0.999995 0.999996 0.999996 0.999996 0.999996 0.999996 0.999996 0.999996 0.999996 0.999996 0.999996 0.999996 0.999996 0.999996 0.999996 0.999996 0.999996 0.999996 0.999996 0.999996 0.999996 0.999996 0.999996 0.999996 0.999996 0.999996 0.999996 0.999996 0.999996 0.999996 0.999996 0.999996
 #wt and selex for gender,fleet: 1 5 5_ORWA_NONTWL
 0.00896709 0.0140407 0.0451616 0.0970794 0.169802 0.261216 0.368024 0.486797 0.61442 0.74825 0.88613 1.02636 1.16764 1.30907 1.45004 1.59018 1.72929 1.8672 2.00374 2.13866 2.27166 2.4024 2.53046 2.65546 2.77701 2.89478 3.00848 3.1179 3.22288 3.32332 3.41919 3.51049 3.59727 3.67961 3.75762 3.83141 3.90114 3.96694 4.02898 4.08742 4.14242 4.19415 4.24276 4.28842 4.33127 4.37148 4.40918 4.44451 4.47762 4.50862 4.53764 4.56481 4.59022 4.61399 4.63621 4.65699 4.67641 4.69455 4.71151 4.72734 4.74213 4.75594 4.76883 4.78087 4.7921 4.80259 4.81237 4.8215 4.83002 4.83797 4.84546 4.85251 4.85909 4.86522 4.87095 4.87628 4.88126 4.8859 4.89023 4.89426 4.89802 4.90153 4.9048 4.90785 4.91069 4.91334 4.9158 4.91811 4.92025 4.92225 4.92411 4.92585 4.92747 4.92898 4.93038 4.93169 4.93291 4.93405 4.93511 4.9361 4.93759
 0 0.00106608 0.00308467 0.00909903 0.0223313 0.046606 0.0850185 0.138832 0.207017 0.286506 0.372937 0.461529 0.547843 0.6283 0.700436 0.762926 0.815436 0.858392 0.892714 0.919583 0.940251 0.955913 0.967637 0.976324 0.98271 0.987377 0.990774 0.993241 0.99503 0.996328 0.997272 0.99796 0.998464 0.998834 0.999108 0.999312 0.999464 0.999579 0.999666 0.999732 0.999783 0.999823 0.999854 0.999879 0.999898 0.999914 0.999927 0.999937 0.999945 0.999952 0.999958 0.999963 0.999967 0.99997 0.999973 0.999975 0.999977 0.999979 0.999981 0.999982 0.999983 0.999984 0.999985 0.999986 0.999987 0.999987 0.999988 0.999988 0.999989 0.999989 0.99999 0.99999 0.99999 0.99999 0.99999 0.99999 0.999991 0.999991 0.999991 0.999991 0.999991 0.999991 0.999991 0.999991 0.999991 0.999991 0.999991 0.999991 0.999992 0.999992 0.999992 0.999992 0.999992 0.999992 0.999992 0.999992 0.999992 0.999992 0.999992 0.999992 0.999992
 #wt and selex for gender,fleet: 1 6 6_OR_REC
 0.00896709 0.0170532 0.0645261 0.130726 0.213846 0.307188 0.40541 0.505433 0.606752 0.710978 0.820568 0.937594 1.06303 1.19657 1.33693 1.48223 1.63041 1.77961 1.92823 2.07503 2.21902 2.3595 2.49592 2.62791 2.75518 2.87754 2.99488 3.10716 3.21436 3.31652 3.4137 3.50601 3.59357 3.67649 3.75495 3.82909 3.89907 3.96508 4.02728 4.08584 4.14093 4.19273 4.24139 4.28709 4.32998 4.37022 4.40794 4.44329 4.4764 4.50742 4.53645 4.56362 4.58903 4.6128 4.63503 4.65581 4.67523 4.69338 4.71033 4.72617 4.74096 4.75477 4.76766 4.7797 4.79093 4.80142 4.8112 4.82033 4.82885 4.83679 4.84428 4.85133 4.85791 4.86404 4.86976 4.87509 4.88007 4.88471 4.88903 4.89306 4.89682 4.90033 4.9036 4.90664 4.90948 4.91213 4.9146 4.9169 4.91904 4.92104 4.9229 4.92464 4.92625 4.92776 4.92917 4.93048 4.9317 4.93284 4.9339 4.93488 4.93637
 0 2.30026e-05 0.000330172 0.00347143 0.019505 0.0678958 0.165326 0.308725 0.4739 0.630849 0.759124 0.852322 0.914068 0.952098 0.974189 0.98642 0.99292 0.996245 0.997877 0.998631 0.998942 0.999032 0.999015 0.998945 0.998852 0.998748 0.998641 0.998534 0.998429 0.998327 0.998228 0.998134 0.998043 0.997956 0.997874 0.997795 0.99772 0.99765 0.997583 0.99752 0.99746 0.997404 0.997351 0.997301 0.997254 0.99721 0.997168 0.997129 0.997093 0.997059 0.997026 0.996996 0.996968 0.996942 0.996917 0.996894 0.996872 0.996852 0.996833 0.996816 0.996799 0.996784 0.996769 0.996756 0.996743 0.996732 0.996721 0.996711 0.996701 0.996692 0.996684 0.996676 0.996668 0.996662 0.996655 0.996649 0.996644 0.996638 0.996633 0.996629 0.996625 0.996621 0.996617 0.996614 0.99661 0.996607 0.996605 0.996602 0.9966 0.996597 0.996595 0.996593 0.996592 0.99659 0.996588 0.996587 0.996585 0.996584 0.996583 0.996582 0.99658
 #wt and selex for gender,fleet: 1 7 7_WA_REC
 0.00896709 0.0177509 0.0690726 0.142407 0.236615 0.3443 0.459085 0.576479 0.693786 0.809943 0.92531 1.0412 1.15924 1.28087 1.40693 1.53759 1.67234 1.8102 1.94985 2.08993 2.22913 2.36629 2.5005 2.63105 2.7574 2.87919 2.99619 3.10826 3.21534 3.31744 3.41459 3.50689 3.59445 3.67739 3.75585 3.83001 3.90001 3.96603 4.02824 4.08682 4.14192 4.19373 4.24241 4.28812 4.33102 4.37126 4.40899 4.44435 4.47747 4.50849 4.53753 4.56471 4.59013 4.61391 4.63614 4.65692 4.67635 4.6945 4.71145 4.72729 4.74208 4.7559 4.76879 4.78083 4.79207 4.80255 4.81234 4.82147 4.82999 4.83794 4.84543 4.85248 4.85906 4.8652 4.87092 4.87626 4.88123 4.88587 4.8902 4.89424 4.898 4.9015 4.90477 4.90782 4.91066 4.91331 4.91578 4.91808 4.92023 4.92222 4.92409 4.92583 4.92744 4.92895 4.93036 4.93167 4.93289 4.93403 4.93509 4.93608 4.93757
 0 1.20776e-06 2.41664e-05 0.00035662 0.00277556 0.0130818 0.0420253 0.100882 0.193957 0.314673 0.448324 0.578606 0.693188 0.785896 0.855984 0.906116 0.940386 0.962959 0.977386 0.986382 0.991884 0.995197 0.99717 0.998335 0.99902 0.999421 0.999656 0.999795 0.999876 0.999925 0.999953 0.999971 0.999981 0.999988 0.999992 0.999995 0.999996 0.999997 0.999998 0.999998 0.999999 0.999999 0.999999 0.999999 0.999999 0.999999 0.999999 0.999999 0.999999 0.999999 0.999999 0.999999 0.999999 0.999999 0.999999 0.999999 0.999999 0.999999 0.999999 0.999999 0.999999 0.999999 0.999999 0.999999 0.999999 0.999999 0.999999 0.999999 0.999999 0.999999 0.999999 0.999999 0.999999 0.999999 0.999999 0.999999 0.999999 0.999999 0.999999 0.999999 0.999999 0.999999 0.999999 0.999999 0.999999 0.999999 0.999999 0.999999 0.999999 0.999999 0.999999 0.999999 0.999999 0.999999 0.999999 0.999999 0.999999 0.999999 0.999999 0.999999 0.999999
# Sex ratio correction
1
# M and current age-structure in year Yinit: 2011
 # gender = 1
 0.0439034 0.0439034 0.0439034 0.0439034 0.0439034 0.0439034 0.0439034 0.0439034 0.0439034 0.0439034 0.0439034 0.0439034 0.0439034 0.0439034 0.0439034 0.0439034 0.0439034 0.0439034 0.0439034 0.0439034 0.0439034 0.0439034 0.0439034 0.0439034 0.0439034 0.0439034 0.0439034 0.0439034 0.0439034 0.0439034 0.0439034 0.0439034 0.0439034 0.0439034 0.0439034 0.0439034 0.0439034 0.0439034 0.0439034 0.0439034 0.0439034 0.0439034 0.0439034 0.0439034 0.0439034 0.0439034 0.0439034 0.0439034 0.0439034 0.0439034 0.0439034 0.0439034 0.0439034 0.0439034 0.0439034 0.0439034 0.0439034 0.0439034 0.0439034 0.0439034 0.0439034 0.0439034 0.0439034 0.0439034 0.0439034 0.0439034 0.0439034 0.0439034 0.0439034 0.0439034 0.0439034 0.0439034 0.0439034 0.0439034 0.0439034 0.0439034 0.0439034 0.0439034 0.0439034 0.0439034 0.0439034 0.0439034 0.0439034 0.0439034 0.0439034 0.0439034 0.0439034 0.0439034 0.0439034 0.0439034 0.0439034 0.0439034 0.0439034 0.0439034 0.0439034 0.0439034 0.0439034 0.0439034 0.0439034 0.0439034 0.0439034
 321.057 360.111 267.586 367.241 216.073 141.411 90.809 65.1501 116.417 291.543 70.3932 51.8269 90.1668 60.2276 32.3574 26.9152 28.6973 65.7501 68.4733 28.0063 21.8713 22.456 23.4415 23.8972 25.6542 27.8198 35.1298 36.2716 23.0301 28.0049 19.8922 14.7177 10.2316 7.85583 9.09051 9.28528 8.43253 4.76133 4.3872 5.51238 7.96416 4.69627 3.65717 2.94309 2.28546 1.8752 1.46946 1.2149 1.15443 1.2277 1.34904 1.37832 1.25917 1.10067 0.973554 0.888262 0.843713 0.838238 0.871737 0.946436 1.06042 1.19007 1.2646 1.20696 1.05661 0.904071 0.783935 0.696339 0.633458 0.587118 0.55191 0.524251 0.501942 0.483382 0.467016 0.451509 0.435841 0.419628 0.402992 0.386455 0.370606 0.355917 0.342545 0.330483 0.3195 0.309233 0.299171 0.289297 0.279411 0.269419 0.259292 0.249052 0.238768 0.228566 0.218466 0.208604 0.199062 0.189887 0.181105 0.172732 3.72335
# Age-structure at Ydeclare= 2013
 191.995 193.463 294.066 329.831 245.076 336.31 197.827 129.414 83.0501 59.5329 106.279 265.903 64.1477 47.1952 82.063 54.7918 29.4283 24.4737 26.0905 59.7721 62.2442 25.4576 19.8804 20.4116 21.3071 21.7211 23.3178 25.2858 31.9295 32.9666 20.9312 25.452 18.0784 13.3754 9.29827 7.13907 8.26095 8.4378 7.66276 4.32662 3.98659 5.00894 7.2367 4.26725 3.32303 2.67417 2.07661 1.70383 1.33515 1.10386 1.04891 1.11548 1.22572 1.25231 1.14406 1.00004 0.884548 0.807052 0.766576 0.761601 0.792037 0.859906 0.96347 1.08126 1.14898 1.09661 0.960003 0.821413 0.712261 0.632674 0.575541 0.533438 0.50145 0.476319 0.45605 0.439187 0.424317 0.410227 0.395992 0.381261 0.366146 0.351121 0.336722 0.323376 0.311227 0.300267 0.290288 0.28096 0.271818 0.262847 0.253865 0.244787 0.235586 0.226281 0.216938 0.207668 0.198492 0.189532 0.180862 0.172526 3.70443
# Year for Tmin Age-structure (set to Ydecl by SS)
2013
#  recruitment and biomass
# Number of historical assessment years
137
# Historical data
# year recruitment spawner in B0 in R project in R/S project
1888  1889 1890 1891 1892 1893 1894 1895 1896 1897 1898 1899 1900 1901 1902 1903 1904 1905 1906 1907 1908 1909 1910 1911 1912 1913 1914 1915 1916 1917 1918 1919 1920 1921 1922 1923 1924 1925 1926 1927 1928 1929 1930 1931 1932 1933 1934 1935 1936 1937 1938 1939 1940 1941 1942 1943 1944 1945 1946 1947 1948 1949 1950 1951 1952 1953 1954 1955 1956 1957 1958 1959 1960 1961 1962 1963 1964 1965 1966 1967 1968 1969 1970 1971 1972 1973 1974 1975 1976 1977 1978 1979 1980 1981 1982 1983 1984 1985 1986 1987 1988 1989 1990 1991 1992 1993 1994 1995 1996 1997 1998 1999 2000 2001 2002 2003 2004 2005 2006 2007 2008 2009 2010 2011 2012 2013 2014 2015 2016 2017 2018 2019 2020 2021 2022 2023 2024 #years (with first value representing R0)
218.721 222.174 222.296 222.422 222.553 222.68 222.812 222.949 223.098 223.253 223.415 223.584 223.76 223.944 224.136 224.333 224.541 224.762 224.995 225.253 225.53 225.827 226.143 226.471 226.812 227.146 227.452 227.687 227.807 227.752 227.445 226.773 225.749 224.3 222.409 220.102 217.435 214.505 211.463 208.313 205.368 202.798 200.66 198.879 197.307 195.666 193.685 191.18 188.185 184.939 181.886 179.499 178.227 178.435 180.582 185.412 194.011 207.939 228.331 254.091 276.346 275.65 246.925 209.412 177.863 155.881 142.599 136.52 136.671 142.387 152.944 166.127 172.505 159.986 137.75 122.312 121.243 137.675 164.321 186.437 222.294 254.179 298.336 459.06 286.136 203.539 195.976 305.7 294.338 250.108 186.139 207.11 252.498 287.187 338.241 231.847 304.069 245.759 163.381 127.588 101.776 86.5992 73.0025 63.4888 73.6712 165.492 147.768 60.526 53.6365 61.1821 108.347 154.557 84.735 109.844 434.463 165.774 88.6932 118.241 176.164 257.573 418.951 292.145 376.273 321.057 202.146 191.995 110.514 131.509 111.185 141.193 148.559 167.159 171.426 175.897 180.407 183.025 185.174  #recruits; first value is R0 (virgin)
1105.42  1105.42 1105.42 1105.4 1105.38 1104.91 1104.46 1103.99 1103.84 1103.77 1103.69 1103.63 1103.56 1103.51 1103.47 1103.45 1103.46 1103.48 1103.54 1103.62 1103.73 1103.74 1103.88 1104.04 1104.21 1104.4 1104.59 1104.8 1104.94 1105.17 1105.24 1103.28 1102.91 1102.67 1102.51 1102.65 1102.72 1102.26 1101.47 1099.88 1097.59 1095.4 1093.68 1091.63 1090.59 1089.72 1088.83 1087.39 1085.91 1083.41 1081.13 1078.49 1076.41 1073.1 1068.2 1062.85 1052.9 1042.16 1026.05 1011.12 1003.87 995.761 989.249 981.862 972.805 964.895 958.71 951.453 944.578 937.73 929.839 922.76 916.844 912.139 909.29 905.743 903.813 903.082 892.547 889.164 883.95 878.258 863.814 854.111 841.033 824.576 807.038 787.455 768.003 745.688 723.633 688.885 652.494 624.793 589.597 534.116 505.098 483.197 456.213 434.104 406.909 383.11 353.737 333.178 297.514 265.576 235.08 218.523 202.227 184.467 163.8 156.692 145.721 147.48 148.274 154.421 160.693 167.358 174.047 181.156 187.749 194.823 201.851 209.586 217.934 226.855 236.895 247.848 259.473 272.218 285.102 299.512 315.037 332.676 351.511 370.069 388.447 #spbio; first value is SSB_virgin (virgin)
1 0 0 0 0 0 0 0 0 0 0 0 0 0 0 0 0 0 0 0 0 0 0 0 0 0 0 0 0 0 0 0 0 0 0 0 0 0 0 0 0 0 0 0 0 0 0 0 0 0 0 0 0 0 0 0 0 0 0 0 0 0 0 0 0 0 0 0 0 0 0 0 0 0 0 0 0 0 0 0 0 0 0 0 0 0 0 0 0 0 0 0 0 0 0 0 0 0 0 0 0 0 0 0 0 0 0 0 0 0 0 0 0 0 0 0 0 0 0 0 0 0 0 0 0 0 0 0 0 0 0 0 0 0 0 0 0  # in Bzero
0 1 1 1 1 1 1 1 1 1 1 1 1 1 1 1 1 1 1 1 1 1 1 1 1 1 1 1 1 1 1 1 1 1 1 1 1 1 1 1 1 1 1 1 1 1 1 1 1 1 1 1 1 1 1 1 1 1 1 1 1 1 1 1 1 1 1 1 1 1 1 1 1 1 1 1 1 1 1 1 1 1 1 1 1 1 1 1 1 1 1 1 1 1 1 1 1 1 1 1 1 1 1 1 1 1 1 1 1 1 1 1 1 1 1 1 1 1 1 1 1 1 1 1 1 1 1 1 1 1 1 1 1 1  0 0 0 # in R project
0 1 1 1 1 1 1 1 1 1 1 1 1 1 1 1 1 1 1 1 1 1 1 1 1 1 1 1 1 1 1 1 1 1 1 1 1 1 1 1 1 1 1 1 1 1 1 1 1 1 1 1 1 1 1 1 1 1 1 1 1 1 1 1 1 1 1 1 1 1 1 1 1 1 1 1 1 1 1 1 1 1 1 1 1 1 1 1 1 1 1 1 1 1 1 1 1 1 1 1 1 1 1 1 1 1 1 1 1 1 1 1 1 1 1 1 1 1 1 1 1 1 1 1 1 1 1 1 1 1 1 1 1 1  0 0 0 # in R/S project
# Number of years with pre-specified catches
0
# catches for years with pre-specified catches go next
# Number of future recruitments to override
-2
# Process for overiding (-1 for average otherwise index in data list)
# Which probability to product detailed results for (1=0.5; 2=0.6; etc.)
3
# Steepness sigma-R Auto-correlation
0.718 0.5 0
# Target SPR rate (FMSY Proxy); manually change to SPR_MSY if not using SPR_target
0.5
# Discount rate (for cumulative catch)
0.1
# Truncate the series when 0.4B0 is reached (1=Yes)
0
# Set F to FMSY once 0.4B0 is reached (1=Yes)
0
# Maximum possible F for projection (-1 to set to FMSY)
-1
# Defintion of recovery (1=now only;2=now or before)
2
# Projection type
4
# Definition of the 40-10 rule
10 40
# Sigma Assessment Error (Base, Year1, Slope, MaxSigma)
1.0 2025 0.075 2.0
# Pstar
0.45
# Constrain catches by the ABC (1=yes, 2=no)
2
# Implementation Error (0=no; 1=lognormal; 2=uniform)
0
#Parameters of Implementaion Error
1 0.3
# Calculate coefficients of variation (1=Yes)
0
# Number of replicates to use
10
# Random number seed
-99004
# File with multiple parameter vectors 
rebuild.SSO
# User-specific projection (1=Yes); Output replaced (1->9)
0  5
# Catches and Fs (Year; 1/2/3 (F or C or SPR); value); Final row is -1
2024 1 1
-1 -1 -1
# Fixed catch project (1=Yes); Output replaced (1->9); Approach (-1=Read in else 1-9)
0 2 -1
# (48a) Special catch options (1-Yes) [CUT_OFF, Emsy, distribution, MAXCAT, Add, replace_code]
0 0.18 1.00 1.00 0 6
# (48b) B1Target
150000
# Split of Fs
2011  0.0170255
 0
 0.40039
 0.0244998
 0.181843
 0.196426
 0.179816
-1  1 1 1 1 1 1 1 1 1 1 1 1
# Yrs to define T_target for projection type 4 (a.k.a. 5 pre-specified inputs)
2030 2031 2032 2033 2034 
# Year for probability of recovery
2034 2035 2036 2037 2038 2039 2040 2041
# Time varying weight-at-age (1=Yes;0=No)
0
# File with time series of weight-at-age data
none
# Use bisection (0) or linear interpolation (1)
1
# Target Depletion
0.4
# CV of implementation error
0
