#Title, #runnumber: 1 yelloweye_data.ss yelloweye_control.ss 7228.52 1089.84 375.333 StartTime: Wed Apr 23 10:25:05 2025
SSv3_default_rebuild.dat
# Number of sexes
1
# Age range to consider (minimum age; maximum age)
0 100
# Number of fleets
7
# First year of projection (Yinit)
2011
# First Year of rebuilding period (Ydecl)
2013
# Number of simulations
1000
# Maximum number of years
500
# Conduct projections with multiple starting values (0=No;else yes)
0
# Number of parameter vectors
1000
# Is the maximum age a plus-group (1=Yes;2=No)
1
# Generate future recruitments using historical recruitments (1)  historical recruits/spawner (2)  or a stock-recruitment (3)
3
# Constant fishing mortality (1) or constant Catch (2) projections
1
# Fishing mortality based on SPR (1) or actual rate (2)
1
# Pre-specify the year of recovery (or -1) to ignore
-1
# Fecundity-at-age
# 0 1 2 3 4 5 6 7 8 9 10 11 12 13 14 15 16 17 18 19 20 21 22 23 24 25 26 27 28 29 30 31 32 33 34 35 36 37 38 39 40 41 42 43 44 45 46 47 48 49 50 51 52 53 54 55 56 57 58 59 60 61 62 63 64 65 66 67 68 69 70 71 72 73 74 75 76 77 78 79 80 81 82 83 84 85 86 87 88 89 90 91 92 93 94 95 96 97 98 99 100 #runnumber: 1 yelloweye_data.ss yelloweye_control.ss 7228.52 1089.84 375.333
 0 0 2.77808e-09 5.7669e-08 7.32116e-07 6.55861e-06 4.50575e-05 0.00024745 0.00109923 0.00392616 0.0112562 0.0263075 0.0515709 0.087588 0.132844 0.1846 0.239919 0.296347 0.352167 0.406341 0.458342 0.507967 0.555194 0.600088 0.642746 0.683271 0.721757 0.758288 0.792942 0.825787 0.856887 0.886304 0.914099 0.940331 0.965063 0.988354 1.01027 1.03086 1.05019 1.06833 1.08534 1.10126 1.11616 1.1301 1.14313 1.1553 1.16666 1.17726 1.18715 1.19636 1.20495 1.21295 1.2204 1.22733 1.23378 1.23978 1.24536 1.25055 1.25538 1.25986 1.26403 1.2679 1.27149 1.27483 1.27793 1.28081 1.28349 1.28597 1.28827 1.29041 1.29239 1.29426 1.296 1.29761 1.2991 1.30049 1.30177 1.30296 1.30407 1.3051 1.30605 1.30693 1.30775 1.30851 1.30921 1.30986 1.31047 1.31103 1.31155 1.31203 1.31248 1.31289 1.31328 1.31363 1.31396 1.31427 1.31455 1.31482 1.31506 1.31529 1.31562 #female fecundity; weighted by N in year Y_init across morphs and areas
# Age specific selectivity and weight adjusted for discard and discard mortality
 #wt and selex for gender,fleet: 1 1 1_CA_TWL
 0.00896707 0.00910989 0.0278037 0.0692075 0.13145 0.213653 0.313031 0.42628 0.550151 0.681732 0.818583 0.958895 1.10164 1.24649 1.39342 1.54228 1.69253 1.84324 1.99328 2.14145 2.2867 2.42814 2.56509 2.69707 2.82373 2.94488 3.06041 3.1703 3.27459 3.37336 3.46674 3.55488 3.63794 3.71613 3.78963 3.85865 3.92339 3.98407 4.04089 4.09405 4.14375 4.1902 4.23357 4.27404 4.3118 4.347 4.3798 4.41036 4.43882 4.46531 4.48996 4.51289 4.53422 4.55405 4.57249 4.58963 4.60555 4.62034 4.63408 4.64684 4.6587 4.6697 4.67991 4.6894 4.6982 4.70637 4.71395 4.72098 4.72751 4.73356 4.73921 4.74449 4.74938 4.75392 4.75813 4.76204 4.76566 4.76902 4.77213 4.77502 4.7777 4.78018 4.78248 4.78462 4.7866 4.78844 4.79014 4.79171 4.79318 4.79453 4.79579 4.79696 4.79804 4.79904 4.79997 4.80083 4.80163 4.80237 4.80305 4.80369 4.80462
 0 0.00109382 0.00247407 0.00933491 0.0276548 0.0656198 0.129761 0.221249 0.334573 0.459174 0.582732 0.694449 0.787279 0.858682 0.909935 0.944583 0.966859 0.980608 0.988828 0.993627 0.996382 0.997947 0.99883 0.999329 0.999611 0.999772 0.999864 0.999918 0.999949 0.999968 0.999979 0.999986 0.99999 0.999993 0.999994 0.999996 0.999996 0.999997 0.999997 0.999997 0.999997 0.999997 0.999997 0.999997 0.999997 0.999997 0.999997 0.999997 0.999997 0.999997 0.999997 0.999997 0.999997 0.999997 0.999997 0.999997 0.999997 0.999997 0.999997 0.999997 0.999997 0.999997 0.999997 0.999997 0.999997 0.999997 0.999997 0.999997 0.999997 0.999997 0.999997 0.999997 0.999997 0.999997 0.999997 0.999997 0.999997 0.999997 0.999997 0.999997 0.999997 0.999997 0.999997 0.999997 0.999997 0.999997 0.999997 0.999997 0.999997 0.999997 0.999997 0.999997 0.999997 0.999997 0.999997 0.999997 0.999997 0.999997 0.999997 0.999997 0.999997
 #wt and selex for gender,fleet: 1 3 3_CA_REC
 0.00896707 0.00910978 0.0269216 0.0666457 0.12646 0.205562 0.301416 0.410964 0.531165 0.659291 0.793196 0.93161 1.07411 1.22062 1.37082 1.52384 1.67837 1.83293 1.98608 2.13659 2.2835 2.42608 2.56378 2.69623 2.8232 2.94454 3.06019 3.17016 3.2745 3.3733 3.4667 3.55485 3.63793 3.71612 3.78962 3.85864 3.92339 3.98407 4.04088 4.09405 4.14375 4.1902 4.23357 4.27404 4.3118 4.347 4.3798 4.41036 4.43882 4.46531 4.48996 4.51289 4.53422 4.55405 4.57249 4.58963 4.60555 4.62034 4.63408 4.64685 4.6587 4.6697 4.67992 4.6894 4.6982 4.70637 4.71395 4.72098 4.72751 4.73356 4.73921 4.74449 4.74938 4.75392 4.75813 4.76204 4.76566 4.76902 4.77213 4.77502 4.7777 4.78018 4.78249 4.78462 4.7866 4.78844 4.79014 4.79172 4.79318 4.79453 4.79579 4.79696 4.79804 4.79904 4.79997 4.80083 4.80163 4.80237 4.80305 4.80369 4.80462
 0 0.00396638 0.00824995 0.0254685 0.0634413 0.130031 0.227202 0.348796 0.482338 0.613191 0.728756 0.821332 0.889016 0.934562 0.96308 0.979895 0.989343 0.994458 0.997153 0.998546 0.999258 0.99962 0.999804 0.999897 0.999946 0.999971 0.999984 0.999991 0.999995 0.999997 0.999998 0.999999 0.999999 0.999999 0.999999 0.999999 0.999999 0.999999 0.999999 0.999999 0.999999 0.999999 0.999999 0.999999 0.999999 0.999999 0.999999 0.999999 0.999999 0.999999 0.999999 0.999999 0.999999 0.999999 0.999999 0.999999 0.999999 0.999999 0.999999 0.999999 0.999999 0.999999 0.999999 0.999999 0.999999 0.999999 0.999999 0.999999 0.999999 0.999999 0.999999 0.999999 0.999999 0.999999 0.999999 0.999999 0.999999 0.999999 0.999999 0.999999 0.999999 0.999999 0.999999 0.999999 0.999999 0.999999 0.999999 0.999999 0.999999 0.999999 0.999999 0.999999 0.999999 0.999999 0.999999 0.999999 0.999999 0.999999 0.999999 0.999999 0.999999
 #wt and selex for gender,fleet: 1 4 4_ORWA_TWL
 0.00896707 0.00910961 0.0255039 0.0627247 0.119636 0.195883 0.289589 0.398197 0.518957 0.649211 0.786561 0.929042 1.07527 1.22439 1.37583 1.52892 1.68282 1.83645 1.98867 2.13841 2.28473 2.42688 2.56429 2.69656 2.82341 2.94468 3.06028 3.17022 3.27453 3.37332 3.46671 3.55486 3.63793 3.71612 3.78962 3.85864 3.92339 3.98407 4.04088 4.09405 4.14375 4.1902 4.23357 4.27404 4.3118 4.347 4.3798 4.41036 4.43882 4.46531 4.48996 4.51289 4.53422 4.55405 4.57249 4.58963 4.60555 4.62034 4.63408 4.64684 4.6587 4.6697 4.67991 4.6894 4.6982 4.70637 4.71395 4.72098 4.72751 4.73356 4.73921 4.74449 4.74938 4.75392 4.75813 4.76204 4.76566 4.76902 4.77213 4.77502 4.7777 4.78018 4.78248 4.78462 4.7866 4.78843 4.79014 4.79171 4.79318 4.79453 4.79579 4.79696 4.79804 4.79904 4.79997 4.80083 4.80163 4.80237 4.80305 4.80369 4.80462
 0 0.0140683 0.0256398 0.0573359 0.110637 0.187303 0.284528 0.395375 0.510747 0.621608 0.720662 0.803265 0.86768 0.914768 0.947179 0.968323 0.981502 0.989415 0.994028 0.99666 0.998139 0.998962 0.999418 0.999671 0.999812 0.999891 0.999936 0.999961 0.999976 0.999985 0.99999 0.999993 0.999995 0.999996 0.999997 0.999997 0.999997 0.999997 0.999997 0.999998 0.999998 0.999998 0.999998 0.999997 0.999997 0.999997 0.999997 0.999997 0.999997 0.999997 0.999997 0.999997 0.999997 0.999997 0.999997 0.999997 0.999997 0.999997 0.999997 0.999997 0.999997 0.999997 0.999997 0.999997 0.999997 0.999997 0.999997 0.999997 0.999997 0.999997 0.999997 0.999997 0.999997 0.999997 0.999997 0.999997 0.999997 0.999997 0.999997 0.999997 0.999997 0.999997 0.999997 0.999997 0.999997 0.999997 0.999997 0.999997 0.999997 0.999997 0.999997 0.999997 0.999997 0.999997 0.999997 0.999997 0.999997 0.999997 0.999997 0.999997 0.999997
 #wt and selex for gender,fleet: 1 5 5_ORWA_NONTWL
 0.00896707 0.0091098 0.0271661 0.0678607 0.12993 0.213057 0.31495 0.432566 0.562705 0.702327 0.848711 0.9995 1.1527 1.30667 1.4601 1.61202 1.76174 1.90883 2.05301 2.19406 2.33177 2.4659 2.59616 2.72229 2.844 2.96106 3.07327 3.18051 3.28269 3.37981 3.47189 3.55901 3.64128 3.71884 3.79185 3.86048 3.92491 3.98534 4.04196 4.09496 4.14454 4.19088 4.23416 4.27456 4.31226 4.34741 4.38017 4.41069 4.43912 4.46558 4.49021 4.51313 4.53444 4.55426 4.57268 4.58981 4.60572 4.6205 4.63424 4.64699 4.65884 4.66983 4.68005 4.68952 4.69832 4.70649 4.71406 4.72109 4.72762 4.73367 4.73932 4.74459 4.74949 4.75403 4.75823 4.76214 4.76576 4.76912 4.77223 4.77512 4.7778 4.78028 4.78258 4.78471 4.78669 4.78853 4.79023 4.79181 4.79327 4.79463 4.79588 4.79705 4.79813 4.79913 4.80006 4.80092 4.80172 4.80246 4.80314 4.80378 4.80471
 0 0.00065342 0.00138756 0.00461087 0.0126925 0.0292486 0.058066 0.101844 0.161218 0.234478 0.317978 0.406989 0.496604 0.58247 0.661233 0.730724 0.789926 0.838804 0.878051 0.908807 0.932418 0.950235 0.963499 0.97327 0.980414 0.985614 0.98939 0.99213 0.994123 0.995576 0.996641 0.997426 0.998007 0.998442 0.998769 0.999017 0.999206 0.999353 0.999467 0.999556 0.999627 0.999683 0.999729 0.999765 0.999795 0.99982 0.999841 0.999858 0.999872 0.999884 0.999894 0.999903 0.999911 0.999917 0.999923 0.999928 0.999932 0.999936 0.999939 0.999942 0.999945 0.999947 0.999949 0.999951 0.999953 0.999954 0.999956 0.999957 0.999958 0.999959 0.99996 0.99996 0.999961 0.999961 0.999962 0.999962 0.999963 0.999963 0.999963 0.999964 0.999964 0.999964 0.999965 0.999965 0.999965 0.999965 0.999965 0.999965 0.999966 0.999966 0.999966 0.999966 0.999966 0.999966 0.999966 0.999966 0.999966 0.999966 0.999967 0.999967 0.999967
 #wt and selex for gender,fleet: 1 6 6_OR_REC
 0.00896707 0.0091112 0.0350437 0.0852669 0.156264 0.243849 0.342739 0.448482 0.558245 0.671789 0.791307 0.919446 1.05732 1.20394 1.35695 1.51357 1.67135 1.82838 1.9832 2.13476 2.2823 2.42521 2.5631 2.69564 2.82264 2.94399 3.05962 3.16957 3.27388 3.37266 3.46603 3.55415 3.63721 3.71537 3.78886 3.85786 3.92258 3.98324 4.04004 4.09319 4.14288 4.18931 4.23267 4.27313 4.31088 4.34607 4.37886 4.40941 4.43786 4.46434 4.48899 4.51192 4.53324 4.55307 4.5715 4.58863 4.60455 4.61933 4.63307 4.64583 4.65768 4.66868 4.67889 4.68837 4.69717 4.70534 4.71292 4.71995 4.72647 4.73252 4.73817 4.74345 4.74834 4.75288 4.75708 4.76099 4.76461 4.76796 4.77108 4.77396 4.77664 4.77912 4.78142 4.78356 4.78554 4.78737 4.78907 4.79065 4.79211 4.79347 4.79472 4.79589 4.79697 4.79797 4.7989 4.79976 4.80056 4.8013 4.80198 4.80262 4.80355
 0 1.83971e-05 9.25876e-05 0.00139446 0.0107377 0.0477699 0.139217 0.293844 0.48568 0.669308 0.810761 0.902028 0.953215 0.978979 0.990917 0.9961 0.99822 0.999022 0.999275 0.999303 0.999239 0.99914 0.999025 0.998907 0.998788 0.99867 0.998556 0.998445 0.998339 0.998237 0.998139 0.998047 0.997959 0.997875 0.997796 0.997722 0.997652 0.997586 0.997524 0.997465 0.997411 0.99736 0.997312 0.997267 0.997225 0.997186 0.997149 0.997115 0.997084 0.997054 0.997027 0.997001 0.996977 0.996955 0.996934 0.996915 0.996897 0.99688 0.996865 0.996851 0.996837 0.996825 0.996814 0.996803 0.996793 0.996784 0.996775 0.996767 0.99676 0.996753 0.996747 0.996741 0.996735 0.99673 0.996725 0.996721 0.996717 0.996713 0.996709 0.996706 0.996703 0.9967 0.996698 0.996695 0.996693 0.996691 0.996689 0.996687 0.996686 0.996684 0.996683 0.996681 0.99668 0.996679 0.996678 0.996677 0.996676 0.996675 0.996674 0.996674 0.996673
 #wt and selex for gender,fleet: 1 7 7_WA_REC
 0.00896707 0.00911105 0.034603 0.0859269 0.160841 0.256175 0.366885 0.488127 0.615874 0.747044 0.879554 1.01247 1.14604 1.2813 1.41932 1.56064 1.70498 1.85137 1.99841 2.1446 2.2886 2.42927 2.56576 2.69746 2.82396 2.94501 3.06049 3.17035 3.27462 3.37338 3.46675 3.55488 3.63795 3.71613 3.78963 3.85865 3.92339 3.98407 4.04089 4.09405 4.14376 4.1902 4.23357 4.27404 4.3118 4.347 4.3798 4.41036 4.43882 4.46531 4.48996 4.51289 4.53422 4.55405 4.57249 4.58963 4.60555 4.62034 4.63408 4.64685 4.6587 4.6697 4.67992 4.6894 4.6982 4.70637 4.71395 4.72098 4.72751 4.73356 4.73922 4.74449 4.74938 4.75392 4.75813 4.76204 4.76566 4.76902 4.77213 4.77502 4.7777 4.78018 4.78249 4.78462 4.7866 4.78844 4.79014 4.79172 4.79318 4.79453 4.79579 4.79696 4.79804 4.79904 4.79997 4.80083 4.80163 4.80237 4.80305 4.80369 4.80462
 0 2.52099e-06 1.18309e-05 0.000174278 0.00147349 0.00774644 0.0278519 0.0741757 0.156006 0.272522 0.411379 0.553825 0.682423 0.78655 0.863503 0.916252 0.950284 0.971216 0.983629 0.990794 0.994853 0.997125 0.998388 0.999091 0.999482 0.999701 0.999825 0.999896 0.999937 0.999961 0.999975 0.999984 0.99999 0.999993 0.999995 0.999996 0.999997 0.999998 0.999998 0.999999 0.999999 0.999999 0.999999 0.999999 0.999999 0.999999 0.999999 0.999999 0.999999 0.999999 0.999999 0.999999 0.999999 0.999999 0.999999 0.999999 0.999999 0.999999 0.999999 0.999999 0.999999 0.999999 0.999999 0.999999 0.999999 0.999999 0.999999 0.999999 0.999999 0.999999 0.999999 0.999999 0.999999 0.999999 0.999999 0.999999 0.999999 0.999999 0.999999 0.999999 0.999999 0.999999 0.999999 0.999999 0.999999 0.999999 0.999999 0.999999 0.999999 0.999999 0.999999 0.999999 0.999999 0.999999 0.999999 0.999999 0.999999 0.999999 0.999999 0.999999 0.999999
# Sex ratio correction
1
# M and current age-structure in year Yinit: 2011
 # gender = 1
 0.0439034 0.0439034 0.0439034 0.0439034 0.0439034 0.0439034 0.0439034 0.0439034 0.0439034 0.0439034 0.0439034 0.0439034 0.0439034 0.0439034 0.0439034 0.0439034 0.0439034 0.0439034 0.0439034 0.0439034 0.0439034 0.0439034 0.0439034 0.0439034 0.0439034 0.0439034 0.0439034 0.0439034 0.0439034 0.0439034 0.0439034 0.0439034 0.0439034 0.0439034 0.0439034 0.0439034 0.0439034 0.0439034 0.0439034 0.0439034 0.0439034 0.0439034 0.0439034 0.0439034 0.0439034 0.0439034 0.0439034 0.0439034 0.0439034 0.0439034 0.0439034 0.0439034 0.0439034 0.0439034 0.0439034 0.0439034 0.0439034 0.0439034 0.0439034 0.0439034 0.0439034 0.0439034 0.0439034 0.0439034 0.0439034 0.0439034 0.0439034 0.0439034 0.0439034 0.0439034 0.0439034 0.0439034 0.0439034 0.0439034 0.0439034 0.0439034 0.0439034 0.0439034 0.0439034 0.0439034 0.0439034 0.0439034 0.0439034 0.0439034 0.0439034 0.0439034 0.0439034 0.0439034 0.0439034 0.0439034 0.0439034 0.0439034 0.0439034 0.0439034 0.0439034 0.0439034 0.0439034 0.0439034 0.0439034 0.0439034 0.0439034
 222.447 275.121 282.244 328.431 191.946 177.002 100.456 62.793 89.3408 205.598 59.7353 47.7886 84.1383 53.4152 33.1909 26.3645 26.3146 51.3528 55.1963 26.9474 21.6396 21.6784 21.0915 21.46 24.4604 27.0252 33.2316 32.2156 19.9408 21.6724 18.444 14.7083 10.6372 7.10367 8.17223 7.38345 7.56214 4.70003 3.82961 4.50844 7.0835 4.39317 3.28387 2.77105 2.1462 1.80678 1.42716 1.16256 1.08816 1.1456 1.25247 1.27239 1.14843 0.993582 0.876399 0.801835 0.764981 0.762364 0.793306 0.86009 0.96169 1.07776 1.1455 1.09503 0.960384 0.823183 0.714937 0.635867 0.578944 0.53682 0.504674 0.479319 0.458789 0.441623 0.426398 0.411916 0.397301 0.382273 0.366987 0.351924 0.337582 0.324339 0.312288 0.301391 0.291426 0.282064 0.272845 0.26377 0.254672 0.245468 0.236141 0.226711 0.217246 0.207861 0.198573 0.18951 0.180745 0.172324 0.164273 0.156604 3.36248
# Age-structure at Ydeclare= 2013
 452.966 193.726 203.746 251.989 258.504 300.776 175.743 161.987 91.8668 57.3662 81.5257 187.399 54.3928 43.4789 76.5029 48.5464 30.1565 23.9494 23.901 46.6391 50.1274 24.472 19.6514 19.6864 19.1532 19.4876 22.212 24.5405 30.1757 29.2523 18.106 19.6777 16.7458 13.3536 9.65716 6.44899 7.41886 6.70264 6.86469 4.26645 3.47625 4.09235 6.42964 3.98757 2.98063 2.51513 1.94796 1.63987 1.29531 1.05514 0.987613 1.03974 1.13672 1.15481 1.0423 0.901756 0.795401 0.727727 0.694278 0.691902 0.719984 0.780595 0.872803 0.978146 1.03963 0.993817 0.871616 0.747095 0.648854 0.577092 0.525431 0.4872 0.458025 0.435014 0.416382 0.400802 0.386984 0.373841 0.360577 0.346937 0.333065 0.319394 0.306378 0.294359 0.283422 0.273532 0.264489 0.255992 0.247625 0.239389 0.231132 0.222778 0.214314 0.205756 0.197166 0.188648 0.180219 0.171993 0.164039 0.156396 3.3429
# Year for Tmin Age-structure (set to Ydecl by SS)
2013
#  recruitment and biomass
# Number of historical assessment years
137
# Historical data
# year recruitment spawner in B0 in R project in R/S project
1888  1889 1890 1891 1892 1893 1894 1895 1896 1897 1898 1899 1900 1901 1902 1903 1904 1905 1906 1907 1908 1909 1910 1911 1912 1913 1914 1915 1916 1917 1918 1919 1920 1921 1922 1923 1924 1925 1926 1927 1928 1929 1930 1931 1932 1933 1934 1935 1936 1937 1938 1939 1940 1941 1942 1943 1944 1945 1946 1947 1948 1949 1950 1951 1952 1953 1954 1955 1956 1957 1958 1959 1960 1961 1962 1963 1964 1965 1966 1967 1968 1969 1970 1971 1972 1973 1974 1975 1976 1977 1978 1979 1980 1981 1982 1983 1984 1985 1986 1987 1988 1989 1990 1991 1992 1993 1994 1995 1996 1997 1998 1999 2000 2001 2002 2003 2004 2005 2006 2007 2008 2009 2010 2011 2012 2013 2014 2015 2016 2017 2018 2019 2020 2021 2022 2023 2024 #years (with first value representing R0)
215.018 218.719 218.849 218.985 219.125 219.263 219.405 219.553 219.712 219.88 220.055 220.237 220.429 220.63 220.841 221.059 221.29 221.538 221.801 222.09 222.403 222.74 223.101 223.483 223.882 224.281 224.656 224.967 225.168 225.198 224.982 224.407 223.488 222.148 220.367 218.168 215.604 212.766 209.8 206.705 203.795 201.241 199.112 197.348 195.819 194.265 192.412 190.062 187.213 184.076 181.081 178.709 177.427 177.613 179.717 184.457 192.873 206.487 226.402 251.517 273.042 271.894 243.462 206.709 175.874 154.297 141.013 134.538 134.053 139.235 149.945 164.549 172.972 161.403 139.786 125.531 126.539 146.144 173.489 192.408 230.753 252.416 309.517 453.865 260.586 198.073 215.843 306.035 261.331 250.975 187.661 239.517 279.696 293.679 286.767 218.106 290.646 247.634 167.279 126.87 94.3571 79.693 71.5114 63.3562 71.2075 133.714 115.585 55.5787 52.6192 62.8546 96.226 144.38 78.1894 93.25 306.43 127.216 85.4787 130.794 220.493 228.809 374.675 308.148 287.469 222.447 202.421 452.966 221.116 295.197 208.762 105.655 102.392 107.75 107.292 142.417 160.062 165.032 178.484  #recruits; first value is R0 (virgin)
1089.84  1089.84 1089.83 1089.82 1089.79 1089.32 1088.87 1088.4 1088.25 1088.17 1088.09 1088.03 1087.96 1087.91 1087.87 1087.87 1087.89 1087.95 1088.04 1088.16 1088.31 1088.37 1088.56 1088.77 1089 1089.24 1089.5 1089.77 1089.97 1090.26 1090.4 1088.5 1088.19 1088.02 1087.94 1088.16 1088.32 1087.95 1087.24 1085.76 1083.57 1081.49 1079.9 1077.99 1077.11 1076.41 1075.7 1074.46 1073.17 1070.86 1068.78 1066.33 1064.44 1061.31 1056.56 1051.37 1041.56 1030.98 1015.06 1000.28 993.16 985.182 978.794 971.52 962.564 954.739 948.619 941.395 934.528 927.681 919.805 912.801 907.058 902.654 900.216 897.151 895.692 895.363 885.133 881.868 876.618 870.767 856.106 846.162 832.894 816.321 798.735 779.15 759.728 737.464 715.463 680.883 644.648 617.212 582.369 527.684 499.135 477.539 450.733 428.609 401.306 377.534 348.183 327.398 291.364 259.067 228.104 211.162 194.616 176.441 155.289 147.824 136.331 137.693 137.968 143.625 149.32 155.342 161.35 167.752 173.573 179.81 185.897 192.54 199.59 206.999 215.371 224.538 234.296 245.135 256.116 268.722 282.6 298.807 316.523 334.506 353.207 #spbio; first value is SSB_virgin (virgin)
1 0 0 0 0 0 0 0 0 0 0 0 0 0 0 0 0 0 0 0 0 0 0 0 0 0 0 0 0 0 0 0 0 0 0 0 0 0 0 0 0 0 0 0 0 0 0 0 0 0 0 0 0 0 0 0 0 0 0 0 0 0 0 0 0 0 0 0 0 0 0 0 0 0 0 0 0 0 0 0 0 0 0 0 0 0 0 0 0 0 0 0 0 0 0 0 0 0 0 0 0 0 0 0 0 0 0 0 0 0 0 0 0 0 0 0 0 0 0 0 0 0 0 0 0 0 0 0 0 0 0 0 0 0 0 0 0  # in Bzero
0 1 1 1 1 1 1 1 1 1 1 1 1 1 1 1 1 1 1 1 1 1 1 1 1 1 1 1 1 1 1 1 1 1 1 1 1 1 1 1 1 1 1 1 1 1 1 1 1 1 1 1 1 1 1 1 1 1 1 1 1 1 1 1 1 1 1 1 1 1 1 1 1 1 1 1 1 1 1 1 1 1 1 1 1 1 1 1 1 1 1 1 1 1 1 1 1 1 1 1 1 1 1 1 1 1 1 1 1 1 1 1 1 1 1 1 1 1 1 1 1 1 1 1 1 1 1 1 1 1 1 1 1 1  0 0 0 # in R project
0 1 1 1 1 1 1 1 1 1 1 1 1 1 1 1 1 1 1 1 1 1 1 1 1 1 1 1 1 1 1 1 1 1 1 1 1 1 1 1 1 1 1 1 1 1 1 1 1 1 1 1 1 1 1 1 1 1 1 1 1 1 1 1 1 1 1 1 1 1 1 1 1 1 1 1 1 1 1 1 1 1 1 1 1 1 1 1 1 1 1 1 1 1 1 1 1 1 1 1 1 1 1 1 1 1 1 1 1 1 1 1 1 1 1 1 1 1 1 1 1 1 1 1 1 1 1 1 1 1 1 1 1 1  0 0 0 # in R/S project
# Number of years with pre-specified catches
0
# catches for years with pre-specified catches go next
# Number of future recruitments to override
-2
# Process for overiding (-1 for average otherwise index in data list)
# Which probability to product detailed results for (1=0.5; 2=0.6; etc.)
3
# Steepness sigma-R Auto-correlation
0.718 0.5 0
# Target SPR rate (FMSY Proxy); manually change to SPR_MSY if not using SPR_target
0.5
# Discount rate (for cumulative catch)
0.1
# Truncate the series when 0.4B0 is reached (1=Yes)
0
# Set F to FMSY once 0.4B0 is reached (1=Yes)
0
# Maximum possible F for projection (-1 to set to FMSY)
-1
# Defintion of recovery (1=now only;2=now or before)
2
# Projection type
4
# Definition of the 40-10 rule
10 40
# Sigma Assessment Error (Base, Year1, Slope, MaxSigma)
1.0 2025 0.075 2.0
# Pstar
0.45
# Constrain catches by the ABC (1=yes, 2=no)
2
# Implementation Error (0=no; 1=lognormal; 2=uniform)
0
#Parameters of Implementaion Error
1 0.3
# Calculate coefficients of variation (1=Yes)
0
# Number of replicates to use
10
# Random number seed
-99004
# File with multiple parameter vectors 
rebuild.SSO
# User-specific projection (1=Yes); Output replaced (1->9)
0  5
# Catches and Fs (Year; 1/2/3 (F or C or SPR); value); Final row is -1
2024 1 1
-1 -1 -1
# Fixed catch project (1=Yes); Output replaced (1->9); Approach (-1=Read in else 1-9)
0 2 -1
# (48a) Special catch options (1-Yes) [CUT_OFF, Emsy, distribution, MAXCAT, Add, replace_code]
0 0.18 1.00 1.00 0 6
# (48b) B1Target
150000
# Split of Fs
2011  0.0165957
 0
 0.391507
 0.0239842
 0.192973
 0.196527
 0.178412
-1  1 1 1 1 1 1 1 1 1 1 1 1
# Yrs to define T_target for projection type 4 (a.k.a. 5 pre-specified inputs)
2030 2031 2032 2033 2034 
# Year for probability of recovery
2034 2035 2036 2037 2038 2039 2040 2041
# Time varying weight-at-age (1=Yes;0=No)
0
# File with time series of weight-at-age data
none
# Use bisection (0) or linear interpolation (1)
1
# Target Depletion
0.4
# CV of implementation error
0
