#Title, #runnumber: 1 yelloweye_data.ss yelloweye_control.ss 5213.24 1114.55 425.334 StartTime: Thu Apr 24 07:31:46 2025
SSv3_default_rebuild.dat
# Number of sexes
1
# Age range to consider (minimum age; maximum age)
0 100
# Number of fleets
7
# First year of projection (Yinit)
2011
# First Year of rebuilding period (Ydecl)
2013
# Number of simulations
1000
# Maximum number of years
500
# Conduct projections with multiple starting values (0=No;else yes)
0
# Number of parameter vectors
1000
# Is the maximum age a plus-group (1=Yes;2=No)
1
# Generate future recruitments using historical recruitments (1)  historical recruits/spawner (2)  or a stock-recruitment (3)
3
# Constant fishing mortality (1) or constant Catch (2) projections
1
# Fishing mortality based on SPR (1) or actual rate (2)
1
# Pre-specify the year of recovery (or -1) to ignore
-1
# Fecundity-at-age
# 0 1 2 3 4 5 6 7 8 9 10 11 12 13 14 15 16 17 18 19 20 21 22 23 24 25 26 27 28 29 30 31 32 33 34 35 36 37 38 39 40 41 42 43 44 45 46 47 48 49 50 51 52 53 54 55 56 57 58 59 60 61 62 63 64 65 66 67 68 69 70 71 72 73 74 75 76 77 78 79 80 81 82 83 84 85 86 87 88 89 90 91 92 93 94 95 96 97 98 99 100 #runnumber: 1 yelloweye_data.ss yelloweye_control.ss 5213.24 1114.55 425.334
 0 0 2.06381e-08 3.02343e-07 3.03099e-06 2.28495e-05 0.000135251 0.00063385 0.00234125 0.00687138 0.0164379 0.0331421 0.0581998 0.0915881 0.132203 0.178305 0.227993 0.279539 0.331561 0.383059 0.433372 0.482103 0.529041 0.5741 0.617265 0.65856 0.698032 0.735732 0.771715 0.806035 0.838742 0.869885 0.899514 0.927676 0.954417 0.979787 1.00383 1.0266 1.04815 1.06851 1.08775 1.1059 1.12302 1.13916 1.15436 1.16867 1.18213 1.19478 1.20667 1.21784 1.22833 1.23817 1.2474 1.25606 1.26417 1.27178 1.27891 1.28558 1.29183 1.29768 1.30315 1.30828 1.31307 1.31755 1.32175 1.32567 1.32933 1.33276 1.33596 1.33895 1.34175 1.34443 1.34694 1.34928 1.35147 1.35351 1.35542 1.3572 1.35887 1.36042 1.36187 1.36323 1.36449 1.36567 1.36678 1.3678 1.36877 1.36966 1.3705 1.37128 1.37201 1.37269 1.37333 1.37392 1.37447 1.37499 1.37547 1.37592 1.37634 1.37673 1.37733 #female fecundity; weighted by N in year Y_init across morphs and areas
# Age specific selectivity and weight adjusted for discard and discard mortality
 #wt and selex for gender,fleet: 1 1 1_CA_TWL
 0.00896922 0.0183825 0.0563503 0.114566 0.19271 0.287452 0.394834 0.511237 0.633686 0.75991 0.888337 1.01808 1.14883 1.28068 1.41385 1.54851 1.68459 1.82177 1.9595 2.09704 2.23359 2.36834 2.50055 2.62955 2.75484 2.87601 2.99276 3.10489 3.2123 3.31494 3.41281 3.50598 3.5945 3.67851 3.75811 3.83346 3.90471 3.972 4.0355 4.09539 4.15181 4.20493 4.25492 4.30192 4.3461 4.3876 4.42657 4.46314 4.49745 4.52962 4.55978 4.58804 4.61452 4.63932 4.66254 4.68427 4.70461 4.72365 4.74145 4.75811 4.77369 4.78825 4.80186 4.81459 4.82649 4.8376 4.84799 4.85769 4.86676 4.87523 4.88322 4.89076 4.8978 4.90437 4.91051 4.91624 4.9216 4.92659 4.93126 4.93562 4.93968 4.94348 4.94702 4.95033 4.95342 4.9563 4.95899 4.9615 4.96384 4.96603 4.96807 4.96997 4.97175 4.97341 4.97495 4.9764 4.97775 4.979 4.98018 4.98127 4.98294
 0 0.000492736 0.00204422 0.00764355 0.0221469 0.0517816 0.101721 0.17366 0.264812 0.368675 0.476915 0.581435 0.675931 0.756623 0.8222 0.87326 0.911579 0.939443 0.959167 0.972818 0.982088 0.988287 0.992382 0.995061 0.996801 0.997927 0.998653 0.999121 0.999423 0.999619 0.999746 0.999829 0.999883 0.999919 0.999944 0.99996 0.999971 0.999979 0.999984 0.999988 0.99999 0.999992 0.999993 0.999994 0.999995 0.999995 0.999996 0.999996 0.999996 0.999996 0.999997 0.999997 0.999997 0.999997 0.999997 0.999997 0.999997 0.999997 0.999997 0.999997 0.999997 0.999997 0.999997 0.999997 0.999997 0.999997 0.999997 0.999997 0.999997 0.999997 0.999997 0.999997 0.999997 0.999997 0.999997 0.999997 0.999997 0.999997 0.999997 0.999997 0.999997 0.999997 0.999997 0.999997 0.999997 0.999997 0.999997 0.999997 0.999997 0.999997 0.999997 0.999997 0.999997 0.999997 0.999997 0.999997 0.999997 0.999997 0.999997 0.999997 0.999997
 #wt and selex for gender,fleet: 1 3 3_CA_REC
 0.00896922 0.0172096 0.0500006 0.101745 0.172063 0.258602 0.358273 0.46805 0.585294 0.707904 0.834417 0.964026 1.09643 1.23159 1.36941 1.50961 1.65165 1.79473 1.93793 2.08029 2.22088 2.35889 2.49363 2.62456 2.75128 2.87349 2.99098 3.10365 3.21143 3.31433 3.41238 3.50567 3.59429 3.67835 3.758 3.83338 3.90465 3.97196 4.03547 4.09536 4.15179 4.20492 4.25491 4.30192 4.3461 4.3876 4.42657 4.46314 4.49744 4.52962 4.55978 4.58804 4.61452 4.63932 4.66254 4.68427 4.70461 4.72365 4.74146 4.75811 4.77369 4.78825 4.80186 4.81459 4.82649 4.8376 4.84799 4.85769 4.86676 4.87523 4.88322 4.89076 4.8978 4.90437 4.91051 4.91624 4.9216 4.9266 4.93126 4.93562 4.93968 4.94348 4.94702 4.95033 4.95342 4.9563 4.95899 4.9615 4.96384 4.96603 4.96807 4.96997 4.97175 4.97341 4.97496 4.9764 4.97775 4.979 4.98018 4.98127 4.98294
 0 0.00530624 0.0145032 0.0366391 0.0774718 0.140779 0.225981 0.327969 0.438615 0.54896 0.651187 0.739896 0.812521 0.868991 0.910956 0.940938 0.961642 0.975531 0.984621 0.990449 0.994122 0.996407 0.997813 0.998671 0.999192 0.999508 0.999699 0.999815 0.999885 0.999928 0.999955 0.999971 0.999981 0.999988 0.999992 0.999994 0.999996 0.999997 0.999998 0.999998 0.999999 0.999999 0.999999 0.999999 0.999999 0.999999 0.999999 0.999999 0.999999 0.999999 0.999999 0.999999 0.999999 0.999999 0.999999 0.999999 0.999999 0.999999 0.999999 0.999999 0.999999 0.999999 0.999999 0.999999 0.999999 0.999999 0.999999 0.999999 0.999999 0.999999 0.999999 0.999999 0.999999 0.999999 0.999999 0.999999 0.999999 0.999999 0.999999 0.999999 0.999999 0.999999 0.999999 0.999999 0.999999 0.999999 0.999999 0.999999 0.999999 0.999999 0.999999 0.999999 0.999999 0.999999 0.999999 0.999999 0.999999 0.999999 0.999999 0.999999 0.999999
 #wt and selex for gender,fleet: 1 4 4_ORWA_TWL
 0.00896922 0.0165243 0.0459488 0.0939349 0.160503 0.244149 0.342499 0.452939 0.572953 0.700276 0.832963 0.969411 1.10838 1.24895 1.39049 1.53252 1.67464 1.81642 1.95741 2.09707 2.23486 2.37022 2.5026 2.63154 2.75662 2.87753 2.99401 3.10591 3.21311 3.31558 3.41331 3.50636 3.59481 3.67874 3.7583 3.83361 3.90482 3.97209 4.03557 4.09544 4.15185 4.20497 4.25495 4.30195 4.34612 4.38762 4.42658 4.46315 4.49746 4.52963 4.55978 4.58805 4.61452 4.63932 4.66254 4.68428 4.70462 4.72365 4.74146 4.75811 4.77369 4.78825 4.80187 4.81459 4.82649 4.8376 4.84799 4.85769 4.86676 4.87523 4.88322 4.89076 4.8978 4.90437 4.91051 4.91624 4.9216 4.92659 4.93126 4.93562 4.93968 4.94348 4.94702 4.95033 4.95342 4.9563 4.95899 4.9615 4.96384 4.96603 4.96807 4.96997 4.97175 4.97341 4.97495 4.9764 4.97775 4.979 4.98018 4.98127 4.98294
 0 0.0140907 0.029607 0.0581036 0.101572 0.160678 0.233804 0.317404 0.406811 0.497136 0.583984 0.663902 0.734586 0.794882 0.844639 0.884478 0.915517 0.939115 0.956674 0.969495 0.978706 0.985235 0.989811 0.99299 0.995183 0.996688 0.997719 0.998424 0.998906 0.999236 0.999463 0.999619 0.999728 0.999803 0.999856 0.999894 0.999921 0.99994 0.999954 0.999964 0.999971 0.999977 0.999981 0.999984 0.999987 0.999988 0.99999 0.999991 0.999992 0.999993 0.999993 0.999994 0.999994 0.999994 0.999994 0.999995 0.999995 0.999995 0.999995 0.999995 0.999995 0.999995 0.999995 0.999995 0.999995 0.999995 0.999995 0.999995 0.999995 0.999995 0.999995 0.999995 0.999995 0.999995 0.999995 0.999995 0.999995 0.999995 0.999995 0.999995 0.999995 0.999995 0.999995 0.999995 0.999995 0.999995 0.999995 0.999995 0.999995 0.999995 0.999995 0.999995 0.999995 0.999995 0.999995 0.999995 0.999995 0.999995 0.999995 0.999995 0.999995
 #wt and selex for gender,fleet: 1 5 5_ORWA_NONTWL
 0.00896922 0.0174224 0.0515219 0.105747 0.180207 0.272661 0.379905 0.498662 0.625963 0.759285 0.896564 1.03615 1.1768 1.31756 1.45784 1.59722 1.73547 1.87242 2.0079 2.14172 2.27363 2.40332 2.53045 2.65467 2.77562 2.89299 3.00651 3.11595 3.22115 3.322 3.41844 3.51046 3.59808 3.68137 3.76041 3.83532 3.90621 3.97323 4.03651 4.09622 4.1525 4.20551 4.25541 4.30234 4.34646 4.38791 4.42683 4.46337 4.49765 4.5298 4.55994 4.58818 4.61465 4.63943 4.66264 4.68437 4.7047 4.72373 4.74153 4.75818 4.77375 4.78831 4.80192 4.81465 4.82654 4.83765 4.84804 4.85774 4.86681 4.87527 4.88326 4.8908 4.89784 4.90441 4.91055 4.91628 4.92164 4.92663 4.9313 4.93565 4.93972 4.94352 4.94706 4.95037 4.95345 4.95633 4.95902 4.96153 4.96388 4.96606 4.9681 4.97001 4.97178 4.97344 4.97499 4.97643 4.97778 4.97904 4.98021 4.98131 4.98297
 0 0.00118456 0.00353373 0.00993995 0.0234713 0.0476112 0.0851034 0.137029 0.20244 0.278591 0.361574 0.447066 0.530994 0.609993 0.68165 0.744551 0.798183 0.84275 0.878952 0.907783 0.930351 0.947761 0.961025 0.971029 0.978512 0.984075 0.988191 0.991228 0.993465 0.995112 0.996327 0.997224 0.997889 0.998383 0.998752 0.99903 0.999239 0.999399 0.99952 0.999614 0.999687 0.999744 0.999788 0.999824 0.999852 0.999874 0.999893 0.999908 0.99992 0.99993 0.999938 0.999945 0.999951 0.999956 0.99996 0.999964 0.999967 0.99997 0.999972 0.999974 0.999976 0.999977 0.999979 0.99998 0.999981 0.999982 0.999983 0.999983 0.999984 0.999985 0.999985 0.999986 0.999986 0.999986 0.999986 0.999987 0.999987 0.999987 0.999987 0.999987 0.999987 0.999987 0.999988 0.999988 0.999988 0.999988 0.999988 0.999988 0.999988 0.999988 0.999988 0.999988 0.999988 0.999988 0.999989 0.999989 0.999989 0.999989 0.999989 0.999989 0.999989
 #wt and selex for gender,fleet: 1 6 6_OR_REC
 0.00896922 0.0231447 0.072695 0.140609 0.22427 0.317325 0.414859 0.514114 0.614746 0.718339 0.827223 0.943347 1.06763 1.19982 1.33871 1.48251 1.62929 1.77723 1.92478 2.07069 2.21402 2.35403 2.49018 2.62207 2.74942 2.87203 2.98978 3.1026 3.21048 3.31342 3.4115 3.50479 3.5934 3.67746 3.75709 3.83246 3.90371 3.971 4.0345 4.09438 4.15079 4.20391 4.25389 4.30088 4.34505 4.38655 4.4255 4.46207 4.49637 4.52853 4.55868 4.58694 4.61341 4.63821 4.66142 4.68315 4.70349 4.72252 4.74033 4.75698 4.77255 4.78711 4.80072 4.81345 4.82534 4.83645 4.84684 4.85654 4.86561 4.87408 4.88206 4.8896 4.89663 4.9032 4.90934 4.91507 4.92042 4.92542 4.93008 4.93443 4.9385 4.94229 4.94583 4.94914 4.95222 4.9551 4.95779 4.9603 4.96264 4.96483 4.96687 4.96877 4.97055 4.9722 4.97375 4.97519 4.97654 4.9778 4.97897 4.98007 4.98173
 0 3.66714e-05 0.000533064 0.00475889 0.0238389 0.0768101 0.17776 0.321314 0.483478 0.636245 0.761002 0.852076 0.912936 0.950843 0.973151 0.985681 0.992442 0.995958 0.997716 0.998548 0.998904 0.999021 0.999018 0.998957 0.998868 0.998767 0.998662 0.998556 0.998451 0.998349 0.99825 0.998155 0.998064 0.997976 0.997893 0.997814 0.997738 0.997666 0.997598 0.997534 0.997473 0.997416 0.997362 0.997311 0.997262 0.997217 0.997174 0.997134 0.997097 0.997061 0.997028 0.996997 0.996968 0.99694 0.996915 0.99689 0.996868 0.996847 0.996827 0.996809 0.996791 0.996775 0.99676 0.996746 0.996733 0.99672 0.996709 0.996698 0.996688 0.996678 0.996669 0.996661 0.996653 0.996646 0.996639 0.996632 0.996626 0.996621 0.996615 0.996611 0.996606 0.996602 0.996598 0.996594 0.996591 0.996587 0.996584 0.996582 0.996579 0.996576 0.996574 0.996572 0.99657 0.996568 0.996566 0.996565 0.996563 0.996562 0.996561 0.996559 0.996557
 #wt and selex for gender,fleet: 1 7 7_WA_REC
 0.00896922 0.0238143 0.0763272 0.150776 0.245116 0.352534 0.467164 0.58479 0.702774 0.819912 0.936273 1.05283 1.17095 1.29194 1.41668 1.54546 1.67802 1.81359 1.95106 2.08921 2.22682 2.36277 2.49613 2.62616 2.75229 2.87412 2.99138 3.10389 3.21158 3.31443 3.41245 3.50571 3.59431 3.67837 3.75801 3.83339 3.90465 3.97196 4.03548 4.09536 4.15179 4.20492 4.25491 4.30192 4.3461 4.3876 4.42657 4.46314 4.49744 4.52962 4.55978 4.58804 4.61452 4.63932 4.66254 4.68427 4.70461 4.72365 4.74146 4.75811 4.77369 4.78825 4.80186 4.81459 4.82649 4.8376 4.84799 4.85769 4.86676 4.87523 4.88322 4.89076 4.8978 4.90437 4.91051 4.91624 4.9216 4.9266 4.93126 4.93562 4.93968 4.94348 4.94702 4.95033 4.95342 4.9563 4.95899 4.9615 4.96384 4.96603 4.96807 4.96997 4.97175 4.97341 4.97496 4.9764 4.97775 4.979 4.98018 4.98127 4.98294
 0 2.7769e-06 4.94101e-05 0.000562354 0.00365215 0.0152412 0.0452149 0.103208 0.192545 0.307363 0.434912 0.560786 0.673567 0.766925 0.839336 0.892563 0.929991 0.955359 0.97204 0.982738 0.989461 0.993619 0.996157 0.997693 0.998616 0.999168 0.999498 0.999696 0.999814 0.999886 0.999929 0.999955 0.999971 0.999981 0.999988 0.999992 0.999994 0.999996 0.999997 0.999998 0.999998 0.999999 0.999999 0.999999 0.999999 0.999999 0.999999 0.999999 0.999999 0.999999 0.999999 0.999999 0.999999 0.999999 0.999999 0.999999 0.999999 0.999999 0.999999 0.999999 0.999999 0.999999 0.999999 0.999999 0.999999 0.999999 0.999999 0.999999 0.999999 0.999999 0.999999 0.999999 0.999999 0.999999 0.999999 0.999999 0.999999 0.999999 0.999999 0.999999 0.999999 0.999999 0.999999 0.999999 0.999999 0.999999 0.999999 0.999999 0.999999 0.999999 0.999999 0.999999 0.999999 0.999999 0.999999 0.999999 0.999999 0.999999 0.999999 0.999999 0.999999
# Sex ratio correction
1
# M and current age-structure in year Yinit: 2011
 # gender = 1
 0.0439034 0.0439034 0.0439034 0.0439034 0.0439034 0.0439034 0.0439034 0.0439034 0.0439034 0.0439034 0.0439034 0.0439034 0.0439034 0.0439034 0.0439034 0.0439034 0.0439034 0.0439034 0.0439034 0.0439034 0.0439034 0.0439034 0.0439034 0.0439034 0.0439034 0.0439034 0.0439034 0.0439034 0.0439034 0.0439034 0.0439034 0.0439034 0.0439034 0.0439034 0.0439034 0.0439034 0.0439034 0.0439034 0.0439034 0.0439034 0.0439034 0.0439034 0.0439034 0.0439034 0.0439034 0.0439034 0.0439034 0.0439034 0.0439034 0.0439034 0.0439034 0.0439034 0.0439034 0.0439034 0.0439034 0.0439034 0.0439034 0.0439034 0.0439034 0.0439034 0.0439034 0.0439034 0.0439034 0.0439034 0.0439034 0.0439034 0.0439034 0.0439034 0.0439034 0.0439034 0.0439034 0.0439034 0.0439034 0.0439034 0.0439034 0.0439034 0.0439034 0.0439034 0.0439034 0.0439034 0.0439034 0.0439034 0.0439034 0.0439034 0.0439034 0.0439034 0.0439034 0.0439034 0.0439034 0.0439034 0.0439034 0.0439034 0.0439034 0.0439034 0.0439034 0.0439034 0.0439034 0.0439034 0.0439034 0.0439034 0.0439034
 252.563 377.231 240.644 366.267 221.625 143.057 96.2552 69.7572 127.97 308.421 73.3673 53.5196 93.9417 63.4161 34.1195 28.5816 30.6038 71.4266 74.5044 29.8168 23.2708 24.0253 25.3399 25.9682 27.6823 29.6043 37.4172 38.5736 24.8918 30.5137 21.2385 15.3312 10.7365 8.36722 9.72028 9.97351 8.94537 5.08838 4.74373 5.98445 8.56446 5.04007 3.95029 3.16394 2.45472 2.01133 1.57637 1.30447 1.23951 1.31691 1.44536 1.47699 1.35161 1.18313 1.04698 0.955044 0.906611 0.900047 0.935188 1.01417 1.13444 1.27017 1.34675 1.28534 1.1273 0.966307 0.838928 0.745751 0.678725 0.629282 0.591704 0.562187 0.538384 0.518578 0.501094 0.484493 0.467675 0.450234 0.432314 0.414493 0.397414 0.38159 0.367189 0.354201 0.34238 0.331336 0.320522 0.309922 0.299323 0.288621 0.277786 0.266837 0.255847 0.244944 0.234151 0.22361 0.213407 0.203592 0.194194 0.185231 3.99576
# Age-structure at Ydeclare= 2013
 149.801 133.757 231.33 345.512 220.4 335.416 202.909 130.922 88.0362 63.7511 116.851 281.382 66.8834 48.7578 85.5386 57.7205 31.046 26.0017 27.8374 64.9639 67.7589 27.1161 21.1625 21.8482 23.0433 23.6144 25.1729 26.9203 34.0243 35.0752 22.6338 27.7452 19.3112 13.9397 9.76182 7.60752 8.8376 9.06771 8.13283 4.62612 4.31273 5.44064 7.78612 4.58197 3.5912 2.87631 2.23154 1.82845 1.43303 1.18585 1.12679 1.19715 1.31391 1.34266 1.22868 1.07552 0.951756 0.86818 0.824152 0.818184 0.850129 0.921926 1.03126 1.15465 1.22426 1.16843 1.02476 0.878416 0.762622 0.67792 0.61699 0.572044 0.537884 0.511052 0.489414 0.471409 0.455516 0.440425 0.425137 0.409282 0.392992 0.376792 0.361267 0.346882 0.333791 0.321984 0.311238 0.301199 0.291369 0.281733 0.272098 0.262369 0.25252 0.242567 0.232576 0.222665 0.212854 0.203271 0.193996 0.185074 3.97725
# Year for Tmin Age-structure (set to Ydecl by SS)
2013
#  recruitment and biomass
# Number of historical assessment years
137
# Historical data
# year recruitment spawner in B0 in R project in R/S project
1888  1889 1890 1891 1892 1893 1894 1895 1896 1897 1898 1899 1900 1901 1902 1903 1904 1905 1906 1907 1908 1909 1910 1911 1912 1913 1914 1915 1916 1917 1918 1919 1920 1921 1922 1923 1924 1925 1926 1927 1928 1929 1930 1931 1932 1933 1934 1935 1936 1937 1938 1939 1940 1941 1942 1943 1944 1945 1946 1947 1948 1949 1950 1951 1952 1953 1954 1955 1956 1957 1958 1959 1960 1961 1962 1963 1964 1965 1966 1967 1968 1969 1970 1971 1972 1973 1974 1975 1976 1977 1978 1979 1980 1981 1982 1983 1984 1985 1986 1987 1988 1989 1990 1991 1992 1993 1994 1995 1996 1997 1998 1999 2000 2001 2002 2003 2004 2005 2006 2007 2008 2009 2010 2011 2012 2013 2014 2015 2016 2017 2018 2019 2020 2021 2022 2023 2024 #years (with first value representing R0)
219.762 223.059 223.175 223.296 223.421 223.543 223.669 223.8 223.942 224.09 224.245 224.406 224.575 224.751 224.934 225.121 225.319 225.529 225.75 225.996 226.259 226.542 226.841 227.151 227.472 227.785 228.068 228.279 228.372 228.29 227.955 227.257 226.209 224.74 222.833 220.517 217.848 214.925 211.896 208.766 205.848 203.309 201.209 199.472 197.946 196.352 194.409 191.927 188.934 185.672 182.591 180.171 178.867 179.046 181.166 185.966 194.512 208.332 228.492 253.814 275.541 274.852 246.75 209.748 178.437 156.555 143.333 137.317 137.538 143.308 153.844 166.85 172.939 160.335 138.193 122.804 121.712 138.064 164.737 187.143 223.321 256.56 299.202 461.375 290.385 205.798 195.939 303.59 296.24 250.898 186.305 204.672 248.384 290.513 350.525 239.371 310.333 252.438 168.491 134.068 108.209 92.0038 77.0733 66.8942 77.8901 179.197 159.977 64.3896 56.8536 64.4259 113.966 160.908 87.4572 114.448 459.538 182.212 94.9644 125.334 178.215 264.194 417.841 262.731 394.162 252.563 139.76 149.801 108.831 125.979 142.446 147.63 166.571 170.679 174.83 179.135 183.436 185.79 187.659  #recruits; first value is R0 (virgin)
1114.55  1114.55 1114.55 1114.53 1114.5 1114.04 1113.58 1113.12 1112.97 1112.89 1112.81 1112.75 1112.69 1112.63 1112.59 1112.57 1112.57 1112.58 1112.63 1112.69 1112.78 1112.78 1112.9 1113.04 1113.19 1113.35 1113.52 1113.7 1113.82 1114.02 1114.07 1112.07 1111.67 1111.4 1111.21 1111.31 1111.35 1110.86 1110.03 1108.4 1106.07 1103.84 1102.07 1099.97 1098.89 1097.96 1097.02 1095.53 1093.99 1091.43 1089.09 1086.39 1084.25 1080.89 1075.94 1070.54 1060.55 1049.75 1033.61 1018.65 1011.37 1003.24 996.708 989.305 980.235 972.317 966.131 958.874 952.001 945.153 937.25 930.142 924.174 919.39 916.439 912.77 910.713 909.86 899.206 895.732 890.448 884.706 870.222 860.494 847.393 830.914 813.359 793.767 774.316 752.017 729.993 695.293 658.961 631.329 596.204 540.742 511.76 489.887 462.915 440.833 413.646 389.866 360.508 340 304.406 272.587 242.243 225.918 209.908 192.466 172.166 165.463 154.93 157.152 158.432 165.091 171.896 179.109 186.355 194.028 201.188 208.828 216.428 224.747 233.699 243.249 253.946 265.581 277.906 291.349 304.873 319.802 335.621 353.249 371.656 389.304 406.335 #spbio; first value is SSB_virgin (virgin)
1 0 0 0 0 0 0 0 0 0 0 0 0 0 0 0 0 0 0 0 0 0 0 0 0 0 0 0 0 0 0 0 0 0 0 0 0 0 0 0 0 0 0 0 0 0 0 0 0 0 0 0 0 0 0 0 0 0 0 0 0 0 0 0 0 0 0 0 0 0 0 0 0 0 0 0 0 0 0 0 0 0 0 0 0 0 0 0 0 0 0 0 0 0 0 0 0 0 0 0 0 0 0 0 0 0 0 0 0 0 0 0 0 0 0 0 0 0 0 0 0 0 0 0 0 0 0 0 0 0 0 0 0 0 0 0 0  # in Bzero
0 1 1 1 1 1 1 1 1 1 1 1 1 1 1 1 1 1 1 1 1 1 1 1 1 1 1 1 1 1 1 1 1 1 1 1 1 1 1 1 1 1 1 1 1 1 1 1 1 1 1 1 1 1 1 1 1 1 1 1 1 1 1 1 1 1 1 1 1 1 1 1 1 1 1 1 1 1 1 1 1 1 1 1 1 1 1 1 1 1 1 1 1 1 1 1 1 1 1 1 1 1 1 1 1 1 1 1 1 1 1 1 1 1 1 1 1 1 1 1 1 1 1 1 1 1 1 1 1 1 1 1 1 1  0 0 0 # in R project
0 1 1 1 1 1 1 1 1 1 1 1 1 1 1 1 1 1 1 1 1 1 1 1 1 1 1 1 1 1 1 1 1 1 1 1 1 1 1 1 1 1 1 1 1 1 1 1 1 1 1 1 1 1 1 1 1 1 1 1 1 1 1 1 1 1 1 1 1 1 1 1 1 1 1 1 1 1 1 1 1 1 1 1 1 1 1 1 1 1 1 1 1 1 1 1 1 1 1 1 1 1 1 1 1 1 1 1 1 1 1 1 1 1 1 1 1 1 1 1 1 1 1 1 1 1 1 1 1 1 1 1 1 1  0 0 0 # in R/S project
# Number of years with pre-specified catches
0
# catches for years with pre-specified catches go next
# Number of future recruitments to override
-2
# Process for overiding (-1 for average otherwise index in data list)
# Which probability to product detailed results for (1=0.5; 2=0.6; etc.)
3
# Steepness sigma-R Auto-correlation
0.718 0.5 0
# Target SPR rate (FMSY Proxy); manually change to SPR_MSY if not using SPR_target
0.5
# Discount rate (for cumulative catch)
0.1
# Truncate the series when 0.4B0 is reached (1=Yes)
0
# Set F to FMSY once 0.4B0 is reached (1=Yes)
0
# Maximum possible F for projection (-1 to set to FMSY)
-1
# Defintion of recovery (1=now only;2=now or before)
2
# Projection type
4
# Definition of the 40-10 rule
10 40
# Sigma Assessment Error (Base, Year1, Slope, MaxSigma)
1.0 2025 0.075 2.0
# Pstar
0.45
# Constrain catches by the ABC (1=yes, 2=no)
2
# Implementation Error (0=no; 1=lognormal; 2=uniform)
0
#Parameters of Implementaion Error
1 0.3
# Calculate coefficients of variation (1=Yes)
0
# Number of replicates to use
10
# Random number seed
-99004
# File with multiple parameter vectors 
rebuild.SSO
# User-specific projection (1=Yes); Output replaced (1->9)
0  5
# Catches and Fs (Year; 1/2/3 (F or C or SPR); value); Final row is -1
2024 1 1
-1 -1 -1
# Fixed catch project (1=Yes); Output replaced (1->9); Approach (-1=Read in else 1-9)
0 2 -1
# (48a) Special catch options (1-Yes) [CUT_OFF, Emsy, distribution, MAXCAT, Add, replace_code]
0 0.18 1.00 1.00 0 6
# (48b) B1Target
150000
# Split of Fs
2011  0.0170852
 0
 0.402752
 0.0240321
 0.178947
 0.193514
 0.18367
-1  1 1 1 1 1 1 1 1 1 1 1 1
# Yrs to define T_target for projection type 4 (a.k.a. 5 pre-specified inputs)
2030 2031 2032 2033 2034 
# Year for probability of recovery
2034 2035 2036 2037 2038 2039 2040 2041
# Time varying weight-at-age (1=Yes;0=No)
0
# File with time series of weight-at-age data
none
# Use bisection (0) or linear interpolation (1)
1
# Target Depletion
0.4
# CV of implementation error
0
