#Title, #runnumber: 3 yelloweye_data.ss yelloweye_control.ss 7233.06 1083.7 360.519 StartTime: Tue Apr 22 23:41:21 2025
SSv3_default_rebuild.dat
# Number of sexes
1
# Age range to consider (minimum age; maximum age)
0 100
# Number of fleets
7
# First year of projection (Yinit)
2011
# First Year of rebuilding period (Ydecl)
2013
# Number of simulations
1000
# Maximum number of years
500
# Conduct projections with multiple starting values (0=No;else yes)
0
# Number of parameter vectors
1000
# Is the maximum age a plus-group (1=Yes;2=No)
1
# Generate future recruitments using historical recruitments (1)  historical recruits/spawner (2)  or a stock-recruitment (3)
3
# Constant fishing mortality (1) or constant Catch (2) projections
1
# Fishing mortality based on SPR (1) or actual rate (2)
1
# Pre-specify the year of recovery (or -1) to ignore
-1
# Fecundity-at-age
# 0 1 2 3 4 5 6 7 8 9 10 11 12 13 14 15 16 17 18 19 20 21 22 23 24 25 26 27 28 29 30 31 32 33 34 35 36 37 38 39 40 41 42 43 44 45 46 47 48 49 50 51 52 53 54 55 56 57 58 59 60 61 62 63 64 65 66 67 68 69 70 71 72 73 74 75 76 77 78 79 80 81 82 83 84 85 86 87 88 89 90 91 92 93 94 95 96 97 98 99 100 #runnumber: 3 yelloweye_data.ss yelloweye_control.ss 7233.06 1083.7 360.519
 0 0 2.57345e-09 5.43444e-08 7.00082e-07 6.3385e-06 4.39061e-05 0.000242762 0.00108463 0.00389269 0.0112022 0.0262515 0.0515516 0.0876485 0.133014 0.184888 0.240315 0.296832 0.352719 0.40694 0.45897 0.508609 0.555837 0.600722 0.643362 0.683859 0.722309 0.758797 0.793401 0.826189 0.857226 0.886576 0.914299 0.940456 0.965109 0.988319 1.01015 1.03066 1.04991 1.06796 1.08488 1.10072 1.11554 1.1294 1.14235 1.15444 1.16572 1.17625 1.18606 1.19521 1.20373 1.21166 1.21905 1.22592 1.23232 1.23826 1.24379 1.24893 1.25371 1.25814 1.26227 1.26609 1.26965 1.27295 1.27602 1.27886 1.2815 1.28395 1.28623 1.28834 1.29029 1.29214 1.29385 1.29544 1.29691 1.29828 1.29954 1.30072 1.30181 1.30282 1.30375 1.30462 1.30543 1.30617 1.30686 1.30751 1.3081 1.30865 1.30916 1.30964 1.31007 1.31048 1.31086 1.31121 1.31153 1.31183 1.31211 1.31237 1.31261 1.31283 1.31315 #female fecundity; weighted by N in year Y_init across morphs and areas
# Age specific selectivity and weight adjusted for discard and discard mortality
 #wt and selex for gender,fleet: 1 1 1_CA_TWL
 0.00908564 0.00918442 0.027417 0.0689638 0.131618 0.214542 0.314905 0.42934 0.554541 0.687539 0.825853 0.967648 1.11189 1.25824 1.4067 1.55709 1.70886 1.86108 2.01256 2.16212 2.30868 2.45134 2.58943 2.72245 2.85007 2.9721 3.08843 3.19904 3.30398 3.40334 3.49725 3.58586 3.66934 3.7479 3.82172 3.89102 3.95601 4.0169 4.0739 4.12721 4.17705 4.2236 4.26706 4.3076 4.34541 4.38065 4.41348 4.44406 4.47252 4.49902 4.52366 4.54658 4.56789 4.58771 4.60612 4.62323 4.63912 4.65388 4.66759 4.68032 4.69213 4.7031 4.71328 4.72273 4.73149 4.73963 4.74717 4.75417 4.76067 4.76669 4.77231 4.77756 4.78242 4.78693 4.79111 4.79499 4.79859 4.80192 4.80501 4.80788 4.81053 4.813 4.81528 4.8174 4.81936 4.82118 4.82286 4.82442 4.82587 4.82722 4.82846 4.82961 4.83068 4.83167 4.83259 4.83344 4.83423 4.83496 4.83564 4.83626 4.83718
 0 0.00108344 0.00238214 0.00907319 0.0271295 0.0648138 0.128796 0.220353 0.333983 0.459035 0.583051 0.69511 0.788109 0.859516 0.910663 0.945156 0.967276 0.980894 0.989016 0.993746 0.996455 0.997991 0.998857 0.999345 0.999621 0.999778 0.999867 0.99992 0.99995 0.999968 0.999979 0.999986 0.99999 0.999993 0.999995 0.999996 0.999996 0.999997 0.999997 0.999997 0.999997 0.999997 0.999997 0.999997 0.999997 0.999997 0.999997 0.999997 0.999997 0.999997 0.999997 0.999997 0.999997 0.999997 0.999997 0.999997 0.999997 0.999997 0.999997 0.999997 0.999997 0.999997 0.999997 0.999997 0.999997 0.999997 0.999997 0.999997 0.999997 0.999997 0.999997 0.999997 0.999997 0.999997 0.999997 0.999997 0.999997 0.999997 0.999997 0.999997 0.999997 0.999997 0.999997 0.999997 0.999997 0.999997 0.999997 0.999997 0.999997 0.999997 0.999997 0.999997 0.999997 0.999997 0.999997 0.999997 0.999997 0.999997 0.999997 0.999997 0.999997
 #wt and selex for gender,fleet: 1 3 3_CA_REC
 0.00908564 0.00918436 0.0265512 0.0663933 0.126591 0.206375 0.303174 0.413876 0.535384 0.664918 0.800293 0.940212 1.08424 1.23231 1.38408 1.53868 1.69476 1.85082 2.00542 2.15731 2.30552 2.4493 2.58813 2.72162 2.84955 2.97177 3.08822 3.19891 3.3039 3.40329 3.49721 3.58583 3.66933 3.74788 3.82171 3.89101 3.95601 4.0169 4.0739 4.12721 4.17705 4.2236 4.26706 4.3076 4.34541 4.38065 4.41348 4.44406 4.47253 4.49902 4.52366 4.54658 4.5679 4.58771 4.60612 4.62323 4.63912 4.65388 4.66759 4.68032 4.69213 4.7031 4.71328 4.72273 4.73149 4.73963 4.74717 4.75418 4.76067 4.76669 4.77231 4.77756 4.78242 4.78693 4.79111 4.79499 4.79859 4.80192 4.80501 4.80788 4.81054 4.813 4.81528 4.8174 4.81936 4.82118 4.82286 4.82443 4.82587 4.82722 4.82846 4.82961 4.83068 4.83167 4.83259 4.83344 4.83423 4.83496 4.83564 4.83627 4.83718
 0 0.0039547 0.00802433 0.0249348 0.0625256 0.128782 0.22581 0.347511 0.481361 0.612607 0.728533 0.821362 0.889171 0.934746 0.963239 0.980012 0.989421 0.994506 0.997181 0.998562 0.999267 0.999624 0.999806 0.999899 0.999946 0.999971 0.999984 0.999991 0.999995 0.999997 0.999998 0.999999 0.999999 0.999999 0.999999 0.999999 0.999999 0.999999 0.999999 0.999999 0.999999 0.999999 0.999999 0.999999 0.999999 0.999999 0.999999 0.999999 0.999999 0.999999 0.999999 0.999999 0.999999 0.999999 0.999999 0.999999 0.999999 0.999999 0.999999 0.999999 0.999999 0.999999 0.999999 0.999999 0.999999 0.999999 0.999999 0.999999 0.999999 0.999999 0.999999 0.999999 0.999999 0.999999 0.999999 0.999999 0.999999 0.999999 0.999999 0.999999 0.999999 0.999999 0.999999 0.999999 0.999999 0.999999 0.999999 0.999999 0.999999 0.999999 0.999999 0.999999 0.999999 0.999999 0.999999 0.999999 0.999999 0.999999 0.999999 0.999999 0.999999
 #wt and selex for gender,fleet: 1 4 4_ORWA_TWL
 0.00908564 0.00918428 0.0252025 0.0625662 0.119897 0.196857 0.291533 0.401313 0.523393 0.655061 0.793879 0.937853 1.08558 1.23622 1.38918 1.54381 1.69923 1.85434 2.00801 2.15911 2.30673 2.4501 2.58864 2.72195 2.84976 2.9719 3.0883 3.19896 3.30393 3.40331 3.49723 3.58584 3.66933 3.74789 3.82171 3.89102 3.95601 4.0169 4.0739 4.12721 4.17705 4.2236 4.26705 4.3076 4.34541 4.38065 4.41348 4.44406 4.47252 4.49902 4.52366 4.54658 4.56789 4.58771 4.60612 4.62323 4.63912 4.65388 4.66759 4.68032 4.69213 4.7031 4.71328 4.72273 4.73149 4.73963 4.74717 4.75417 4.76067 4.76669 4.77231 4.77756 4.78242 4.78693 4.79111 4.79499 4.79859 4.80192 4.80501 4.80788 4.81053 4.813 4.81528 4.8174 4.81936 4.82118 4.82286 4.82442 4.82587 4.82722 4.82846 4.82961 4.83068 4.83167 4.83259 4.83344 4.83423 4.83496 4.83564 4.83626 4.83718
 0 0.0136399 0.024482 0.0553718 0.107897 0.184031 0.281123 0.392254 0.508221 0.619818 0.719588 0.802769 0.867572 0.914869 0.947359 0.968505 0.981652 0.989524 0.994103 0.996708 0.998169 0.998981 0.99943 0.999678 0.999816 0.999894 0.999937 0.999962 0.999976 0.999985 0.99999 0.999993 0.999995 0.999996 0.999997 0.999997 0.999997 0.999997 0.999997 0.999998 0.999998 0.999998 0.999998 0.999997 0.999997 0.999997 0.999997 0.999997 0.999997 0.999997 0.999997 0.999997 0.999997 0.999997 0.999997 0.999997 0.999997 0.999997 0.999997 0.999997 0.999997 0.999997 0.999997 0.999997 0.999997 0.999997 0.999997 0.999997 0.999997 0.999997 0.999997 0.999997 0.999997 0.999997 0.999997 0.999997 0.999997 0.999997 0.999997 0.999997 0.999997 0.999997 0.999997 0.999997 0.999997 0.999997 0.999997 0.999997 0.999997 0.999997 0.999997 0.999997 0.999997 0.999997 0.999997 0.999997 0.999997 0.999997 0.999997 0.999997 0.999997
 #wt and selex for gender,fleet: 1 5 5_ORWA_NONTWL
 0.00908564 0.00918437 0.026803 0.0676389 0.130129 0.213996 0.316911 0.435777 0.567329 0.708473 0.856439 1.00883 1.16363 1.31916 1.47411 1.62749 1.77862 1.92708 2.07257 2.21488 2.3538 2.48908 2.62043 2.74758 2.87025 2.98818 3.1012 3.20917 3.31202 3.40974 3.50236 3.58995 3.67265 3.75058 3.82392 3.89283 3.95751 4.01816 4.07496 4.12812 4.17783 4.22427 4.26764 4.30812 4.34587 4.38106 4.41385 4.44439 4.47283 4.49929 4.52391 4.54682 4.56811 4.58791 4.60631 4.62341 4.63929 4.65404 4.66774 4.68046 4.69227 4.70324 4.71341 4.72285 4.73162 4.73975 4.74729 4.75429 4.76078 4.7668 4.77242 4.77766 4.78252 4.78703 4.79122 4.79509 4.79869 4.80202 4.80511 4.80798 4.81063 4.81309 4.81538 4.81749 4.81945 4.82127 4.82296 4.82452 4.82597 4.82731 4.82855 4.8297 4.83077 4.83176 4.83268 4.83353 4.83432 4.83505 4.83573 4.83636 4.83727
 0 0.000639944 0.0013262 0.00445149 0.0123744 0.0287316 0.0573671 0.10105 0.160467 0.233919 0.317731 0.407119 0.497111 0.583301 0.662299 0.731922 0.791158 0.839988 0.879129 0.90975 0.933214 0.95089 0.964026 0.973687 0.98074 0.985866 0.989584 0.992279 0.994237 0.995664 0.996708 0.997478 0.998048 0.998473 0.998793 0.999036 0.999222 0.999365 0.999477 0.999564 0.999633 0.999689 0.999733 0.999769 0.999799 0.999823 0.999843 0.99986 0.999874 0.999886 0.999896 0.999904 0.999912 0.999918 0.999924 0.999929 0.999933 0.999937 0.99994 0.999943 0.999945 0.999948 0.99995 0.999951 0.999953 0.999955 0.999956 0.999957 0.999958 0.999959 0.99996 0.999961 0.999961 0.999962 0.999962 0.999962 0.999963 0.999963 0.999964 0.999964 0.999964 0.999964 0.999965 0.999965 0.999965 0.999965 0.999965 0.999965 0.999966 0.999966 0.999966 0.999966 0.999966 0.999966 0.999966 0.999966 0.999966 0.999967 0.999967 0.999967 0.999967
 #wt and selex for gender,fleet: 1 6 6_OR_REC
 0.00908564 0.00918509 0.0345126 0.0849537 0.156459 0.244858 0.344773 0.45166 0.562619 0.677395 0.798219 0.927776 1.06718 1.21542 1.37007 1.52833 1.6877 1.84625 2.00253 2.15548 2.30431 2.44844 2.58744 2.72103 2.84899 2.9712 3.08764 3.19831 3.30327 3.40264 3.49654 3.58513 3.6686 3.74713 3.82094 3.89022 3.95519 4.01607 4.07305 4.12635 4.17617 4.22271 4.26615 4.30668 4.34448 4.37971 4.41254 4.4431 4.47156 4.49804 4.52268 4.5456 4.5669 4.58671 4.60512 4.62222 4.63811 4.65287 4.66657 4.67929 4.69111 4.70207 4.71225 4.72169 4.73046 4.73859 4.74613 4.75313 4.75962 4.76565 4.77126 4.77651 4.78137 4.78588 4.79006 4.79393 4.79753 4.80086 4.80395 4.80681 4.80947 4.81193 4.81421 4.81633 4.81829 4.82011 4.82179 4.82335 4.8248 4.82614 4.82739 4.82854 4.82961 4.8306 4.83151 4.83236 4.83315 4.83388 4.83456 4.83519 4.8361
 0 1.84434e-05 8.69218e-05 0.00133593 0.0104615 0.0470702 0.138178 0.292934 0.485349 0.66958 0.81133 0.902586 0.953619 0.979224 0.991048 0.996164 0.998249 0.999033 0.999278 0.999302 0.999237 0.999136 0.999021 0.998902 0.998783 0.998665 0.998551 0.99844 0.998334 0.998232 0.998135 0.998042 0.997954 0.997871 0.997792 0.997718 0.997648 0.997582 0.99752 0.997462 0.997408 0.997357 0.997309 0.997265 0.997223 0.997184 0.997148 0.997114 0.997083 0.997053 0.997026 0.997001 0.996977 0.996955 0.996934 0.996915 0.996898 0.996881 0.996866 0.996852 0.996838 0.996826 0.996815 0.996804 0.996794 0.996785 0.996777 0.996769 0.996762 0.996755 0.996749 0.996743 0.996737 0.996732 0.996728 0.996723 0.996719 0.996716 0.996712 0.996709 0.996706 0.996703 0.996701 0.996698 0.996696 0.996694 0.996692 0.99669 0.996689 0.996687 0.996686 0.996684 0.996683 0.996682 0.996681 0.99668 0.996679 0.996678 0.996678 0.996677 0.996676
 #wt and selex for gender,fleet: 1 7 7_WA_REC
 0.00908564 0.00918501 0.0341095 0.0856791 0.161155 0.257395 0.369256 0.491799 0.620914 0.753466 0.887339 1.0216 1.15652 1.29315 1.4326 1.57539 1.72124 1.86913 2.01763 2.16522 2.31054 2.45244 2.59007 2.72282 2.85029 2.97223 3.0885 3.19909 3.30401 3.40336 3.49726 3.58587 3.66935 3.7479 3.82172 3.89102 3.95601 4.0169 4.0739 4.12721 4.17705 4.2236 4.26706 4.3076 4.34541 4.38065 4.41348 4.44406 4.47253 4.49902 4.52366 4.54658 4.5679 4.58771 4.60612 4.62323 4.63912 4.65388 4.66759 4.68032 4.69213 4.7031 4.71328 4.72273 4.7315 4.73963 4.74718 4.75418 4.76067 4.76669 4.77231 4.77756 4.78242 4.78693 4.79111 4.79499 4.79859 4.80192 4.80501 4.80788 4.81054 4.813 4.81528 4.8174 4.81936 4.82118 4.82286 4.82443 4.82587 4.82722 4.82846 4.82961 4.83068 4.83167 4.83259 4.83344 4.83423 4.83496 4.83564 4.83627 4.83718
 0 2.44348e-06 1.08187e-05 0.000163531 0.00141301 0.00754489 0.0274223 0.0735675 0.155466 0.272378 0.411834 0.554843 0.683775 0.787957 0.864753 0.917243 0.951006 0.97171 0.983951 0.990996 0.994977 0.997199 0.998433 0.999117 0.999497 0.99971 0.99983 0.999899 0.999939 0.999962 0.999976 0.999985 0.99999 0.999993 0.999995 0.999997 0.999997 0.999998 0.999998 0.999999 0.999999 0.999999 0.999999 0.999999 0.999999 0.999999 0.999999 0.999999 0.999999 0.999999 0.999999 0.999999 0.999999 0.999999 0.999999 0.999999 0.999999 0.999999 0.999999 0.999999 0.999999 0.999999 0.999999 0.999999 0.999999 0.999999 0.999999 0.999999 0.999999 0.999999 0.999999 0.999999 0.999999 0.999999 0.999999 0.999999 0.999999 0.999999 0.999999 0.999999 0.999999 0.999999 0.999999 0.999999 0.999999 0.999999 0.999999 0.999999 0.999999 0.999999 0.999999 0.999999 0.999999 0.999999 0.999999 0.999999 0.999999 0.999999 0.999999 0.999999 0.999999
# Sex ratio correction
1
# M and current age-structure in year Yinit: 2011
 # gender = 1
 0.0439034 0.0439034 0.0439034 0.0439034 0.0439034 0.0439034 0.0439034 0.0439034 0.0439034 0.0439034 0.0439034 0.0439034 0.0439034 0.0439034 0.0439034 0.0439034 0.0439034 0.0439034 0.0439034 0.0439034 0.0439034 0.0439034 0.0439034 0.0439034 0.0439034 0.0439034 0.0439034 0.0439034 0.0439034 0.0439034 0.0439034 0.0439034 0.0439034 0.0439034 0.0439034 0.0439034 0.0439034 0.0439034 0.0439034 0.0439034 0.0439034 0.0439034 0.0439034 0.0439034 0.0439034 0.0439034 0.0439034 0.0439034 0.0439034 0.0439034 0.0439034 0.0439034 0.0439034 0.0439034 0.0439034 0.0439034 0.0439034 0.0439034 0.0439034 0.0439034 0.0439034 0.0439034 0.0439034 0.0439034 0.0439034 0.0439034 0.0439034 0.0439034 0.0439034 0.0439034 0.0439034 0.0439034 0.0439034 0.0439034 0.0439034 0.0439034 0.0439034 0.0439034 0.0439034 0.0439034 0.0439034 0.0439034 0.0439034 0.0439034 0.0439034 0.0439034 0.0439034 0.0439034 0.0439034 0.0439034 0.0439034 0.0439034 0.0439034 0.0439034 0.0439034 0.0439034 0.0439034 0.0439034 0.0439034 0.0439034 0.0439034
 213.94 264.732 273.281 315.41 184.676 170.997 96.682 60.1836 85.6109 198.482 57.3941 45.7111 81.2244 51.3305 31.934 25.3677 25.2567 49.3698 53.1663 25.8593 20.8105 20.8901 20.2725 20.5892 23.4558 25.926 31.9401 31.0955 18.965 20.7662 17.8057 13.8091 10.428 6.85012 7.84477 7.09269 7.25668 4.52448 3.68186 4.329 6.78925 4.23072 3.15558 2.66434 2.06435 1.73796 1.37302 1.11867 1.04721 1.10245 1.20502 1.22388 1.10473 0.956006 0.843434 0.771775 0.73635 0.733852 0.763645 0.82793 0.9257 1.03734 1.10244 1.05386 0.924334 0.792304 0.688106 0.611974 0.557151 0.516569 0.485588 0.461141 0.441332 0.424756 0.410044 0.396051 0.381934 0.367427 0.352678 0.338145 0.324304 0.311516 0.299871 0.289331 0.279686 0.27065 0.26196 0.253404 0.244821 0.236131 0.227319 0.218401 0.209441 0.200547 0.191738 0.182985 0.174523 0.166394 0.158623 0.151222 3.24967
# Age-structure at Ydeclare= 2013
 435.289 187.912 195.954 242.473 250.295 288.851 169.086 156.488 88.4112 54.9779 78.1127 180.884 52.2504 41.579 73.8346 46.6391 29.0063 23.0374 22.9335 44.825 48.2697 23.477 18.8929 18.965 18.404 18.6913 21.2933 23.5353 28.9942 28.2267 17.2148 18.8491 16.1613 12.5334 9.46431 6.21689 7.11939 6.43669 6.58535 4.10581 3.34109 3.92826 6.16062 3.83891 2.86329 2.41751 1.87308 1.57691 1.24578 1.01499 0.950145 1.00026 1.09331 1.11043 1.00231 0.867378 0.765241 0.700224 0.668082 0.665815 0.692846 0.75117 0.839875 0.941164 1.00022 0.956151 0.838632 0.718843 0.624306 0.555232 0.505493 0.468672 0.440564 0.418383 0.400412 0.385372 0.372025 0.359328 0.346521 0.333359 0.319977 0.306791 0.294234 0.282632 0.272067 0.262504 0.253753 0.245555 0.237671 0.229908 0.222121 0.214237 0.206242 0.198151 0.190021 0.181953 0.17396 0.166019 0.158341 0.150966 3.22948
# Year for Tmin Age-structure (set to Ydecl by SS)
2013
#  recruitment and biomass
# Number of historical assessment years
137
# Historical data
# year recruitment spawner in B0 in R project in R/S project
1888  1889 1890 1891 1892 1893 1894 1895 1896 1897 1898 1899 1900 1901 1902 1903 1904 1905 1906 1907 1908 1909 1910 1911 1912 1913 1914 1915 1916 1917 1918 1919 1920 1921 1922 1923 1924 1925 1926 1927 1928 1929 1930 1931 1932 1933 1934 1935 1936 1937 1938 1939 1940 1941 1942 1943 1944 1945 1946 1947 1948 1949 1950 1951 1952 1953 1954 1955 1956 1957 1958 1959 1960 1961 1962 1963 1964 1965 1966 1967 1968 1969 1970 1971 1972 1973 1974 1975 1976 1977 1978 1979 1980 1981 1982 1983 1984 1985 1986 1987 1988 1989 1990 1991 1992 1993 1994 1995 1996 1997 1998 1999 2000 2001 2002 2003 2004 2005 2006 2007 2008 2009 2010 2011 2012 2013 2014 2015 2016 2017 2018 2019 2020 2021 2022 2023 2024 #years (with first value representing R0)
213.871 217.395 217.519 217.648 217.781 217.911 218.046 218.186 218.338 218.497 218.663 218.836 219.018 219.209 219.41 219.618 219.838 220.075 220.327 220.605 220.906 221.231 221.582 221.953 222.343 222.733 223.101 223.408 223.607 223.639 223.249 222.507 221.43 219.943 218.027 215.709 213.037 210.104 207.053 204.038 201.223 198.754 196.697 194.994 193.519 192.013 190.21 187.914 185.124 182.05 179.115 176.793 175.548 175.753 177.855 182.563 190.909 204.396 224.114 248.97 270.26 269.123 241.004 204.639 174.118 152.756 139.604 133.191 132.702 137.816 148.388 162.803 171.13 159.73 138.375 124.274 125.264 144.655 171.703 190.43 228.303 249.597 306.723 447.612 257.437 195.899 213.707 301.983 258.073 247.584 185.885 241.042 269.342 290.479 281.13 211.872 285.982 242.099 162.854 123.168 91.4364 77.1958 69.3126 61.1848 68.5348 129.066 111.29 53.4054 50.6753 60.5172 92.5217 139.437 74.812 89.612 295.857 121.912 81.9285 125.881 213.012 220.142 359.82 298.363 276.613 213.94 196.346 435.289 218.875 282.198 212.191 109.465 107.085 113.651 113.232 149.795 166.274 171.394 175.965  #recruits; first value is R0 (virgin)
1083.7  1083.7 1083.7 1083.68 1083.65 1083.19 1082.74 1082.28 1082.13 1082.05 1081.97 1081.91 1081.84 1081.78 1081.75 1081.74 1081.76 1081.8 1081.88 1081.99 1082.12 1082.16 1082.34 1082.53 1082.74 1082.95 1083.19 1083.43 1083.61 1083.87 1083.98 1082.07 1081.74 1081.54 1081.43 1081.61 1081.74 1081.35 1080.62 1079.11 1076.91 1074.82 1073.21 1071.27 1070.35 1069.6 1068.84 1067.53 1066.17 1063.79 1061.61 1059.06 1057.06 1053.82 1048.97 1043.68 1033.8 1023.16 1007.23 992.43 985.237 977.196 970.736 963.404 954.409 946.542 940.372 933.113 926.214 919.34 911.451 904.434 898.674 894.249 891.778 888.691 887.2 886.832 876.648 873.371 868.129 862.291 847.718 837.826 824.641 808.181 790.718 771.275 751.991 729.889 708.045 673.733 637.781 610.553 575.983 521.73 493.388 471.932 445.308 423.328 396.208 372.587 343.418 322.74 286.901 254.748 223.892 206.937 190.352 172.139 150.956 143.33 131.708 132.83 132.87 138.269 143.708 149.468 155.214 161.353 166.915 172.89 178.713 185.079 191.838 198.934 206.967 215.766 225.128 235.533 246.048 258.134 271.434 286.999 304.017 321.266 339.2 #spbio; first value is SSB_virgin (virgin)
1 0 0 0 0 0 0 0 0 0 0 0 0 0 0 0 0 0 0 0 0 0 0 0 0 0 0 0 0 0 0 0 0 0 0 0 0 0 0 0 0 0 0 0 0 0 0 0 0 0 0 0 0 0 0 0 0 0 0 0 0 0 0 0 0 0 0 0 0 0 0 0 0 0 0 0 0 0 0 0 0 0 0 0 0 0 0 0 0 0 0 0 0 0 0 0 0 0 0 0 0 0 0 0 0 0 0 0 0 0 0 0 0 0 0 0 0 0 0 0 0 0 0 0 0 0 0 0 0 0 0 0 0 0 0 0 0  # in Bzero
0 1 1 1 1 1 1 1 1 1 1 1 1 1 1 1 1 1 1 1 1 1 1 1 1 1 1 1 1 1 1 1 1 1 1 1 1 1 1 1 1 1 1 1 1 1 1 1 1 1 1 1 1 1 1 1 1 1 1 1 1 1 1 1 1 1 1 1 1 1 1 1 1 1 1 1 1 1 1 1 1 1 1 1 1 1 1 1 1 1 1 1 1 1 1 1 1 1 1 1 1 1 1 1 1 1 1 1 1 1 1 1 1 1 1 1 1 1 1 1 1 1 1 1 1 1 1 1 1 1 1 1 1 1  0 0 0 # in R project
0 1 1 1 1 1 1 1 1 1 1 1 1 1 1 1 1 1 1 1 1 1 1 1 1 1 1 1 1 1 1 1 1 1 1 1 1 1 1 1 1 1 1 1 1 1 1 1 1 1 1 1 1 1 1 1 1 1 1 1 1 1 1 1 1 1 1 1 1 1 1 1 1 1 1 1 1 1 1 1 1 1 1 1 1 1 1 1 1 1 1 1 1 1 1 1 1 1 1 1 1 1 1 1 1 1 1 1 1 1 1 1 1 1 1 1 1 1 1 1 1 1 1 1 1 1 1 1 1 1 1 1 1 1  0 0 0 # in R/S project
# Number of years with pre-specified catches
0
# catches for years with pre-specified catches go next
# Number of future recruitments to override
-2
# Process for overiding (-1 for average otherwise index in data list)
# Which probability to product detailed results for (1=0.5; 2=0.6; etc.)
3
# Steepness sigma-R Auto-correlation
0.718 0.5 0
# Target SPR rate (FMSY Proxy); manually change to SPR_MSY if not using SPR_target
0.5
# Discount rate (for cumulative catch)
0.1
# Truncate the series when 0.4B0 is reached (1=Yes)
0
# Set F to FMSY once 0.4B0 is reached (1=Yes)
0
# Maximum possible F for projection (-1 to set to FMSY)
-1
# Defintion of recovery (1=now only;2=now or before)
2
# Projection type
4
# Definition of the 40-10 rule
10 40
# Sigma Assessment Error (Base, Year1, Slope, MaxSigma)
1.0 2025 0.075 2.0
# Pstar
0.45
# Constrain catches by the ABC (1=yes, 2=no)
2
# Implementation Error (0=no; 1=lognormal; 2=uniform)
0
#Parameters of Implementaion Error
1 0.3
# Calculate coefficients of variation (1=Yes)
0
# Number of replicates to use
10
# Random number seed
-99004
# File with multiple parameter vectors 
rebuild.SSO
# User-specific projection (1=Yes); Output replaced (1->9)
0  5
# Catches and Fs (Year; 1/2/3 (F or C or SPR); value); Final row is -1
2024 1 1
-1 -1 -1
# Fixed catch project (1=Yes); Output replaced (1->9); Approach (-1=Read in else 1-9)
0 2 -1
# (48a) Special catch options (1-Yes) [CUT_OFF, Emsy, distribution, MAXCAT, Add, replace_code]
0 0.18 1.00 1.00 0 6
# (48b) B1Target
150000
# Split of Fs
2011  0.0165716
 0
 0.390853
 0.0239549
 0.192834
 0.196266
 0.179521
-1  1 1 1 1 1 1 1 1 1 1 1 1
# Yrs to define T_target for projection type 4 (a.k.a. 5 pre-specified inputs)
2030 2031 2032 2033 2034 
# Year for probability of recovery
2034 2035 2036 2037 2038 2039 2040 2041
# Time varying weight-at-age (1=Yes;0=No)
0
# File with time series of weight-at-age data
none
# Use bisection (0) or linear interpolation (1)
1
# Target Depletion
0.4
# CV of implementation error
0
