#Title, #runnumber: 1 yelloweye_data.ss yelloweye_control.ss 7102.43 1125.29 385.496 StartTime: Thu May  1 10:24:25 2025
SSv3_default_rebuild.dat
# Number of sexes
1
# Age range to consider (minimum age; maximum age)
0 100
# Number of fleets
7
# First year of projection (Yinit)
2011
# First Year of rebuilding period (Ydecl)
2013
# Number of simulations
1000
# Maximum number of years
500
# Conduct projections with multiple starting values (0=No;else yes)
0
# Number of parameter vectors
1000
# Is the maximum age a plus-group (1=Yes;2=No)
1
# Generate future recruitments using historical recruitments (1)  historical recruits/spawner (2)  or a stock-recruitment (3)
3
# Constant fishing mortality (1) or constant Catch (2) projections
1
# Fishing mortality based on SPR (1) or actual rate (2)
1
# Pre-specify the year of recovery (or -1) to ignore
-1
# Fecundity-at-age
# 0 1 2 3 4 5 6 7 8 9 10 11 12 13 14 15 16 17 18 19 20 21 22 23 24 25 26 27 28 29 30 31 32 33 34 35 36 37 38 39 40 41 42 43 44 45 46 47 48 49 50 51 52 53 54 55 56 57 58 59 60 61 62 63 64 65 66 67 68 69 70 71 72 73 74 75 76 77 78 79 80 81 82 83 84 85 86 87 88 89 90 91 92 93 94 95 96 97 98 99 100 #runnumber: 1 yelloweye_data.ss yelloweye_control.ss 7102.43 1125.29 385.496
 0 0 2.55839e-09 5.45142e-08 7.0671e-07 6.42471e-06 4.46114e-05 0.000246899 0.00110259 0.00395053 0.0113426 0.0265182 0.0519673 0.088204 0.133674 0.185603 0.241035 0.297512 0.35332 0.407429 0.459322 0.508803 0.555856 0.60055 0.642987 0.683271 0.721499 0.757759 0.792129 0.824679 0.855477 0.884586 0.912069 0.937988 0.962404 0.985381 1.00698 1.02727 1.0463 1.06414 1.08085 1.09649 1.11112 1.12479 1.13756 1.14948 1.1606 1.17096 1.18062 1.18963 1.19801 1.20581 1.21307 1.21982 1.2261 1.23194 1.23737 1.24241 1.24709 1.25144 1.25549 1.25924 1.26272 1.26595 1.26895 1.27173 1.27432 1.27671 1.27893 1.28099 1.28291 1.28471 1.28638 1.28793 1.28936 1.2907 1.29193 1.29307 1.29413 1.29512 1.29603 1.29687 1.29766 1.29838 1.29906 1.29968 1.30026 1.30079 1.30129 1.30175 1.30217 1.30257 1.30293 1.30327 1.30359 1.30388 1.30415 1.3044 1.30463 1.30484 1.30515 #female fecundity; weighted by N in year Y_init across morphs and areas
# Age specific selectivity and weight adjusted for discard and discard mortality
 #wt and selex for gender,fleet: 1 1 1_CA_TWL
 0.00896707 0.00906428 0.0226553 0.0547611 0.105718 0.175647 0.26379 0.368575 0.487942 0.619599 0.7612 0.910468 1.06527 1.22365 1.38387 1.5444 1.70393 1.86134 2.01569 2.16623 2.31235 2.45359 2.58959 2.72011 2.84501 2.9642 3.07767 3.18547 3.28766 3.38437 3.47574 3.56194 3.64314 3.71954 3.79133 3.85872 3.92191 3.98112 4.03654 4.08837 4.13682 4.18207 4.22432 4.26372 4.30046 4.33471 4.3666 4.3963 4.42395 4.44967 4.4736 4.49584 4.51652 4.53574 4.5536 4.57019 4.5856 4.5999 4.61318 4.62551 4.63695 4.64757 4.65743 4.66657 4.67505 4.68291 4.69021 4.69697 4.70324 4.70906 4.71449 4.71956 4.72426 4.72861 4.73265 4.73639 4.73986 4.74308 4.74606 4.74882 4.75138 4.75375 4.75595 4.75799 4.75987 4.76162 4.76324 4.76475 4.76614 4.76743 4.76862 4.76973 4.77075 4.7717 4.77259 4.7734 4.77416 4.77486 4.77551 4.77611 4.77698
 0 0.170696 0.252204 0.318835 0.378057 0.436895 0.494202 0.548918 0.600278 0.647794 0.691211 0.730464 0.765629 0.796883 0.824471 0.848678 0.869807 0.888162 0.904042 0.917729 0.929486 0.939554 0.948154 0.955482 0.961714 0.967007 0.971497 0.975303 0.97853 0.981267 0.983589 0.985562 0.98724 0.988671 0.989894 0.990941 0.991839 0.992613 0.993281 0.993859 0.994362 0.994799 0.995181 0.995516 0.99581 0.99607 0.996299 0.996502 0.996682 0.996843 0.996986 0.997114 0.997229 0.997332 0.997425 0.997509 0.997585 0.997653 0.997715 0.997772 0.997823 0.99787 0.997912 0.997951 0.997986 0.998019 0.998048 0.998075 0.9981 0.998123 0.998143 0.998159 0.998175 0.998189 0.998202 0.998214 0.998225 0.998235 0.998244 0.998253 0.998261 0.998268 0.998275 0.998281 0.998287 0.998292 0.998297 0.998302 0.998306 0.99831 0.998314 0.998317 0.99832 0.998323 0.998326 0.998328 0.99833 0.998332 0.998334 0.998336 0.998339
 #wt and selex for gender,fleet: 1 3 3_CA_REC
 0.00896707 0.00906447 0.0262765 0.0659216 0.12583 0.205196 0.301412 0.411351 0.531919 0.660358 0.794526 0.933184 1.07595 1.22276 1.37327 1.52656 1.68128 1.83591 1.989 2.13933 2.28594 2.4281 2.56529 2.69716 2.82346 2.94407 3.05893 3.16807 3.27155 3.36946 3.46195 3.54918 3.63133 3.70859 3.78117 3.84928 3.91312 3.97291 4.02885 4.08116 4.13004 4.17567 4.21826 4.25798 4.295 4.3295 4.36162 4.39153 4.41937 4.44526 4.46934 4.49172 4.51253 4.53187 4.54983 4.56651 4.58201 4.59639 4.60975 4.62214 4.63365 4.64432 4.65422 4.66341 4.67193 4.67984 4.68717 4.69397 4.70027 4.70612 4.71157 4.71666 4.72137 4.72575 4.7298 4.73356 4.73704 4.74026 4.74326 4.74603 4.7486 4.75098 4.75318 4.75523 4.75712 4.75888 4.7605 4.76201 4.76341 4.7647 4.7659 4.76701 4.76804 4.76899 4.76988 4.7707 4.77146 4.77216 4.77281 4.77341 4.77429
 0 0.0037972 0.00773328 0.0243766 0.0617711 0.12813 0.225687 0.348255 0.483048 0.615018 0.731254 0.823962 0.891357 0.936404 0.9644 0.980775 0.989898 0.994794 0.99735 0.998659 0.999322 0.999656 0.999824 0.999909 0.999952 0.999974 0.999986 0.999992 0.999995 0.999997 0.999998 0.999999 0.999999 0.999999 0.999999 0.999999 0.999999 0.999999 0.999999 0.999999 0.999999 0.999999 0.999999 0.999999 0.999999 0.999999 0.999999 0.999999 0.999999 0.999999 0.999999 0.999999 0.999999 0.999999 0.999999 0.999999 0.999999 0.999999 0.999999 0.999999 0.999999 0.999999 0.999999 0.999999 0.999999 0.999999 0.999999 0.999999 0.999999 0.999999 0.999999 0.999999 0.999999 0.999999 0.999999 0.999999 0.999999 0.999999 0.999999 0.999999 0.999999 0.999999 0.999999 0.999999 0.999999 0.999999 0.999999 0.999999 0.999999 0.999999 0.999999 0.999999 0.999999 0.999999 0.999999 0.999999 0.999999 0.999999 0.999999 0.999999 0.999999
 #wt and selex for gender,fleet: 1 4 4_ORWA_TWL
 0.00896707 0.00906441 0.0251733 0.0627329 0.120071 0.196664 0.290382 0.398479 0.518101 0.646588 0.781751 0.922146 1.06706 1.21606 1.36853 1.52338 1.67925 1.83467 1.98826 2.1389 2.2857 2.42796 2.56521 2.69711 2.82343 2.94405 3.05892 3.16807 3.27154 3.36946 3.46195 3.54918 3.63133 3.70859 3.78117 3.84927 3.91311 3.9729 4.02885 4.08116 4.13004 4.17567 4.21826 4.25798 4.295 4.3295 4.36162 4.39153 4.41936 4.44525 4.46933 4.49172 4.51253 4.53186 4.54983 4.56651 4.582 4.59639 4.60974 4.62214 4.63364 4.64432 4.65422 4.66341 4.67193 4.67984 4.68717 4.69397 4.70027 4.70611 4.71157 4.71665 4.72137 4.72574 4.7298 4.73355 4.73703 4.74026 4.74325 4.74602 4.74859 4.75097 4.75318 4.75522 4.75712 4.75887 4.7605 4.76201 4.7634 4.7647 4.7659 4.76701 4.76804 4.76899 4.76987 4.77069 4.77145 4.77215 4.77281 4.77341 4.77429
 0 0.0126016 0.0231936 0.0562002 0.115 0.20215 0.313667 0.43969 0.567609 0.685541 0.784857 0.861455 0.915735 0.951298 0.973045 0.985592 0.9925 0.996169 0.998066 0.999029 0.999512 0.999753 0.999873 0.999934 0.999964 0.999979 0.999987 0.999991 0.999993 0.999994 0.999994 0.999994 0.999994 0.999994 0.999994 0.999994 0.999994 0.999993 0.999993 0.999993 0.999993 0.999993 0.999993 0.999992 0.999992 0.999992 0.999992 0.999992 0.999992 0.999992 0.999992 0.999991 0.999991 0.999991 0.999991 0.999991 0.999991 0.999991 0.999991 0.999991 0.999991 0.999991 0.999991 0.999991 0.999991 0.999991 0.999991 0.999991 0.999991 0.999991 0.999991 0.999991 0.999991 0.99999 0.99999 0.99999 0.99999 0.99999 0.99999 0.99999 0.99999 0.99999 0.99999 0.99999 0.99999 0.99999 0.99999 0.99999 0.99999 0.99999 0.99999 0.99999 0.99999 0.99999 0.99999 0.99999 0.99999 0.99999 0.99999 0.99999 0.99999
 #wt and selex for gender,fleet: 1 5 5_ORWA_NONTWL
 0.00896707 0.00906449 0.0265203 0.0671301 0.129263 0.212584 0.314711 0.43252 0.562745 0.702312 0.848483 0.998901 1.15159 1.30492 1.45765 1.60887 1.75799 1.90464 2.04856 2.18953 2.3273 2.46156 2.59198 2.71821 2.83994 2.95691 3.06893 3.17584 3.2776 3.37419 3.46567 3.55212 3.63367 3.71047 3.78269 3.85051 3.91413 3.97375 4.02956 4.08176 4.13054 4.17611 4.21864 4.25831 4.29529 4.32975 4.36185 4.39174 4.41955 4.44543 4.46949 4.49187 4.51266 4.53199 4.54994 4.56662 4.58211 4.59649 4.60984 4.62223 4.63373 4.6444 4.6543 4.66349 4.67201 4.67991 4.68724 4.69403 4.70034 4.70618 4.71163 4.71672 4.72143 4.72581 4.72986 4.73361 4.7371 4.74032 4.74331 4.74608 4.74865 4.75103 4.75324 4.75528 4.75718 4.75893 4.76056 4.76207 4.76346 4.76476 4.76595 4.76706 4.76809 4.76905 4.76993 4.77075 4.77151 4.77221 4.77286 4.77346 4.77434
 0 0.000666911 0.00138649 0.0047121 0.0132025 0.030773 0.0614979 0.10819 0.171329 0.248802 0.336431 0.428961 0.521082 0.608218 0.686986 0.75535 0.81255 0.858863 0.895292 0.92324 0.944236 0.959741 0.97104 0.97919 0.985031 0.989198 0.992168 0.994285 0.995798 0.996883 0.997667 0.998235 0.998651 0.998958 0.999185 0.999356 0.999486 0.999584 0.99966 0.999719 0.999766 0.999803 0.999832 0.999856 0.999875 0.99989 0.999903 0.999914 0.999923 0.999931 0.999937 0.999942 0.999947 0.999951 0.999954 0.999957 0.99996 0.999962 0.999964 0.999966 0.999968 0.999969 0.99997 0.999972 0.999973 0.999973 0.999974 0.999975 0.999976 0.999976 0.999977 0.999977 0.999977 0.999978 0.999978 0.999978 0.999978 0.999979 0.999979 0.999979 0.999979 0.999979 0.999979 0.99998 0.99998 0.99998 0.99998 0.99998 0.99998 0.99998 0.99998 0.99998 0.99998 0.99998 0.99998 0.99998 0.99998 0.999981 0.999981 0.999981 0.999981
 #wt and selex for gender,fleet: 1 6 6_OR_REC
 0.00896707 0.00906515 0.0340681 0.0841176 0.155093 0.242834 0.341984 0.448041 0.558149 0.672087 0.792075 0.92075 1.05918 1.20632 1.35973 1.51663 1.67456 1.83159 1.98629 2.13762 2.28481 2.42729 2.56465 2.69658 2.82291 2.94352 3.05837 3.16749 3.27094 3.36883 3.46129 3.5485 3.63062 3.70786 3.78042 3.8485 3.91233 3.9721 4.02803 4.08032 4.12918 4.17481 4.21738 4.25709 4.2941 4.32859 4.36071 4.3906 4.41843 4.44431 4.46839 4.49077 4.51157 4.5309 4.54886 4.56554 4.58103 4.59541 4.60876 4.62115 4.63265 4.64332 4.65322 4.66241 4.67093 4.67883 4.68616 4.69296 4.69926 4.7051 4.71055 4.71564 4.72035 4.72472 4.72877 4.73253 4.73601 4.73924 4.74222 4.745 4.74756 4.74994 4.75215 4.75419 4.75608 4.75784 4.75947 4.76097 4.76237 4.76366 4.76486 4.76597 4.767 4.76795 4.76884 4.76965 4.77041 4.77111 4.77176 4.77237 4.77324
 0 1.93916e-05 9.05332e-05 0.0013818 0.0107466 0.0480424 0.140251 0.295993 0.488708 0.672498 0.813445 0.903926 0.95439 0.979638 0.991259 0.996267 0.998297 0.999055 0.999288 0.999306 0.999239 0.999137 0.999023 0.998904 0.998785 0.998668 0.998554 0.998445 0.998339 0.998238 0.998141 0.998049 0.997962 0.99788 0.997802 0.997728 0.997659 0.997594 0.997533 0.997476 0.997422 0.997372 0.997325 0.997281 0.99724 0.997201 0.997166 0.997132 0.997101 0.997072 0.997045 0.99702 0.996997 0.996975 0.996955 0.996937 0.996919 0.996903 0.996888 0.996874 0.996861 0.996849 0.996838 0.996828 0.996818 0.996809 0.996801 0.996793 0.996786 0.99678 0.996773 0.996768 0.996762 0.996757 0.996753 0.996748 0.996745 0.996741 0.996738 0.996734 0.996731 0.996729 0.996726 0.996724 0.996722 0.99672 0.996718 0.996716 0.996715 0.996713 0.996712 0.996711 0.996709 0.996708 0.996707 0.996706 0.996706 0.996705 0.996704 0.996703 0.996702
 #wt and selex for gender,fleet: 1 7 7_WA_REC
 0.00896707 0.00906516 0.0343859 0.0864254 0.162316 0.258577 0.369853 0.491128 0.618325 0.748414 0.879485 1.01093 1.14339 1.27814 1.41631 1.55829 1.70356 1.85089 1.99872 2.14546 2.28972 2.4304 2.56668 2.69799 2.82396 2.94437 3.05912 3.16819 3.27162 3.36951 3.46198 3.5492 3.63134 3.7086 3.78118 3.84928 3.91312 3.97291 4.02885 4.08116 4.13004 4.17568 4.21826 4.25798 4.295 4.3295 4.36163 4.39153 4.41937 4.44526 4.46934 4.49172 4.51253 4.53187 4.54983 4.56651 4.58201 4.59639 4.60975 4.62214 4.63365 4.64432 4.65422 4.66341 4.67193 4.67984 4.68717 4.69397 4.70027 4.70612 4.71157 4.71666 4.72137 4.72575 4.7298 4.73356 4.73704 4.74026 4.74326 4.74603 4.7486 4.75098 4.75318 4.75523 4.75712 4.75888 4.7605 4.76201 4.76341 4.7647 4.7659 4.76701 4.76804 4.76899 4.76988 4.7707 4.77146 4.77216 4.77281 4.77341 4.77429
 0 1.67562e-06 8.00137e-06 0.000137488 0.00129681 0.00733605 0.0276461 0.0757438 0.161744 0.28425 0.428963 0.575033 0.704062 0.805904 0.879099 0.927831 0.95835 0.976568 0.987053 0.992928 0.996159 0.997915 0.998864 0.999377 0.999654 0.999806 0.999889 0.999936 0.999962 0.999977 0.999986 0.999991 0.999994 0.999996 0.999997 0.999998 0.999998 0.999999 0.999999 0.999999 0.999999 0.999999 0.999999 0.999999 0.999999 0.999999 0.999999 0.999999 0.999999 0.999999 0.999999 0.999999 0.999999 0.999999 0.999999 0.999999 0.999999 0.999999 0.999999 0.999999 0.999999 0.999999 0.999999 0.999999 0.999999 0.999999 0.999999 0.999999 0.999999 0.999999 0.999999 0.999999 0.999999 0.999999 0.999999 0.999999 0.999999 0.999999 0.999999 0.999999 0.999999 0.999999 0.999999 0.999999 0.999999 0.999999 0.999999 0.999999 0.999999 0.999999 0.999999 0.999999 0.999999 0.999999 0.999999 0.999999 0.999999 0.999999 0.999999 0.999999 0.999999
# Sex ratio correction
1
# M and current age-structure in year Yinit: 2011
 # gender = 1
 0.0439034 0.0439034 0.0439034 0.0439034 0.0439034 0.0439034 0.0439034 0.0439034 0.0439034 0.0439034 0.0439034 0.0439034 0.0439034 0.0439034 0.0439034 0.0439034 0.0439034 0.0439034 0.0439034 0.0439034 0.0439034 0.0439034 0.0439034 0.0439034 0.0439034 0.0439034 0.0439034 0.0439034 0.0439034 0.0439034 0.0439034 0.0439034 0.0439034 0.0439034 0.0439034 0.0439034 0.0439034 0.0439034 0.0439034 0.0439034 0.0439034 0.0439034 0.0439034 0.0439034 0.0439034 0.0439034 0.0439034 0.0439034 0.0439034 0.0439034 0.0439034 0.0439034 0.0439034 0.0439034 0.0439034 0.0439034 0.0439034 0.0439034 0.0439034 0.0439034 0.0439034 0.0439034 0.0439034 0.0439034 0.0439034 0.0439034 0.0439034 0.0439034 0.0439034 0.0439034 0.0439034 0.0439034 0.0439034 0.0439034 0.0439034 0.0439034 0.0439034 0.0439034 0.0439034 0.0439034 0.0439034 0.0439034 0.0439034 0.0439034 0.0439034 0.0439034 0.0439034 0.0439034 0.0439034 0.0439034 0.0439034 0.0439034 0.0439034 0.0439034 0.0439034 0.0439034 0.0439034 0.0439034 0.0439034 0.0439034 0.0439034
 219.628 273.328 285.67 329.589 196.308 181.188 103.261 64.6748 92.3533 211.708 61.9435 49.4557 87.3312 55.49 34.5375 27.437 27.0675 52.2175 56.9612 27.9271 22.376 22.3667 21.8276 22.2614 25.0955 27.8189 35.2927 32.6819 20.7805 22.676 19.9035 15.5303 11.4084 7.53864 8.73992 7.72207 8.10259 4.99141 4.06622 4.77639 7.86199 4.54783 3.45455 2.91615 2.24596 1.88218 1.47508 1.19538 1.11522 1.1707 1.27565 1.29024 1.16002 1.00155 0.882674 0.807398 0.770392 0.768005 0.799498 0.867228 0.970282 1.08817 1.15678 1.10463 0.967177 0.827797 0.718095 0.638027 0.580389 0.537703 0.505067 0.479267 0.458342 0.440843 0.425364 0.410714 0.396016 0.380975 0.365728 0.350732 0.336467 0.323293 0.311298 0.300442 0.290433 0.280876 0.271686 0.262648 0.253594 0.244446 0.235188 0.22584 0.216469 0.207184 0.198007 0.189057 0.180406 0.172097 0.164153 0.156586 3.39698
# Age-structure at Ydeclare= 2013
 444.692 192.487 201.165 250.347 261.642 301.837 179.735 165.815 94.4269 59.0805 84.2636 192.931 56.3887 44.9807 79.3746 50.4089 31.3638 24.9096 24.57 47.3938 51.6953 25.344 20.3056 20.2965 19.8069 20.2001 22.7712 25.2416 32.0219 29.6519 18.853 20.5716 18.0553 14.0874 10.348 6.83764 7.92692 7.00354 7.34846 4.52674 3.68759 4.33154 7.12961 4.1241 3.13262 2.64435 2.03659 1.70669 1.33754 1.0839 1.01121 1.06151 1.15666 1.16989 1.05181 0.908119 0.800329 0.732073 0.698518 0.696353 0.724906 0.786316 0.879753 0.986638 1.04885 1.00157 0.876932 0.750557 0.65109 0.578492 0.526232 0.487528 0.457938 0.434545 0.415572 0.399707 0.385672 0.372388 0.359062 0.345424 0.331601 0.318004 0.30507 0.293125 0.28225 0.272407 0.263332 0.254666 0.246334 0.238139 0.22993 0.221636 0.213241 0.204766 0.196269 0.187851 0.17953 0.171415 0.163572 0.156038 3.37082
# Year for Tmin Age-structure (set to Ydecl by SS)
2013
#  recruitment and biomass
# Number of historical assessment years
137
# Historical data
# year recruitment spawner in B0 in R project in R/S project
1888  1889 1890 1891 1892 1893 1894 1895 1896 1897 1898 1899 1900 1901 1902 1903 1904 1905 1906 1907 1908 1909 1910 1911 1912 1913 1914 1915 1916 1917 1918 1919 1920 1921 1922 1923 1924 1925 1926 1927 1928 1929 1930 1931 1932 1933 1934 1935 1936 1937 1938 1939 1940 1941 1942 1943 1944 1945 1946 1947 1948 1949 1950 1951 1952 1953 1954 1955 1956 1957 1958 1959 1960 1961 1962 1963 1964 1965 1966 1967 1968 1969 1970 1971 1972 1973 1974 1975 1976 1977 1978 1979 1980 1981 1982 1983 1984 1985 1986 1987 1988 1989 1990 1991 1992 1993 1994 1995 1996 1997 1998 1999 2000 2001 2002 2003 2004 2005 2006 2007 2008 2009 2010 2011 2012 2013 2014 2015 2016 2017 2018 2019 2020 2021 2022 2023 2024 #years (with first value representing R0)
222.736 224.771 224.842 224.916 224.992 225.063 225.136 225.212 225.297 225.387 225.482 225.581 225.686 225.798 225.916 226.038 226.17 226.316 226.474 226.657 226.861 227.087 227.338 227.61 227.901 228.194 228.467 228.682 228.794 228.745 228.459 227.828 226.863 225.489 223.685 221.473 218.902 216.064 213.104 210.178 207.327 204.787 202.68 200.952 199.47 197.974 196.185 193.899 191.113 188.041 185.12 182.841 181.683 182.033 184.354 189.39 198.228 212.458 233.257 259.559 282.298 281.454 252.003 213.814 181.802 159.41 145.615 138.865 138.322 143.676 154.837 170.251 179.664 168.416 146.399 131.931 133.56 155.285 186.17 207.969 251.653 276.212 334.628 528.017 290.168 221.34 241.059 343.775 285.089 278.147 204.783 262.656 300.909 322.022 303.411 230.04 299.15 267.854 175.885 133.18 100.175 84.4685 75.5309 66.9547 75.2374 140.408 119.314 57.8751 55.2075 65.7762 100.324 150.069 80.9858 96.7424 315.609 131.521 88.0455 134.45 225.712 234.012 376.001 311.891 285.595 219.628 201.126 444.692 223.413 283.734 206.577 105.65 103.631 110.301 110.977 148.292 166.1 171.053 184.724  #recruits; first value is R0 (virgin)
1125.29  1125.29 1125.28 1125.27 1125.24 1124.78 1124.32 1123.85 1123.7 1123.62 1123.54 1123.47 1123.39 1123.31 1123.23 1123.16 1123.11 1123.05 1123.01 1122.99 1122.97 1122.84 1122.83 1122.82 1122.82 1122.81 1122.81 1122.81 1122.74 1122.73 1122.57 1120.36 1119.74 1119.24 1118.82 1118.69 1118.5 1117.77 1116.7 1114.84 1112.27 1109.81 1107.83 1105.51 1104.24 1103.13 1102.02 1100.37 1098.68 1095.98 1093.5 1090.66 1088.38 1084.87 1079.77 1074.22 1064.08 1053.19 1036.98 1021.92 1014.52 1006.05 999.266 991.719 982.524 974.385 968.048 960.564 953.531 946.561 938.636 931.588 925.864 921.53 919.224 916.31 914.916 914.694 904.607 901.331 896.075 890.305 875.315 864.905 851.321 834.59 816.508 796.703 777.365 755.35 733.812 700.108 664.715 638.187 604.499 549.697 503.333 476.989 441.528 413.485 387.403 365.479 337.549 317.868 284.603 254.653 225.948 210.898 195.62 178.73 158.844 152.761 142.286 143.66 144.364 150.204 156.198 162.377 168.514 174.927 180.803 187.032 193.199 200.102 207.307 214.831 223.256 232.632 242.488 253.597 264.912 277.852 292.049 308.542 326.492 344.63 363.396 #spbio; first value is SSB_virgin (virgin)
1 0 0 0 0 0 0 0 0 0 0 0 0 0 0 0 0 0 0 0 0 0 0 0 0 0 0 0 0 0 0 0 0 0 0 0 0 0 0 0 0 0 0 0 0 0 0 0 0 0 0 0 0 0 0 0 0 0 0 0 0 0 0 0 0 0 0 0 0 0 0 0 0 0 0 0 0 0 0 0 0 0 0 0 0 0 0 0 0 0 0 0 0 0 0 0 0 0 0 0 0 0 0 0 0 0 0 0 0 0 0 0 0 0 0 0 0 0 0 0 0 0 0 0 0 0 0 0 0 0 0 0 0 0 0 0 0  # in Bzero
0 1 1 1 1 1 1 1 1 1 1 1 1 1 1 1 1 1 1 1 1 1 1 1 1 1 1 1 1 1 1 1 1 1 1 1 1 1 1 1 1 1 1 1 1 1 1 1 1 1 1 1 1 1 1 1 1 1 1 1 1 1 1 1 1 1 1 1 1 1 1 1 1 1 1 1 1 1 1 1 1 1 1 1 1 1 1 1 1 1 1 1 1 1 1 1 1 1 1 1 1 1 1 1 1 1 1 1 1 1 1 1 1 1 1 1 1 1 1 1 1 1 1 1 1 1 1 1 1 1 1 1 1 1  0 0 0 # in R project
0 1 1 1 1 1 1 1 1 1 1 1 1 1 1 1 1 1 1 1 1 1 1 1 1 1 1 1 1 1 1 1 1 1 1 1 1 1 1 1 1 1 1 1 1 1 1 1 1 1 1 1 1 1 1 1 1 1 1 1 1 1 1 1 1 1 1 1 1 1 1 1 1 1 1 1 1 1 1 1 1 1 1 1 1 1 1 1 1 1 1 1 1 1 1 1 1 1 1 1 1 1 1 1 1 1 1 1 1 1 1 1 1 1 1 1 1 1 1 1 1 1 1 1 1 1 1 1 1 1 1 1 1 1  0 0 0 # in R/S project
# Number of years with pre-specified catches
0
# catches for years with pre-specified catches go next
# Number of future recruitments to override
-2
# Process for overiding (-1 for average otherwise index in data list)
# Which probability to product detailed results for (1=0.5; 2=0.6; etc.)
3
# Steepness sigma-R Auto-correlation
0.718 0.5 0
# Target SPR rate (FMSY Proxy); manually change to SPR_MSY if not using SPR_target
0.5
# Discount rate (for cumulative catch)
0.1
# Truncate the series when 0.4B0 is reached (1=Yes)
0
# Set F to FMSY once 0.4B0 is reached (1=Yes)
0
# Maximum possible F for projection (-1 to set to FMSY)
-1
# Defintion of recovery (1=now only;2=now or before)
2
# Projection type
4
# Definition of the 40-10 rule
10 40
# Sigma Assessment Error (Base, Year1, Slope, MaxSigma)
1.0 2025 0.075 2.0
# Pstar
0.45
# Constrain catches by the ABC (1=yes, 2=no)
2
# Implementation Error (0=no; 1=lognormal; 2=uniform)
0
#Parameters of Implementaion Error
1 0.3
# Calculate coefficients of variation (1=Yes)
0
# Number of replicates to use
10
# Random number seed
-99004
# File with multiple parameter vectors 
rebuild.SSO
# User-specific projection (1=Yes); Output replaced (1->9)
0  5
# Catches and Fs (Year; 1/2/3 (F or C or SPR); value); Final row is -1
2024 1 1
-1 -1 -1
# Fixed catch project (1=Yes); Output replaced (1->9); Approach (-1=Read in else 1-9)
0 2 -1
# (48a) Special catch options (1-Yes) [CUT_OFF, Emsy, distribution, MAXCAT, Add, replace_code]
0 0.18 1.00 1.00 0 6
# (48b) B1Target
150000
# Split of Fs
2011  0.0178134
 0
 0.408414
 0.0231146
 0.185199
 0.191839
 0.17362
-1  1 1 1 1 1 1 1 1 1 1 1 1
# Yrs to define T_target for projection type 4 (a.k.a. 5 pre-specified inputs)
2030 2031 2032 2033 2034 
# Year for probability of recovery
2034 2035 2036 2037 2038 2039 2040 2041
# Time varying weight-at-age (1=Yes;0=No)
0
# File with time series of weight-at-age data
none
# Use bisection (0) or linear interpolation (1)
1
# Target Depletion
0.4
# CV of implementation error
0
