#Title, #runnumber: 1 yelloweye_data.ss yelloweye_control.ss 5737.03 1106 288.582 StartTime: Tue May 13 16:08:35 2025
SSv3_default_rebuild.dat
# Number of sexes
1
# Age range to consider (minimum age; maximum age)
0 100
# Number of fleets
7
# First year of projection (Yinit)
2011
# First Year of rebuilding period (Ydecl)
2013
# Number of simulations
1000
# Maximum number of years
500
# Conduct projections with multiple starting values (0=No;else yes)
0
# Number of parameter vectors
1000
# Is the maximum age a plus-group (1=Yes;2=No)
1
# Generate future recruitments using historical recruitments (1)  historical recruits/spawner (2)  or a stock-recruitment (3)
3
# Constant fishing mortality (1) or constant Catch (2) projections
1
# Fishing mortality based on SPR (1) or actual rate (2)
1
# Pre-specify the year of recovery (or -1) to ignore
-1
# Fecundity-at-age
# 0 1 2 3 4 5 6 7 8 9 10 11 12 13 14 15 16 17 18 19 20 21 22 23 24 25 26 27 28 29 30 31 32 33 34 35 36 37 38 39 40 41 42 43 44 45 46 47 48 49 50 51 52 53 54 55 56 57 58 59 60 61 62 63 64 65 66 67 68 69 70 71 72 73 74 75 76 77 78 79 80 81 82 83 84 85 86 87 88 89 90 91 92 93 94 95 96 97 98 99 100 #runnumber: 1 yelloweye_data.ss yelloweye_control.ss 5737.03 1106 288.582
 0 0 3.03949e-08 3.85096e-07 3.46986e-06 2.40623e-05 0.000133196 0.000592842 0.00211537 0.00609689 0.0145117 0.0293716 0.0520521 0.0828827 0.121152 0.165418 0.213925 0.264951 0.317028 0.369037 0.4202 0.47003 0.518252 0.564744 0.609471 0.652451 0.693727 0.733349 0.77137 0.807836 0.842792 0.876276 0.908326 0.938977 0.968264 0.99622 1.02288 1.04829 1.07247 1.09547 1.11732 1.13807 1.15776 1.17642 1.1941 1.21083 1.22667 1.24164 1.25578 1.26915 1.28176 1.29366 1.30489 1.31547 1.32545 1.33484 1.34369 1.35202 1.35986 1.36724 1.37418 1.3807 1.38684 1.39261 1.39803 1.40312 1.40791 1.4124 1.41662 1.42059 1.42431 1.4279 1.43126 1.43442 1.43738 1.44017 1.44278 1.44523 1.44752 1.44968 1.4517 1.4536 1.45538 1.45705 1.45861 1.46008 1.46145 1.46274 1.46395 1.46509 1.46615 1.46715 1.46808 1.46896 1.46978 1.47055 1.47127 1.47195 1.47258 1.47318 1.47411 #female fecundity; weighted by N in year Y_init across morphs and areas
# Age specific selectivity and weight adjusted for discard and discard mortality
 #wt and selex for gender,fleet: 1 1 1_CA_TWL
 0.0110614 0.0228485 0.0621996 0.120468 0.197177 0.289333 0.393471 0.506432 0.625607 0.74897 0.875059 1.00295 1.1322 1.26277 1.39479 1.52846 1.66385 1.80084 1.93904 2.07789 2.21668 2.35461 2.49092 2.62488 2.75587 2.8834 3.00706 3.12657 3.24173 3.35244 3.45862 3.56027 3.65742 3.75013 3.83848 3.92258 4.00254 4.07849 4.15056 4.21889 4.28362 4.34491 4.40288 4.45769 4.50947 4.55838 4.60454 4.64808 4.68914 4.72785 4.76432 4.79867 4.83102 4.86146 4.89011 4.91706 4.94241 4.96625 4.98866 5.00972 5.02951 5.0481 5.06557 5.08197 5.09738 5.11184 5.12542 5.13817 5.15014 5.16137 5.17201 5.18209 5.19154 5.20042 5.20874 5.21655 5.22387 5.23074 5.23718 5.24322 5.24889 5.2542 5.25918 5.26385 5.26823 5.27234 5.27619 5.2798 5.28318 5.28635 5.28933 5.29211 5.29473 5.29717 5.29947 5.30162 5.30364 5.30553 5.3073 5.30896 5.31156
 0 0.000678108 0.00261122 0.00872222 0.023317 0.0516348 0.0979852 0.163966 0.247673 0.344143 0.446629 0.548115 0.642605 0.725902 0.795835 0.852036 0.895461 0.927852 0.951259 0.967702 0.978963 0.986505 0.991455 0.99465 0.99668 0.997955 0.998746 0.999234 0.999533 0.999715 0.999825 0.999893 0.999934 0.999958 0.999974 0.999983 0.999989 0.999992 0.999994 0.999996 0.999997 0.999997 0.999997 0.999998 0.999998 0.999998 0.999998 0.999998 0.999998 0.999998 0.999998 0.999998 0.999998 0.999998 0.999998 0.999998 0.999998 0.999998 0.999998 0.999998 0.999998 0.999998 0.999998 0.999998 0.999998 0.999998 0.999998 0.999997 0.999997 0.999997 0.999997 0.999997 0.999997 0.999997 0.999997 0.999997 0.999997 0.999997 0.999997 0.999997 0.999997 0.999997 0.999997 0.999997 0.999997 0.999997 0.999997 0.999997 0.999997 0.999997 0.999997 0.999997 0.999997 0.999997 0.999997 0.999997 0.999997 0.999997 0.999997 0.999997 0.999997
 #wt and selex for gender,fleet: 1 3 3_CA_REC
 0.0109605 0.0211747 0.0558604 0.108234 0.177827 0.262407 0.359196 0.465524 0.579084 0.698043 0.821108 0.947552 1.07711 1.20978 1.34559 1.48438 1.62575 1.76906 1.91343 2.05792 2.20157 2.3435 2.48294 2.61929 2.75203 2.88079 3.00532 3.12542 3.24099 3.35195 3.4583 3.56007 3.65729 3.75004 3.83843 3.92254 4.00252 4.07847 4.15055 4.21888 4.28362 4.3449 4.40288 4.45769 4.50947 4.55838 4.60454 4.64808 4.68914 4.72785 4.76432 4.79867 4.83102 4.86146 4.89011 4.91706 4.94241 4.96625 4.98866 5.00972 5.02951 5.0481 5.06557 5.08197 5.09738 5.11184 5.12542 5.13817 5.15014 5.16137 5.17201 5.18209 5.19154 5.20042 5.20874 5.21655 5.22387 5.23074 5.23718 5.24322 5.24889 5.2542 5.25918 5.26385 5.26823 5.27234 5.27619 5.2798 5.28318 5.28635 5.28933 5.29211 5.29473 5.29718 5.29947 5.30162 5.30364 5.30553 5.3073 5.30896 5.31156
 0 0.00579397 0.0155991 0.0377338 0.0774186 0.138045 0.219265 0.316794 0.423566 0.531507 0.633228 0.723225 0.79842 0.858062 0.903182 0.935886 0.958688 0.974039 0.984053 0.990403 0.994329 0.996702 0.998108 0.998927 0.999397 0.999664 0.999813 0.999897 0.999943 0.999968 0.999982 0.99999 0.999994 0.999997 0.999998 0.999999 0.999999 0.999999 0.999999 0.999999 0.999999 0.999999 0.999999 0.999999 0.999999 0.999999 0.999999 0.999999 0.999999 0.999999 0.999999 0.999999 0.999999 0.999999 0.999999 0.999999 0.999999 0.999999 0.999999 0.999999 0.999999 0.999999 0.999999 0.999999 0.999999 0.999999 0.999999 0.999999 0.999999 0.999999 0.999999 0.999999 0.999999 0.999999 0.999999 0.999999 0.999999 0.999999 0.999999 0.999999 0.999999 0.999999 0.999999 0.999999 0.999999 0.999999 0.999999 0.999999 0.999999 0.999999 0.999999 0.999999 0.999999 0.999999 0.999999 0.999999 0.999999 0.999999 0.999999 0.999999 0.999999
 #wt and selex for gender,fleet: 1 4 4_ORWA_TWL
 0.0108951 0.0200742 0.0515675 0.100712 0.167516 0.250556 0.347673 0.456508 0.574795 0.700485 0.8318 0.967227 1.10551 1.24566 1.38689 1.52862 1.67041 1.81189 1.95275 2.09264 2.23122 2.36807 2.50279 2.63495 2.76415 2.89003 3.01226 3.13058 3.24478 3.35472 3.46032 3.56153 3.65834 3.75081 3.83898 3.92295 4.00281 4.07869 4.15071 4.219 4.28371 4.34497 4.40293 4.45772 4.5095 4.5584 4.60455 4.64809 4.68916 4.72786 4.76433 4.79868 4.83102 4.86147 4.89011 4.91707 4.94241 4.96625 4.98866 5.00972 5.02951 5.0481 5.06557 5.08197 5.09738 5.11184 5.12542 5.13817 5.15014 5.16137 5.17201 5.18209 5.19154 5.20042 5.20874 5.21655 5.22387 5.23074 5.23718 5.24322 5.24889 5.2542 5.25918 5.26385 5.26823 5.27234 5.27619 5.2798 5.28318 5.28635 5.28933 5.29211 5.29473 5.29717 5.29947 5.30162 5.30364 5.30553 5.3073 5.30896 5.31156
 0 0.0105874 0.0222685 0.0434248 0.0761197 0.121594 0.179563 0.248232 0.324687 0.405427 0.486895 0.56588 0.63978 0.706727 0.765599 0.815959 0.85794 0.892102 0.919281 0.940456 0.956638 0.968787 0.977763 0.984299 0.988997 0.992337 0.994689 0.996332 0.997471 0.998258 0.9988 0.999171 0.999426 0.999601 0.999721 0.999804 0.999861 0.999901 0.999928 0.999948 0.999961 0.999971 0.999978 0.999983 0.999987 0.999989 0.999991 0.999993 0.999994 0.999995 0.999995 0.999996 0.999996 0.999996 0.999996 0.999997 0.999997 0.999997 0.999997 0.999997 0.999997 0.999997 0.999997 0.999997 0.999997 0.999997 0.999997 0.999997 0.999997 0.999997 0.999997 0.999997 0.999997 0.999997 0.999997 0.999997 0.999997 0.999997 0.999997 0.999997 0.999997 0.999997 0.999997 0.999997 0.999997 0.999997 0.999997 0.999997 0.999997 0.999997 0.999997 0.999997 0.999997 0.999997 0.999997 0.999997 0.999997 0.999997 0.999997 0.999997 0.999997
 #wt and selex for gender,fleet: 1 5 5_ORWA_NONTWL
 0.0109798 0.0215224 0.0576434 0.112767 0.186901 0.277926 0.382947 0.49903 0.623525 0.754173 0.889117 1.02686 1.16622 1.30628 1.44635 1.58595 1.72476 1.86254 1.99913 2.13439 2.26814 2.40017 2.53024 2.65806 2.78332 2.90572 3.02494 3.14072 3.25282 3.36104 3.46526 3.56537 3.66132 3.75311 3.84076 3.92433 4.00388 4.07952 4.15135 4.21951 4.2841 4.34528 4.40318 4.45792 4.50966 4.55853 4.60466 4.64818 4.68923 4.72792 4.76438 4.79872 4.83106 4.8615 4.89014 4.91709 4.94244 4.96627 4.98867 5.00973 5.02952 5.04811 5.06558 5.08198 5.09739 5.11185 5.12543 5.13818 5.15015 5.16138 5.17201 5.18209 5.19155 5.20042 5.20875 5.21655 5.22388 5.23075 5.23719 5.24323 5.24889 5.25421 5.25919 5.26386 5.26824 5.27235 5.27619 5.2798 5.28319 5.28636 5.28933 5.29212 5.29473 5.29718 5.29947 5.30163 5.30364 5.30553 5.3073 5.30896 5.31157
 0 0.00110601 0.00324761 0.00871865 0.0199674 0.0398202 0.070697 0.113921 0.169346 0.235385 0.309348 0.387929 0.467707 0.545546 0.618864 0.685782 0.745138 0.796438 0.839736 0.875496 0.904453 0.927483 0.945502 0.959397 0.969973 0.977931 0.983859 0.988239 0.991452 0.993795 0.995497 0.99673 0.99762 0.998263 0.998728 0.999064 0.999308 0.999485 0.999614 0.999709 0.999779 0.999831 0.999869 0.999898 0.99992 0.999937 0.999949 0.999959 0.999967 0.999973 0.999977 0.999981 0.999984 0.999986 0.999988 0.99999 0.999991 0.999992 0.999993 0.999994 0.999995 0.999995 0.999996 0.999996 0.999996 0.999997 0.999997 0.999997 0.999997 0.999997 0.999998 0.999998 0.999998 0.999998 0.999998 0.999998 0.999998 0.999998 0.999998 0.999998 0.999998 0.999998 0.999998 0.999998 0.999998 0.999998 0.999998 0.999998 0.999998 0.999998 0.999998 0.999998 0.999998 0.999998 0.999998 0.999998 0.999998 0.999998 0.999998 0.999998 0.999998
 #wt and selex for gender,fleet: 1 6 6_OR_REC
 0.0115674 0.0298469 0.080177 0.147996 0.23022 0.321259 0.416808 0.514335 0.613259 0.714697 0.820651 0.933089 1.05328 1.18149 1.31703 1.45849 1.6041 1.75206 1.90077 2.04886 2.19528 2.33922 2.48004 2.61728 2.75059 2.8797 3.00442 3.12463 3.24024 3.35123 3.45759 3.55934 3.65655 3.74929 3.83766 3.92176 4.00172 4.07766 4.14973 4.21805 4.28278 4.34405 4.40202 4.45682 4.5086 4.55749 4.60365 4.64719 4.68825 4.72695 4.76341 4.79776 4.8301 4.86054 4.88919 4.91614 4.94149 4.96532 4.98773 5.00878 5.02857 5.04717 5.06463 5.08103 5.09644 5.1109 5.12448 5.13723 5.1492 5.16042 5.17106 5.18114 5.19059 5.19946 5.20778 5.21558 5.2229 5.22977 5.23621 5.24225 5.24791 5.25322 5.2582 5.26287 5.26725 5.27135 5.2752 5.27881 5.28219 5.28536 5.28833 5.29112 5.29373 5.29618 5.29847 5.30062 5.30264 5.30453 5.3063 5.30796 5.31056
 0 6.03451e-05 0.000737799 0.00544192 0.024254 0.073271 0.164685 0.295755 0.448162 0.59789 0.726246 0.824754 0.8938 0.938683 0.966059 0.981864 0.990552 0.995114 0.997398 0.998478 0.998942 0.9991 0.999112 0.999054 0.998964 0.99886 0.998752 0.998642 0.998533 0.998426 0.998322 0.998221 0.998124 0.99803 0.99794 0.997854 0.997771 0.997692 0.997617 0.997545 0.997477 0.997412 0.997351 0.997292 0.997237 0.997185 0.997135 0.997088 0.997044 0.997002 0.996963 0.996926 0.996891 0.996858 0.996826 0.996797 0.99677 0.996744 0.996719 0.996696 0.996675 0.996654 0.996635 0.996617 0.9966 0.996585 0.99657 0.996556 0.996543 0.99653 0.996519 0.996508 0.996497 0.996487 0.996478 0.99647 0.996462 0.996454 0.996447 0.99644 0.996434 0.996428 0.996423 0.996417 0.996413 0.996408 0.996404 0.9964 0.996396 0.996393 0.996389 0.996386 0.996383 0.996381 0.996378 0.996376 0.996374 0.996371 0.996369 0.996368 0.996365
 #wt and selex for gender,fleet: 1 7 7_WA_REC
 0.0115562 0.0299186 0.0823094 0.15573 0.247841 0.35285 0.465663 0.582484 0.70077 0.819059 0.936842 1.05441 1.17258 1.29242 1.4149 1.54072 1.67012 1.80291 1.93847 2.0759 2.21413 2.35205 2.48863 2.62299 2.7544 2.88229 3.00625 3.126 3.24134 3.35216 3.45843 3.56014 3.65734 3.75007 3.83844 3.92256 4.00252 4.07848 4.15055 4.21888 4.28362 4.3449 4.40288 4.45769 4.50947 4.55838 4.60454 4.64808 4.68914 4.72785 4.76432 4.79867 4.83102 4.86146 4.89011 4.91706 4.94241 4.96625 4.98866 5.00972 5.02951 5.0481 5.06557 5.08197 5.09738 5.11184 5.12542 5.13817 5.15014 5.16137 5.17201 5.18209 5.19154 5.20042 5.20874 5.21655 5.22387 5.23074 5.23718 5.24322 5.24889 5.2542 5.25918 5.26385 5.26823 5.27234 5.27619 5.2798 5.28318 5.28635 5.28933 5.29211 5.29473 5.29718 5.29947 5.30162 5.30364 5.30553 5.3073 5.30896 5.31156
 0 6.21559e-06 8.07812e-05 0.000685619 0.00367838 0.0136635 0.0380114 0.0843273 0.156635 0.252919 0.365497 0.483667 0.596973 0.69759 0.781271 0.847047 0.896281 0.931595 0.955998 0.972318 0.982923 0.989644 0.993811 0.996346 0.997864 0.998761 0.999286 0.999589 0.999764 0.999865 0.999922 0.999955 0.999974 0.999985 0.999991 0.999994 0.999996 0.999998 0.999998 0.999999 0.999999 0.999999 0.999999 0.999999 0.999999 0.999999 0.999999 0.999999 0.999999 0.999999 0.999999 0.999999 0.999999 0.999999 0.999999 0.999999 0.999999 0.999999 0.999999 0.999999 0.999999 0.999999 0.999999 0.999999 0.999999 0.999999 0.999999 0.999999 0.999999 0.999999 0.999999 0.999999 0.999999 0.999999 0.999999 0.999999 0.999999 0.999999 0.999999 0.999999 0.999999 0.999999 0.999999 0.999999 0.999999 0.999999 0.999999 0.999999 0.999999 0.999999 0.999999 0.999999 0.999999 0.999999 0.999999 0.999999 0.999999 0.999999 0.999999 0.999999 0.999999
# Sex ratio correction
1
# M and current age-structure in year Yinit: 2011
 # gender = 1
 0.0439034 0.0439034 0.0439034 0.0439034 0.0439034 0.0439034 0.0439034 0.0439034 0.0439034 0.0439034 0.0439034 0.0439034 0.0439034 0.0439034 0.0439034 0.0439034 0.0439034 0.0439034 0.0439034 0.0439034 0.0439034 0.0439034 0.0439034 0.0439034 0.0439034 0.0439034 0.0439034 0.0439034 0.0439034 0.0439034 0.0439034 0.0439034 0.0439034 0.0439034 0.0439034 0.0439034 0.0439034 0.0439034 0.0439034 0.0439034 0.0439034 0.0439034 0.0439034 0.0439034 0.0439034 0.0439034 0.0439034 0.0439034 0.0439034 0.0439034 0.0439034 0.0439034 0.0439034 0.0439034 0.0439034 0.0439034 0.0439034 0.0439034 0.0439034 0.0439034 0.0439034 0.0439034 0.0439034 0.0439034 0.0439034 0.0439034 0.0439034 0.0439034 0.0439034 0.0439034 0.0439034 0.0439034 0.0439034 0.0439034 0.0439034 0.0439034 0.0439034 0.0439034 0.0439034 0.0439034 0.0439034 0.0439034 0.0439034 0.0439034 0.0439034 0.0439034 0.0439034 0.0439034 0.0439034 0.0439034 0.0439034 0.0439034 0.0439034 0.0439034 0.0439034 0.0439034 0.0439034 0.0439034 0.0439034 0.0439034 0.0439034
 226.541 230.623 205.281 265.742 165.813 124.046 91.8034 67.5971 140.832 266.019 96.4547 69.0339 128.167 65.9792 38.3816 31.1642 31.1679 62.4735 81.0057 31.7505 23.8191 24.9206 27.1425 27.7356 27.8855 26.9413 30.7049 37.0696 29.4303 32.8522 22.4443 15.0612 10.7034 8.19805 8.66721 8.05146 7.58359 4.79104 4.42845 5.2869 8.12491 5.47856 4.06323 2.97854 2.25558 1.82349 1.3904 1.12649 1.06039 1.12997 1.26508 1.34339 1.26269 1.096 0.940538 0.83002 0.768607 0.750961 0.772154 0.830148 0.91886 1.0135 1.05858 1.00796 0.893037 0.774396 0.67758 0.60464 0.550808 0.510098 0.478396 0.452886 0.431811 0.413805 0.397408 0.381339 0.364719 0.347425 0.32989 0.312851 0.296964 0.282627 0.269908 0.258719 0.248797 0.239823 0.231511 0.22362 0.215956 0.208394 0.200861 0.19332 0.185777 0.178291 0.170859 0.163446 0.156253 0.149311 0.142641 0.13626 3.00998
# Age-structure at Ydeclare= 2013
 118.14 110.234 207.496 211.23 188.01 243.356 151.809 113.524 83.9672 61.781 128.606 242.715 87.9328 62.8888 116.686 60.039 34.9123 28.3388 28.3358 56.7876 73.6243 28.8548 21.6453 22.6452 24.6631 25.2011 25.3364 24.4776 27.8959 33.677 26.7358 29.8431 20.3877 13.6806 9.72196 7.44611 7.87203 7.3126 6.88751 4.35118 4.02178 4.80129 7.37846 4.97512 3.68977 2.70472 2.04818 1.65579 1.26251 1.02286 0.962834 1.026 1.14867 1.21976 1.14649 0.99513 0.85397 0.753622 0.69786 0.681837 0.701077 0.753732 0.834276 0.9202 0.961129 0.915168 0.810826 0.703106 0.615201 0.548976 0.5001 0.463137 0.434353 0.411191 0.392057 0.375708 0.36082 0.34623 0.331141 0.315439 0.299518 0.284048 0.269624 0.256607 0.245059 0.2349 0.225891 0.217744 0.210197 0.203033 0.196074 0.189209 0.182369 0.175522 0.168674 0.161877 0.155129 0.148399 0.141868 0.135565 2.98611
# Year for Tmin Age-structure (set to Ydecl by SS)
2013
#  recruitment and biomass
# Number of historical assessment years
129
# Historical data
# year recruitment spawner in B0 in R project in R/S project
1888  1889 1890 1891 1892 1893 1894 1895 1896 1897 1898 1899 1900 1901 1902 1903 1904 1905 1906 1907 1908 1909 1910 1911 1912 1913 1914 1915 1916 1917 1918 1919 1920 1921 1922 1923 1924 1925 1926 1927 1928 1929 1930 1931 1932 1933 1934 1935 1936 1937 1938 1939 1940 1941 1942 1943 1944 1945 1946 1947 1948 1949 1950 1951 1952 1953 1954 1955 1956 1957 1958 1959 1960 1961 1962 1963 1964 1965 1966 1967 1968 1969 1970 1971 1972 1973 1974 1975 1976 1977 1978 1979 1980 1981 1982 1983 1984 1985 1986 1987 1988 1989 1990 1991 1992 1993 1994 1995 1996 1997 1998 1999 2000 2001 2002 2003 2004 2005 2006 2007 2008 2009 2010 2011 2012 2013 2014 2015 2016 #years (with first value representing R0)
213.596 212.109 212.062 212.014 211.964 211.906 211.845 211.783 211.725 211.667 211.607 211.547 211.481 211.416 211.354 211.28 211.207 211.138 211.072 211.02 210.974 210.93 210.893 210.859 210.822 210.763 210.66 210.474 210.169 209.701 208.84 207.66 206.194 204.405 202.315 199.984 197.49 194.942 192.483 190.265 188.444 187.164 186.501 186.397 186.706 187.118 187.241 186.724 185.442 183.567 181.581 180.046 179.48 180.256 182.794 187.767 196.11 209.114 227.418 249.547 267.979 267.731 243.806 210.204 180.562 159.642 147.537 143.435 147.055 158.091 174.621 190.474 191.582 170.249 143.164 126.122 125.333 144.079 175.109 199.542 241.123 298.764 363.005 481.111 277.452 204.3 192.805 264.283 241.322 221.99 178.351 196.711 232.755 290.661 355.793 266.487 281.268 196.098 145.927 129.366 111.503 95.7883 78.2704 67.4787 82.1878 193.851 139.591 65.5184 61.9779 72.4748 118.576 219.528 112.802 150.454 396.345 200.525 92.0246 119.539 154.535 197.663 303.162 224.122 240.974 226.541 115.181 118.14 122.104 141.879 164.718  #recruits; first value is R0 (virgin)
1106  1106 1106 1105.98 1105.96 1105.49 1105.03 1104.57 1104.41 1104.33 1104.25 1104.16 1104.05 1103.91 1103.74 1103.54 1103.31 1103.04 1102.74 1102.4 1102.04 1101.53 1101.11 1100.65 1100.18 1099.67 1099.14 1098.59 1097.95 1097.35 1096.58 1093.73 1092.45 1091.29 1090.17 1089.33 1088.4 1086.91 1085.05 1082.37 1078.96 1075.63 1072.74 1069.5 1067.26 1065.16 1063.03 1060.34 1057.6 1053.85 1050.35 1046.51 1043.29 1038.91 1033.01 1026.76 1016.02 1004.62 988.04 972.829 965.494 957.271 950.921 943.983 935.562 928.354 923.081 916.778 910.986 905.249 898.474 892.429 887.5 883.743 881.871 879.346 878.452 878.934 869.814 867.896 864.063 860.264 847.392 839.181 827.713 812.981 796.738 778.741 761.581 741.639 722.011 689.805 655.778 630.384 597.497 542.161 495.048 468.365 432.285 403.732 376.942 353.818 324.41 304.347 272.196 243.178 215.72 201.518 187.036 171.232 152.868 148.649 140.267 143.747 146.966 153.946 161.193 168.813 176.435 184.384 191.997 200.145 208.48 217.815 227.72 238.176 249.652 262.083 274.883 #spbio; first value is SSB_virgin (virgin)
1 0 0 0 0 0 0 0 0 0 0 0 0 0 0 0 0 0 0 0 0 0 0 0 0 0 0 0 0 0 0 0 0 0 0 0 0 0 0 0 0 0 0 0 0 0 0 0 0 0 0 0 0 0 0 0 0 0 0 0 0 0 0 0 0 0 0 0 0 0 0 0 0 0 0 0 0 0 0 0 0 0 0 0 0 0 0 0 0 0 0 0 0 0 0 0 0 0 0 0 0 0 0 0 0 0 0 0 0 0 0 0 0 0 0 0 0 0 0 0 0 0 0 0 0 0 0 0 0  # in Bzero
0 1 1 1 1 1 1 1 1 1 1 1 1 1 1 1 1 1 1 1 1 1 1 1 1 1 1 1 1 1 1 1 1 1 1 1 1 1 1 1 1 1 1 1 1 1 1 1 1 1 1 1 1 1 1 1 1 1 1 1 1 1 1 1 1 1 1 1 1 1 1 1 1 1 1 1 1 1 1 1 1 1 1 1 1 1 1 1 1 1 1 1 1 1 1 1 1 1 1 1 1 1 1 1 1 1 1 1 1 1 1 1 1 1 1 1 1 1 1 1 1 1 1 1 1 1  0 0 0 # in R project
0 1 1 1 1 1 1 1 1 1 1 1 1 1 1 1 1 1 1 1 1 1 1 1 1 1 1 1 1 1 1 1 1 1 1 1 1 1 1 1 1 1 1 1 1 1 1 1 1 1 1 1 1 1 1 1 1 1 1 1 1 1 1 1 1 1 1 1 1 1 1 1 1 1 1 1 1 1 1 1 1 1 1 1 1 1 1 1 1 1 1 1 1 1 1 1 1 1 1 1 1 1 1 1 1 1 1 1 1 1 1 1 1 1 1 1 1 1 1 1 1 1 1 1 1 1  0 0 0 # in R/S project
# Number of years with pre-specified catches
0
# catches for years with pre-specified catches go next
# Number of future recruitments to override
-2
# Process for overiding (-1 for average otherwise index in data list)
# Which probability to product detailed results for (1=0.5; 2=0.6; etc.)
3
# Steepness sigma-R Auto-correlation
0.718 0.5 0
# Target SPR rate (FMSY Proxy); manually change to SPR_MSY if not using SPR_target
0.5
# Discount rate (for cumulative catch)
0.1
# Truncate the series when 0.4B0 is reached (1=Yes)
0
# Set F to FMSY once 0.4B0 is reached (1=Yes)
0
# Maximum possible F for projection (-1 to set to FMSY)
-1
# Defintion of recovery (1=now only;2=now or before)
2
# Projection type
4
# Definition of the 40-10 rule
10 40
# Sigma Assessment Error (Base, Year1, Slope, MaxSigma)
1.0 2017 0.075 2.0
# Pstar
0.45
# Constrain catches by the ABC (1=yes, 2=no)
2
# Implementation Error (0=no; 1=lognormal; 2=uniform)
0
#Parameters of Implementaion Error
1 0.3
# Calculate coefficients of variation (1=Yes)
0
# Number of replicates to use
10
# Random number seed
-99004
# File with multiple parameter vectors 
rebuild.SSO
# User-specific projection (1=Yes); Output replaced (1->9)
0  5
# Catches and Fs (Year; 1/2/3 (F or C or SPR); value); Final row is -1
2016 1 1
-1 -1 -1
# Fixed catch project (1=Yes); Output replaced (1->9); Approach (-1=Read in else 1-9)
0 2 -1
# (48a) Special catch options (1-Yes) [CUT_OFF, Emsy, distribution, MAXCAT, Add, replace_code]
0 0.18 1.00 1.00 0 6
# (48b) B1Target
150000
# Split of Fs
2011  0.000550817
 0
 0.173637
 0.00704427
 0.278359
 0.267612
 0.272797
-1  1 1 1 1 1 1 1 1 1 1 1 1
# Yrs to define T_target for projection type 4 (a.k.a. 5 pre-specified inputs)
2022 2023 2024 2025 2026 
# Year for probability of recovery
2026 2027 2028 2029 2030 2031 2032 2033
# Time varying weight-at-age (1=Yes;0=No)
0
# File with time series of weight-at-age data
none
# Use bisection (0) or linear interpolation (1)
1
# Target Depletion
0.4
# CV of implementation error
0
