#Title, #runnumber: 1 yelloweye_data.ss yelloweye_control.ss 5969.51 1067.72 336.62 StartTime: Wed Apr 16 00:28:33 2025
SSv3_default_rebuild.dat
# Number of sexes
1
# Age range to consider (minimum age; maximum age)
0 100
# Number of fleets
7
# First year of projection (Yinit)
2011
# First Year of rebuilding period (Ydecl)
2013
# Number of simulations
1000
# Maximum number of years
500
# Conduct projections with multiple starting values (0=No;else yes)
0
# Number of parameter vectors
1000
# Is the maximum age a plus-group (1=Yes;2=No)
1
# Generate future recruitments using historical recruitments (1)  historical recruits/spawner (2)  or a stock-recruitment (3)
3
# Constant fishing mortality (1) or constant Catch (2) projections
1
# Fishing mortality based on SPR (1) or actual rate (2)
1
# Pre-specify the year of recovery (or -1) to ignore
-1
# Fecundity-at-age
# 0 1 2 3 4 5 6 7 8 9 10 11 12 13 14 15 16 17 18 19 20 21 22 23 24 25 26 27 28 29 30 31 32 33 34 35 36 37 38 39 40 41 42 43 44 45 46 47 48 49 50 51 52 53 54 55 56 57 58 59 60 61 62 63 64 65 66 67 68 69 70 71 72 73 74 75 76 77 78 79 80 81 82 83 84 85 86 87 88 89 90 91 92 93 94 95 96 97 98 99 100 #runnumber: 1 yelloweye_data.ss yelloweye_control.ss 5969.51 1067.72 336.62
 0 0 9.77767e-09 1.40499e-07 1.36751e-06 1.00607e-05 5.92941e-05 0.000288296 0.00116435 0.00388062 0.0106413 0.0242734 0.0471102 0.0799306 0.121718 0.170232 0.222852 0.27724 0.331647 0.384939 0.436483 0.485987 0.533366 0.578645 0.621896 0.663205 0.702655 0.740321 0.776266 0.810547 0.843216 0.87432 0.903905 0.932015 0.958696 0.983994 1.00796 1.03063 1.05207 1.07231 1.09142 1.10944 1.12641 1.14239 1.15743 1.17156 1.18485 1.19733 1.20904 1.22003 1.23033 1.23999 1.24904 1.25752 1.26546 1.27289 1.27985 1.28635 1.29244 1.29813 1.30345 1.30842 1.31306 1.3174 1.32146 1.32524 1.32878 1.33208 1.33516 1.33804 1.34073 1.34327 1.34565 1.34787 1.34994 1.35187 1.35367 1.35535 1.35692 1.35838 1.35974 1.36101 1.3622 1.36331 1.36434 1.3653 1.3662 1.36703 1.36781 1.36854 1.36922 1.36985 1.37044 1.37099 1.3715 1.37197 1.37242 1.37283 1.37322 1.37358 1.37413 #female fecundity; weighted by N in year Y_init across morphs and areas
# Age specific selectivity and weight adjusted for discard and discard mortality
 #wt and selex for gender,fleet: 1 1 1_CA_TWL
 0.00927698 0.0130726 0.0412455 0.087164 0.151952 0.234206 0.331451 0.440902 0.559848 0.685846 0.816827 0.951234 1.08817 1.22736 1.36884 1.5126 1.65828 1.80515 1.95222 2.09841 2.24267 2.38411 2.522 2.65578 2.78506 2.90954 3.02906 3.14351 3.25286 3.35713 3.45637 3.55067 3.64014 3.72491 3.80513 3.88096 3.95257 4.02011 4.08378 4.14374 4.20016 4.25322 4.30309 4.34992 4.39388 4.43513 4.47381 4.51007 4.54405 4.57587 4.60567 4.63355 4.65965 4.68406 4.7069 4.72824 4.7482 4.76685 4.78428 4.80056 4.81577 4.82997 4.84323 4.85562 4.86718 4.87797 4.88804 4.89744 4.90621 4.9144 4.92208 4.92929 4.93602 4.94229 4.94815 4.9536 4.9587 4.96344 4.96787 4.972 4.97585 4.97944 4.98279 4.98591 4.98882 4.99154 4.99407 4.99643 4.99863 5.00068 5.00259 5.00437 5.00603 5.00758 5.00902 5.01037 5.01162 5.01279 5.01388 5.01489 5.01643
 0 0.00108885 0.00361252 0.0121601 0.0326488 0.0722793 0.136348 0.22544 0.334523 0.454287 0.573783 0.683139 0.775538 0.848055 0.901279 0.938101 0.962321 0.977599 0.986918 0.992455 0.995681 0.997536 0.998594 0.999195 0.999535 0.99973 0.999841 0.999905 0.999942 0.999964 0.999977 0.999985 0.99999 0.999993 0.999995 0.999996 0.999997 0.999997 0.999998 0.999998 0.999998 0.999998 0.999998 0.999998 0.999998 0.999998 0.999998 0.999998 0.999998 0.999998 0.999998 0.999998 0.999998 0.999998 0.999998 0.999998 0.999998 0.999998 0.999998 0.999998 0.999998 0.999998 0.999998 0.999998 0.999998 0.999998 0.999998 0.999998 0.999998 0.999998 0.999998 0.999998 0.999998 0.999998 0.999998 0.999998 0.999998 0.999998 0.999998 0.999998 0.999998 0.999998 0.999998 0.999998 0.999998 0.999998 0.999998 0.999998 0.999998 0.999998 0.999997 0.999997 0.999997 0.999997 0.999997 0.999997 0.999997 0.999997 0.999997 0.999997 0.999997
 #wt and selex for gender,fleet: 1 3 3_CA_REC
 0.00927676 0.0129672 0.0395055 0.0833358 0.145291 0.224186 0.317822 0.423666 0.539202 0.662145 0.790651 0.923562 1.06045 1.20126 1.34584 1.49357 1.64344 1.79415 1.94442 2.09306 2.23911 2.38179 2.5205 2.65483 2.78446 2.90916 3.02882 3.14336 3.25277 3.35707 3.45633 3.55064 3.64012 3.7249 3.80512 3.88096 3.95256 4.02011 4.08378 4.14374 4.20016 4.25322 4.30309 4.34992 4.39388 4.43513 4.47381 4.51007 4.54405 4.57587 4.60567 4.63356 4.65965 4.68407 4.7069 4.72824 4.7482 4.76685 4.78428 4.80056 4.81577 4.82997 4.84323 4.85562 4.86718 4.87797 4.88804 4.89744 4.90622 4.9144 4.92208 4.92929 4.93602 4.94229 4.94815 4.95361 4.9587 4.96345 4.96787 4.972 4.97585 4.97944 4.98279 4.98591 4.98882 4.99154 4.99407 4.99643 4.99863 5.00068 5.00259 5.00437 5.00603 5.00758 5.00902 5.01037 5.01162 5.01279 5.01388 5.01489 5.01643
 0 0.0047244 0.0129499 0.0349093 0.0777316 0.147094 0.243259 0.360077 0.486695 0.610736 0.721433 0.811846 0.879724 0.926866 0.957416 0.97608 0.98694 0.993021 0.996325 0.998083 0.999004 0.999482 0.99973 0.999858 0.999924 0.999959 0.999978 0.999987 0.999993 0.999996 0.999997 0.999998 0.999999 0.999999 0.999999 0.999999 0.999999 0.999999 0.999999 0.999999 0.999999 0.999999 0.999999 0.999999 0.999999 0.999999 0.999999 0.999999 0.999999 0.999999 0.999999 0.999999 0.999999 0.999999 0.999999 0.999999 0.999999 0.999999 0.999999 0.999999 0.999999 0.999999 0.999999 0.999999 0.999999 0.999999 0.999999 0.999999 0.999999 0.999999 0.999999 0.999999 0.999999 0.999999 0.999999 0.999999 0.999999 0.999999 0.999999 0.999999 0.999999 0.999999 0.999999 0.999999 0.999999 0.999999 0.999999 0.999999 0.999999 0.999999 0.999999 0.999999 0.999999 0.999999 0.999999 0.999999 0.999999 0.999999 0.999999 0.999999 0.999999
 #wt and selex for gender,fleet: 1 4 4_ORWA_TWL
 0.00927637 0.0127876 0.0362312 0.0766785 0.134996 0.210828 0.302831 0.409101 0.527486 0.655799 0.791936 0.933949 1.08008 1.22879 1.37877 1.52896 1.67853 1.82686 1.97344 2.11782 2.25957 2.39828 2.53355 2.665 2.79229 2.91516 3.03339 3.14683 3.25541 3.35908 3.45787 3.55182 3.64103 3.72561 3.80568 3.8814 3.95291 4.02039 4.08401 4.14392 4.20032 4.25335 4.30319 4.35001 4.39396 4.4352 4.47387 4.51012 4.54409 4.57591 4.6057 4.63359 4.65968 4.68409 4.70692 4.72827 4.74822 4.76687 4.78429 4.80057 4.81578 4.82998 4.84325 4.85563 4.86719 4.87798 4.88805 4.89745 4.90623 4.91441 4.92209 4.9293 4.93603 4.9423 4.94816 4.95361 4.95871 4.96345 4.96788 4.97201 4.97586 4.97945 4.9828 4.98592 4.98883 4.99155 4.99408 4.99643 4.99863 5.00068 5.00259 5.00438 5.00604 5.00759 5.00903 5.01037 5.01163 5.0128 5.01389 5.0149 5.01643
 0 0.0200353 0.0385916 0.0689558 0.112196 0.168499 0.236402 0.313098 0.394988 0.478278 0.559479 0.635725 0.704932 0.765806 0.817777 0.860891 0.89568 0.923024 0.943999 0.959738 0.971324 0.979716 0.985716 0.989963 0.992947 0.995034 0.99649 0.997506 0.998217 0.998715 0.999066 0.999314 0.999492 0.999619 0.999711 0.999779 0.999829 0.999866 0.999893 0.999915 0.999931 0.999943 0.999953 0.99996 0.999966 0.999971 0.999975 0.999978 0.999981 0.999983 0.999985 0.999986 0.999987 0.999988 0.999989 0.99999 0.999991 0.999991 0.999992 0.999992 0.999992 0.999993 0.999993 0.999993 0.999994 0.999994 0.999994 0.999994 0.999994 0.999994 0.999994 0.999994 0.999995 0.999995 0.999995 0.999995 0.999995 0.999995 0.999995 0.999995 0.999995 0.999995 0.999995 0.999995 0.999995 0.999995 0.999995 0.999995 0.999995 0.999995 0.999995 0.999995 0.999995 0.999995 0.999995 0.999995 0.999995 0.999995 0.999995 0.999995 0.999995
 #wt and selex for gender,fleet: 1 5 5_ORWA_NONTWL
 0.00927677 0.0129747 0.0398019 0.084684 0.148975 0.231905 0.331507 0.445288 0.570621 0.704979 0.846048 0.991785 1.14042 1.29044 1.44058 1.58984 1.73744 1.88281 2.02559 2.16552 2.30242 2.43612 2.56644 2.6932 2.81619 2.93522 3.05011 3.16069 3.26686 3.36852 3.46565 3.55824 3.64634 3.73001 3.80934 3.88446 3.95549 4.02257 4.08586 4.14551 4.20168 4.25453 4.30423 4.35092 4.39476 4.43591 4.47451 4.5107 4.54461 4.57638 4.60613 4.63398 4.66004 4.68443 4.70723 4.72856 4.7485 4.76713 4.78454 4.80081 4.816 4.8302 4.84345 4.85583 4.86738 4.87816 4.88823 4.89762 4.90639 4.91457 4.92225 4.92946 4.93618 4.94245 4.9483 4.95376 4.95885 4.9636 4.96802 4.97215 4.976 4.97959 4.98294 4.98606 4.98897 4.99168 4.99421 4.99657 4.99877 5.00082 5.00273 5.00451 5.00617 5.00771 5.00916 5.0105 5.01176 5.01292 5.01401 5.01503 5.01656
 0 0.000777102 0.00217656 0.00620746 0.0150195 0.0314775 0.0583938 0.0977322 0.150012 0.214123 0.287553 0.366899 0.448446 0.528684 0.604662 0.674182 0.735852 0.789042 0.833764 0.870514 0.900109 0.923529 0.941789 0.955854 0.966585 0.974713 0.980837 0.985439 0.988892 0.991483 0.993431 0.994899 0.99601 0.996854 0.9975 0.997996 0.99838 0.998678 0.998912 0.999097 0.999244 0.999362 0.999456 0.999533 0.999596 0.999648 0.999691 0.999726 0.999756 0.999781 0.999803 0.999821 0.999837 0.99985 0.999862 0.999872 0.99988 0.999888 0.999895 0.999901 0.999906 0.999911 0.999915 0.999919 0.999922 0.999925 0.999928 0.99993 0.999933 0.999935 0.999936 0.999937 0.999939 0.99994 0.999941 0.999941 0.999942 0.999943 0.999944 0.999944 0.999945 0.999945 0.999946 0.999946 0.999947 0.999947 0.999948 0.999948 0.999948 0.999948 0.999949 0.999949 0.999949 0.999949 0.99995 0.99995 0.99995 0.99995 0.99995 0.99995 0.999951
 #wt and selex for gender,fleet: 1 6 6_OR_REC
 0.009279 0.0139727 0.0507276 0.104594 0.176692 0.263048 0.359418 0.462192 0.568917 0.679047 0.794081 0.916321 1.04721 1.18651 1.33258 1.48314 1.63594 1.78909 1.94112 2.09094 2.23771 2.38082 2.51977 2.65422 2.7839 2.90862 3.02827 3.14279 3.25217 3.35645 3.45568 3.54997 3.63942 3.72417 3.80437 3.88018 3.95177 4.0193 4.08294 4.14288 4.19929 4.25234 4.30219 4.34901 4.39296 4.43419 4.47286 4.50911 4.54308 4.57489 4.60468 4.63256 4.65865 4.68305 4.70588 4.72722 4.74717 4.76582 4.78324 4.79951 4.81472 4.82892 4.84218 4.85456 4.86612 4.8769 4.88697 4.89637 4.90514 4.91332 4.921 4.92821 4.93493 4.94121 4.94706 4.95251 4.9576 4.96235 4.96677 4.9709 4.97475 4.97834 4.98169 4.98481 4.98771 4.99043 4.99296 4.99531 4.99751 4.99956 5.00147 5.00325 5.00491 5.00646 5.0079 5.00925 5.0105 5.01167 5.01276 5.01377 5.0153
 0 2.39739e-05 0.000266093 0.00264627 0.0151916 0.0560717 0.146225 0.29082 0.468724 0.643282 0.784342 0.881187 0.939412 0.970927 0.986644 0.993996 0.997256 0.998623 0.999146 0.999303 0.999302 0.999234 0.999137 0.999028 0.998915 0.998802 0.998689 0.998579 0.998473 0.998369 0.99827 0.998174 0.998082 0.997995 0.997912 0.997832 0.997757 0.997686 0.997618 0.997555 0.997494 0.997438 0.997384 0.997334 0.997286 0.997242 0.9972 0.99716 0.997123 0.997089 0.997056 0.997026 0.996997 0.996971 0.996946 0.996922 0.9969 0.99688 0.996861 0.996843 0.996826 0.996811 0.996796 0.996782 0.99677 0.996758 0.996747 0.996736 0.996727 0.996718 0.996709 0.996701 0.996694 0.996687 0.99668 0.996674 0.996669 0.996663 0.996658 0.996654 0.99665 0.996646 0.996642 0.996638 0.996635 0.996632 0.996629 0.996627 0.996624 0.996622 0.99662 0.996618 0.996616 0.996614 0.996613 0.996611 0.99661 0.996609 0.996607 0.996606 0.996605
 #wt and selex for gender,fleet: 1 7 7_WA_REC
 0.00927822 0.0136318 0.0482411 0.101692 0.175941 0.26826 0.374943 0.492287 0.617024 0.746456 0.878478 1.01162 1.14517 1.27912 1.414 1.55038 1.68862 1.82857 1.96967 2.111 2.25152 2.3902 2.52612 2.65854 2.78689 2.91076 3.02987 3.14405 3.25322 3.35737 3.45653 3.55078 3.64021 3.72496 3.80517 3.88099 3.95259 4.02013 4.08379 4.14375 4.20017 4.25323 4.30309 4.34992 4.39389 4.43513 4.47382 4.51007 4.54405 4.57587 4.60567 4.63356 4.65965 4.68407 4.7069 4.72824 4.7482 4.76685 4.78428 4.80056 4.81577 4.82997 4.84323 4.85562 4.86718 4.87797 4.88804 4.89744 4.90622 4.9144 4.92208 4.92929 4.93602 4.94229 4.94815 4.95361 4.9587 4.96345 4.96787 4.972 4.97585 4.97944 4.98279 4.98591 4.98882 4.99154 4.99407 4.99643 4.99863 5.00068 5.00259 5.00437 5.00603 5.00758 5.00902 5.01037 5.01162 5.01279 5.01388 5.01489 5.01643
 0 9.25419e-06 7.07259e-05 0.000555738 0.00293795 0.0111339 0.0321167 0.0742212 0.143349 0.239463 0.355712 0.480536 0.601398 0.708269 0.795556 0.862118 0.910001 0.942813 0.964426 0.978219 0.986811 0.992066 0.995241 0.997143 0.998279 0.998957 0.999362 0.999606 0.999754 0.999844 0.9999 0.999935 0.999957 0.999971 0.99998 0.999986 0.99999 0.999993 0.999995 0.999996 0.999997 0.999998 0.999998 0.999998 0.999999 0.999999 0.999999 0.999999 0.999999 0.999999 0.999999 0.999999 0.999999 0.999999 0.999999 0.999999 0.999999 0.999999 0.999999 0.999999 0.999999 0.999999 0.999999 0.999999 0.999999 0.999999 0.999999 0.999999 0.999999 0.999999 0.999999 0.999999 0.999999 0.999999 0.999999 0.999999 0.999999 0.999999 0.999999 0.999999 0.999999 0.999999 0.999999 0.999999 0.999999 0.999999 0.999999 0.999999 0.999999 0.999999 0.999999 0.999999 0.999999 0.999999 0.999999 0.999999 0.999999 0.999999 0.999999 0.999999 0.999999
# Sex ratio correction
1
# M and current age-structure in year Yinit: 2011
 # gender = 1
 0.0439034 0.0439034 0.0439034 0.0439034 0.0439034 0.0439034 0.0439034 0.0439034 0.0439034 0.0439034 0.0439034 0.0439034 0.0439034 0.0439034 0.0439034 0.0439034 0.0439034 0.0439034 0.0439034 0.0439034 0.0439034 0.0439034 0.0439034 0.0439034 0.0439034 0.0439034 0.0439034 0.0439034 0.0439034 0.0439034 0.0439034 0.0439034 0.0439034 0.0439034 0.0439034 0.0439034 0.0439034 0.0439034 0.0439034 0.0439034 0.0439034 0.0439034 0.0439034 0.0439034 0.0439034 0.0439034 0.0439034 0.0439034 0.0439034 0.0439034 0.0439034 0.0439034 0.0439034 0.0439034 0.0439034 0.0439034 0.0439034 0.0439034 0.0439034 0.0439034 0.0439034 0.0439034 0.0439034 0.0439034 0.0439034 0.0439034 0.0439034 0.0439034 0.0439034 0.0439034 0.0439034 0.0439034 0.0439034 0.0439034 0.0439034 0.0439034 0.0439034 0.0439034 0.0439034 0.0439034 0.0439034 0.0439034 0.0439034 0.0439034 0.0439034 0.0439034 0.0439034 0.0439034 0.0439034 0.0439034 0.0439034 0.0439034 0.0439034 0.0439034 0.0439034 0.0439034 0.0439034 0.0439034 0.0439034 0.0439034 0.0439034
 209.497 244.707 253.689 264.709 182.251 167.069 97.9894 63.9609 88.7912 162.303 62.5506 51.9439 93.8079 47.7559 31.3342 25.816 25.5724 40.6602 50.9271 31.4264 23.3617 21.7631 21.6658 22.1427 23.9181 25.037 30.6076 31.8114 20.4378 18.5934 17.4573 14.8315 10.5469 7.12283 7.08356 6.59891 5.90048 4.2102 3.51988 3.80565 4.90683 4.11164 3.12426 2.55584 1.97319 1.64123 1.36736 1.16283 1.07864 1.08027 1.10591 1.08715 1.0013 0.893573 0.801981 0.736246 0.696827 0.681686 0.687807 0.711192 0.743022 0.766926 0.764831 0.730807 0.675345 0.615105 0.56007 0.513722 0.476186 0.445605 0.420416 0.399188 0.380893 0.364707 0.349796 0.335516 0.321417 0.307407 0.293596 0.280243 0.267588 0.255802 0.244894 0.234831 0.225492 0.216723 0.208392 0.200394 0.192639 0.185077 0.177677 0.170421 0.163316 0.156398 0.14964 0.142981 0.136569 0.130414 0.124524 0.1189 2.59911
# Age-structure at Ydeclare= 2013
 401.62 146.826 191.884 224.13 232.345 242.408 166.853 152.88 89.6001 58.4272 81.0181 147.928 56.9523 47.2541 85.28 43.3918 28.4599 23.4415 23.2161 36.909 46.2249 28.5232 21.2028 19.7516 19.6629 20.0953 21.7062 22.7211 27.7755 28.867 18.5453 16.871 15.8393 13.4563 9.56849 6.46179 6.42591 5.98602 5.35226 3.81889 3.19262 3.45169 4.45029 3.72897 2.83339 2.31782 1.78939 1.48831 1.23994 1.05445 0.97809 0.979557 1.00279 0.985778 0.907922 0.810238 0.727185 0.667578 0.631834 0.618103 0.623652 0.644854 0.673714 0.695387 0.693486 0.662635 0.612345 0.557724 0.507822 0.465797 0.431763 0.404034 0.381195 0.361947 0.345358 0.330682 0.317162 0.304214 0.29143 0.278727 0.266205 0.254098 0.242624 0.231938 0.222047 0.212923 0.204456 0.196505 0.188951 0.181699 0.174668 0.167812 0.161102 0.154523 0.148081 0.141809 0.135681 0.129643 0.123829 0.118248 2.57738
# Year for Tmin Age-structure (set to Ydecl by SS)
2013
#  recruitment and biomass
# Number of historical assessment years
137
# Historical data
# year recruitment spawner in B0 in R project in R/S project
1888  1889 1890 1891 1892 1893 1894 1895 1896 1897 1898 1899 1900 1901 1902 1903 1904 1905 1906 1907 1908 1909 1910 1911 1912 1913 1914 1915 1916 1917 1918 1919 1920 1921 1922 1923 1924 1925 1926 1927 1928 1929 1930 1931 1932 1933 1934 1935 1936 1937 1938 1939 1940 1941 1942 1943 1944 1945 1946 1947 1948 1949 1950 1951 1952 1953 1954 1955 1956 1957 1958 1959 1960 1961 1962 1963 1964 1965 1966 1967 1968 1969 1970 1971 1972 1973 1974 1975 1976 1977 1978 1979 1980 1981 1982 1983 1984 1985 1986 1987 1988 1989 1990 1991 1992 1993 1994 1995 1996 1997 1998 1999 2000 2001 2002 2003 2004 2005 2006 2007 2008 2009 2010 2011 2012 2013 2014 2015 2016 2017 2018 2019 2020 2021 2022 2023 2024 #years (with first value representing R0)
210.762 211.44 211.463 211.487 211.511 211.529 211.547 211.566 211.591 211.618 211.646 211.675 211.704 211.735 211.764 211.791 211.818 211.847 211.876 211.911 211.948 211.984 212.024 212.061 212.093 212.108 212.093 212.027 211.885 211.641 211.091 210.337 209.424 208.314 207.007 205.525 203.901 202.176 200.422 198.71 197.12 195.733 194.589 193.653 192.867 192.077 191.116 189.845 188.246 186.417 184.63 183.2 182.461 182.671 184.108 187.128 192.051 199.205 208.172 217.469 223.886 222.882 212.554 195.818 178.196 163.819 154.302 149.86 150.382 155.498 164.358 174.553 179.407 172.501 158.956 149.357 151.05 165.969 185.332 206.186 245.63 274.246 327.21 351.18 242.942 198.781 208.639 254.517 245.74 225.825 192.719 240.138 281.97 275.345 242.128 219.234 281.247 223.839 152.571 122.649 96.712 81.7151 71.9679 68.7696 83.612 124.212 92.0399 54.2315 51.6565 59.4231 86.0952 161.048 85.0201 97.678 241.977 126.467 87.0859 127.598 208.133 217.257 301.982 276.973 255.69 209.497 153.416 401.62 218.046 175.386 211.062 147.427 140.37 139.922 148.033 154.288 159.412 165.94 171.16  #recruits; first value is R0 (virgin)
1067.72  1067.72 1067.71 1067.7 1067.67 1067.21 1066.75 1066.29 1066.14 1066.06 1065.98 1065.91 1065.81 1065.71 1065.6 1065.48 1065.35 1065.2 1065.05 1064.9 1064.74 1064.45 1064.28 1064.09 1063.89 1063.68 1063.47 1063.24 1062.94 1062.69 1062.28 1059.81 1058.92 1058.14 1057.42 1056.99 1056.47 1055.4 1053.97 1051.73 1048.77 1045.9 1043.49 1040.73 1039 1037.43 1035.86 1033.77 1031.68 1028.62 1025.84 1022.79 1020.39 1016.86 1011.86 1006.52 996.718 986.284 970.684 956.379 949.823 942.557 937.003 930.698 922.845 916.205 911.315 905.334 899.635 893.779 886.6 879.895 873.986 868.973 865.599 861.445 858.943 857.765 847.043 843.682 838.755 833.611 820.061 811.471 799.816 785.114 769.615 752.342 735.39 715.756 696.403 664.599 630.878 605.4 572.075 518.488 490.387 468.844 441.71 419.131 391.097 366.434 336.144 314.582 277.677 244.628 213.09 195.597 178.515 159.965 138.69 131.154 119.818 121.179 121.57 127.218 132.93 138.958 144.94 151.27 157.005 163.144 169.132 175.666 182.557 189.701 197.659 206.261 215.318 225.292 235.187 246.38 258.442 272.424 287.527 302.562 318.015 #spbio; first value is SSB_virgin (virgin)
1 0 0 0 0 0 0 0 0 0 0 0 0 0 0 0 0 0 0 0 0 0 0 0 0 0 0 0 0 0 0 0 0 0 0 0 0 0 0 0 0 0 0 0 0 0 0 0 0 0 0 0 0 0 0 0 0 0 0 0 0 0 0 0 0 0 0 0 0 0 0 0 0 0 0 0 0 0 0 0 0 0 0 0 0 0 0 0 0 0 0 0 0 0 0 0 0 0 0 0 0 0 0 0 0 0 0 0 0 0 0 0 0 0 0 0 0 0 0 0 0 0 0 0 0 0 0 0 0 0 0 0 0 0 0 0 0  # in Bzero
0 1 1 1 1 1 1 1 1 1 1 1 1 1 1 1 1 1 1 1 1 1 1 1 1 1 1 1 1 1 1 1 1 1 1 1 1 1 1 1 1 1 1 1 1 1 1 1 1 1 1 1 1 1 1 1 1 1 1 1 1 1 1 1 1 1 1 1 1 1 1 1 1 1 1 1 1 1 1 1 1 1 1 1 1 1 1 1 1 1 1 1 1 1 1 1 1 1 1 1 1 1 1 1 1 1 1 1 1 1 1 1 1 1 1 1 1 1 1 1 1 1 1 1 1 1 1 1 1 1 1 1 1 1  0 0 0 # in R project
0 1 1 1 1 1 1 1 1 1 1 1 1 1 1 1 1 1 1 1 1 1 1 1 1 1 1 1 1 1 1 1 1 1 1 1 1 1 1 1 1 1 1 1 1 1 1 1 1 1 1 1 1 1 1 1 1 1 1 1 1 1 1 1 1 1 1 1 1 1 1 1 1 1 1 1 1 1 1 1 1 1 1 1 1 1 1 1 1 1 1 1 1 1 1 1 1 1 1 1 1 1 1 1 1 1 1 1 1 1 1 1 1 1 1 1 1 1 1 1 1 1 1 1 1 1 1 1 1 1 1 1 1 1  0 0 0 # in R/S project
# Number of years with pre-specified catches
0
# catches for years with pre-specified catches go next
# Number of future recruitments to override
-2
# Process for overiding (-1 for average otherwise index in data list)
# Which probability to product detailed results for (1=0.5; 2=0.6; etc.)
3
# Steepness sigma-R Auto-correlation
0.718 0.5 0
# Target SPR rate (FMSY Proxy); manually change to SPR_MSY if not using SPR_target
0.5
# Discount rate (for cumulative catch)
0.1
# Truncate the series when 0.4B0 is reached (1=Yes)
0
# Set F to FMSY once 0.4B0 is reached (1=Yes)
0
# Maximum possible F for projection (-1 to set to FMSY)
-1
# Defintion of recovery (1=now only;2=now or before)
2
# Projection type
4
# Definition of the 40-10 rule
10 40
# Sigma Assessment Error (Base, Year1, Slope, MaxSigma)
1.0 2025 0.075 2.0
# Pstar
0.45
# Constrain catches by the ABC (1=yes, 2=no)
2
# Implementation Error (0=no; 1=lognormal; 2=uniform)
0
#Parameters of Implementaion Error
1 0.3
# Calculate coefficients of variation (1=Yes)
0
# Number of replicates to use
10
# Random number seed
-99004
# File with multiple parameter vectors 
rebuild.SSO
# User-specific projection (1=Yes); Output replaced (1->9)
0  5
# Catches and Fs (Year; 1/2/3 (F or C or SPR); value); Final row is -1
2024 1 1
-1 -1 -1
# Fixed catch project (1=Yes); Output replaced (1->9); Approach (-1=Read in else 1-9)
0 2 -1
# (48a) Special catch options (1-Yes) [CUT_OFF, Emsy, distribution, MAXCAT, Add, replace_code]
0 0.18 1.00 1.00 0 6
# (48b) B1Target
150000
# Split of Fs
2011  0.0156394
 0
 0.368952
 0.0255998
 0.20041
 0.199909
 0.18949
-1  1 1 1 1 1 1 1 1 1 1 1 1
# Yrs to define T_target for projection type 4 (a.k.a. 5 pre-specified inputs)
2030 2031 2032 2033 2034 
# Year for probability of recovery
2034 2035 2036 2037 2038 2039 2040 2041
# Time varying weight-at-age (1=Yes;0=No)
0
# File with time series of weight-at-age data
none
# Use bisection (0) or linear interpolation (1)
1
# Target Depletion
0.4
# CV of implementation error
0
