#Title, #runnumber: 1 yelloweye_data.ss yelloweye_control.ss 6971.9 1141.67 423.7 StartTime: Thu May  1 10:18:12 2025
SSv3_default_rebuild.dat
# Number of sexes
1
# Age range to consider (minimum age; maximum age)
0 100
# Number of fleets
7
# First year of projection (Yinit)
2011
# First Year of rebuilding period (Ydecl)
2013
# Number of simulations
1000
# Maximum number of years
500
# Conduct projections with multiple starting values (0=No;else yes)
0
# Number of parameter vectors
1000
# Is the maximum age a plus-group (1=Yes;2=No)
1
# Generate future recruitments using historical recruitments (1)  historical recruits/spawner (2)  or a stock-recruitment (3)
3
# Constant fishing mortality (1) or constant Catch (2) projections
1
# Fishing mortality based on SPR (1) or actual rate (2)
1
# Pre-specify the year of recovery (or -1) to ignore
-1
# Fecundity-at-age
# 0 1 2 3 4 5 6 7 8 9 10 11 12 13 14 15 16 17 18 19 20 21 22 23 24 25 26 27 28 29 30 31 32 33 34 35 36 37 38 39 40 41 42 43 44 45 46 47 48 49 50 51 52 53 54 55 56 57 58 59 60 61 62 63 64 65 66 67 68 69 70 71 72 73 74 75 76 77 78 79 80 81 82 83 84 85 86 87 88 89 90 91 92 93 94 95 96 97 98 99 100 #runnumber: 1 yelloweye_data.ss yelloweye_control.ss 6971.9 1141.67 423.7
 0 0 2.50602e-09 5.37168e-08 6.99991e-07 6.38565e-06 4.44417e-05 0.000246311 0.00110087 0.00394655 0.0113373 0.0265221 0.052009 0.0883287 0.13393 0.18603 0.241648 0.298309 0.354285 0.408543 0.460563 0.510153 0.557304 0.602087 0.644607 0.684971 0.723278 0.759616 0.794063 0.826689 0.857562 0.886745 0.914299 0.940288 0.964772 0.987815 1.00948 1.02982 1.04891 1.06681 1.08358 1.09927 1.11394 1.12766 1.14047 1.15242 1.16358 1.17398 1.18368 1.19271 1.20112 1.20895 1.21624 1.22302 1.22932 1.23518 1.24063 1.24569 1.25039 1.25476 1.25881 1.26258 1.26607 1.26932 1.27233 1.27512 1.27771 1.28012 1.28235 1.28442 1.28634 1.28815 1.28982 1.29138 1.29282 1.29416 1.2954 1.29655 1.29761 1.2986 1.29952 1.30036 1.30115 1.30188 1.30255 1.30318 1.30376 1.3043 1.3048 1.30526 1.30569 1.30608 1.30645 1.30679 1.3071 1.3074 1.30767 1.30792 1.30815 1.30837 1.30868 #female fecundity; weighted by N in year Y_init across morphs and areas
# Age specific selectivity and weight adjusted for discard and discard mortality
 #wt and selex for gender,fleet: 1 1 1_CA_TWL
 0.00896707 0.00905634 0.0272364 0.068956 0.131666 0.214331 0.31392 0.426957 0.550119 0.680499 0.815794 0.954537 1.09618 1.24079 1.38842 1.53873 1.69082 1.8434 1.99507 2.14455 2.29071 2.43273 2.56996 2.70198 2.82851 2.94938 3.06453 3.17395 3.2777 3.37589 3.46865 3.55613 3.63852 3.71601 3.78881 3.85712 3.92116 3.98114 4.03726 4.08973 4.13877 4.18455 4.22728 4.26712 4.30427 4.33888 4.37111 4.40112 4.42905 4.45503 4.47919 4.50165 4.52253 4.54194 4.55996 4.57671 4.59225 4.60669 4.62009 4.63253 4.64408 4.65479 4.66473 4.67395 4.68251 4.69044 4.6978 4.70462 4.71095 4.71682 4.72229 4.7274 4.73213 4.73652 4.74059 4.74436 4.74786 4.7511 4.7541 4.75688 4.75946 4.76185 4.76407 4.76612 4.76802 4.76978 4.77142 4.77293 4.77433 4.77563 4.77684 4.77795 4.77899 4.77994 4.78083 4.78165 4.78241 4.78312 4.78377 4.78438 4.78526
 0 0.000940564 0.0021148 0.00870786 0.0275247 0.0681516 0.138278 0.2389 0.362712 0.496461 0.625404 0.737586 0.826432 0.891064 0.934693 0.962324 0.978924 0.988484 0.993812 0.996711 0.99826 0.99908 0.999512 0.999739 0.999858 0.999922 0.999956 0.999975 0.999985 0.99999 0.999993 0.999995 0.999996 0.999997 0.999997 0.999997 0.999997 0.999997 0.999997 0.999997 0.999997 0.999997 0.999997 0.999997 0.999997 0.999997 0.999997 0.999997 0.999997 0.999997 0.999997 0.999997 0.999997 0.999997 0.999996 0.999996 0.999996 0.999996 0.999996 0.999996 0.999996 0.999996 0.999996 0.999996 0.999996 0.999996 0.999996 0.999996 0.999996 0.999996 0.999996 0.999996 0.999996 0.999996 0.999996 0.999996 0.999996 0.999996 0.999996 0.999996 0.999996 0.999996 0.999996 0.999996 0.999996 0.999996 0.999996 0.999996 0.999996 0.999996 0.999996 0.999996 0.999996 0.999996 0.999996 0.999996 0.999996 0.999996 0.999996 0.999996 0.999996
 #wt and selex for gender,fleet: 1 3 3_CA_REC
 0.00896707 0.00905625 0.0254721 0.0638332 0.122066 0.199467 0.293653 0.401695 0.520654 0.64791 0.781535 0.920572 1.06475 1.21379 1.36688 1.52269 1.67957 1.8359 1.99028 2.14158 2.28892 2.43166 2.56934 2.70162 2.8283 2.94926 3.06445 3.17391 3.27768 3.37587 3.46864 3.55612 3.63852 3.71601 3.78881 3.85712 3.92116 3.98114 4.03726 4.08974 4.13877 4.18455 4.22728 4.26712 4.30427 4.33888 4.37111 4.40112 4.42905 4.45503 4.47919 4.50166 4.52254 4.54194 4.55996 4.57671 4.59226 4.60669 4.6201 4.63254 4.64408 4.65479 4.66473 4.67395 4.68251 4.69044 4.6978 4.70462 4.71095 4.71682 4.72229 4.7274 4.73213 4.73652 4.74059 4.74436 4.74786 4.7511 4.7541 4.75688 4.75946 4.76185 4.76407 4.76612 4.76802 4.76979 4.77142 4.77293 4.77433 4.77563 4.77684 4.77795 4.77899 4.77994 4.78083 4.78165 4.78242 4.78312 4.78378 4.78438 4.78526
 0 0.00858674 0.0163932 0.0445037 0.0994901 0.186394 0.302305 0.436292 0.573163 0.698244 0.801126 0.877584 0.92924 0.961281 0.979758 0.989793 0.994992 0.997589 0.998853 0.999458 0.999744 0.999878 0.999942 0.999972 0.999986 0.999993 0.999996 0.999998 0.999999 0.999999 0.999999 0.999999 0.999999 0.999999 0.999999 0.999999 0.999999 0.999999 0.999999 0.999999 0.999999 0.999999 0.999999 0.999999 0.999999 0.999999 0.999999 0.999999 0.999999 0.999999 0.999999 0.999999 0.999999 0.999999 0.999999 0.999999 0.999999 0.999999 0.999999 0.999999 0.999999 0.999999 0.999999 0.999999 0.999999 0.999999 0.999999 0.999999 0.999999 0.999999 0.999999 0.999999 0.999999 0.999999 0.999999 0.999999 0.999999 0.999999 0.999999 0.999999 0.999999 0.999999 0.999999 0.999999 0.999999 0.999999 0.999999 0.999999 0.999999 0.999999 0.999999 0.999999 0.999999 0.999999 0.999999 0.999999 0.999999 0.999999 0.999999 0.999999 0.999999
 #wt and selex for gender,fleet: 1 4 4_ORWA_TWL
 0.00896707 0.00905623 0.025165 0.0629359 0.120459 0.197112 0.290652 0.398261 0.517064 0.64446 0.778488 0.918095 1.06289 1.21249 1.36604 1.52217 1.67927 1.83573 1.99019 2.14153 2.2889 2.43165 2.56933 2.70161 2.82829 2.94926 3.06445 3.1739 3.27768 3.37587 3.46863 3.55612 3.63852 3.71601 3.78881 3.85712 3.92116 3.98113 4.03726 4.08973 4.13877 4.18455 4.22728 4.26712 4.30427 4.33888 4.37111 4.40112 4.42905 4.45503 4.47919 4.50165 4.52253 4.54194 4.55996 4.57671 4.59225 4.60669 4.62009 4.63253 4.64408 4.65479 4.66473 4.67395 4.68251 4.69044 4.6978 4.70462 4.71095 4.71682 4.72229 4.7274 4.73213 4.73652 4.74059 4.74436 4.74786 4.7511 4.7541 4.75688 4.75946 4.76185 4.76407 4.76612 4.76802 4.76978 4.77142 4.77293 4.77433 4.77563 4.77684 4.77795 4.77899 4.77994 4.78083 4.78165 4.78241 4.78312 4.78377 4.78438 4.78526
 0 0.0119009 0.0220977 0.0556981 0.117248 0.209763 0.32854 0.461972 0.595437 0.715571 0.813336 0.885463 0.933949 0.963921 0.981163 0.990511 0.995348 0.997762 0.998936 0.999496 0.999761 0.999886 0.999945 0.999972 0.999985 0.999991 0.999994 0.999996 0.999996 0.999997 0.999997 0.999997 0.999996 0.999996 0.999996 0.999996 0.999996 0.999996 0.999996 0.999995 0.999995 0.999995 0.999995 0.999995 0.999995 0.999995 0.999995 0.999995 0.999995 0.999995 0.999995 0.999994 0.999994 0.999994 0.999994 0.999994 0.999994 0.999994 0.999994 0.999994 0.999994 0.999994 0.999994 0.999994 0.999994 0.999994 0.999994 0.999994 0.999994 0.999994 0.999994 0.999994 0.999994 0.999994 0.999994 0.999994 0.999994 0.999994 0.999994 0.999994 0.999994 0.999994 0.999994 0.999994 0.999994 0.999994 0.999994 0.999994 0.999994 0.999994 0.999994 0.999994 0.999994 0.999994 0.999994 0.999994 0.999994 0.999994 0.999994 0.999994 0.999994
 #wt and selex for gender,fleet: 1 5 5_ORWA_NONTWL
 0.00896707 0.00905629 0.026308 0.0668073 0.12882 0.212012 0.313999 0.431656 0.561729 0.701152 0.847203 0.997537 1.15019 1.30354 1.45636 1.60775 1.75712 1.9041 2.04845 2.18993 2.32825 2.46311 2.59413 2.72096 2.84328 2.96081 3.07334 3.18074 3.28295 3.37995 3.4718 3.5586 3.64047 3.71756 3.79005 3.85812 3.92198 3.98181 4.03782 4.0902 4.13916 4.18489 4.22757 4.26737 4.30449 4.33907 4.37129 4.40128 4.42919 4.45515 4.47931 4.50176 4.52263 4.54203 4.56005 4.57679 4.59233 4.60676 4.62016 4.6326 4.64414 4.65485 4.66479 4.67401 4.68256 4.69049 4.69785 4.70467 4.711 4.71686 4.72234 4.72744 4.73218 4.73657 4.74063 4.7444 4.7479 4.75114 4.75414 4.75692 4.7595 4.76189 4.76411 4.76616 4.76806 4.76982 4.77146 4.77297 4.77437 4.77567 4.77688 4.77799 4.77902 4.77998 4.78087 4.78169 4.78245 4.78316 4.78381 4.78442 4.7853
 0 0.0007112 0.00146274 0.00494106 0.013775 0.0319594 0.0635983 0.111455 0.17589 0.254632 0.343352 0.436683 0.529257 0.616487 0.69502 0.762882 0.819386 0.864893 0.900477 0.927601 0.947836 0.962667 0.973389 0.981059 0.986508 0.990361 0.993082 0.995003 0.996363 0.99733 0.998021 0.998518 0.998879 0.999142 0.999336 0.99948 0.999588 0.99967 0.999732 0.999781 0.999818 0.999848 0.999871 0.99989 0.999905 0.999918 0.999928 0.999936 0.999943 0.999949 0.999954 0.999958 0.999961 0.999964 0.999967 0.999969 0.999971 0.999973 0.999975 0.999976 0.999977 0.999978 0.999979 0.99998 0.999981 0.999981 0.999982 0.999982 0.999983 0.999983 0.999984 0.999984 0.999984 0.999984 0.999985 0.999985 0.999985 0.999985 0.999985 0.999985 0.999985 0.999985 0.999986 0.999986 0.999986 0.999986 0.999986 0.999986 0.999986 0.999986 0.999986 0.999986 0.999986 0.999986 0.999986 0.999986 0.999986 0.999986 0.999986 0.999986 0.999986
 #wt and selex for gender,fleet: 1 6 6_OR_REC
 0.00896707 0.00905687 0.0338944 0.0839602 0.15492 0.24259 0.341603 0.447472 0.557397 0.671252 0.791338 0.92031 1.05918 1.20683 1.36075 1.51814 1.67651 1.83395 1.98905 2.14076 2.28832 2.43116 2.56887 2.70115 2.82781 2.94875 3.06392 3.17334 3.27708 3.37525 3.46799 3.55545 3.63782 3.71529 3.78807 3.85636 3.92038 3.98034 4.03645 4.08891 4.13793 4.1837 4.22642 4.26625 4.30339 4.33799 4.37021 4.40022 4.42813 4.45411 4.47826 4.50072 4.5216 4.54099 4.55901 4.57575 4.5913 4.60573 4.61913 4.63157 4.64311 4.65382 4.66376 4.67298 4.68153 4.68946 4.69682 4.70364 4.70996 4.71583 4.7213 4.72641 4.73114 4.73553 4.73959 4.74336 4.74686 4.75009 4.7531 4.75588 4.75846 4.76084 4.76306 4.76511 4.76701 4.76877 4.77041 4.77192 4.77332 4.77462 4.77582 4.77694 4.77797 4.77893 4.77981 4.78064 4.7814 4.7821 4.78276 4.78336 4.78424
 0 1.95798e-05 9.01183e-05 0.00138827 0.0108545 0.0486203 0.141931 0.299173 0.493038 0.677025 0.817279 0.906681 0.956136 0.980641 0.991793 0.996534 0.998424 0.999111 0.999308 0.999309 0.999234 0.999128 0.99901 0.99889 0.998769 0.998651 0.998537 0.998426 0.998319 0.998217 0.99812 0.998028 0.99794 0.997857 0.997778 0.997704 0.997634 0.997569 0.997507 0.997449 0.997395 0.997345 0.997297 0.997253 0.997212 0.997173 0.997137 0.997103 0.997072 0.997043 0.997016 0.996991 0.996967 0.996945 0.996925 0.996906 0.996889 0.996873 0.996857 0.996843 0.99683 0.996818 0.996807 0.996797 0.996787 0.996778 0.99677 0.996762 0.996755 0.996748 0.996742 0.996736 0.996731 0.996726 0.996721 0.996717 0.996713 0.996709 0.996706 0.996703 0.9967 0.996697 0.996695 0.996692 0.99669 0.996688 0.996686 0.996684 0.996683 0.996681 0.99668 0.996679 0.996678 0.996676 0.996675 0.996675 0.996674 0.996673 0.996672 0.996671 0.99667
 #wt and selex for gender,fleet: 1 7 7_WA_REC
 0.00896707 0.00905694 0.0347581 0.0874794 0.164104 0.260868 0.372221 0.49308 0.619391 0.748219 0.87784 1.00795 1.13951 1.27401 1.41258 1.55545 1.70188 1.85043 1.99941 2.14714 2.29224 2.43362 2.57047 2.70228 2.82868 2.94948 3.06459 3.17398 3.27772 3.3759 3.46865 3.55613 3.63852 3.71602 3.78881 3.85713 3.92116 3.98114 4.03726 4.08974 4.13877 4.18455 4.22728 4.26712 4.30427 4.33888 4.37111 4.40112 4.42905 4.45503 4.47919 4.50166 4.52254 4.54194 4.55996 4.57671 4.59226 4.60669 4.6201 4.63254 4.64408 4.65479 4.66473 4.67395 4.68251 4.69044 4.6978 4.70462 4.71095 4.71682 4.72229 4.7274 4.73213 4.73652 4.74059 4.74436 4.74786 4.7511 4.7541 4.75688 4.75946 4.76185 4.76407 4.76612 4.76802 4.76979 4.77142 4.77293 4.77433 4.77563 4.77684 4.77795 4.77899 4.77994 4.78083 4.78165 4.78242 4.78312 4.78378 4.78438 4.78526
 0 1.21539e-06 6.10562e-06 0.000117346 0.00119589 0.00712054 0.0277168 0.0774019 0.166914 0.294307 0.443622 0.592308 0.721302 0.82098 0.890974 0.936448 0.964217 0.980373 0.989434 0.994379 0.997028 0.998431 0.999168 0.999556 0.999761 0.999869 0.999927 0.999959 0.999976 0.999986 0.999992 0.999995 0.999997 0.999998 0.999998 0.999999 0.999999 0.999999 0.999999 0.999999 0.999999 0.999999 0.999999 0.999999 0.999999 0.999999 0.999999 0.999999 0.999999 0.999999 0.999999 0.999999 0.999999 0.999999 0.999999 0.999999 0.999999 0.999999 0.999999 0.999999 0.999999 0.999999 0.999999 0.999999 0.999999 0.999999 0.999999 0.999999 0.999999 0.999999 0.999999 0.999999 0.999999 0.999999 0.999999 0.999999 0.999999 0.999999 0.999999 0.999999 0.999999 0.999999 0.999999 0.999999 0.999999 0.999999 0.999999 0.999999 0.999999 0.999999 0.999999 0.999999 0.999999 0.999999 0.999999 0.999999 0.999999 0.999999 0.999999 0.999999 0.999999
# Sex ratio correction
1
# M and current age-structure in year Yinit: 2011
 # gender = 1
 0.0439034 0.0439034 0.0439034 0.0439034 0.0439034 0.0439034 0.0439034 0.0439034 0.0439034 0.0439034 0.0439034 0.0439034 0.0439034 0.0439034 0.0439034 0.0439034 0.0439034 0.0439034 0.0439034 0.0439034 0.0439034 0.0439034 0.0439034 0.0439034 0.0439034 0.0439034 0.0439034 0.0439034 0.0439034 0.0439034 0.0439034 0.0439034 0.0439034 0.0439034 0.0439034 0.0439034 0.0439034 0.0439034 0.0439034 0.0439034 0.0439034 0.0439034 0.0439034 0.0439034 0.0439034 0.0439034 0.0439034 0.0439034 0.0439034 0.0439034 0.0439034 0.0439034 0.0439034 0.0439034 0.0439034 0.0439034 0.0439034 0.0439034 0.0439034 0.0439034 0.0439034 0.0439034 0.0439034 0.0439034 0.0439034 0.0439034 0.0439034 0.0439034 0.0439034 0.0439034 0.0439034 0.0439034 0.0439034 0.0439034 0.0439034 0.0439034 0.0439034 0.0439034 0.0439034 0.0439034 0.0439034 0.0439034 0.0439034 0.0439034 0.0439034 0.0439034 0.0439034 0.0439034 0.0439034 0.0439034 0.0439034 0.0439034 0.0439034 0.0439034 0.0439034 0.0439034 0.0439034 0.0439034 0.0439034 0.0439034 0.0439034
 215.006 276.454 286.792 344.41 208.053 195.468 111.666 69.9066 99.9593 231.281 67.9978 53.9973 94.2201 58.6301 36.0283 28.5777 28.0787 54.8873 62.692 27.1497 21.3084 22.5007 24.1073 25.5706 28.7866 32.565 43.4174 41.9493 24.7499 30.2838 24.5402 17.4082 12.1646 8.50582 9.96919 8.65638 9.61873 6.27968 5.12376 6.04812 10.3078 5.05334 3.72155 3.00295 2.28712 1.91248 1.51998 1.24825 1.17318 1.23798 1.35939 1.39629 1.27793 1.11666 0.991804 0.912688 0.875125 0.875793 0.914452 0.994525 1.11629 1.25839 1.34704 1.29149 1.12998 0.965252 0.836143 0.74234 0.674986 0.62516 0.587072 0.556957 0.532522 0.512077 0.493979 0.476839 0.459638 0.442038 0.424208 0.406682 0.390022 0.374648 0.360662 0.348014 0.33636 0.325235 0.314544 0.304029 0.2935 0.282863 0.272101 0.261238 0.250351 0.239568 0.228914 0.218527 0.208489 0.19885 0.189634 0.180856 3.90831
# Age-structure at Ydeclare= 2013
 459.226 200.71 196.93 253.208 262.666 315.402 190.485 178.884 102.12 63.8706 91.2309 210.862 61.9363 49.1464 85.706 53.3096 32.7492 25.9715 25.5146 49.8707 56.9589 24.6661 19.3589 20.442 21.9016 23.2311 26.1527 29.5851 39.4438 38.1088 22.4831 27.5088 22.2902 15.8113 11.048 7.72473 9.05332 7.86078 8.73429 5.70201 4.6522 5.49121 9.35822 4.58757 3.37838 2.72592 2.07605 1.73593 1.37962 1.13296 1.0648 1.1236 1.23377 1.26725 1.15982 1.01344 0.900126 0.82832 0.794226 0.794831 0.829913 0.902582 1.01309 1.14205 1.22249 1.17208 1.0255 0.876001 0.758828 0.673697 0.61257 0.567351 0.532785 0.505454 0.483278 0.464724 0.448299 0.432744 0.417133 0.40116 0.384979 0.369074 0.353955 0.340002 0.32731 0.315831 0.305255 0.295159 0.285457 0.275915 0.266359 0.256705 0.246939 0.23708 0.2272 0.217415 0.207746 0.19832 0.189211 0.180462 3.88316
# Year for Tmin Age-structure (set to Ydecl by SS)
2013
#  recruitment and biomass
# Number of historical assessment years
137
# Historical data
# year recruitment spawner in B0 in R project in R/S project
1888  1889 1890 1891 1892 1893 1894 1895 1896 1897 1898 1899 1900 1901 1902 1903 1904 1905 1906 1907 1908 1909 1910 1911 1912 1913 1914 1915 1916 1917 1918 1919 1920 1921 1922 1923 1924 1925 1926 1927 1928 1929 1930 1931 1932 1933 1934 1935 1936 1937 1938 1939 1940 1941 1942 1943 1944 1945 1946 1947 1948 1949 1950 1951 1952 1953 1954 1955 1956 1957 1958 1959 1960 1961 1962 1963 1964 1965 1966 1967 1968 1969 1970 1971 1972 1973 1974 1975 1976 1977 1978 1979 1980 1981 1982 1983 1984 1985 1986 1987 1988 1989 1990 1991 1992 1993 1994 1995 1996 1997 1998 1999 2000 2001 2002 2003 2004 2005 2006 2007 2008 2009 2010 2011 2012 2013 2014 2015 2016 2017 2018 2019 2020 2021 2022 2023 2024 #years (with first value representing R0)
225.404 228.256 228.357 228.462 228.571 228.674 228.782 228.894 229.018 229.148 229.284 229.426 229.577 229.736 229.904 230.079 230.267 230.471 230.69 230.938 231.21 231.508 231.834 232.183 232.554 232.93 233.287 233.586 233.778 233.806 233.591 233.022 232.108 230.774 228.996 226.798 224.23 221.388 218.421 215.495 212.649 210.129 208.065 206.399 204.995 203.576 201.85 199.596 196.805 193.696 190.725 188.408 187.247 187.646 190.086 195.341 204.554 219.42 241.248 268.968 292.729 290.674 258.457 218.171 184.923 161.741 147.324 139.982 138.784 143.315 153.257 166.478 172.505 159.106 137.086 122.702 123.052 140.829 165.996 185.193 225.693 257.986 320.748 594.004 313.546 236.724 256.203 343.575 268.56 266.657 194.764 236.834 286.399 339.408 350.647 239.329 338.957 294.02 186.04 139.952 106.924 87.7375 72.2536 61.2404 70.8647 150.683 122.942 59.1321 56.9366 68.1535 105.548 161.61 88.3234 106.135 344.705 142.344 95.1695 145.398 243.506 248.014 392.908 313.114 288.862 215.006 209.718 459.226 228.874 299.187 214.612 108.557 106.356 114.511 115.387 153.498 171.388 176.301 190.828  #recruits; first value is R0 (virgin)
1141.67  1141.67 1141.66 1141.65 1141.62 1141.16 1140.7 1140.23 1140.08 1140 1139.92 1139.85 1139.78 1139.71 1139.66 1139.62 1139.6 1139.6 1139.63 1139.68 1139.74 1139.71 1139.8 1139.9 1140.01 1140.13 1140.26 1140.39 1140.46 1140.61 1140.6 1138.54 1138.08 1137.75 1137.5 1137.55 1137.54 1137 1136.13 1134.47 1132.11 1129.86 1128.1 1126.01 1124.96 1124.09 1123.21 1121.8 1120.35 1117.89 1115.65 1113.05 1111 1107.73 1102.86 1097.54 1087.62 1076.94 1060.95 1046.09 1038.89 1030.61 1024.03 1016.68 1007.67 999.723 993.574 986.292 979.472 972.733 965.065 958.31 952.908 948.913 946.948 944.361 943.251 943.255 933.321 930.11 924.821 918.914 903.638 892.815 878.645 861.141 842.125 821.204 800.558 777.051 753.857 718.085 680.793 652.691 617.66 561.671 514.786 488.381 453.265 425.572 399.853 378.143 350.396 330.833 297.638 267.939 239.9 225.755 211.682 196.067 177.598 173.084 164.065 166.865 168.849 175.821 182.769 189.76 196.573 203.547 209.865 216.478 222.964 230.19 237.732 245.647 254.541 264.467 274.941 286.734 298.766 312.457 327.403 344.619 363.212 381.902 401.148 #spbio; first value is SSB_virgin (virgin)
1 0 0 0 0 0 0 0 0 0 0 0 0 0 0 0 0 0 0 0 0 0 0 0 0 0 0 0 0 0 0 0 0 0 0 0 0 0 0 0 0 0 0 0 0 0 0 0 0 0 0 0 0 0 0 0 0 0 0 0 0 0 0 0 0 0 0 0 0 0 0 0 0 0 0 0 0 0 0 0 0 0 0 0 0 0 0 0 0 0 0 0 0 0 0 0 0 0 0 0 0 0 0 0 0 0 0 0 0 0 0 0 0 0 0 0 0 0 0 0 0 0 0 0 0 0 0 0 0 0 0 0 0 0 0 0 0  # in Bzero
0 1 1 1 1 1 1 1 1 1 1 1 1 1 1 1 1 1 1 1 1 1 1 1 1 1 1 1 1 1 1 1 1 1 1 1 1 1 1 1 1 1 1 1 1 1 1 1 1 1 1 1 1 1 1 1 1 1 1 1 1 1 1 1 1 1 1 1 1 1 1 1 1 1 1 1 1 1 1 1 1 1 1 1 1 1 1 1 1 1 1 1 1 1 1 1 1 1 1 1 1 1 1 1 1 1 1 1 1 1 1 1 1 1 1 1 1 1 1 1 1 1 1 1 1 1 1 1 1 1 1 1 1 1  0 0 0 # in R project
0 1 1 1 1 1 1 1 1 1 1 1 1 1 1 1 1 1 1 1 1 1 1 1 1 1 1 1 1 1 1 1 1 1 1 1 1 1 1 1 1 1 1 1 1 1 1 1 1 1 1 1 1 1 1 1 1 1 1 1 1 1 1 1 1 1 1 1 1 1 1 1 1 1 1 1 1 1 1 1 1 1 1 1 1 1 1 1 1 1 1 1 1 1 1 1 1 1 1 1 1 1 1 1 1 1 1 1 1 1 1 1 1 1 1 1 1 1 1 1 1 1 1 1 1 1 1 1 1 1 1 1 1 1  0 0 0 # in R/S project
# Number of years with pre-specified catches
0
# catches for years with pre-specified catches go next
# Number of future recruitments to override
-2
# Process for overiding (-1 for average otherwise index in data list)
# Which probability to product detailed results for (1=0.5; 2=0.6; etc.)
3
# Steepness sigma-R Auto-correlation
0.718 0.5 0
# Target SPR rate (FMSY Proxy); manually change to SPR_MSY if not using SPR_target
0.5
# Discount rate (for cumulative catch)
0.1
# Truncate the series when 0.4B0 is reached (1=Yes)
0
# Set F to FMSY once 0.4B0 is reached (1=Yes)
0
# Maximum possible F for projection (-1 to set to FMSY)
-1
# Defintion of recovery (1=now only;2=now or before)
2
# Projection type
4
# Definition of the 40-10 rule
10 40
# Sigma Assessment Error (Base, Year1, Slope, MaxSigma)
1.0 2025 0.075 2.0
# Pstar
0.45
# Constrain catches by the ABC (1=yes, 2=no)
2
# Implementation Error (0=no; 1=lognormal; 2=uniform)
0
#Parameters of Implementaion Error
1 0.3
# Calculate coefficients of variation (1=Yes)
0
# Number of replicates to use
10
# Random number seed
-99004
# File with multiple parameter vectors 
rebuild.SSO
# User-specific projection (1=Yes); Output replaced (1->9)
0  5
# Catches and Fs (Year; 1/2/3 (F or C or SPR); value); Final row is -1
2024 1 1
-1 -1 -1
# Fixed catch project (1=Yes); Output replaced (1->9); Approach (-1=Read in else 1-9)
0 2 -1
# (48a) Special catch options (1-Yes) [CUT_OFF, Emsy, distribution, MAXCAT, Add, replace_code]
0 0.18 1.00 1.00 0 6
# (48b) B1Target
150000
# Split of Fs
2011  0.0164712
 0
 0.389137
 0.023914
 0.191217
 0.199322
 0.179939
-1  1 1 1 1 1 1 1 1 1 1 1 1
# Yrs to define T_target for projection type 4 (a.k.a. 5 pre-specified inputs)
2030 2031 2032 2033 2034 
# Year for probability of recovery
2034 2035 2036 2037 2038 2039 2040 2041
# Time varying weight-at-age (1=Yes;0=No)
0
# File with time series of weight-at-age data
none
# Use bisection (0) or linear interpolation (1)
1
# Target Depletion
0.4
# CV of implementation error
0
