#Title, #runnumber: 1 yelloweye_data.ss yelloweye_control.ss 5742.3 1079.91 282.81 StartTime: Tue Apr 15 23:56:06 2025
SSv3_default_rebuild.dat
# Number of sexes
1
# Age range to consider (minimum age; maximum age)
0 100
# Number of fleets
7
# First year of projection (Yinit)
2011
# First Year of rebuilding period (Ydecl)
2013
# Number of simulations
1000
# Maximum number of years
500
# Conduct projections with multiple starting values (0=No;else yes)
0
# Number of parameter vectors
1000
# Is the maximum age a plus-group (1=Yes;2=No)
1
# Generate future recruitments using historical recruitments (1)  historical recruits/spawner (2)  or a stock-recruitment (3)
3
# Constant fishing mortality (1) or constant Catch (2) projections
1
# Fishing mortality based on SPR (1) or actual rate (2)
1
# Pre-specify the year of recovery (or -1) to ignore
-1
# Fecundity-at-age
# 0 1 2 3 4 5 6 7 8 9 10 11 12 13 14 15 16 17 18 19 20 21 22 23 24 25 26 27 28 29 30 31 32 33 34 35 36 37 38 39 40 41 42 43 44 45 46 47 48 49 50 51 52 53 54 55 56 57 58 59 60 61 62 63 64 65 66 67 68 69 70 71 72 73 74 75 76 77 78 79 80 81 82 83 84 85 86 87 88 89 90 91 92 93 94 95 96 97 98 99 100 #runnumber: 1 yelloweye_data.ss yelloweye_control.ss 5742.3 1079.91 282.81
 0 0 3.12513e-08 3.93144e-07 3.5241e-06 2.43409e-05 0.000134304 0.000596202 0.00212293 0.00610915 0.0145248 0.0293759 0.052034 0.0828277 0.121048 0.165261 0.213713 0.264687 0.316721 0.368694 0.419831 0.469641 0.517853 0.564339 0.609066 0.652052 0.693337 0.732973 0.77101 0.807496 0.842474 0.875984 0.908062 0.938743 0.968062 0.996052 1.02275 1.04819 1.07241 1.09545 1.11734 1.13813 1.15786 1.17656 1.19428 1.21106 1.22693 1.24194 1.25613 1.26953 1.28218 1.29412 1.30538 1.316 1.32601 1.33544 1.34432 1.35268 1.36055 1.36796 1.37493 1.38148 1.38764 1.39344 1.39888 1.404 1.40881 1.41333 1.41757 1.42156 1.4253 1.4289 1.43228 1.43546 1.43844 1.44124 1.44387 1.44633 1.44864 1.45081 1.45285 1.45476 1.45655 1.45823 1.4598 1.46128 1.46266 1.46396 1.46518 1.46632 1.46739 1.4684 1.46934 1.47022 1.47105 1.47183 1.47256 1.47324 1.47388 1.47448 1.47542 #female fecundity; weighted by N in year Y_init across morphs and areas
# Age specific selectivity and weight adjusted for discard and discard mortality
 #wt and selex for gender,fleet: 1 1 1_CA_TWL
 0.0111081 0.0230188 0.0621631 0.120177 0.196611 0.288558 0.392621 0.505676 0.625121 0.748913 0.87555 1.00404 1.13388 1.26492 1.39726 1.53105 1.66636 1.80309 1.94092 2.07933 2.21765 2.35514 2.49105 2.62467 2.75541 2.88274 3.00627 3.1257 3.24083 3.35154 3.45775 3.55945 3.65666 3.74945 3.8379 3.92209 4.00216 4.07822 4.1504 4.21885 4.2837 4.3451 4.40319 4.45812 4.51003 4.55905 4.60532 4.64899 4.69016 4.72898 4.76556 4.80002 4.83246 4.86301 4.89176 4.91881 4.94425 4.96817 4.99067 5.01181 5.03168 5.05036 5.0679 5.08438 5.09985 5.11438 5.12803 5.14084 5.15286 5.16415 5.17484 5.18498 5.19448 5.20341 5.21178 5.21963 5.22699 5.2339 5.24038 5.24646 5.25216 5.25751 5.26252 5.26722 5.27163 5.27577 5.27964 5.28328 5.28668 5.28988 5.29287 5.29568 5.29831 5.30078 5.30309 5.30526 5.30729 5.3092 5.31098 5.31266 5.31528
 0 0.00074552 0.00278708 0.00906301 0.0237581 0.0518888 0.0975404 0.162219 0.244132 0.338602 0.43924 0.539346 0.633116 0.716386 0.786886 0.844073 0.888708 0.922361 0.946956 0.964436 0.976555 0.984772 0.990235 0.993807 0.996107 0.99757 0.998491 0.999066 0.999423 0.999643 0.999779 0.999863 0.999914 0.999946 0.999965 0.999977 0.999985 0.99999 0.999993 0.999995 0.999996 0.999997 0.999997 0.999997 0.999998 0.999998 0.999998 0.999998 0.999998 0.999998 0.999998 0.999998 0.999998 0.999998 0.999998 0.999998 0.999998 0.999998 0.999998 0.999998 0.999998 0.999998 0.999998 0.999998 0.999998 0.999998 0.999998 0.999998 0.999998 0.999997 0.999997 0.999997 0.999997 0.999997 0.999997 0.999997 0.999997 0.999997 0.999997 0.999997 0.999997 0.999997 0.999997 0.999997 0.999997 0.999997 0.999997 0.999997 0.999997 0.999997 0.999997 0.999997 0.999997 0.999997 0.999997 0.999997 0.999997 0.999997 0.999997 0.999997 0.999997
 #wt and selex for gender,fleet: 1 3 3_CA_REC
 0.0110113 0.0214367 0.0562203 0.108648 0.178251 0.262806 0.359553 0.465836 0.579357 0.698284 0.821322 0.947732 1.07724 1.20983 1.34552 1.48417 1.6254 1.76854 1.91276 2.0571 2.20063 2.34247 2.48185 2.61814 2.75086 2.87962 3.00416 3.1243 3.2399 3.35093 3.45735 3.55919 3.65649 3.74934 3.83782 3.92205 4.00213 4.0782 4.15039 4.21884 4.28369 4.3451 4.40319 4.45812 4.51003 4.55905 4.60532 4.64899 4.69016 4.72898 4.76556 4.80002 4.83246 4.86301 4.89176 4.91881 4.94425 4.96817 4.99067 5.01181 5.03168 5.05036 5.0679 5.08438 5.09985 5.11438 5.12803 5.14084 5.15286 5.16415 5.17484 5.18498 5.19449 5.20341 5.21178 5.21963 5.22699 5.2339 5.24039 5.24646 5.25216 5.25751 5.26252 5.26723 5.27163 5.27577 5.27964 5.28328 5.28668 5.28988 5.29287 5.29568 5.29831 5.30078 5.30309 5.30526 5.30729 5.3092 5.31098 5.31266 5.31528
 0 0.00589663 0.0158207 0.038076 0.077823 0.138389 0.219401 0.316601 0.422992 0.530583 0.632049 0.721923 0.797124 0.856873 0.902164 0.935062 0.958053 0.973571 0.98372 0.990174 0.994176 0.996602 0.998044 0.998887 0.999373 0.999649 0.999804 0.999891 0.99994 0.999966 0.999981 0.999989 0.999994 0.999996 0.999998 0.999999 0.999999 0.999999 0.999999 0.999999 0.999999 0.999999 0.999999 0.999999 0.999999 0.999999 0.999999 0.999999 0.999999 0.999999 0.999999 0.999999 0.999999 0.999999 0.999999 0.999999 0.999999 0.999999 0.999999 0.999999 0.999999 0.999999 0.999999 0.999999 0.999999 0.999999 0.999999 0.999999 0.999999 0.999999 0.999999 0.999999 0.999999 0.999999 0.999999 0.999999 0.999999 0.999999 0.999999 0.999999 0.999999 0.999999 0.999999 0.999999 0.999999 0.999999 0.999999 0.999999 0.999999 0.999999 0.999999 0.999999 0.999999 0.999999 0.999999 0.999999 0.999999 0.999999 0.999999 0.999999 0.999999
 #wt and selex for gender,fleet: 1 4 4_ORWA_TWL
 0.0109244 0.0199904 0.0505819 0.0986778 0.164424 0.246642 0.343393 0.452464 0.571648 0.698894 0.832369 0.970469 1.11181 1.25522 1.3997 1.54444 1.68877 1.83214 1.97412 2.11435 2.25251 2.38832 2.52151 2.65182 2.779 2.90283 3.02308 3.13957 3.25214 3.36067 3.46507 3.56529 3.66131 3.75313 3.84081 3.9244 4.00399 4.07967 4.15156 4.21978 4.28445 4.3457 4.40368 4.45852 4.51036 4.55932 4.60555 4.64917 4.69032 4.72911 4.76567 4.80011 4.83255 4.86309 4.89182 4.91886 4.9443 4.96822 4.99071 5.01185 5.03172 5.05039 5.06793 5.0844 5.09987 5.1144 5.12805 5.14086 5.15288 5.16417 5.17486 5.18499 5.1945 5.20342 5.21179 5.21964 5.22701 5.23392 5.2404 5.24648 5.25218 5.25752 5.26254 5.26724 5.27165 5.27578 5.27965 5.28329 5.2867 5.28989 5.29288 5.29569 5.29832 5.30079 5.3031 5.30527 5.3073 5.30921 5.31099 5.31267 5.31529
 0 0.0128893 0.0251125 0.0455579 0.0755523 0.115845 0.166136 0.225127 0.290775 0.360627 0.432146 0.502971 0.571086 0.634915 0.693339 0.745682 0.791656 0.831297 0.864892 0.892907 0.915919 0.934559 0.949463 0.961242 0.970451 0.977583 0.983061 0.987238 0.990404 0.992791 0.994585 0.995929 0.996934 0.997685 0.998246 0.998666 0.99898 0.999217 0.999395 0.999529 0.999632 0.99971 0.999769 0.999815 0.999851 0.999879 0.999901 0.999918 0.999932 0.999943 0.999951 0.999958 0.999964 0.999969 0.999973 0.999976 0.999979 0.999981 0.999983 0.999984 0.999986 0.999987 0.999988 0.999989 0.999989 0.99999 0.999991 0.999991 0.999992 0.999992 0.999992 0.999992 0.999993 0.999993 0.999993 0.999993 0.999993 0.999993 0.999993 0.999993 0.999993 0.999993 0.999994 0.999994 0.999994 0.999994 0.999994 0.999994 0.999994 0.999994 0.999994 0.999994 0.999994 0.999994 0.999994 0.999994 0.999994 0.999994 0.999994 0.999994 0.999994
 #wt and selex for gender,fleet: 1 5 5_ORWA_NONTWL
 0.0110287 0.0217499 0.0578598 0.112928 0.186972 0.277914 0.382898 0.499018 0.623633 0.754489 0.88972 1.02782 1.16758 1.30806 1.44855 1.58854 1.72766 1.86566 2.00236 2.13761 2.27124 2.40306 2.53284 2.66032 2.78523 2.90726 3.02614 3.14161 3.25344 3.36144 3.46548 3.56546 3.66132 3.75305 3.84068 3.92425 4.00383 4.07952 4.15141 4.21964 4.28433 4.3456 4.40359 4.45844 4.51028 4.55926 4.6055 4.64913 4.69028 4.72908 4.76564 4.80009 4.83253 4.86306 4.8918 4.91885 4.94428 4.9682 4.9907 5.01184 5.03171 5.05038 5.06792 5.08439 5.09987 5.1144 5.12804 5.14085 5.15288 5.16416 5.17485 5.18499 5.19449 5.20342 5.21179 5.21964 5.227 5.23391 5.24039 5.24647 5.25217 5.25752 5.26253 5.26723 5.27164 5.27578 5.27965 5.28328 5.28669 5.28989 5.29288 5.29569 5.29832 5.30079 5.3031 5.30527 5.3073 5.30921 5.31099 5.31267 5.31529
 0 0.00113876 0.00330224 0.00875111 0.0198495 0.0393146 0.0694736 0.111614 0.165632 0.230054 0.302345 0.379368 0.457848 0.534757 0.60757 0.674411 0.734081 0.786017 0.830186 0.866962 0.896997 0.921099 0.940135 0.954956 0.966348 0.975008 0.981527 0.986394 0.990002 0.992663 0.994616 0.996045 0.99709 0.997853 0.99841 0.998817 0.999115 0.999334 0.999496 0.999616 0.999705 0.999772 0.999822 0.99986 0.999889 0.999911 0.999929 0.999942 0.999952 0.999961 0.999967 0.999972 0.999977 0.99998 0.999983 0.999985 0.999987 0.999989 0.99999 0.999991 0.999992 0.999993 0.999993 0.999994 0.999994 0.999995 0.999995 0.999996 0.999996 0.999996 0.999996 0.999996 0.999996 0.999997 0.999997 0.999997 0.999997 0.999997 0.999997 0.999997 0.999997 0.999997 0.999997 0.999997 0.999997 0.999997 0.999997 0.999997 0.999997 0.999997 0.999997 0.999997 0.999997 0.999997 0.999997 0.999998 0.999998 0.999998 0.999998 0.999998 0.999998
 #wt and selex for gender,fleet: 1 6 6_OR_REC
 0.0116504 0.0303534 0.0808053 0.148717 0.230932 0.321878 0.417278 0.514626 0.61337 0.714645 0.820462 0.932786 1.05288 1.181 1.31645 1.45781 1.60332 1.75119 1.89981 2.04783 2.19419 2.33807 2.47886 2.61608 2.74938 2.8785 3.00324 3.12349 3.23915 3.3502 3.45662 3.55846 3.65575 3.74859 3.83705 3.92126 4.00133 4.07738 4.14956 4.218 4.28285 4.34424 4.40233 4.45725 4.50915 4.55816 4.60443 4.64809 4.68926 4.72807 4.76465 4.7991 4.83155 4.86209 4.89083 4.91788 4.94332 4.96724 4.98973 5.01088 5.03075 5.04942 5.06696 5.08343 5.09891 5.11344 5.12708 5.13989 5.15192 5.1632 5.17389 5.18402 5.19353 5.20244 5.21081 5.21866 5.22602 5.23293 5.23941 5.24548 5.25118 5.25653 5.26154 5.26624 5.27065 5.27478 5.27865 5.28228 5.28569 5.28888 5.29188 5.29468 5.29731 5.29978 5.30209 5.30426 5.30629 5.3082 5.30998 5.31165 5.31428
 0 6.13126e-05 0.000750592 0.005514 0.0244974 0.0738264 0.165622 0.296996 0.449517 0.599151 0.727276 0.825509 0.894305 0.938996 0.96624 0.981962 0.990602 0.995138 0.997409 0.998482 0.998942 0.999099 0.99911 0.999051 0.998961 0.998857 0.998748 0.998638 0.998529 0.998422 0.998318 0.998217 0.99812 0.998026 0.997935 0.997849 0.997766 0.997687 0.997611 0.997539 0.997471 0.997406 0.997344 0.997285 0.99723 0.997177 0.997128 0.997081 0.997036 0.996994 0.996955 0.996917 0.996882 0.996849 0.996818 0.996788 0.996761 0.996735 0.99671 0.996687 0.996665 0.996645 0.996626 0.996608 0.996591 0.996575 0.99656 0.996546 0.996532 0.99652 0.996508 0.996497 0.996487 0.996477 0.996468 0.996459 0.996451 0.996443 0.996436 0.996429 0.996423 0.996417 0.996412 0.996406 0.996401 0.996397 0.996393 0.996389 0.996385 0.996381 0.996378 0.996375 0.996372 0.996369 0.996367 0.996364 0.996362 0.99636 0.996358 0.996356 0.996353
 #wt and selex for gender,fleet: 1 7 7_WA_REC
 0.0115998 0.0299623 0.0818965 0.154825 0.246517 0.351333 0.464247 0.581466 0.700408 0.819535 0.93823 1.05665 1.17552 1.29581 1.41846 1.54417 1.67323 1.8055 1.94046 2.07727 2.2149 2.35231 2.48848 2.62252 2.75369 2.88143 3.0053 3.12501 3.24034 3.3512 3.45751 3.55929 3.65656 3.74938 3.83785 3.92206 4.00214 4.0782 4.15039 4.21884 4.2837 4.3451 4.40319 4.45812 4.51003 4.55905 4.60532 4.64899 4.69016 4.72898 4.76556 4.80002 4.83246 4.86301 4.89176 4.91881 4.94425 4.96817 4.99067 5.01181 5.03168 5.05036 5.0679 5.08438 5.09985 5.11438 5.12803 5.14084 5.15286 5.16415 5.17484 5.18498 5.19449 5.20341 5.21178 5.21963 5.22699 5.2339 5.24039 5.24646 5.25216 5.25751 5.26252 5.26723 5.27163 5.27577 5.27964 5.28328 5.28668 5.28988 5.29287 5.29568 5.29831 5.30078 5.30309 5.30526 5.30729 5.3092 5.31098 5.31266 5.31528
 0 7.41292e-06 9.02058e-05 0.000728767 0.00378102 0.0137386 0.0376921 0.0829335 0.153393 0.247322 0.357563 0.473961 0.586397 0.687102 0.77165 0.838782 0.889569 0.9264 0.952141 0.969556 0.981007 0.98835 0.992958 0.995795 0.997514 0.998542 0.99915 0.999506 0.999714 0.999834 0.999903 0.999944 0.999967 0.99998 0.999988 0.999993 0.999996 0.999997 0.999998 0.999999 0.999999 0.999999 0.999999 0.999999 0.999999 0.999999 0.999999 0.999999 0.999999 0.999999 0.999999 0.999999 0.999999 0.999999 0.999999 0.999999 0.999999 0.999999 0.999999 0.999999 0.999999 0.999999 0.999999 0.999999 0.999999 0.999999 0.999999 0.999999 0.999999 0.999999 0.999999 0.999999 0.999999 0.999999 0.999999 0.999999 0.999999 0.999999 0.999999 0.999999 0.999999 0.999999 0.999999 0.999999 0.999999 0.999999 0.999999 0.999999 0.999999 0.999999 0.999999 0.999999 0.999999 0.999999 0.999999 0.999999 0.999999 0.999999 0.999999 0.999999 0.999999
# Sex ratio correction
1
# M and current age-structure in year Yinit: 2011
 # gender = 1
 0.0439034 0.0439034 0.0439034 0.0439034 0.0439034 0.0439034 0.0439034 0.0439034 0.0439034 0.0439034 0.0439034 0.0439034 0.0439034 0.0439034 0.0439034 0.0439034 0.0439034 0.0439034 0.0439034 0.0439034 0.0439034 0.0439034 0.0439034 0.0439034 0.0439034 0.0439034 0.0439034 0.0439034 0.0439034 0.0439034 0.0439034 0.0439034 0.0439034 0.0439034 0.0439034 0.0439034 0.0439034 0.0439034 0.0439034 0.0439034 0.0439034 0.0439034 0.0439034 0.0439034 0.0439034 0.0439034 0.0439034 0.0439034 0.0439034 0.0439034 0.0439034 0.0439034 0.0439034 0.0439034 0.0439034 0.0439034 0.0439034 0.0439034 0.0439034 0.0439034 0.0439034 0.0439034 0.0439034 0.0439034 0.0439034 0.0439034 0.0439034 0.0439034 0.0439034 0.0439034 0.0439034 0.0439034 0.0439034 0.0439034 0.0439034 0.0439034 0.0439034 0.0439034 0.0439034 0.0439034 0.0439034 0.0439034 0.0439034 0.0439034 0.0439034 0.0439034 0.0439034 0.0439034 0.0439034 0.0439034 0.0439034 0.0439034 0.0439034 0.0439034 0.0439034 0.0439034 0.0439034 0.0439034 0.0439034 0.0439034 0.0439034
 220.041 224.112 200.329 260.836 162.141 121.547 89.9329 66.117 137.962 262.806 94.3344 67.5737 126.492 64.7991 37.6847 30.5735 30.5703 61.1653 79.3431 31.2124 23.4377 24.5491 26.7381 27.356 27.5234 26.4721 30.1057 36.7146 28.324 32.3254 21.7759 14.533 10.4184 7.93653 8.38195 7.77391 7.32608 4.63371 4.2871 5.12169 7.86075 5.31988 3.94124 2.88624 2.18389 1.76433 1.34604 1.09049 1.02567 1.09157 1.22023 1.29455 1.21735 1.05763 0.908177 0.801703 0.742455 0.725384 0.745741 0.801478 0.886576 0.977 1.01977 0.971368 0.861493 0.747661 0.654496 0.584166 0.532209 0.492895 0.462282 0.437654 0.417317 0.39995 0.384145 0.368658 0.352636 0.335952 0.319015 0.302536 0.28715 0.273247 0.260896 0.250018 0.240361 0.231622 0.223526 0.215843 0.208387 0.201039 0.193727 0.186414 0.179107 0.171861 0.16467 0.157503 0.15055 0.143842 0.137399 0.131236 2.8956
# Age-structure at Ydeclare= 2013
 114.063 106.647 201.543 205.267 183.476 238.865 148.45 111.241 82.2609 60.4331 125.999 239.819 86.0161 61.5728 115.193 58.9838 34.2907 27.8127 27.8045 55.6241 72.1485 28.3804 21.3102 22.32 24.3097 24.8709 25.0226 24.0663 27.369 33.3762 25.7478 29.3844 19.7941 13.21 9.46969 7.21365 7.61833 7.06553 6.65837 4.2113 3.89621 4.65461 7.14373 4.83453 3.5816 2.62282 1.98454 1.60326 1.22314 0.990913 0.932002 0.991877 1.10878 1.1763 1.10615 0.961012 0.825211 0.728462 0.674625 0.659112 0.677608 0.728251 0.805574 0.887735 0.926596 0.882616 0.782779 0.679347 0.594694 0.53079 0.48358 0.447858 0.420042 0.397664 0.379185 0.363405 0.349043 0.334972 0.320414 0.305254 0.289865 0.274892 0.260912 0.248279 0.237057 0.227173 0.218398 0.210458 0.203101 0.196121 0.189346 0.182669 0.176026 0.169381 0.162742 0.156158 0.149624 0.143112 0.136794 0.1307 2.87513
# Year for Tmin Age-structure (set to Ydecl by SS)
2013
#  recruitment and biomass
# Number of historical assessment years
129
# Historical data
# year recruitment spawner in B0 in R project in R/S project
1888  1889 1890 1891 1892 1893 1894 1895 1896 1897 1898 1899 1900 1901 1902 1903 1904 1905 1906 1907 1908 1909 1910 1911 1912 1913 1914 1915 1916 1917 1918 1919 1920 1921 1922 1923 1924 1925 1926 1927 1928 1929 1930 1931 1932 1933 1934 1935 1936 1937 1938 1939 1940 1941 1942 1943 1944 1945 1946 1947 1948 1949 1950 1951 1952 1953 1954 1955 1956 1957 1958 1959 1960 1961 1962 1963 1964 1965 1966 1967 1968 1969 1970 1971 1972 1973 1974 1975 1976 1977 1978 1979 1980 1981 1982 1983 1984 1985 1986 1987 1988 1989 1990 1991 1992 1993 1994 1995 1996 1997 1998 1999 2000 2001 2002 2003 2004 2005 2006 2007 2008 2009 2010 2011 2012 2013 2014 2015 2016 #years (with first value representing R0)
208.553 207.136 207.092 207.046 207 206.944 206.888 206.83 206.775 206.721 206.666 206.61 206.549 206.489 206.432 206.364 206.296 206.232 206.172 206.124 206.083 206.043 206.01 205.979 205.944 205.886 205.785 205.6 205.297 204.833 203.983 202.817 201.369 199.604 197.542 195.241 192.78 190.261 187.826 185.623 183.803 182.507 181.808 181.65 181.891 182.229 182.285 181.718 180.412 178.535 176.556 175.016 174.419 175.122 177.531 182.296 190.315 202.825 220.407 241.585 259.1 258.702 235.692 203.352 174.751 154.529 142.806 138.811 142.266 152.851 168.667 183.729 184.613 164.104 138.105 121.721 120.956 138.939 168.66 192.254 232.527 288.588 351.5 465.138 269.356 198.897 188.28 258.883 237.263 219.445 177.033 196.715 230.922 289.837 359.302 262.711 284.653 195.969 145.774 129.481 111.245 95.2174 77.6267 66.7081 81.0263 190.148 136.73 64.2507 60.7733 71.116 116.388 216.556 110.38 147.114 391.505 196.422 90.0061 117.101 151.42 193.286 297.565 218.716 234.17 220.041 111.433 114.063 117.849 137.052 161  #recruits; first value is R0 (virgin)
1079.91  1079.91 1079.9 1079.89 1079.86 1079.4 1078.94 1078.47 1078.32 1078.24 1078.15 1078.07 1077.96 1077.82 1077.65 1077.46 1077.23 1076.96 1076.66 1076.34 1075.98 1075.48 1075.06 1074.62 1074.15 1073.65 1073.14 1072.6 1071.96 1071.38 1070.62 1067.79 1066.52 1065.37 1064.27 1063.45 1062.53 1061.06 1059.22 1056.56 1053.16 1049.85 1046.98 1043.75 1041.53 1039.45 1037.35 1034.68 1031.97 1028.25 1024.77 1020.96 1017.77 1013.42 1007.55 1001.34 990.615 979.245 962.676 947.494 940.195 932.238 926.06 919.181 910.802 903.719 898.488 892.277 886.501 880.757 873.925 867.843 862.837 858.971 856.943 854.255 853.291 853.655 844.377 842.452 838.885 835.026 822.606 815.065 804.27 790.197 775.085 757.941 740.872 720.912 701.127 668.695 634.536 608.866 575.681 522.157 494.683 474.095 448.018 426.577 399.549 375.564 345.723 324.795 288.552 256.234 225.556 209.064 192.925 175.483 155.353 148.847 138.656 141.09 142.639 149.49 156.512 163.955 171.466 179.456 187.036 195.214 203.497 212.609 222.415 232.816 244.297 256.586 269.333 #spbio; first value is SSB_virgin (virgin)
1 0 0 0 0 0 0 0 0 0 0 0 0 0 0 0 0 0 0 0 0 0 0 0 0 0 0 0 0 0 0 0 0 0 0 0 0 0 0 0 0 0 0 0 0 0 0 0 0 0 0 0 0 0 0 0 0 0 0 0 0 0 0 0 0 0 0 0 0 0 0 0 0 0 0 0 0 0 0 0 0 0 0 0 0 0 0 0 0 0 0 0 0 0 0 0 0 0 0 0 0 0 0 0 0 0 0 0 0 0 0 0 0 0 0 0 0 0 0 0 0 0 0 0 0 0 0 0 0  # in Bzero
0 1 1 1 1 1 1 1 1 1 1 1 1 1 1 1 1 1 1 1 1 1 1 1 1 1 1 1 1 1 1 1 1 1 1 1 1 1 1 1 1 1 1 1 1 1 1 1 1 1 1 1 1 1 1 1 1 1 1 1 1 1 1 1 1 1 1 1 1 1 1 1 1 1 1 1 1 1 1 1 1 1 1 1 1 1 1 1 1 1 1 1 1 1 1 1 1 1 1 1 1 1 1 1 1 1 1 1 1 1 1 1 1 1 1 1 1 1 1 1 1 1 1 1 1 1  0 0 0 # in R project
0 1 1 1 1 1 1 1 1 1 1 1 1 1 1 1 1 1 1 1 1 1 1 1 1 1 1 1 1 1 1 1 1 1 1 1 1 1 1 1 1 1 1 1 1 1 1 1 1 1 1 1 1 1 1 1 1 1 1 1 1 1 1 1 1 1 1 1 1 1 1 1 1 1 1 1 1 1 1 1 1 1 1 1 1 1 1 1 1 1 1 1 1 1 1 1 1 1 1 1 1 1 1 1 1 1 1 1 1 1 1 1 1 1 1 1 1 1 1 1 1 1 1 1 1 1  0 0 0 # in R/S project
# Number of years with pre-specified catches
0
# catches for years with pre-specified catches go next
# Number of future recruitments to override
-2
# Process for overiding (-1 for average otherwise index in data list)
# Which probability to product detailed results for (1=0.5; 2=0.6; etc.)
3
# Steepness sigma-R Auto-correlation
0.718 0.5 0
# Target SPR rate (FMSY Proxy); manually change to SPR_MSY if not using SPR_target
0.5
# Discount rate (for cumulative catch)
0.1
# Truncate the series when 0.4B0 is reached (1=Yes)
0
# Set F to FMSY once 0.4B0 is reached (1=Yes)
0
# Maximum possible F for projection (-1 to set to FMSY)
-1
# Defintion of recovery (1=now only;2=now or before)
2
# Projection type
4
# Definition of the 40-10 rule
10 40
# Sigma Assessment Error (Base, Year1, Slope, MaxSigma)
1.0 2017 0.075 2.0
# Pstar
0.45
# Constrain catches by the ABC (1=yes, 2=no)
2
# Implementation Error (0=no; 1=lognormal; 2=uniform)
0
#Parameters of Implementaion Error
1 0.3
# Calculate coefficients of variation (1=Yes)
0
# Number of replicates to use
10
# Random number seed
-99004
# File with multiple parameter vectors 
rebuild.SSO
# User-specific projection (1=Yes); Output replaced (1->9)
0  5
# Catches and Fs (Year; 1/2/3 (F or C or SPR); value); Final row is -1
2016 1 1
-1 -1 -1
# Fixed catch project (1=Yes); Output replaced (1->9); Approach (-1=Read in else 1-9)
0 2 -1
# (48a) Special catch options (1-Yes) [CUT_OFF, Emsy, distribution, MAXCAT, Add, replace_code]
0 0.18 1.00 1.00 0 6
# (48b) B1Target
150000
# Split of Fs
2011  0.000512525
 0
 0.200534
 0.00994298
 0.225396
 0.266636
 0.296978
-1  1 1 1 1 1 1 1 1 1 1 1 1
# Yrs to define T_target for projection type 4 (a.k.a. 5 pre-specified inputs)
2022 2023 2024 2025 2026 
# Year for probability of recovery
2026 2027 2028 2029 2030 2031 2032 2033
# Time varying weight-at-age (1=Yes;0=No)
0
# File with time series of weight-at-age data
none
# Use bisection (0) or linear interpolation (1)
1
# Target Depletion
0.4
# CV of implementation error
0
