#Title, #runnumber: 1 yelloweye_data.ss yelloweye_control.ss 7201.17 1128.85 389.637 StartTime: Thu May  1 10:28:42 2025
SSv3_default_rebuild.dat
# Number of sexes
1
# Age range to consider (minimum age; maximum age)
0 100
# Number of fleets
7
# First year of projection (Yinit)
2011
# First Year of rebuilding period (Ydecl)
2013
# Number of simulations
1000
# Maximum number of years
500
# Conduct projections with multiple starting values (0=No;else yes)
0
# Number of parameter vectors
1000
# Is the maximum age a plus-group (1=Yes;2=No)
1
# Generate future recruitments using historical recruitments (1)  historical recruits/spawner (2)  or a stock-recruitment (3)
3
# Constant fishing mortality (1) or constant Catch (2) projections
1
# Fishing mortality based on SPR (1) or actual rate (2)
1
# Pre-specify the year of recovery (or -1) to ignore
-1
# Fecundity-at-age
# 0 1 2 3 4 5 6 7 8 9 10 11 12 13 14 15 16 17 18 19 20 21 22 23 24 25 26 27 28 29 30 31 32 33 34 35 36 37 38 39 40 41 42 43 44 45 46 47 48 49 50 51 52 53 54 55 56 57 58 59 60 61 62 63 64 65 66 67 68 69 70 71 72 73 74 75 76 77 78 79 80 81 82 83 84 85 86 87 88 89 90 91 92 93 94 95 96 97 98 99 100 #runnumber: 1 yelloweye_data.ss yelloweye_control.ss 7201.17 1128.85 389.637
 0 0 2.56083e-09 5.43285e-08 7.02288e-07 6.37263e-06 4.42003e-05 0.000244512 0.00109216 0.00391633 0.0112577 0.0263533 0.0517066 0.0878539 0.133261 0.185163 0.240605 0.297122 0.352994 0.407186 0.459175 0.508762 0.555929 0.600746 0.643311 0.683728 0.722095 0.758498 0.793013 0.825712 0.856659 0.885918 0.91355 0.939617 0.964181 0.987303 1.00905 1.02947 1.04864 1.06661 1.08346 1.09922 1.11397 1.12775 1.14063 1.15266 1.16388 1.17435 1.1841 1.1932 1.20166 1.20955 1.21689 1.22371 1.23006 1.23597 1.24146 1.24656 1.2513 1.25571 1.2598 1.2636 1.26712 1.2704 1.27344 1.27626 1.27888 1.28131 1.28356 1.28565 1.28759 1.28942 1.29112 1.29269 1.29415 1.2955 1.29676 1.29792 1.299 1.3 1.30093 1.30178 1.30258 1.30332 1.304 1.30464 1.30523 1.30577 1.30628 1.30674 1.30718 1.30758 1.30795 1.3083 1.30862 1.30892 1.30919 1.30945 1.30968 1.3099 1.31022 #female fecundity; weighted by N in year Y_init across morphs and areas
# Age specific selectivity and weight adjusted for discard and discard mortality
 #wt and selex for gender,fleet: 1 1 1_CA_TWL
 0.00896707 0.00906584 0.0271052 0.0683283 0.130497 0.212751 0.312251 0.425638 0.549623 0.681272 0.818143 0.95846 1.10125 1.24625 1.39345 1.54267 1.69332 1.84443 1.99478 2.14318 2.28855 2.43001 2.56688 2.6987 2.82513 2.94599 3.06119 3.1707 3.27458 3.37292 3.46584 3.55351 3.6361 3.71379 3.7868 3.85532 3.91957 3.97976 4.0361 4.08878 4.13802 4.18401 4.22694 4.26698 4.30432 4.33911 4.37152 4.40171 4.4298 4.45594 4.48026 4.50287 4.52389 4.54343 4.56159 4.57846 4.59412 4.60867 4.62218 4.63473 4.64637 4.65717 4.6672 4.67651 4.68514 4.69315 4.70058 4.70747 4.71386 4.71979 4.72532 4.73048 4.73527 4.7397 4.74382 4.74763 4.75117 4.75444 4.75748 4.7603 4.76291 4.76533 4.76757 4.76965 4.77158 4.77337 4.77502 4.77655 4.77798 4.77929 4.78052 4.78165 4.7827 4.78367 4.78457 4.7854 4.78618 4.78689 4.78756 4.78817 4.78907
 0 0.00107216 0.00236143 0.00907712 0.0273148 0.0655067 0.130428 0.223284 0.33832 0.464549 0.58923 0.701318 0.793773 0.864265 0.914366 0.947874 0.969175 0.98217 0.989847 0.994276 0.996788 0.998198 0.998985 0.999424 0.99967 0.999808 0.999887 0.999932 0.999958 0.999974 0.999983 0.999988 0.999992 0.999994 0.999995 0.999996 0.999997 0.999997 0.999997 0.999997 0.999997 0.999997 0.999997 0.999997 0.999997 0.999997 0.999997 0.999997 0.999997 0.999997 0.999997 0.999997 0.999997 0.999997 0.999997 0.999997 0.999997 0.999997 0.999997 0.999997 0.999997 0.999997 0.999997 0.999997 0.999997 0.999997 0.999997 0.999997 0.999997 0.999997 0.999997 0.999997 0.999997 0.999997 0.999997 0.999997 0.999997 0.999997 0.999997 0.999997 0.999997 0.999997 0.999997 0.999997 0.999997 0.999997 0.999997 0.999997 0.999997 0.999997 0.999997 0.999997 0.999997 0.999997 0.999997 0.999997 0.999997 0.999997 0.999997 0.999997 0.999997
 #wt and selex for gender,fleet: 1 3 3_CA_REC
 0.00896707 0.00906579 0.0262193 0.0657037 0.125385 0.204488 0.300446 0.41016 0.530559 0.658892 0.793013 0.93167 1.07446 1.22132 1.37189 1.52527 1.68012 1.83492 1.98822 2.13881 2.28571 2.42819 2.56574 2.69798 2.82468 2.94571 3.06101 3.17059 3.27451 3.37287 3.46581 3.55349 3.63608 3.71378 3.78679 3.85532 3.91957 3.97976 4.0361 4.08878 4.13802 4.18401 4.22694 4.26698 4.30432 4.33911 4.37153 4.40171 4.4298 4.45594 4.48026 4.50287 4.52389 4.54343 4.56159 4.57846 4.59412 4.60867 4.62218 4.63473 4.64637 4.65718 4.6672 4.67651 4.68514 4.69315 4.70058 4.70747 4.71386 4.71979 4.72532 4.73048 4.73527 4.7397 4.74382 4.74763 4.75117 4.75445 4.75748 4.7603 4.76291 4.76533 4.76757 4.76965 4.77158 4.77337 4.77502 4.77656 4.77798 4.7793 4.78052 4.78165 4.7827 4.78367 4.78457 4.7854 4.78618 4.78689 4.78756 4.78817 4.78907
 0 0.00396466 0.00803824 0.0250519 0.0629376 0.129736 0.227501 0.349967 0.484409 0.61592 0.731733 0.824141 0.891369 0.93635 0.964334 0.98072 0.98986 0.99477 0.997335 0.998651 0.999317 0.999653 0.999822 0.999908 0.999952 0.999974 0.999986 0.999992 0.999995 0.999997 0.999998 0.999999 0.999999 0.999999 0.999999 0.999999 0.999999 0.999999 0.999999 0.999999 0.999999 0.999999 0.999999 0.999999 0.999999 0.999999 0.999999 0.999999 0.999999 0.999999 0.999999 0.999999 0.999999 0.999999 0.999999 0.999999 0.999999 0.999999 0.999999 0.999999 0.999999 0.999999 0.999999 0.999999 0.999999 0.999999 0.999999 0.999999 0.999999 0.999999 0.999999 0.999999 0.999999 0.999999 0.999999 0.999999 0.999999 0.999999 0.999999 0.999999 0.999999 0.999999 0.999999 0.999999 0.999999 0.999999 0.999999 0.999999 0.999999 0.999999 0.999999 0.999999 0.999999 0.999999 0.999999 0.999999 0.999999 0.999999 0.999999 0.999999 0.999999
 #wt and selex for gender,fleet: 1 4 4_ORWA_TWL
 0.00896707 0.00906571 0.0249918 0.062203 0.119217 0.195634 0.289472 0.398079 0.518644 0.64848 0.785224 0.927053 1.07281 1.22184 1.37361 1.52736 1.68207 1.83649 1.98938 2.13961 2.28624 2.42853 2.56595 2.69811 2.82476 2.94576 3.06104 3.17061 3.27452 3.37288 3.46582 3.55349 3.63608 3.71378 3.78679 3.85532 3.91957 3.97976 4.03609 4.08878 4.13802 4.18401 4.22694 4.26698 4.30432 4.33911 4.37152 4.40171 4.4298 4.45594 4.48026 4.50287 4.52389 4.54343 4.56159 4.57845 4.59412 4.60867 4.62218 4.63473 4.64637 4.65717 4.6672 4.67651 4.68514 4.69315 4.70058 4.70747 4.71386 4.71979 4.72532 4.73048 4.73527 4.7397 4.74382 4.74763 4.75117 4.75444 4.75748 4.7603 4.76291 4.76533 4.76757 4.76965 4.77158 4.77337 4.77502 4.77655 4.77798 4.77929 4.78052 4.78165 4.7827 4.78367 4.78457 4.7854 4.78618 4.78689 4.78756 4.78817 4.78907
 0 0.0129679 0.0234934 0.0546856 0.10885 0.188272 0.290002 0.406249 0.526702 0.641193 0.741717 0.823518 0.885345 0.928904 0.957687 0.97567 0.98639 0.992543 0.995972 0.997843 0.998849 0.999385 0.999669 0.999821 0.999901 0.999945 0.999968 0.999981 0.999988 0.999992 0.999995 0.999996 0.999997 0.999997 0.999997 0.999997 0.999997 0.999997 0.999997 0.999997 0.999997 0.999997 0.999997 0.999997 0.999997 0.999997 0.999997 0.999997 0.999997 0.999997 0.999997 0.999997 0.999997 0.999997 0.999997 0.999997 0.999997 0.999997 0.999997 0.999997 0.999997 0.999997 0.999997 0.999997 0.999996 0.999996 0.999996 0.999996 0.999996 0.999996 0.999996 0.999996 0.999996 0.999996 0.999996 0.999996 0.999996 0.999996 0.999996 0.999996 0.999996 0.999996 0.999996 0.999996 0.999996 0.999996 0.999996 0.999996 0.999996 0.999996 0.999996 0.999996 0.999996 0.999996 0.999996 0.999996 0.999996 0.999996 0.999996 0.999996 0.999996
 #wt and selex for gender,fleet: 1 5 5_ORWA_NONTWL
 0.00896707 0.0090658 0.0264525 0.0668955 0.12882 0.211943 0.31394 0.431729 0.56207 0.701895 0.848461 0.9994 1.15271 1.30675 1.46022 1.61216 1.76189 1.909 2.05321 2.19431 2.33206 2.46621 2.59648 2.72257 2.8442 2.96112 3.07314 3.18013 3.28203 3.37881 3.47053 3.55725 3.6391 3.71622 3.78878 3.85695 3.92092 3.98089 4.03704 4.08959 4.13871 4.18461 4.22745 4.26743 4.30472 4.33947 4.37184 4.40199 4.43006 4.45618 4.48048 4.50307 4.52408 4.54361 4.56175 4.57861 4.59427 4.60881 4.62232 4.63485 4.64649 4.65729 4.66731 4.67662 4.68524 4.69325 4.70068 4.70757 4.71396 4.71988 4.72541 4.73057 4.73535 4.73979 4.7439 4.74772 4.75125 4.75453 4.75757 4.76038 4.76299 4.76541 4.76765 4.76973 4.77166 4.77345 4.7751 4.77663 4.77806 4.77937 4.78059 4.78173 4.78277 4.78375 4.78465 4.78548 4.78625 4.78697 4.78763 4.78825 4.78914
 0 0.000658847 0.00136217 0.00456849 0.0126852 0.0294079 0.0586139 0.103054 0.163343 0.237675 0.32227 0.412254 0.502604 0.588899 0.667768 0.737067 0.795838 0.844123 0.882691 0.912751 0.935697 0.952915 0.965658 0.974991 0.981778 0.986688 0.990234 0.992794 0.994646 0.99599 0.996969 0.997688 0.998218 0.998612 0.998908 0.999131 0.999301 0.999432 0.999533 0.999612 0.999675 0.999725 0.999765 0.999797 0.999823 0.999845 0.999863 0.999878 0.99989 0.999901 0.99991 0.999917 0.999924 0.999929 0.999934 0.999939 0.999942 0.999946 0.999948 0.999951 0.999953 0.999955 0.999957 0.999959 0.99996 0.999961 0.999962 0.999963 0.999964 0.999965 0.999966 0.999966 0.999967 0.999967 0.999968 0.999968 0.999968 0.999969 0.999969 0.999969 0.999969 0.99997 0.99997 0.99997 0.99997 0.99997 0.999971 0.999971 0.999971 0.999971 0.999971 0.999971 0.999971 0.999971 0.999971 0.999971 0.999971 0.999972 0.999972 0.999972 0.999972
 #wt and selex for gender,fleet: 1 6 6_OR_REC
 0.00896707 0.00906649 0.0340857 0.0840793 0.154964 0.242595 0.341629 0.447567 0.557552 0.671351 0.79118 0.919695 1.05799 1.20504 1.35843 1.51537 1.6734 1.83059 1.9855 2.13709 2.28457 2.42738 2.56509 2.6974 2.82413 2.94516 3.06044 3.17 3.2739 3.37223 3.46515 3.5528 3.63537 3.71305 3.78603 3.85454 3.91877 3.97895 4.03527 4.08794 4.13716 4.18314 4.22605 4.26608 4.30341 4.3382 4.3706 4.40077 4.42886 4.45499 4.4793 4.50191 4.52292 4.54246 4.56061 4.57747 4.59314 4.60768 4.62119 4.63373 4.64537 4.65617 4.6662 4.6755 4.68413 4.69214 4.69956 4.70645 4.71284 4.71877 4.7243 4.72945 4.73424 4.73867 4.74278 4.7466 4.75013 4.75341 4.75644 4.75926 4.76187 4.76429 4.76653 4.76861 4.77054 4.77232 4.77397 4.77551 4.77693 4.77825 4.77947 4.7806 4.78165 4.78262 4.78352 4.78435 4.78513 4.78584 4.78651 4.78712 4.78802
 0 1.8806e-05 8.81358e-05 0.00135218 0.0105659 0.0474298 0.13894 0.294041 0.486544 0.670611 0.812091 0.903093 0.953935 0.97941 0.991152 0.996219 0.998277 0.999047 0.999284 0.999305 0.999238 0.999137 0.999022 0.998903 0.998784 0.998666 0.998552 0.998442 0.998336 0.998234 0.998137 0.998045 0.997957 0.997874 0.997796 0.997722 0.997652 0.997586 0.997525 0.997467 0.997413 0.997362 0.997315 0.99727 0.997229 0.99719 0.997154 0.997121 0.997089 0.99706 0.997033 0.997008 0.996984 0.996962 0.996942 0.996923 0.996905 0.996889 0.996874 0.99686 0.996847 0.996834 0.996823 0.996813 0.996803 0.996794 0.996786 0.996778 0.996771 0.996764 0.996758 0.996752 0.996746 0.996741 0.996737 0.996732 0.996728 0.996725 0.996721 0.996718 0.996715 0.996712 0.99671 0.996707 0.996705 0.996703 0.996701 0.9967 0.996698 0.996697 0.996695 0.996694 0.996693 0.996692 0.996691 0.99669 0.996689 0.996688 0.996687 0.996686 0.996685
 #wt and selex for gender,fleet: 1 7 7_WA_REC
 0.00896707 0.00906645 0.0339473 0.0853787 0.160562 0.256243 0.367225 0.488566 0.616195 0.747041 0.879081 1.01151 1.14475 1.27992 1.41815 1.55991 1.70482 1.85178 1.99933 2.14592 2.29016 2.43094 2.56742 2.699 2.8253 2.94609 3.06124 3.17073 3.2746 3.37293 3.46585 3.55351 3.6361 3.71379 3.7868 3.85532 3.91957 3.97976 4.0361 4.08878 4.13803 4.18401 4.22694 4.26698 4.30432 4.33911 4.37153 4.40171 4.4298 4.45594 4.48026 4.50287 4.52389 4.54343 4.56159 4.57846 4.59412 4.60867 4.62218 4.63473 4.64637 4.65718 4.6672 4.67651 4.68514 4.69315 4.70058 4.70747 4.71386 4.71979 4.72532 4.73048 4.73527 4.7397 4.74382 4.74763 4.75117 4.75445 4.75748 4.7603 4.76291 4.76533 4.76757 4.76965 4.77158 4.77337 4.77502 4.77656 4.77798 4.7793 4.78052 4.78165 4.7827 4.78367 4.78457 4.7854 4.78618 4.78689 4.78756 4.78817 4.78907
 0 2.13883e-06 9.71242e-06 0.000153964 0.00137415 0.00749363 0.0275921 0.0745698 0.158133 0.277271 0.418814 0.563061 0.692077 0.795375 0.870762 0.921748 0.954184 0.97385 0.985342 0.991879 0.995526 0.997538 0.99864 0.999244 0.999575 0.999758 0.99986 0.999918 0.999951 0.99997 0.999981 0.999988 0.999992 0.999995 0.999996 0.999997 0.999998 0.999998 0.999999 0.999999 0.999999 0.999999 0.999999 0.999999 0.999999 0.999999 0.999999 0.999999 0.999999 0.999999 0.999999 0.999999 0.999999 0.999999 0.999999 0.999999 0.999999 0.999999 0.999999 0.999999 0.999999 0.999999 0.999999 0.999999 0.999999 0.999999 0.999999 0.999999 0.999999 0.999999 0.999999 0.999999 0.999999 0.999999 0.999999 0.999999 0.999999 0.999999 0.999999 0.999999 0.999999 0.999999 0.999999 0.999999 0.999999 0.999999 0.999999 0.999999 0.999999 0.999999 0.999999 0.999999 0.999999 0.999999 0.999999 0.999999 0.999999 0.999999 0.999999 0.999999 0.999999
# Sex ratio correction
1
# M and current age-structure in year Yinit: 2011
 # gender = 1
 0.0439034 0.0439034 0.0439034 0.0439034 0.0439034 0.0439034 0.0439034 0.0439034 0.0439034 0.0439034 0.0439034 0.0439034 0.0439034 0.0439034 0.0439034 0.0439034 0.0439034 0.0439034 0.0439034 0.0439034 0.0439034 0.0439034 0.0439034 0.0439034 0.0439034 0.0439034 0.0439034 0.0439034 0.0439034 0.0439034 0.0439034 0.0439034 0.0439034 0.0439034 0.0439034 0.0439034 0.0439034 0.0439034 0.0439034 0.0439034 0.0439034 0.0439034 0.0439034 0.0439034 0.0439034 0.0439034 0.0439034 0.0439034 0.0439034 0.0439034 0.0439034 0.0439034 0.0439034 0.0439034 0.0439034 0.0439034 0.0439034 0.0439034 0.0439034 0.0439034 0.0439034 0.0439034 0.0439034 0.0439034 0.0439034 0.0439034 0.0439034 0.0439034 0.0439034 0.0439034 0.0439034 0.0439034 0.0439034 0.0439034 0.0439034 0.0439034 0.0439034 0.0439034 0.0439034 0.0439034 0.0439034 0.0439034 0.0439034 0.0439034 0.0439034 0.0439034 0.0439034 0.0439034 0.0439034 0.0439034 0.0439034 0.0439034 0.0439034 0.0439034 0.0439034 0.0439034 0.0439034 0.0439034 0.0439034 0.0439034 0.0439034
 228.989 283.396 294.063 338.071 199.851 184.064 104.474 65.335 93.1752 212.948 62.5155 49.8001 87.0744 55.0033 34.1989 27.1775 27.0861 52.7089 56.8442 27.7813 22.3277 22.3845 21.7552 22.1359 25.2488 28.0359 34.4303 33.4134 21.0959 22.7553 19.487 15.5839 11.149 7.49686 8.62223 7.75514 7.96453 4.90696 3.98419 4.68065 7.44242 4.55663 3.41282 2.88866 2.2381 1.88533 1.48636 1.20949 1.13248 1.1937 1.30689 1.32742 1.19547 1.03231 0.909736 0.832192 0.794115 0.791719 0.824299 0.894418 1.00144 1.12474 1.19793 1.14477 1.00179 0.85696 0.743338 0.660666 0.60129 0.557415 0.523956 0.497577 0.476232 0.458404 0.442619 0.427633 0.412534 0.397021 0.381251 0.365713 0.350918 0.337254 0.324821 0.313578 0.303214 0.293311 0.283783 0.274395 0.264973 0.255433 0.245758 0.235975 0.226149 0.216401 0.206757 0.197343 0.188239 0.179491 0.171126 0.163157 3.50626
# Age-structure at Ydeclare= 2013
 464.986 200.977 209.739 259.568 269.329 309.604 182.98 168.447 95.5372 59.6846 85.0158 194.068 56.9117 45.2957 79.1441 49.9684 31.0571 24.6746 24.5874 47.8407 51.5899 25.2121 20.262 20.3129 19.7413 20.0862 22.9102 25.4383 31.2391 30.3151 19.1388 20.6433 17.6774 14.1361 10.1127 6.7998 7.82026 7.0336 7.2233 4.45015 3.61319 4.24467 6.749 4.13197 3.09469 2.61933 2.02939 1.70948 1.3477 1.09665 1.02682 1.08231 1.18494 1.20354 1.0839 0.935961 0.824828 0.754519 0.719995 0.717822 0.74736 0.810933 0.907968 1.01976 1.08611 1.03791 0.908274 0.776965 0.673949 0.598993 0.54516 0.50538 0.475044 0.451127 0.431775 0.415611 0.4013 0.387712 0.374023 0.359958 0.34566 0.331572 0.318159 0.305771 0.294498 0.284305 0.274908 0.26593 0.257291 0.24878 0.240237 0.231588 0.222816 0.213946 0.205037 0.1962 0.187456 0.178921 0.170667 0.162736 3.48203
# Year for Tmin Age-structure (set to Ydecl by SS)
2013
#  recruitment and biomass
# Number of historical assessment years
137
# Historical data
# year recruitment spawner in B0 in R project in R/S project
1888  1889 1890 1891 1892 1893 1894 1895 1896 1897 1898 1899 1900 1901 1902 1903 1904 1905 1906 1907 1908 1909 1910 1911 1912 1913 1914 1915 1916 1917 1918 1919 1920 1921 1922 1923 1924 1925 1926 1927 1928 1929 1930 1931 1932 1933 1934 1935 1936 1937 1938 1939 1940 1941 1942 1943 1944 1945 1946 1947 1948 1949 1950 1951 1952 1953 1954 1955 1956 1957 1958 1959 1960 1961 1962 1963 1964 1965 1966 1967 1968 1969 1970 1971 1972 1973 1974 1975 1976 1977 1978 1979 1980 1981 1982 1983 1984 1985 1986 1987 1988 1989 1990 1991 1992 1993 1994 1995 1996 1997 1998 1999 2000 2001 2002 2003 2004 2005 2006 2007 2008 2009 2010 2011 2012 2013 2014 2015 2016 2017 2018 2019 2020 2021 2022 2023 2024 #years (with first value representing R0)
223.01 226.872 227.011 227.148 227.297 227.44 227.587 227.741 227.908 228.08 228.261 228.452 228.65 228.857 229.076 229.302 229.541 229.798 230.07 230.37 230.695 231.042 231.42 231.818 232.233 232.649 233.042 233.37 233.584 233.625 233.411 232.828 231.888 230.508 228.673 226.401 223.747 220.809 217.736 214.696 211.73 209.081 206.877 205.06 203.491 201.901 200.006 197.599 194.677 191.462 188.399 185.99 184.721 184.987 187.259 192.294 201.203 215.616 236.774 263.641 286.921 285.891 255.539 216.558 184.056 161.393 147.462 140.676 140.177 145.661 157.047 172.711 181.989 169.887 146.959 131.85 132.912 153.75 182.991 202.987 243.567 265.823 325.421 483.178 273.701 207.864 226.31 321.866 272.329 260.994 194.07 244.936 288.476 301.997 293.565 225.575 295.748 252.615 171.442 129.782 96.7095 81.8555 73.6598 65.3043 73.4167 137.822 118.793 57.2938 54.3198 64.8431 99.1828 149.523 81.5159 97.615 317.425 132.684 88.9408 136.025 229.289 238.232 385.672 321.052 296.115 228.989 209.997 464.986 229.045 303.438 217.046 110.238 107.158 113.288 113.025 150.545 168.542 173.634 185.222  #recruits; first value is R0 (virgin)
1128.85  1128.85 1128.85 1128.83 1128.81 1128.34 1127.88 1127.42 1127.26 1127.19 1127.11 1127.05 1126.98 1126.93 1126.9 1126.9 1126.94 1127 1127.11 1127.24 1127.41 1127.49 1127.7 1127.93 1128.19 1128.45 1128.73 1129.03 1129.26 1129.58 1129.75 1127.87 1127.59 1127.46 1127.4 1127.65 1127.85 1127.51 1126.85 1125.4 1123.25 1121.21 1119.66 1117.79 1116.95 1116.28 1115.62 1114.4 1113.14 1110.87 1108.8 1106.37 1104.48 1101.35 1096.6 1091.39 1081.56 1070.95 1055 1040.18 1033.01 1024.74 1018.15 1010.77 1001.72 993.706 987.476 980.087 973.133 966.227 958.357 951.367 945.707 941.443 939.216 936.38 935.062 934.904 924.839 921.583 916.318 910.516 895.437 884.928 871.202 854.282 835.985 815.921 796.258 773.86 751.872 717.391 681.265 654.026 619.483 563.084 515.266 487.771 451.178 422.126 395.143 372.304 343.45 323.073 288.998 258.215 228.706 213.135 197.395 180.092 159.871 153.588 142.922 144.21 144.838 150.637 156.597 162.745 168.856 175.247 181.101 187.309 193.453 200.335 207.522 215.039 223.473 232.878 242.79 253.99 265.443 278.585 293.07 309.95 328.399 347.162 366.676 #spbio; first value is SSB_virgin (virgin)
1 0 0 0 0 0 0 0 0 0 0 0 0 0 0 0 0 0 0 0 0 0 0 0 0 0 0 0 0 0 0 0 0 0 0 0 0 0 0 0 0 0 0 0 0 0 0 0 0 0 0 0 0 0 0 0 0 0 0 0 0 0 0 0 0 0 0 0 0 0 0 0 0 0 0 0 0 0 0 0 0 0 0 0 0 0 0 0 0 0 0 0 0 0 0 0 0 0 0 0 0 0 0 0 0 0 0 0 0 0 0 0 0 0 0 0 0 0 0 0 0 0 0 0 0 0 0 0 0 0 0 0 0 0 0 0 0  # in Bzero
0 1 1 1 1 1 1 1 1 1 1 1 1 1 1 1 1 1 1 1 1 1 1 1 1 1 1 1 1 1 1 1 1 1 1 1 1 1 1 1 1 1 1 1 1 1 1 1 1 1 1 1 1 1 1 1 1 1 1 1 1 1 1 1 1 1 1 1 1 1 1 1 1 1 1 1 1 1 1 1 1 1 1 1 1 1 1 1 1 1 1 1 1 1 1 1 1 1 1 1 1 1 1 1 1 1 1 1 1 1 1 1 1 1 1 1 1 1 1 1 1 1 1 1 1 1 1 1 1 1 1 1 1 1  0 0 0 # in R project
0 1 1 1 1 1 1 1 1 1 1 1 1 1 1 1 1 1 1 1 1 1 1 1 1 1 1 1 1 1 1 1 1 1 1 1 1 1 1 1 1 1 1 1 1 1 1 1 1 1 1 1 1 1 1 1 1 1 1 1 1 1 1 1 1 1 1 1 1 1 1 1 1 1 1 1 1 1 1 1 1 1 1 1 1 1 1 1 1 1 1 1 1 1 1 1 1 1 1 1 1 1 1 1 1 1 1 1 1 1 1 1 1 1 1 1 1 1 1 1 1 1 1 1 1 1 1 1 1 1 1 1 1 1  0 0 0 # in R/S project
# Number of years with pre-specified catches
0
# catches for years with pre-specified catches go next
# Number of future recruitments to override
-2
# Process for overiding (-1 for average otherwise index in data list)
# Which probability to product detailed results for (1=0.5; 2=0.6; etc.)
3
# Steepness sigma-R Auto-correlation
0.718 0.5 0
# Target SPR rate (FMSY Proxy); manually change to SPR_MSY if not using SPR_target
0.5
# Discount rate (for cumulative catch)
0.1
# Truncate the series when 0.4B0 is reached (1=Yes)
0
# Set F to FMSY once 0.4B0 is reached (1=Yes)
0
# Maximum possible F for projection (-1 to set to FMSY)
-1
# Defintion of recovery (1=now only;2=now or before)
2
# Projection type
4
# Definition of the 40-10 rule
10 40
# Sigma Assessment Error (Base, Year1, Slope, MaxSigma)
1.0 2025 0.075 2.0
# Pstar
0.45
# Constrain catches by the ABC (1=yes, 2=no)
2
# Implementation Error (0=no; 1=lognormal; 2=uniform)
0
#Parameters of Implementaion Error
1 0.3
# Calculate coefficients of variation (1=Yes)
0
# Number of replicates to use
10
# Random number seed
-99004
# File with multiple parameter vectors 
rebuild.SSO
# User-specific projection (1=Yes); Output replaced (1->9)
0  5
# Catches and Fs (Year; 1/2/3 (F or C or SPR); value); Final row is -1
2024 1 1
-1 -1 -1
# Fixed catch project (1=Yes); Output replaced (1->9); Approach (-1=Read in else 1-9)
0 2 -1
# (48a) Special catch options (1-Yes) [CUT_OFF, Emsy, distribution, MAXCAT, Add, replace_code]
0 0.18 1.00 1.00 0 6
# (48b) B1Target
150000
# Split of Fs
2011  0.0173815
 0
 0.41054
 0.0231363
 0.186319
 0.190457
 0.172166
-1  1 1 1 1 1 1 1 1 1 1 1 1
# Yrs to define T_target for projection type 4 (a.k.a. 5 pre-specified inputs)
2030 2031 2032 2033 2034 
# Year for probability of recovery
2034 2035 2036 2037 2038 2039 2040 2041
# Time varying weight-at-age (1=Yes;0=No)
0
# File with time series of weight-at-age data
none
# Use bisection (0) or linear interpolation (1)
1
# Target Depletion
0.4
# CV of implementation error
0
