#Title, #runnumber: 1 yelloweye_data.ss yelloweye_control.ss 7218.46 1130.33 393.237 StartTime: Thu May  1 10:15:18 2025
SSv3_default_rebuild.dat
# Number of sexes
1
# Age range to consider (minimum age; maximum age)
0 100
# Number of fleets
7
# First year of projection (Yinit)
2011
# First Year of rebuilding period (Ydecl)
2013
# Number of simulations
1000
# Maximum number of years
500
# Conduct projections with multiple starting values (0=No;else yes)
0
# Number of parameter vectors
1000
# Is the maximum age a plus-group (1=Yes;2=No)
1
# Generate future recruitments using historical recruitments (1)  historical recruits/spawner (2)  or a stock-recruitment (3)
3
# Constant fishing mortality (1) or constant Catch (2) projections
1
# Fishing mortality based on SPR (1) or actual rate (2)
1
# Pre-specify the year of recovery (or -1) to ignore
-1
# Fecundity-at-age
# 0 1 2 3 4 5 6 7 8 9 10 11 12 13 14 15 16 17 18 19 20 21 22 23 24 25 26 27 28 29 30 31 32 33 34 35 36 37 38 39 40 41 42 43 44 45 46 47 48 49 50 51 52 53 54 55 56 57 58 59 60 61 62 63 64 65 66 67 68 69 70 71 72 73 74 75 76 77 78 79 80 81 82 83 84 85 86 87 88 89 90 91 92 93 94 95 96 97 98 99 100 #runnumber: 1 yelloweye_data.ss yelloweye_control.ss 7218.46 1130.33 393.237
 0 0 2.49869e-09 5.34422e-08 6.95379e-07 6.33897e-06 4.41135e-05 0.000244618 0.00109438 0.00392783 0.0112943 0.026437 0.0518554 0.0880727 0.133538 0.185478 0.240931 0.297434 0.353271 0.407411 0.459334 0.508844 0.555926 0.600648 0.643112 0.683421 0.721674 0.757958 0.79235 0.824922 0.85574 0.884868 0.912369 0.938304 0.962736 0.985727 1.00734 1.02764 1.04668 1.06453 1.08126 1.0969 1.11154 1.12522 1.13799 1.14992 1.16104 1.17141 1.18108 1.19008 1.19847 1.20627 1.21354 1.22029 1.22658 1.23242 1.23784 1.24289 1.24757 1.25193 1.25597 1.25972 1.2632 1.26644 1.26944 1.27222 1.2748 1.2772 1.27942 1.28148 1.28339 1.28519 1.28687 1.28842 1.28985 1.29118 1.29242 1.29356 1.29462 1.29561 1.29652 1.29736 1.29815 1.29887 1.29954 1.30017 1.30074 1.30128 1.30177 1.30223 1.30266 1.30305 1.30342 1.30376 1.30407 1.30436 1.30463 1.30488 1.30511 1.30533 1.30564 #female fecundity; weighted by N in year Y_init across morphs and areas
# Age specific selectivity and weight adjusted for discard and discard mortality
 #wt and selex for gender,fleet: 1 1 1_CA_TWL
 0.00896707 0.0090544 0.0269244 0.0681601 0.130398 0.212767 0.312391 0.42588 0.549926 0.681579 0.818402 0.958641 1.10137 1.24633 1.39356 1.54285 1.69358 1.84474 1.9951 2.14344 2.28869 2.42997 2.56662 2.69817 2.8243 2.94484 3.05968 3.16883 3.27233 3.37028 3.46281 3.55009 3.63228 3.70958 3.7822 3.85034 3.91421 3.97403 4.03001 4.08234 4.13124 4.1769 4.21951 4.25924 4.29628 4.33079 4.36293 4.39285 4.42069 4.44659 4.47068 4.49308 4.51389 4.53323 4.5512 4.56789 4.58339 4.59777 4.61113 4.62353 4.63504 4.64571 4.65562 4.66481 4.67333 4.68124 4.68857 4.69537 4.70167 4.70752 4.71297 4.71806 4.72277 4.72715 4.7312 4.73495 4.73844 4.74166 4.74465 4.74742 4.74999 4.75237 4.75458 4.75662 4.75852 4.76027 4.7619 4.76341 4.7648 4.7661 4.76729 4.76841 4.76943 4.77039 4.77127 4.77209 4.77285 4.77355 4.7742 4.7748 4.77568
 0 0.00105186 0.00230346 0.00895137 0.0271659 0.0655218 0.130928 0.224597 0.34062 0.467753 0.593015 0.705234 0.797393 0.867306 0.916721 0.94958 0.970344 0.982937 0.990335 0.994578 0.996972 0.998309 0.999052 0.999464 0.999694 0.999823 0.999896 0.999937 0.999961 0.999976 0.999984 0.999989 0.999992 0.999994 0.999996 0.999996 0.999997 0.999997 0.999997 0.999997 0.999997 0.999997 0.999997 0.999997 0.999997 0.999997 0.999997 0.999997 0.999997 0.999997 0.999997 0.999997 0.999997 0.999997 0.999997 0.999997 0.999997 0.999997 0.999997 0.999997 0.999997 0.999997 0.999997 0.999997 0.999997 0.999997 0.999997 0.999997 0.999997 0.999997 0.999997 0.999997 0.999997 0.999997 0.999997 0.999997 0.999997 0.999997 0.999997 0.999997 0.999997 0.999997 0.999997 0.999997 0.999997 0.999997 0.999997 0.999997 0.999997 0.999997 0.999997 0.999997 0.999997 0.999997 0.999997 0.999997 0.999997 0.999997 0.999997 0.999997 0.999997
 #wt and selex for gender,fleet: 1 3 3_CA_REC
 0.00896707 0.00905435 0.0260314 0.0654985 0.125213 0.204394 0.300446 0.410247 0.530706 0.659067 0.793193 0.931863 1.07471 1.22166 1.37234 1.52583 1.68075 1.83555 1.9888 2.13927 2.28599 2.42826 2.56555 2.6975 2.82389 2.94457 3.05952 3.16872 3.27226 3.37024 3.46279 3.55007 3.63227 3.70957 3.78219 3.85033 3.91421 3.97403 4.03001 4.08234 4.13124 4.1769 4.21951 4.25924 4.29628 4.33079 4.36293 4.39285 4.42069 4.44659 4.47068 4.49308 4.51389 4.53323 4.5512 4.56789 4.58339 4.59778 4.61113 4.62353 4.63504 4.64571 4.65562 4.66481 4.67333 4.68124 4.68857 4.69537 4.70167 4.70752 4.71297 4.71806 4.72277 4.72715 4.7312 4.73496 4.73844 4.74166 4.74465 4.74743 4.74999 4.75237 4.75458 4.75662 4.75852 4.76027 4.7619 4.76341 4.7648 4.7661 4.7673 4.76841 4.76944 4.77039 4.77127 4.77209 4.77285 4.77355 4.7742 4.7748 4.77568
 0 0.00394237 0.00794463 0.0249244 0.0629353 0.130145 0.228623 0.35196 0.487182 0.619151 0.734988 0.82703 0.893666 0.938012 0.965446 0.98142 0.990279 0.995012 0.997471 0.998726 0.999358 0.999675 0.999834 0.999915 0.999955 0.999976 0.999987 0.999993 0.999996 0.999997 0.999998 0.999999 0.999999 0.999999 0.999999 0.999999 0.999999 0.999999 0.999999 0.999999 0.999999 0.999999 0.999999 0.999999 0.999999 0.999999 0.999999 0.999999 0.999999 0.999999 0.999999 0.999999 0.999999 0.999999 0.999999 0.999999 0.999999 0.999999 0.999999 0.999999 0.999999 0.999999 0.999999 0.999999 0.999999 0.999999 0.999999 0.999999 0.999999 0.999999 0.999999 0.999999 0.999999 0.999999 0.999999 0.999999 0.999999 0.999999 0.999999 0.999999 0.999999 0.999999 0.999999 0.999999 0.999999 0.999999 0.999999 0.999999 0.999999 0.999999 0.999999 0.999999 0.999999 0.999999 0.999999 0.999999 0.999999 0.999999 0.999999 0.999999 0.999999
 #wt and selex for gender,fleet: 1 4 4_ORWA_TWL
 0.00896707 0.00905429 0.0248289 0.0620393 0.119103 0.195609 0.28954 0.398218 0.518808 0.648612 0.785273 0.927002 1.0727 1.22176 1.37363 1.52753 1.68237 1.83688 1.98978 2.13994 2.28644 2.42855 2.56573 2.69761 2.82395 2.94462 3.05954 3.16874 3.27227 3.37024 3.46279 3.55007 3.63227 3.70957 3.78219 3.85033 3.91421 3.97403 4.03 4.08234 4.13124 4.1769 4.21951 4.25924 4.29628 4.33079 4.36293 4.39285 4.42069 4.44659 4.47068 4.49308 4.51389 4.53323 4.5512 4.56789 4.58339 4.59777 4.61113 4.62353 4.63504 4.64571 4.65562 4.66481 4.67333 4.68124 4.68857 4.69537 4.70167 4.70752 4.71297 4.71806 4.72277 4.72714 4.7312 4.73495 4.73844 4.74166 4.74465 4.74742 4.74999 4.75237 4.75458 4.75662 4.75852 4.76027 4.7619 4.76341 4.7648 4.7661 4.76729 4.7684 4.76943 4.77039 4.77127 4.77209 4.77285 4.77355 4.7742 4.7748 4.77568
 0 0.0128279 0.0231634 0.0543843 0.108955 0.189252 0.292238 0.409865 0.531498 0.646705 0.747341 0.828676 0.889636 0.932175 0.959998 0.977202 0.987355 0.993126 0.996315 0.99804 0.99896 0.999447 0.999704 0.99984 0.999912 0.999951 0.999972 0.999983 0.999989 0.999993 0.999995 0.999996 0.999997 0.999997 0.999997 0.999997 0.999997 0.999997 0.999997 0.999997 0.999997 0.999997 0.999997 0.999997 0.999997 0.999997 0.999997 0.999997 0.999997 0.999997 0.999997 0.999997 0.999996 0.999996 0.999996 0.999996 0.999996 0.999996 0.999996 0.999996 0.999996 0.999996 0.999996 0.999996 0.999996 0.999996 0.999996 0.999996 0.999996 0.999996 0.999996 0.999996 0.999996 0.999996 0.999996 0.999996 0.999996 0.999996 0.999996 0.999996 0.999996 0.999996 0.999996 0.999996 0.999996 0.999996 0.999996 0.999996 0.999996 0.999996 0.999996 0.999996 0.999996 0.999996 0.999996 0.999996 0.999996 0.999996 0.999996 0.999996 0.999996
 #wt and selex for gender,fleet: 1 5 5_ORWA_NONTWL
 0.00896707 0.00905436 0.0262604 0.0666843 0.128647 0.211863 0.313984 0.4319 0.56235 0.70225 0.848849 0.999773 1.15302 1.30696 1.46029 1.61205 1.76161 1.90856 2.05262 2.19358 2.33119 2.46521 2.59533 2.72124 2.84267 2.95936 3.07113 3.17784 3.27943 3.37589 3.46726 3.55363 3.63512 3.71188 3.78407 3.85187 3.91548 3.97509 4.03089 4.0831 4.13189 4.17746 4.21999 4.25966 4.29665 4.33112 4.36323 4.39312 4.42094 4.44682 4.47089 4.49326 4.51406 4.53339 4.55135 4.56803 4.58352 4.5979 4.61126 4.62365 4.63515 4.64582 4.65572 4.66491 4.67343 4.68133 4.68866 4.69546 4.70176 4.7076 4.71305 4.71814 4.72286 4.72723 4.73128 4.73503 4.73851 4.74174 4.74473 4.7475 4.75007 4.75245 4.75466 4.7567 4.75859 4.76035 4.76197 4.76348 4.76488 4.76617 4.76737 4.76848 4.76951 4.77046 4.77134 4.77216 4.77292 4.77362 4.77427 4.77488 4.77575
 0 0.000656671 0.00134887 0.00455324 0.0127098 0.0295717 0.0590775 0.10401 0.164965 0.240064 0.325427 0.416077 0.506913 0.593465 0.672356 0.741464 0.799881 0.847706 0.885765 0.915318 0.937793 0.954594 0.966984 0.976028 0.982581 0.987309 0.990713 0.993163 0.994931 0.996211 0.997142 0.997823 0.998325 0.998697 0.998976 0.999186 0.999346 0.999469 0.999564 0.999638 0.999697 0.999744 0.999781 0.999811 0.999836 0.999856 0.999872 0.999886 0.999898 0.999908 0.999916 0.999923 0.999929 0.999934 0.999939 0.999943 0.999946 0.999949 0.999952 0.999954 0.999956 0.999958 0.99996 0.999961 0.999963 0.999964 0.999965 0.999966 0.999967 0.999968 0.999968 0.999969 0.999969 0.99997 0.99997 0.99997 0.999971 0.999971 0.999971 0.999971 0.999972 0.999972 0.999972 0.999972 0.999972 0.999972 0.999973 0.999973 0.999973 0.999973 0.999973 0.999973 0.999973 0.999973 0.999973 0.999973 0.999973 0.999973 0.999974 0.999974 0.999974
 #wt and selex for gender,fleet: 1 6 6_OR_REC
 0.00896707 0.0090549 0.0338149 0.0837923 0.154725 0.242466 0.341644 0.447734 0.557865 0.671801 0.791758 0.920392 1.05879 1.20592 1.35936 1.51631 1.67431 1.83142 1.9862 2.13762 2.2849 2.42747 2.56492 2.69694 2.82334 2.94403 3.05896 3.16814 3.27166 3.3696 3.46213 3.54938 3.63156 3.70884 3.78144 3.84956 3.91342 3.97322 4.02918 4.0815 4.13039 4.17603 4.21863 4.25835 4.29538 4.32988 4.36201 4.39192 4.41976 4.44565 4.46973 4.49212 4.51293 4.53226 4.55023 4.56691 4.5824 4.59679 4.61014 4.62254 4.63404 4.64471 4.65462 4.6638 4.67232 4.68023 4.68756 4.69436 4.70066 4.7065 4.71195 4.71704 4.72175 4.72612 4.73017 4.73393 4.73741 4.74063 4.74362 4.74639 4.74896 4.75134 4.75354 4.75559 4.75748 4.75923 4.76086 4.76237 4.76376 4.76505 4.76625 4.76736 4.76839 4.76934 4.77023 4.77105 4.7718 4.77251 4.77316 4.77376 4.77463
 0 1.8717e-05 8.60191e-05 0.00133133 0.0104715 0.0471984 0.138599 0.293724 0.486367 0.670587 0.812152 0.903171 0.953996 0.979448 0.991173 0.996229 0.998282 0.999049 0.999285 0.999306 0.999239 0.999138 0.999023 0.998904 0.998786 0.998669 0.998555 0.998445 0.99834 0.998238 0.998142 0.99805 0.997963 0.99788 0.997802 0.997729 0.99766 0.997594 0.997533 0.997476 0.997422 0.997372 0.997325 0.997281 0.99724 0.997202 0.997166 0.997133 0.997102 0.997073 0.997046 0.997021 0.996997 0.996976 0.996956 0.996937 0.996919 0.996903 0.996888 0.996874 0.996861 0.996849 0.996838 0.996828 0.996818 0.996809 0.996801 0.996794 0.996786 0.99678 0.996774 0.996768 0.996763 0.996758 0.996753 0.996749 0.996745 0.996741 0.996738 0.996735 0.996732 0.996729 0.996727 0.996724 0.996722 0.99672 0.996718 0.996717 0.996715 0.996714 0.996712 0.996711 0.99671 0.996709 0.996708 0.996707 0.996706 0.996705 0.996704 0.996704 0.996703
 #wt and selex for gender,fleet: 1 7 7_WA_REC
 0.00896707 0.00905488 0.0338107 0.0853833 0.160794 0.25673 0.367918 0.48937 0.616996 0.747726 0.879567 1.01177 1.14482 1.27991 1.41814 1.55997 1.70497 1.85202 1.99959 2.14614 2.29028 2.43089 2.56715 2.69847 2.82447 2.94493 3.05974 3.16886 3.27235 3.37029 3.46282 3.55009 3.63228 3.70958 3.7822 3.85034 3.91421 3.97403 4.03001 4.08234 4.13124 4.1769 4.21951 4.25924 4.29628 4.33079 4.36293 4.39285 4.42069 4.4466 4.47068 4.49308 4.51389 4.53323 4.5512 4.56789 4.58339 4.59778 4.61113 4.62353 4.63504 4.64571 4.65562 4.66481 4.67333 4.68124 4.68857 4.69537 4.70167 4.70752 4.71297 4.71806 4.72277 4.72715 4.7312 4.73496 4.73844 4.74166 4.74465 4.74743 4.74999 4.75237 4.75458 4.75662 4.75852 4.76027 4.7619 4.76341 4.7648 4.7661 4.7673 4.76841 4.76944 4.77039 4.77127 4.77209 4.77285 4.77355 4.7742 4.7748 4.77568
 0 1.95622e-06 8.8543e-06 0.000145246 0.00132876 0.007368 0.0274252 0.0746167 0.158833 0.278994 0.421584 0.566511 0.69565 0.798587 0.873348 0.923659 0.955505 0.974717 0.985891 0.992216 0.99573 0.997659 0.998712 0.999286 0.999601 0.999773 0.99987 0.999924 0.999954 0.999972 0.999983 0.999989 0.999993 0.999995 0.999997 0.999998 0.999998 0.999999 0.999999 0.999999 0.999999 0.999999 0.999999 0.999999 0.999999 0.999999 0.999999 0.999999 0.999999 0.999999 0.999999 0.999999 0.999999 0.999999 0.999999 0.999999 0.999999 0.999999 0.999999 0.999999 0.999999 0.999999 0.999999 0.999999 0.999999 0.999999 0.999999 0.999999 0.999999 0.999999 0.999999 0.999999 0.999999 0.999999 0.999999 0.999999 0.999999 0.999999 0.999999 0.999999 0.999999 0.999999 0.999999 0.999999 0.999999 0.999999 0.999999 0.999999 0.999999 0.999999 0.999999 0.999999 0.999999 0.999999 0.999999 0.999999 0.999999 0.999999 0.999999 0.999999 0.999999
# Sex ratio correction
1
# M and current age-structure in year Yinit: 2011
 # gender = 1
 0.0439034 0.0439034 0.0439034 0.0439034 0.0439034 0.0439034 0.0439034 0.0439034 0.0439034 0.0439034 0.0439034 0.0439034 0.0439034 0.0439034 0.0439034 0.0439034 0.0439034 0.0439034 0.0439034 0.0439034 0.0439034 0.0439034 0.0439034 0.0439034 0.0439034 0.0439034 0.0439034 0.0439034 0.0439034 0.0439034 0.0439034 0.0439034 0.0439034 0.0439034 0.0439034 0.0439034 0.0439034 0.0439034 0.0439034 0.0439034 0.0439034 0.0439034 0.0439034 0.0439034 0.0439034 0.0439034 0.0439034 0.0439034 0.0439034 0.0439034 0.0439034 0.0439034 0.0439034 0.0439034 0.0439034 0.0439034 0.0439034 0.0439034 0.0439034 0.0439034 0.0439034 0.0439034 0.0439034 0.0439034 0.0439034 0.0439034 0.0439034 0.0439034 0.0439034 0.0439034 0.0439034 0.0439034 0.0439034 0.0439034 0.0439034 0.0439034 0.0439034 0.0439034 0.0439034 0.0439034 0.0439034 0.0439034 0.0439034 0.0439034 0.0439034 0.0439034 0.0439034 0.0439034 0.0439034 0.0439034 0.0439034 0.0439034 0.0439034 0.0439034 0.0439034 0.0439034 0.0439034 0.0439034 0.0439034 0.0439034 0.0439034
 229.536 284.213 295.215 338.413 200.472 184.784 104.851 65.5473 93.3256 215.656 62.9826 48.7562 87.9633 56.5729 34.9478 27.7297 27.6015 53.9406 58.3256 28.2614 22.4361 22.6699 21.9727 22.2396 25.3897 28.459 34.8708 33.2828 21.3049 23.0746 19.6799 15.6574 11.2629 7.58173 8.72867 7.86169 8.08016 4.97908 4.0478 4.75813 7.58292 4.6444 3.48318 2.95063 2.28668 1.92709 1.51929 1.23652 1.15827 1.22164 1.33866 1.36063 1.22537 1.05777 0.93185 0.852134 0.812891 0.810215 0.843369 0.914975 1.02437 1.15034 1.22456 1.16901 1.022 0.873696 0.757518 0.673018 0.612314 0.567431 0.533175 0.506142 0.484244 0.465936 0.449724 0.434348 0.418888 0.403039 0.386955 0.371126 0.356062 0.342153 0.329494 0.318042 0.307486 0.297403 0.287703 0.278155 0.268581 0.258896 0.249084 0.239167 0.229217 0.219351 0.209594 0.200072 0.190865 0.182018 0.17356 0.165502 3.56693
# Age-structure at Ydeclare= 2013
 466.58 201.612 210.239 260.317 270.385 309.919 183.549 169.108 95.8839 59.8802 85.1561 196.545 57.3403 44.3495 79.9586 51.3991 31.7404 25.1786 25.0579 48.9643 52.9407 25.6508 20.3629 20.5744 19.9412 20.1829 23.041 25.8255 31.6429 30.2006 19.3309 20.9357 17.8547 14.2046 10.2174 6.8777 7.91787 7.1312 7.32916 4.51617 3.67137 4.31552 6.87735 4.21214 3.15892 2.67589 2.07372 1.74759 1.37776 1.12131 1.05034 1.1078 1.2139 1.23382 1.11117 0.959184 0.844995 0.772707 0.737121 0.734693 0.764756 0.829687 0.928884 1.04311 1.11041 1.06003 0.926728 0.792249 0.686901 0.610277 0.555232 0.514533 0.48347 0.458957 0.4391 0.422499 0.407797 0.393856 0.379836 0.365465 0.350881 0.336527 0.322868 0.310255 0.298776 0.288392 0.27882 0.269677 0.260882 0.252224 0.243542 0.23476 0.225863 0.216871 0.207848 0.198902 0.190054 0.18142 0.173071 0.16505 3.54187
# Year for Tmin Age-structure (set to Ydecl by SS)
2013
#  recruitment and biomass
# Number of historical assessment years
137
# Historical data
# year recruitment spawner in B0 in R project in R/S project
1888  1889 1890 1891 1892 1893 1894 1895 1896 1897 1898 1899 1900 1901 1902 1903 1904 1905 1906 1907 1908 1909 1910 1911 1912 1913 1914 1915 1916 1917 1918 1919 1920 1921 1922 1923 1924 1925 1926 1927 1928 1929 1930 1931 1932 1933 1934 1935 1936 1937 1938 1939 1940 1941 1942 1943 1944 1945 1946 1947 1948 1949 1950 1951 1952 1953 1954 1955 1956 1957 1958 1959 1960 1961 1962 1963 1964 1965 1966 1967 1968 1969 1970 1971 1972 1973 1974 1975 1976 1977 1978 1979 1980 1981 1982 1983 1984 1985 1986 1987 1988 1989 1990 1991 1992 1993 1994 1995 1996 1997 1998 1999 2000 2001 2002 2003 2004 2005 2006 2007 2008 2009 2010 2011 2012 2013 2014 2015 2016 2017 2018 2019 2020 2021 2022 2023 2024 #years (with first value representing R0)
223.678 226.978 227.094 227.215 227.34 227.46 227.586 227.716 227.858 228.006 228.162 228.324 228.495 228.675 228.864 229.06 229.268 229.492 229.732 229.998 230.288 230.603 230.943 231.306 231.687 232.069 232.429 232.727 232.915 232.931 232.698 232.103 231.157 229.784 227.96 225.71 223.086 220.182 217.149 214.15 211.224 208.614 206.447 204.663 203.129 201.576 199.724 197.366 194.503 191.35 188.352 186.008 184.804 185.134 187.473 192.58 201.573 216.093 237.404 264.51 288.148 287.413 257.032 217.854 185.174 162.397 148.414 141.625 141.17 146.745 158.276 174.127 183.491 171.179 147.958 132.675 133.705 154.665 184.117 204.201 245.043 267.318 326.961 485.518 274.539 208.488 226.825 322.714 272.993 261.433 194.334 245.184 287.423 302.692 295.684 226.459 293.071 254.716 173.381 130.102 96.916 82.5021 74.4719 65.5305 74.6024 141.291 121.488 58.3549 55.4035 66.2457 101.994 151.029 79.7996 98.3379 321.448 132.895 89.2286 136.515 230.186 238.972 386.063 322.31 296.969 229.536 210.661 466.58 229.754 304.051 217.698 110.388 107.272 113.443 113.105 150.698 168.463 173.477 186.166  #recruits; first value is R0 (virgin)
1130.33  1130.33 1130.32 1130.31 1130.28 1129.81 1129.36 1128.89 1128.74 1128.66 1128.58 1128.52 1128.45 1128.39 1128.34 1128.32 1128.33 1128.36 1128.42 1128.51 1128.62 1128.63 1128.78 1128.94 1129.11 1129.3 1129.49 1129.69 1129.83 1130.05 1130.12 1128.14 1127.76 1127.52 1127.35 1127.49 1127.57 1127.11 1126.33 1124.76 1122.48 1120.32 1118.64 1116.64 1115.68 1114.88 1114.09 1112.74 1111.36 1108.96 1106.78 1104.23 1102.23 1098.99 1094.15 1088.84 1078.93 1068.25 1052.23 1037.35 1030.12 1021.81 1015.18 1007.77 998.704 990.682 984.452 977.075 970.144 963.275 955.458 948.536 942.96 938.795 936.68 933.968 932.78 932.756 922.84 919.724 914.603 908.948 894.029 883.677 870.112 853.358 835.226 815.324 795.821 773.581 751.752 717.446 681.496 654.423 620.057 563.865 516.223 488.86 452.393 423.435 396.53 373.751 344.947 324.6 290.551 259.787 230.298 214.739 199.008 181.718 161.511 155.251 144.609 145.929 146.593 152.434 158.447 164.661 170.852 177.336 183.295 189.615 195.876 202.874 210.176 217.805 226.346 235.853 245.859 257.145 268.676 281.89 296.439 313.378 331.88 350.688 370.24 #spbio; first value is SSB_virgin (virgin)
1 0 0 0 0 0 0 0 0 0 0 0 0 0 0 0 0 0 0 0 0 0 0 0 0 0 0 0 0 0 0 0 0 0 0 0 0 0 0 0 0 0 0 0 0 0 0 0 0 0 0 0 0 0 0 0 0 0 0 0 0 0 0 0 0 0 0 0 0 0 0 0 0 0 0 0 0 0 0 0 0 0 0 0 0 0 0 0 0 0 0 0 0 0 0 0 0 0 0 0 0 0 0 0 0 0 0 0 0 0 0 0 0 0 0 0 0 0 0 0 0 0 0 0 0 0 0 0 0 0 0 0 0 0 0 0 0  # in Bzero
0 1 1 1 1 1 1 1 1 1 1 1 1 1 1 1 1 1 1 1 1 1 1 1 1 1 1 1 1 1 1 1 1 1 1 1 1 1 1 1 1 1 1 1 1 1 1 1 1 1 1 1 1 1 1 1 1 1 1 1 1 1 1 1 1 1 1 1 1 1 1 1 1 1 1 1 1 1 1 1 1 1 1 1 1 1 1 1 1 1 1 1 1 1 1 1 1 1 1 1 1 1 1 1 1 1 1 1 1 1 1 1 1 1 1 1 1 1 1 1 1 1 1 1 1 1 1 1 1 1 1 1 1 1  0 0 0 # in R project
0 1 1 1 1 1 1 1 1 1 1 1 1 1 1 1 1 1 1 1 1 1 1 1 1 1 1 1 1 1 1 1 1 1 1 1 1 1 1 1 1 1 1 1 1 1 1 1 1 1 1 1 1 1 1 1 1 1 1 1 1 1 1 1 1 1 1 1 1 1 1 1 1 1 1 1 1 1 1 1 1 1 1 1 1 1 1 1 1 1 1 1 1 1 1 1 1 1 1 1 1 1 1 1 1 1 1 1 1 1 1 1 1 1 1 1 1 1 1 1 1 1 1 1 1 1 1 1 1 1 1 1 1 1  0 0 0 # in R/S project
# Number of years with pre-specified catches
0
# catches for years with pre-specified catches go next
# Number of future recruitments to override
-2
# Process for overiding (-1 for average otherwise index in data list)
# Which probability to product detailed results for (1=0.5; 2=0.6; etc.)
3
# Steepness sigma-R Auto-correlation
0.718 0.5 0
# Target SPR rate (FMSY Proxy); manually change to SPR_MSY if not using SPR_target
0.5
# Discount rate (for cumulative catch)
0.1
# Truncate the series when 0.4B0 is reached (1=Yes)
0
# Set F to FMSY once 0.4B0 is reached (1=Yes)
0
# Maximum possible F for projection (-1 to set to FMSY)
-1
# Defintion of recovery (1=now only;2=now or before)
2
# Projection type
4
# Definition of the 40-10 rule
10 40
# Sigma Assessment Error (Base, Year1, Slope, MaxSigma)
1.0 2025 0.075 2.0
# Pstar
0.45
# Constrain catches by the ABC (1=yes, 2=no)
2
# Implementation Error (0=no; 1=lognormal; 2=uniform)
0
#Parameters of Implementaion Error
1 0.3
# Calculate coefficients of variation (1=Yes)
0
# Number of replicates to use
10
# Random number seed
-99004
# File with multiple parameter vectors 
rebuild.SSO
# User-specific projection (1=Yes); Output replaced (1->9)
0  5
# Catches and Fs (Year; 1/2/3 (F or C or SPR); value); Final row is -1
2024 1 1
-1 -1 -1
# Fixed catch project (1=Yes); Output replaced (1->9); Approach (-1=Read in else 1-9)
0 2 -1
# (48a) Special catch options (1-Yes) [CUT_OFF, Emsy, distribution, MAXCAT, Add, replace_code]
0 0.18 1.00 1.00 0 6
# (48b) B1Target
150000
# Split of Fs
2011  0.0173893
 0
 0.410944
 0.023119
 0.18585
 0.190536
 0.172162
-1  1 1 1 1 1 1 1 1 1 1 1 1
# Yrs to define T_target for projection type 4 (a.k.a. 5 pre-specified inputs)
2030 2031 2032 2033 2034 
# Year for probability of recovery
2034 2035 2036 2037 2038 2039 2040 2041
# Time varying weight-at-age (1=Yes;0=No)
0
# File with time series of weight-at-age data
none
# Use bisection (0) or linear interpolation (1)
1
# Target Depletion
0.4
# CV of implementation error
0
