#Title, #runnumber: 1 yelloweye_data.ss yelloweye_control.ss 7244.86 1131.22 390.39 StartTime: Mon Apr 28 03:01:30 2025
SSv3_default_rebuild.dat
# Number of sexes
1
# Age range to consider (minimum age; maximum age)
0 100
# Number of fleets
7
# First year of projection (Yinit)
2011
# First Year of rebuilding period (Ydecl)
2013
# Number of simulations
1000
# Maximum number of years
500
# Conduct projections with multiple starting values (0=No;else yes)
0
# Number of parameter vectors
1000
# Is the maximum age a plus-group (1=Yes;2=No)
1
# Generate future recruitments using historical recruitments (1)  historical recruits/spawner (2)  or a stock-recruitment (3)
3
# Constant fishing mortality (1) or constant Catch (2) projections
1
# Fishing mortality based on SPR (1) or actual rate (2)
1
# Pre-specify the year of recovery (or -1) to ignore
-1
# Fecundity-at-age
# 0 1 2 3 4 5 6 7 8 9 10 11 12 13 14 15 16 17 18 19 20 21 22 23 24 25 26 27 28 29 30 31 32 33 34 35 36 37 38 39 40 41 42 43 44 45 46 47 48 49 50 51 52 53 54 55 56 57 58 59 60 61 62 63 64 65 66 67 68 69 70 71 72 73 74 75 76 77 78 79 80 81 82 83 84 85 86 87 88 89 90 91 92 93 94 95 96 97 98 99 100 #runnumber: 1 yelloweye_data.ss yelloweye_control.ss 7244.86 1131.22 390.39
 0 0 2.60582e-09 5.4963e-08 7.07098e-07 6.39522e-06 4.42559e-05 0.000244453 0.00109098 0.00391091 0.0112422 0.0263205 0.0516497 0.0877684 0.133145 0.185019 0.240437 0.296939 0.352806 0.407003 0.459007 0.508618 0.555817 0.600671 0.643279 0.683744 0.722162 0.758618 0.79319 0.825946 0.856952 0.886271 0.913964 0.940093 0.964718 0.9879 1.0097 1.03019 1.04941 1.06745 1.08434 1.10016 1.11496 1.1288 1.14173 1.1538 1.16507 1.17558 1.18538 1.19451 1.20302 1.21094 1.21831 1.22517 1.23156 1.23749 1.24301 1.24814 1.25291 1.25734 1.26146 1.26528 1.26883 1.27212 1.27518 1.27802 1.28066 1.2831 1.28537 1.28748 1.28943 1.29127 1.29298 1.29456 1.29603 1.2974 1.29866 1.29983 1.30092 1.30193 1.30286 1.30373 1.30453 1.30528 1.30597 1.30661 1.3072 1.30775 1.30826 1.30873 1.30917 1.30957 1.30995 1.3103 1.31062 1.31092 1.3112 1.31146 1.3117 1.31192 1.31224 #female fecundity; weighted by N in year Y_init across morphs and areas
# Age specific selectivity and weight adjusted for discard and discard mortality
 #wt and selex for gender,fleet: 1 1 1_CA_TWL
 0.00896707 0.00907391 0.0272598 0.0685084 0.130674 0.212896 0.31235 0.425689 0.549633 0.681246 0.818088 0.958375 1.10113 1.24609 1.39323 1.54241 1.69302 1.84409 1.99443 2.14284 2.28825 2.42976 2.56672 2.69863 2.82518 2.94617 3.06151 3.17117 3.27521 3.37371 3.4668 3.55464 3.6374 3.71526 3.78844 3.85713 3.92155 3.98191 4.0384 4.09125 4.14064 4.18678 4.22985 4.27004 4.30751 4.34243 4.37497 4.40528 4.43349 4.45974 4.48416 4.50687 4.52799 4.54763 4.56587 4.58282 4.59857 4.6132 4.62678 4.63939 4.6511 4.66196 4.67205 4.68141 4.6901 4.69815 4.70563 4.71256 4.719 4.72496 4.73053 4.73573 4.74055 4.74501 4.74916 4.753 4.75656 4.75986 4.76292 4.76576 4.76839 4.77083 4.77309 4.77519 4.77713 4.77893 4.7806 4.78215 4.78358 4.78491 4.78615 4.78729 4.78835 4.78933 4.79024 4.79108 4.79186 4.79258 4.79325 4.79388 4.79478
 0 0.00106507 0.00236286 0.00907254 0.0272697 0.0653603 0.13011 0.222749 0.33757 0.463636 0.588241 0.700346 0.792892 0.863521 0.913774 0.947427 0.96885 0.981942 0.989692 0.994173 0.99672 0.998154 0.998957 0.999406 0.999658 0.999801 0.999882 0.999929 0.999956 0.999972 0.999982 0.999988 0.999991 0.999994 0.999995 0.999996 0.999997 0.999997 0.999997 0.999997 0.999997 0.999997 0.999997 0.999997 0.999997 0.999997 0.999997 0.999997 0.999997 0.999997 0.999997 0.999997 0.999997 0.999997 0.999997 0.999997 0.999997 0.999997 0.999997 0.999997 0.999997 0.999997 0.999997 0.999997 0.999997 0.999997 0.999997 0.999997 0.999997 0.999997 0.999997 0.999997 0.999997 0.999997 0.999997 0.999997 0.999997 0.999997 0.999997 0.999997 0.999997 0.999997 0.999997 0.999997 0.999997 0.999997 0.999997 0.999997 0.999997 0.999997 0.999997 0.999997 0.999997 0.999997 0.999997 0.999997 0.999997 0.999997 0.999997 0.999997 0.999997
 #wt and selex for gender,fleet: 1 3 3_CA_REC
 0.00896707 0.00907384 0.0263659 0.0658757 0.125551 0.204617 0.300519 0.410172 0.530509 0.658784 0.792849 0.931449 1.07418 1.22098 1.3715 1.52484 1.67966 1.83445 1.98777 2.13839 2.28534 2.4279 2.56554 2.69789 2.82472 2.94588 3.06132 3.17105 3.27513 3.37366 3.46677 3.55462 3.63738 3.71525 3.78843 3.85713 3.92155 3.9819 4.0384 4.09125 4.14064 4.18678 4.22985 4.27004 4.30751 4.34243 4.37497 4.40528 4.43349 4.45974 4.48416 4.50688 4.52799 4.54763 4.56587 4.58282 4.59857 4.6132 4.62678 4.63939 4.6511 4.66197 4.67205 4.68141 4.6901 4.69815 4.70563 4.71257 4.719 4.72497 4.73053 4.73573 4.74055 4.74502 4.74916 4.753 4.75656 4.75986 4.76293 4.76576 4.7684 4.77083 4.7731 4.77519 4.77713 4.77894 4.7806 4.78215 4.78359 4.78492 4.78615 4.78729 4.78835 4.78933 4.79024 4.79108 4.79186 4.79258 4.79325 4.79388 4.79478
 0 0.00395995 0.00807671 0.0251328 0.0630464 0.129837 0.227547 0.349926 0.484275 0.615713 0.731487 0.823891 0.89114 0.936157 0.964183 0.980609 0.989782 0.994718 0.997302 0.99863 0.999305 0.999646 0.999818 0.999905 0.99995 0.999973 0.999985 0.999992 0.999995 0.999997 0.999998 0.999999 0.999999 0.999999 0.999999 0.999999 0.999999 0.999999 0.999999 0.999999 0.999999 0.999999 0.999999 0.999999 0.999999 0.999999 0.999999 0.999999 0.999999 0.999999 0.999999 0.999999 0.999999 0.999999 0.999999 0.999999 0.999999 0.999999 0.999999 0.999999 0.999999 0.999999 0.999999 0.999999 0.999999 0.999999 0.999999 0.999999 0.999999 0.999999 0.999999 0.999999 0.999999 0.999999 0.999999 0.999999 0.999999 0.999999 0.999999 0.999999 0.999999 0.999999 0.999999 0.999999 0.999999 0.999999 0.999999 0.999999 0.999999 0.999999 0.999999 0.999999 0.999999 0.999999 0.999999 0.999999 0.999999 0.999999 0.999999 0.999999 0.999999
 #wt and selex for gender,fleet: 1 4 4_ORWA_TWL
 0.00896707 0.00907376 0.0251585 0.0624534 0.119514 0.195929 0.289707 0.398196 0.518584 0.648192 0.784671 0.926234 1.07178 1.2207 1.37246 1.52629 1.68111 1.83566 1.98868 2.13902 2.28577 2.42818 2.56571 2.698 2.82478 2.94592 3.06135 3.17107 3.27514 3.37366 3.46677 3.55462 3.63738 3.71525 3.78843 3.85713 3.92155 3.9819 4.0384 4.09125 4.14064 4.18678 4.22985 4.27003 4.30751 4.34243 4.37497 4.40527 4.43348 4.45974 4.48416 4.50687 4.52799 4.54763 4.56587 4.58282 4.59857 4.6132 4.62678 4.63939 4.6511 4.66196 4.67205 4.68141 4.6901 4.69815 4.70563 4.71256 4.719 4.72496 4.73053 4.73573 4.74055 4.74501 4.74916 4.753 4.75656 4.75986 4.76292 4.76576 4.76839 4.77083 4.77309 4.77519 4.77713 4.77893 4.7806 4.78215 4.78358 4.78491 4.78615 4.78729 4.78835 4.78933 4.79024 4.79108 4.79186 4.79258 4.79325 4.79387 4.79478
 0 0.0127802 0.0233188 0.054572 0.109042 0.18909 0.29172 0.408968 0.530294 0.645331 0.745957 0.82742 0.888594 0.931377 0.959426 0.976814 0.987103 0.992968 0.996218 0.997982 0.998926 0.999427 0.999693 0.999833 0.999908 0.999949 0.99997 0.999982 0.999989 0.999993 0.999995 0.999996 0.999997 0.999997 0.999997 0.999997 0.999997 0.999997 0.999997 0.999997 0.999997 0.999997 0.999997 0.999997 0.999997 0.999997 0.999997 0.999997 0.999997 0.999997 0.999996 0.999996 0.999996 0.999996 0.999996 0.999996 0.999996 0.999996 0.999996 0.999996 0.999996 0.999996 0.999996 0.999996 0.999996 0.999996 0.999996 0.999996 0.999996 0.999996 0.999996 0.999996 0.999996 0.999996 0.999996 0.999996 0.999996 0.999996 0.999996 0.999996 0.999996 0.999996 0.999996 0.999996 0.999996 0.999996 0.999996 0.999996 0.999996 0.999996 0.999996 0.999996 0.999996 0.999996 0.999996 0.999996 0.999996 0.999996 0.999996 0.999996 0.999996
 #wt and selex for gender,fleet: 1 5 5_ORWA_NONTWL
 0.00896707 0.00907386 0.0266203 0.0671216 0.129075 0.212188 0.314144 0.431866 0.56212 0.701844 0.848298 0.999117 1.1523 1.30622 1.45956 1.61138 1.76102 1.90808 2.05228 2.19341 2.33124 2.4655 2.5959 2.72215 2.84395 2.96105 3.07325 3.18043 3.28252 3.37949 3.47139 3.5583 3.64034 3.71764 3.79038 3.85873 3.92287 3.98301 4.03933 4.09203 4.14132 4.18736 4.23036 4.27048 4.3079 4.34278 4.37528 4.40556 4.43374 4.45997 4.48437 4.50707 4.52818 4.5478 4.56603 4.58297 4.59871 4.61333 4.62691 4.63951 4.65121 4.66208 4.67216 4.68152 4.6902 4.69825 4.70573 4.71266 4.71909 4.72505 4.73062 4.73581 4.74063 4.7451 4.74924 4.75308 4.75664 4.75994 4.76301 4.76584 4.76847 4.77091 4.77317 4.77527 4.77721 4.77901 4.78068 4.78223 4.78366 4.78499 4.78622 4.78736 4.78842 4.7894 4.79031 4.79115 4.79193 4.79266 4.79333 4.79395 4.79486
 0 0.000649806 0.00135432 0.00455544 0.012673 0.029424 0.0587143 0.103319 0.163861 0.238516 0.323468 0.413796 0.50443 0.590916 0.669864 0.739132 0.797777 0.845868 0.884203 0.914021 0.936736 0.953746 0.966312 0.9755 0.982169 0.986988 0.990463 0.992968 0.994779 0.996092 0.997048 0.997749 0.998266 0.99865 0.998937 0.999155 0.99932 0.999448 0.999546 0.999623 0.999684 0.999733 0.999772 0.999803 0.999829 0.99985 0.999867 0.999881 0.999893 0.999904 0.999912 0.99992 0.999926 0.999932 0.999936 0.99994 0.999944 0.999947 0.99995 0.999952 0.999955 0.999957 0.999958 0.99996 0.999961 0.999962 0.999964 0.999965 0.999965 0.999966 0.999967 0.999967 0.999968 0.999968 0.999969 0.999969 0.999969 0.99997 0.99997 0.99997 0.99997 0.999971 0.999971 0.999971 0.999971 0.999971 0.999971 0.999972 0.999972 0.999972 0.999972 0.999972 0.999972 0.999972 0.999972 0.999972 0.999972 0.999972 0.999972 0.999973 0.999973
 #wt and selex for gender,fleet: 1 6 6_OR_REC
 0.00896707 0.00907465 0.0342581 0.0842411 0.155099 0.242697 0.341713 0.447654 0.55765 0.671442 0.791223 0.919647 1.05782 1.20476 1.35805 1.51492 1.67292 1.83009 1.98502 2.13664 2.28419 2.42707 2.56488 2.69731 2.82416 2.94532 3.06075 3.17046 3.27452 3.37302 3.4661 3.55392 3.63666 3.71451 3.78767 3.85635 3.92075 3.98108 4.03756 4.0904 4.13978 4.1859 4.22896 4.26913 4.30659 4.34151 4.37404 4.40433 4.43253 4.45878 4.4832 4.5059 4.52702 4.54664 4.56488 4.58183 4.59757 4.6122 4.62577 4.63838 4.65009 4.66095 4.67103 4.68039 4.68907 4.69713 4.7046 4.71154 4.71797 4.72393 4.7295 4.73469 4.73951 4.74397 4.74811 4.75195 4.75551 4.75882 4.76188 4.76471 4.76734 4.76978 4.77204 4.77414 4.77608 4.77788 4.77955 4.78109 4.78253 4.78385 4.78509 4.78623 4.78729 4.78827 4.78917 4.79002 4.7908 4.79152 4.79219 4.79281 4.79372
 0 1.86573e-05 8.86992e-05 0.00135427 0.0105496 0.0472935 0.1385 0.293189 0.485393 0.669433 0.811114 0.902402 0.953501 0.97916 0.991019 0.996151 0.998244 0.999033 0.999278 0.999303 0.999239 0.999138 0.999024 0.998905 0.998786 0.998669 0.998555 0.998444 0.998338 0.998236 0.998139 0.998047 0.997959 0.997876 0.997797 0.997723 0.997653 0.997588 0.997526 0.997468 0.997414 0.997363 0.997316 0.997271 0.99723 0.997191 0.997155 0.997121 0.997089 0.99706 0.997033 0.997007 0.996984 0.996962 0.996941 0.996922 0.996905 0.996888 0.996873 0.996859 0.996846 0.996833 0.996822 0.996812 0.996802 0.996793 0.996784 0.996777 0.996769 0.996763 0.996756 0.99675 0.996745 0.99674 0.996735 0.996731 0.996727 0.996723 0.99672 0.996716 0.996713 0.996711 0.996708 0.996706 0.996704 0.996701 0.9967 0.996698 0.996696 0.996695 0.996693 0.996692 0.996691 0.99669 0.996689 0.996688 0.996687 0.996686 0.996685 0.996685 0.996684
 #wt and selex for gender,fleet: 1 7 7_WA_REC
 0.00896707 0.0090746 0.0341734 0.0856557 0.160868 0.256542 0.367492 0.488782 0.616343 0.747103 0.879041 1.01136 1.14449 1.27958 1.41774 1.55946 1.70435 1.85132 1.99889 2.14551 2.28981 2.43066 2.56723 2.69892 2.82534 2.94626 3.06156 3.1712 3.27522 3.37372 3.46681 3.55464 3.6374 3.71526 3.78844 3.85713 3.92155 3.98191 4.0384 4.09125 4.14064 4.18678 4.22985 4.27004 4.30751 4.34243 4.37497 4.40528 4.43349 4.45974 4.48416 4.50688 4.528 4.54763 4.56587 4.58282 4.59857 4.6132 4.62678 4.63939 4.6511 4.66197 4.67205 4.68141 4.6901 4.69815 4.70563 4.71257 4.719 4.72497 4.73053 4.73573 4.74055 4.74502 4.74916 4.753 4.75656 4.75986 4.76293 4.76576 4.7684 4.77083 4.7731 4.77519 4.77713 4.77894 4.7806 4.78215 4.78359 4.78492 4.78615 4.78729 4.78835 4.78933 4.79024 4.79108 4.79186 4.79258 4.79325 4.79388 4.79478
 0 2.05677e-06 9.53115e-06 0.000151872 0.00136029 0.0074401 0.0274603 0.0743485 0.15787 0.277055 0.418712 0.563076 0.69216 0.795468 0.870827 0.921776 0.954182 0.973831 0.985318 0.991855 0.995506 0.997522 0.998629 0.999236 0.99957 0.999755 0.999858 0.999916 0.99995 0.999969 0.999981 0.999988 0.999992 0.999995 0.999996 0.999997 0.999998 0.999998 0.999999 0.999999 0.999999 0.999999 0.999999 0.999999 0.999999 0.999999 0.999999 0.999999 0.999999 0.999999 0.999999 0.999999 0.999999 0.999999 0.999999 0.999999 0.999999 0.999999 0.999999 0.999999 0.999999 0.999999 0.999999 0.999999 0.999999 0.999999 0.999999 0.999999 0.999999 0.999999 0.999999 0.999999 0.999999 0.999999 0.999999 0.999999 0.999999 0.999999 0.999999 0.999999 0.999999 0.999999 0.999999 0.999999 0.999999 0.999999 0.999999 0.999999 0.999999 0.999999 0.999999 0.999999 0.999999 0.999999 0.999999 0.999999 0.999999 0.999999 0.999999 0.999999 0.999999
# Sex ratio correction
1
# M and current age-structure in year Yinit: 2011
 # gender = 1
 0.0439034 0.0439034 0.0439034 0.0439034 0.0439034 0.0439034 0.0439034 0.0439034 0.0439034 0.0439034 0.0439034 0.0439034 0.0439034 0.0439034 0.0439034 0.0439034 0.0439034 0.0439034 0.0439034 0.0439034 0.0439034 0.0439034 0.0439034 0.0439034 0.0439034 0.0439034 0.0439034 0.0439034 0.0439034 0.0439034 0.0439034 0.0439034 0.0439034 0.0439034 0.0439034 0.0439034 0.0439034 0.0439034 0.0439034 0.0439034 0.0439034 0.0439034 0.0439034 0.0439034 0.0439034 0.0439034 0.0439034 0.0439034 0.0439034 0.0439034 0.0439034 0.0439034 0.0439034 0.0439034 0.0439034 0.0439034 0.0439034 0.0439034 0.0439034 0.0439034 0.0439034 0.0439034 0.0439034 0.0439034 0.0439034 0.0439034 0.0439034 0.0439034 0.0439034 0.0439034 0.0439034 0.0439034 0.0439034 0.0439034 0.0439034 0.0439034 0.0439034 0.0439034 0.0439034 0.0439034 0.0439034 0.0439034 0.0439034 0.0439034 0.0439034 0.0439034 0.0439034 0.0439034 0.0439034 0.0439034 0.0439034 0.0439034 0.0439034 0.0439034 0.0439034 0.0439034 0.0439034 0.0439034 0.0439034 0.0439034 0.0439034
 228.766 283.026 292.922 337.312 199.234 183.414 104.29 65.2602 92.9716 212.941 62.5617 49.8945 87.5394 55.642 34.6119 27.4883 27.3749 53.3423 57.3561 27.976 22.4812 22.5285 21.8867 22.2528 25.3584 28.1181 34.5003 33.3722 21.0853 22.7219 19.433 15.5337 11.135 7.49029 8.61461 7.75801 7.96353 4.91611 3.99205 4.69386 7.45146 4.57345 3.42581 2.89963 2.24724 1.89334 1.49345 1.21579 1.13868 1.20044 1.31448 1.33551 1.20333 1.03952 0.916305 0.838272 0.799937 0.797561 0.830473 0.901272 1.00931 1.13378 1.20769 1.15415 1.01003 0.864044 0.749517 0.666192 0.606351 0.562138 0.528425 0.501849 0.480344 0.462378 0.446465 0.431355 0.41613 0.400489 0.384591 0.368929 0.354018 0.340248 0.327718 0.316387 0.305941 0.295959 0.286351 0.276884 0.267381 0.257757 0.247995 0.23812 0.228203 0.218365 0.20863 0.199129 0.189939 0.181109 0.172665 0.164622 3.53699
# Age-structure at Ydeclare= 2013
 465.012 200.851 209.534 259.229 268.284 308.91 182.415 167.853 95.3703 59.6172 84.8317 194.066 56.9552 45.383 79.5692 50.5502 31.4333 24.9576 24.8504 48.4173 52.0565 25.3896 20.402 20.4443 19.8614 20.1931 23.0106 25.5139 31.3039 30.279 19.13 20.6138 17.6292 14.0911 10.1005 6.79411 7.81368 7.0365 7.22269 4.45864 3.62047 4.25682 6.75748 4.1474 3.1066 2.62938 2.03776 1.71682 1.35419 1.10241 1.03248 1.08847 1.19187 1.21093 1.09107 0.942539 0.83082 0.760065 0.725305 0.72315 0.75299 0.817183 0.915143 1.028 1.09501 1.04646 0.915785 0.783422 0.67958 0.60403 0.549772 0.509685 0.479117 0.455021 0.435522 0.419232 0.404804 0.391104 0.377299 0.363118 0.348703 0.334502 0.320983 0.308498 0.297138 0.286863 0.277393 0.268342 0.259631 0.251047 0.24243 0.233704 0.224854 0.2159 0.206909 0.197989 0.189163 0.180548 0.172216 0.164209 3.51277
# Year for Tmin Age-structure (set to Ydecl by SS)
2013
#  recruitment and biomass
# Number of historical assessment years
137
# Historical data
# year recruitment spawner in B0 in R project in R/S project
1888  1889 1890 1891 1892 1893 1894 1895 1896 1897 1898 1899 1900 1901 1902 1903 1904 1905 1906 1907 1908 1909 1910 1911 1912 1913 1914 1915 1916 1917 1918 1919 1920 1921 1922 1923 1924 1925 1926 1927 1928 1929 1930 1931 1932 1933 1934 1935 1936 1937 1938 1939 1940 1941 1942 1943 1944 1945 1946 1947 1948 1949 1950 1951 1952 1953 1954 1955 1956 1957 1958 1959 1960 1961 1962 1963 1964 1965 1966 1967 1968 1969 1970 1971 1972 1973 1974 1975 1976 1977 1978 1979 1980 1981 1982 1983 1984 1985 1986 1987 1988 1989 1990 1991 1992 1993 1994 1995 1996 1997 1998 1999 2000 2001 2002 2003 2004 2005 2006 2007 2008 2009 2010 2011 2012 2013 2014 2015 2016 2017 2018 2019 2020 2021 2022 2023 2024 #years (with first value representing R0)
223.331 227.248 227.386 227.529 227.678 227.823 227.973 228.13 228.298 228.475 228.659 228.851 229.052 229.264 229.485 229.715 229.959 230.219 230.495 230.8 231.129 231.483 231.864 232.267 232.688 233.11 233.509 233.844 234.064 234.11 233.901 233.321 232.382 231.004 229.165 226.889 224.23 221.283 218.202 215.153 212.176 209.518 207.307 205.482 203.909 202.315 200.418 198.006 195.081 191.858 188.787 186.367 185.088 185.346 187.615 192.651 201.57 216.003 237.195 264.104 287.423 286.386 255.959 216.881 184.299 161.581 147.622 140.825 140.326 145.807 157.172 172.782 181.985 169.841 146.903 131.785 132.822 153.596 182.737 202.708 243.216 265.513 325.105 481.681 273.388 207.524 225.99 320.868 271.696 260.127 193.476 244.155 287.059 300.723 292.772 225.229 295.129 252.948 171.841 130.278 97.1767 82.3175 74.1071 65.7324 73.9108 139.032 120.198 57.8958 54.9344 65.62 100.327 150.313 81.667 97.6841 317.408 132.393 88.8386 135.786 228.479 237.496 384.807 319.806 295.728 228.766 209.865 465.012 229.049 303.466 216.913 110.32 107.216 113.349 113.07 150.566 168.665 173.745 185.494  #recruits; first value is R0 (virgin)
1131.22  1131.22 1131.22 1131.2 1131.17 1130.71 1130.25 1129.78 1129.63 1129.56 1129.48 1129.41 1129.35 1129.3 1129.27 1129.27 1129.31 1129.38 1129.49 1129.63 1129.8 1129.88 1130.11 1130.35 1130.61 1130.88 1131.17 1131.47 1131.71 1132.04 1132.22 1130.35 1130.09 1129.96 1129.92 1130.18 1130.39 1130.07 1129.41 1127.98 1125.84 1123.82 1122.28 1120.42 1119.6 1118.95 1118.29 1117.1 1115.85 1113.59 1111.54 1109.12 1107.25 1104.13 1099.39 1094.2 1084.38 1073.77 1057.83 1043.01 1035.84 1027.58 1020.99 1013.61 1004.56 996.54 990.306 982.912 975.952 969.039 961.16 954.161 948.493 944.221 941.985 939.141 937.813 937.645 927.567 924.296 919.014 913.193 898.089 887.554 873.796 856.84 838.503 818.394 798.681 776.228 754.179 719.623 683.415 656.095 621.454 564.936 517.015 489.421 452.723 423.566 396.476 373.534 344.569 324.082 289.873 258.969 229.354 213.698 197.883 180.518 160.248 153.936 143.253 144.537 145.169 150.982 156.966 163.147 169.301 175.744 181.659 187.934 194.15 201.104 208.362 215.944 224.435 233.887 243.834 255.054 266.511 279.641 294.098 310.937 329.334 348.037 367.488 #spbio; first value is SSB_virgin (virgin)
1 0 0 0 0 0 0 0 0 0 0 0 0 0 0 0 0 0 0 0 0 0 0 0 0 0 0 0 0 0 0 0 0 0 0 0 0 0 0 0 0 0 0 0 0 0 0 0 0 0 0 0 0 0 0 0 0 0 0 0 0 0 0 0 0 0 0 0 0 0 0 0 0 0 0 0 0 0 0 0 0 0 0 0 0 0 0 0 0 0 0 0 0 0 0 0 0 0 0 0 0 0 0 0 0 0 0 0 0 0 0 0 0 0 0 0 0 0 0 0 0 0 0 0 0 0 0 0 0 0 0 0 0 0 0 0 0  # in Bzero
0 1 1 1 1 1 1 1 1 1 1 1 1 1 1 1 1 1 1 1 1 1 1 1 1 1 1 1 1 1 1 1 1 1 1 1 1 1 1 1 1 1 1 1 1 1 1 1 1 1 1 1 1 1 1 1 1 1 1 1 1 1 1 1 1 1 1 1 1 1 1 1 1 1 1 1 1 1 1 1 1 1 1 1 1 1 1 1 1 1 1 1 1 1 1 1 1 1 1 1 1 1 1 1 1 1 1 1 1 1 1 1 1 1 1 1 1 1 1 1 1 1 1 1 1 1 1 1 1 1 1 1 1 1  0 0 0 # in R project
0 1 1 1 1 1 1 1 1 1 1 1 1 1 1 1 1 1 1 1 1 1 1 1 1 1 1 1 1 1 1 1 1 1 1 1 1 1 1 1 1 1 1 1 1 1 1 1 1 1 1 1 1 1 1 1 1 1 1 1 1 1 1 1 1 1 1 1 1 1 1 1 1 1 1 1 1 1 1 1 1 1 1 1 1 1 1 1 1 1 1 1 1 1 1 1 1 1 1 1 1 1 1 1 1 1 1 1 1 1 1 1 1 1 1 1 1 1 1 1 1 1 1 1 1 1 1 1 1 1 1 1 1 1  0 0 0 # in R/S project
# Number of years with pre-specified catches
0
# catches for years with pre-specified catches go next
# Number of future recruitments to override
-2
# Process for overiding (-1 for average otherwise index in data list)
# Which probability to product detailed results for (1=0.5; 2=0.6; etc.)
3
# Steepness sigma-R Auto-correlation
0.718 0.5 0
# Target SPR rate (FMSY Proxy); manually change to SPR_MSY if not using SPR_target
0.5
# Discount rate (for cumulative catch)
0.1
# Truncate the series when 0.4B0 is reached (1=Yes)
0
# Set F to FMSY once 0.4B0 is reached (1=Yes)
0
# Maximum possible F for projection (-1 to set to FMSY)
-1
# Defintion of recovery (1=now only;2=now or before)
2
# Projection type
4
# Definition of the 40-10 rule
10 40
# Sigma Assessment Error (Base, Year1, Slope, MaxSigma)
1.0 2025 0.075 2.0
# Pstar
0.45
# Constrain catches by the ABC (1=yes, 2=no)
2
# Implementation Error (0=no; 1=lognormal; 2=uniform)
0
#Parameters of Implementaion Error
1 0.3
# Calculate coefficients of variation (1=Yes)
0
# Number of replicates to use
10
# Random number seed
-99004
# File with multiple parameter vectors 
rebuild.SSO
# User-specific projection (1=Yes); Output replaced (1->9)
0  5
# Catches and Fs (Year; 1/2/3 (F or C or SPR); value); Final row is -1
2024 1 1
-1 -1 -1
# Fixed catch project (1=Yes); Output replaced (1->9); Approach (-1=Read in else 1-9)
0 2 -1
# (48a) Special catch options (1-Yes) [CUT_OFF, Emsy, distribution, MAXCAT, Add, replace_code]
0 0.18 1.00 1.00 0 6
# (48b) B1Target
150000
# Split of Fs
2011  0.0173969
 0
 0.410841
 0.0231069
 0.185973
 0.190409
 0.172273
-1  1 1 1 1 1 1 1 1 1 1 1 1
# Yrs to define T_target for projection type 4 (a.k.a. 5 pre-specified inputs)
2030 2031 2032 2033 2034 
# Year for probability of recovery
2034 2035 2036 2037 2038 2039 2040 2041
# Time varying weight-at-age (1=Yes;0=No)
0
# File with time series of weight-at-age data
none
# Use bisection (0) or linear interpolation (1)
1
# Target Depletion
0.4
# CV of implementation error
0
