#Title, #runnumber: 1 yelloweye_data.ss yelloweye_control.ss 5738.33 1121.71 292.758 StartTime: Sun Apr 27 22:28:35 2025
SSv3_default_rebuild.dat
# Number of sexes
1
# Age range to consider (minimum age; maximum age)
0 100
# Number of fleets
7
# First year of projection (Yinit)
2011
# First Year of rebuilding period (Ydecl)
2013
# Number of simulations
1000
# Maximum number of years
500
# Conduct projections with multiple starting values (0=No;else yes)
0
# Number of parameter vectors
1000
# Is the maximum age a plus-group (1=Yes;2=No)
1
# Generate future recruitments using historical recruitments (1)  historical recruits/spawner (2)  or a stock-recruitment (3)
3
# Constant fishing mortality (1) or constant Catch (2) projections
1
# Fishing mortality based on SPR (1) or actual rate (2)
1
# Pre-specify the year of recovery (or -1) to ignore
-1
# Fecundity-at-age
# 0 1 2 3 4 5 6 7 8 9 10 11 12 13 14 15 16 17 18 19 20 21 22 23 24 25 26 27 28 29 30 31 32 33 34 35 36 37 38 39 40 41 42 43 44 45 46 47 48 49 50 51 52 53 54 55 56 57 58 59 60 61 62 63 64 65 66 67 68 69 70 71 72 73 74 75 76 77 78 79 80 81 82 83 84 85 86 87 88 89 90 91 92 93 94 95 96 97 98 99 100 #runnumber: 1 yelloweye_data.ss yelloweye_control.ss 5738.33 1121.71 292.758
 0 0 3.06522e-08 3.87408e-07 3.48457e-06 2.41319e-05 0.000133439 0.000593416 0.00211601 0.00609582 0.0145046 0.0293515 0.0520114 0.0828148 0.121053 0.165289 0.213768 0.264771 0.316832 0.36883 0.419989 0.469818 0.518044 0.564543 0.609279 0.652271 0.693561 0.733199 0.771236 0.807721 0.842697 0.876202 0.908274 0.938949 0.968259 0.996241 1.02293 1.04836 1.07256 1.09559 1.11747 1.13825 1.15796 1.17665 1.19435 1.21111 1.22697 1.24197 1.25614 1.26953 1.28216 1.29409 1.30534 1.31594 1.32594 1.33535 1.34422 1.35257 1.36043 1.36782 1.37478 1.38132 1.38747 1.39326 1.39869 1.4038 1.4086 1.41311 1.41734 1.42132 1.42505 1.42865 1.43202 1.43519 1.43817 1.44096 1.44358 1.44603 1.44834 1.4505 1.45253 1.45444 1.45622 1.4579 1.45947 1.46094 1.46232 1.46362 1.46483 1.46597 1.46704 1.46804 1.46898 1.46986 1.47068 1.47146 1.47218 1.47286 1.4735 1.4741 1.47503 #female fecundity; weighted by N in year Y_init across morphs and areas
# Age specific selectivity and weight adjusted for discard and discard mortality
 #wt and selex for gender,fleet: 1 1 1_CA_TWL
 0.0110766 0.0228963 0.0621671 0.120335 0.196934 0.289 0.393092 0.506065 0.625312 0.748801 0.875056 1.00313 1.13257 1.26327 1.39539 1.52909 1.66444 1.80133 1.93941 2.07812 2.21676 2.35456 2.49075 2.62462 2.75556 2.88305 3.0067 3.12622 3.24141 3.35215 3.45838 3.56008 3.6573 3.75007 3.8385 3.92267 4.00271 4.07873 4.15088 4.21929 4.2841 4.34546 4.40351 4.4584 4.51026 4.55924 4.60547 4.64909 4.69022 4.729 4.76553 4.79995 4.83236 4.86286 4.89157 4.91858 4.94399 4.96787 4.99033 5.01144 5.03128 5.04992 5.06743 5.08388 5.09932 5.11383 5.12745 5.14023 5.15223 5.16349 5.17416 5.18427 5.19376 5.20266 5.21101 5.21884 5.22619 5.23308 5.23955 5.24561 5.25129 5.25662 5.26162 5.26631 5.27071 5.27483 5.27869 5.28232 5.28571 5.2889 5.29188 5.29468 5.2973 5.29976 5.30207 5.30423 5.30625 5.30815 5.30993 5.3116 5.31422
 0 0.00070097 0.00267102 0.00883899 0.0234691 0.0517233 0.0978331 0.163364 0.246452 0.342233 0.444085 0.545103 0.639354 0.722653 0.792791 0.849337 0.893182 0.926007 0.94982 0.966615 0.978166 0.985934 0.991055 0.994375 0.996494 0.997831 0.998664 0.999181 0.999498 0.999692 0.999811 0.999883 0.999927 0.999954 0.999971 0.999981 0.999988 0.999991 0.999994 0.999995 0.999996 0.999997 0.999997 0.999998 0.999998 0.999998 0.999998 0.999998 0.999998 0.999998 0.999998 0.999998 0.999998 0.999998 0.999998 0.999998 0.999998 0.999998 0.999998 0.999998 0.999998 0.999998 0.999998 0.999998 0.999998 0.999998 0.999998 0.999998 0.999997 0.999997 0.999997 0.999997 0.999997 0.999997 0.999997 0.999997 0.999997 0.999997 0.999997 0.999997 0.999997 0.999997 0.999997 0.999997 0.999997 0.999997 0.999997 0.999997 0.999997 0.999997 0.999997 0.999997 0.999997 0.999997 0.999997 0.999997 0.999997 0.999997 0.999997 0.999997 0.999997
 #wt and selex for gender,fleet: 1 3 3_CA_REC
 0.010977 0.0212531 0.0559582 0.108333 0.177911 0.262462 0.359219 0.465516 0.57905 0.697987 0.821034 0.947459 1.07699 1.20963 1.34538 1.48411 1.62542 1.76866 1.91298 2.05742 2.20103 2.34294 2.48238 2.61873 2.75148 2.88028 3.00484 3.12499 3.2406 3.35162 3.45804 3.55986 3.65715 3.74998 3.83844 3.92263 4.00268 4.07872 4.15087 4.21928 4.2841 4.34546 4.40351 4.4584 4.51026 4.55924 4.60547 4.64909 4.69022 4.729 4.76553 4.79995 4.83236 4.86286 4.89157 4.91858 4.94399 4.96787 4.99033 5.01144 5.03128 5.04992 5.06743 5.08388 5.09932 5.11383 5.12745 5.14023 5.15223 5.16349 5.17416 5.18427 5.19376 5.20266 5.21101 5.21884 5.22619 5.23308 5.23955 5.24561 5.25129 5.25663 5.26163 5.26631 5.27071 5.27483 5.27869 5.28232 5.28571 5.2889 5.29188 5.29468 5.29731 5.29976 5.30207 5.30423 5.30626 5.30815 5.30993 5.3116 5.31422
 0 0.00583428 0.0156799 0.0378497 0.0775368 0.138107 0.219205 0.316564 0.423152 0.530934 0.632548 0.722506 0.797726 0.857439 0.902659 0.935468 0.958371 0.973808 0.983891 0.990293 0.994257 0.996655 0.998079 0.998909 0.999386 0.999657 0.999809 0.999894 0.999941 0.999967 0.999982 0.99999 0.999994 0.999996 0.999998 0.999999 0.999999 0.999999 0.999999 0.999999 0.999999 0.999999 0.999999 0.999999 0.999999 0.999999 0.999999 0.999999 0.999999 0.999999 0.999999 0.999999 0.999999 0.999999 0.999999 0.999999 0.999999 0.999999 0.999999 0.999999 0.999999 0.999999 0.999999 0.999999 0.999999 0.999999 0.999999 0.999999 0.999999 0.999999 0.999999 0.999999 0.999999 0.999999 0.999999 0.999999 0.999999 0.999999 0.999999 0.999999 0.999999 0.999999 0.999999 0.999999 0.999999 0.999999 0.999999 0.999999 0.999999 0.999999 0.999999 0.999999 0.999999 0.999999 0.999999 0.999999 0.999999 0.999999 0.999999 0.999999 0.999999
 #wt and selex for gender,fleet: 1 4 4_ORWA_TWL
 0.0109052 0.0200492 0.0512641 0.10009 0.166578 0.249386 0.346421 0.455369 0.57398 0.700202 0.832237 0.96854 1.10781 1.24898 1.39119 1.53377 1.67622 1.81812 1.95912 2.09891 2.23715 2.37351 2.50762 2.63913 2.76767 2.89293 3.0146 3.13243 3.24623 3.35585 3.4612 3.56222 3.65891 3.75128 3.83941 3.92336 4.00322 4.07912 4.15118 4.21952 4.28428 4.3456 4.40362 4.45848 4.51033 4.55929 4.60551 4.64912 4.69025 4.72902 4.76555 4.79996 4.83237 4.86287 4.89158 4.91859 4.94399 4.96788 4.99034 5.01145 5.03128 5.04992 5.06743 5.08388 5.09933 5.11383 5.12745 5.14023 5.15223 5.16349 5.17416 5.18427 5.19376 5.20266 5.21101 5.21884 5.22619 5.23308 5.23955 5.24561 5.25129 5.25663 5.26163 5.26631 5.27071 5.27483 5.27869 5.28232 5.28571 5.2889 5.29188 5.29468 5.29731 5.29976 5.30207 5.30423 5.30626 5.30815 5.30993 5.3116 5.31422
 0 0.0111864 0.0229787 0.0438344 0.0755703 0.119269 0.174656 0.240124 0.31307 0.39036 0.468782 0.545404 0.617801 0.68417 0.743355 0.794797 0.838453 0.874681 0.904122 0.927587 0.945952 0.96009 0.97081 0.978827 0.984751 0.989081 0.992217 0.994471 0.99608 0.997224 0.998033 0.998604 0.999007 0.999292 0.999492 0.999634 0.999735 0.999806 0.999857 0.999894 0.999921 0.99994 0.999954 0.999964 0.999972 0.999978 0.999982 0.999985 0.999988 0.99999 0.999991 0.999993 0.999993 0.999994 0.999995 0.999995 0.999995 0.999996 0.999996 0.999996 0.999996 0.999996 0.999997 0.999997 0.999997 0.999997 0.999997 0.999997 0.999997 0.999997 0.999997 0.999997 0.999997 0.999997 0.999997 0.999997 0.999997 0.999997 0.999997 0.999997 0.999997 0.999997 0.999997 0.999997 0.999997 0.999997 0.999997 0.999997 0.999997 0.999997 0.999997 0.999997 0.999997 0.999997 0.999997 0.999997 0.999997 0.999997 0.999997 0.999997 0.999997
 #wt and selex for gender,fleet: 1 5 5_ORWA_NONTWL
 0.0109951 0.0215784 0.0576532 0.112711 0.186768 0.277728 0.382717 0.498813 0.623371 0.754132 0.889236 1.02718 1.16676 1.30706 1.44737 1.58719 1.72618 1.86409 2.00076 2.13603 2.26974 2.40168 2.53161 2.65928 2.78438 2.90661 3.02568 3.14132 3.2533 3.36144 3.46559 3.56565 3.66159 3.75337 3.84103 3.92462 4.00421 4.0799 4.15178 4.21999 4.28466 4.3459 4.40386 4.45868 4.51048 4.55942 4.60562 4.64921 4.69032 4.72908 4.7656 4.80001 4.83241 4.86291 4.89161 4.91861 4.94401 4.9679 4.99036 5.01146 5.0313 5.04994 5.06745 5.08389 5.09934 5.11384 5.12746 5.14024 5.15224 5.1635 5.17417 5.18428 5.19377 5.20267 5.21102 5.21885 5.2262 5.23309 5.23955 5.24562 5.2513 5.25663 5.26163 5.26632 5.27072 5.27484 5.2787 5.28232 5.28572 5.2889 5.29189 5.29469 5.29731 5.29977 5.30208 5.30424 5.30626 5.30816 5.30994 5.31161 5.31422
 0 0.00112283 0.00327356 0.00872941 0.0198932 0.0395329 0.07002 0.112659 0.167329 0.232503 0.305575 0.38333 0.462425 0.53978 0.612844 0.679737 0.739277 0.79093 0.834704 0.871015 0.900551 0.924154 0.942714 0.957099 0.968105 0.97643 0.982667 0.9873 0.990717 0.993223 0.995054 0.996387 0.997356 0.998059 0.99857 0.998942 0.999213 0.999411 0.999556 0.999664 0.999743 0.999802 0.999846 0.99988 0.999905 0.999924 0.999939 0.999951 0.99996 0.999967 0.999973 0.999977 0.999981 0.999983 0.999986 0.999988 0.999989 0.999991 0.999992 0.999993 0.999993 0.999994 0.999995 0.999995 0.999995 0.999996 0.999996 0.999996 0.999997 0.999997 0.999997 0.999997 0.999997 0.999997 0.999997 0.999997 0.999997 0.999997 0.999998 0.999998 0.999998 0.999998 0.999998 0.999998 0.999998 0.999998 0.999998 0.999998 0.999998 0.999998 0.999998 0.999998 0.999998 0.999998 0.999998 0.999998 0.999998 0.999998 0.999998 0.999998 0.999998
 #wt and selex for gender,fleet: 1 6 6_OR_REC
 0.0115934 0.0299886 0.080337 0.148165 0.230374 0.321385 0.4169 0.514392 0.61328 0.714678 0.820584 0.932963 1.05309 1.18123 1.31669 1.45807 1.60362 1.75154 1.9002 2.04827 2.19468 2.33861 2.47944 2.6167 2.75003 2.87917 3.00393 3.12419 3.23986 3.3509 3.45732 3.55914 3.65642 3.74923 3.83767 3.92185 4.00188 4.07791 4.15005 4.21845 4.28325 4.34461 4.40265 4.45753 4.50938 4.55836 4.60458 4.64819 4.68932 4.72809 4.76463 4.79904 4.83144 4.86194 4.89065 4.91766 4.94306 4.96695 4.9894 5.01051 5.03035 5.04898 5.06649 5.08294 5.09838 5.11289 5.1265 5.13929 5.15129 5.16255 5.17322 5.18332 5.1928 5.2017 5.21005 5.21788 5.22522 5.23211 5.23857 5.24463 5.25032 5.25565 5.26064 5.26533 5.26972 5.27384 5.27771 5.28133 5.28472 5.28791 5.29089 5.29369 5.29631 5.29877 5.30107 5.30323 5.30526 5.30715 5.30893 5.3106 5.31321
 0 6.09138e-05 0.000742934 0.00546369 0.0243038 0.0733322 0.164704 0.295672 0.447958 0.597596 0.725921 0.824451 0.893551 0.938498 0.965933 0.981783 0.990503 0.995086 0.997383 0.99847 0.998938 0.999099 0.999112 0.999054 0.998965 0.998861 0.998753 0.998643 0.998534 0.998427 0.998323 0.998222 0.998125 0.998031 0.997941 0.997855 0.997772 0.997693 0.997617 0.997546 0.997477 0.997412 0.997351 0.997292 0.997237 0.997185 0.997135 0.997088 0.997044 0.997002 0.996962 0.996925 0.99689 0.996857 0.996826 0.996796 0.996769 0.996743 0.996718 0.996695 0.996674 0.996653 0.996634 0.996616 0.996599 0.996583 0.996568 0.996554 0.996541 0.996529 0.996517 0.996506 0.996496 0.996486 0.996477 0.996468 0.99646 0.996452 0.996445 0.996439 0.996432 0.996426 0.996421 0.996416 0.996411 0.996406 0.996402 0.996398 0.996394 0.996391 0.996387 0.996384 0.996382 0.996379 0.996376 0.996374 0.996372 0.99637 0.996368 0.996366 0.996363
 #wt and selex for gender,fleet: 1 7 7_WA_REC
 0.0115658 0.0298625 0.0820173 0.155187 0.247097 0.352027 0.464909 0.581947 0.700574 0.819289 0.93753 1.05552 1.17403 1.29408 1.41664 1.54239 1.67161 1.80414 1.9394 2.07652 2.21447 2.35215 2.48855 2.62277 2.75409 2.88193 3.00588 3.12563 3.241 3.35186 3.45818 3.55995 3.65721 3.75001 3.83846 3.92264 4.00269 4.07872 4.15087 4.21929 4.2841 4.34546 4.40351 4.4584 4.51026 4.55924 4.60547 4.64909 4.69022 4.729 4.76553 4.79995 4.83236 4.86286 4.89157 4.91858 4.94399 4.96787 4.99033 5.01144 5.03128 5.04992 5.06743 5.08388 5.09932 5.11383 5.12745 5.14023 5.15223 5.16349 5.17416 5.18427 5.19376 5.20266 5.21101 5.21884 5.22619 5.23308 5.23955 5.24561 5.25129 5.25663 5.26163 5.26631 5.27071 5.27483 5.27869 5.28232 5.28571 5.2889 5.29188 5.29468 5.29731 5.29976 5.30207 5.30423 5.30626 5.30815 5.30993 5.3116 5.31422
 0 6.72009e-06 8.46258e-05 0.000702149 0.00371019 0.0136466 0.0377351 0.0834282 0.15472 0.24975 0.361118 0.478402 0.59131 0.692032 0.776216 0.842737 0.892804 0.928921 0.954024 0.970913 0.981953 0.988992 0.993384 0.996072 0.997691 0.998653 0.999219 0.999549 0.99974 0.99985 0.999913 0.99995 0.99997 0.999983 0.99999 0.999994 0.999996 0.999997 0.999998 0.999999 0.999999 0.999999 0.999999 0.999999 0.999999 0.999999 0.999999 0.999999 0.999999 0.999999 0.999999 0.999999 0.999999 0.999999 0.999999 0.999999 0.999999 0.999999 0.999999 0.999999 0.999999 0.999999 0.999999 0.999999 0.999999 0.999999 0.999999 0.999999 0.999999 0.999999 0.999999 0.999999 0.999999 0.999999 0.999999 0.999999 0.999999 0.999999 0.999999 0.999999 0.999999 0.999999 0.999999 0.999999 0.999999 0.999999 0.999999 0.999999 0.999999 0.999999 0.999999 0.999999 0.999999 0.999999 0.999999 0.999999 0.999999 0.999999 0.999999 0.999999 0.999999
# Sex ratio correction
1
# M and current age-structure in year Yinit: 2011
 # gender = 1
 0.0439034 0.0439034 0.0439034 0.0439034 0.0439034 0.0439034 0.0439034 0.0439034 0.0439034 0.0439034 0.0439034 0.0439034 0.0439034 0.0439034 0.0439034 0.0439034 0.0439034 0.0439034 0.0439034 0.0439034 0.0439034 0.0439034 0.0439034 0.0439034 0.0439034 0.0439034 0.0439034 0.0439034 0.0439034 0.0439034 0.0439034 0.0439034 0.0439034 0.0439034 0.0439034 0.0439034 0.0439034 0.0439034 0.0439034 0.0439034 0.0439034 0.0439034 0.0439034 0.0439034 0.0439034 0.0439034 0.0439034 0.0439034 0.0439034 0.0439034 0.0439034 0.0439034 0.0439034 0.0439034 0.0439034 0.0439034 0.0439034 0.0439034 0.0439034 0.0439034 0.0439034 0.0439034 0.0439034 0.0439034 0.0439034 0.0439034 0.0439034 0.0439034 0.0439034 0.0439034 0.0439034 0.0439034 0.0439034 0.0439034 0.0439034 0.0439034 0.0439034 0.0439034 0.0439034 0.0439034 0.0439034 0.0439034 0.0439034 0.0439034 0.0439034 0.0439034 0.0439034 0.0439034 0.0439034 0.0439034 0.0439034 0.0439034 0.0439034 0.0439034 0.0439034 0.0439034 0.0439034 0.0439034 0.0439034 0.0439034 0.0439034
 230.022 234.115 208.628 270.395 168.529 126.12 93.3141 68.7135 143.322 270.178 98.227 70.4577 130.021 67.2411 39.0577 31.6846 31.6887 63.3383 82.1349 32.3025 24.2245 25.3411 27.5822 28.1969 28.3526 27.3517 31.1462 37.6834 29.756 33.3209 22.7047 15.2255 10.8231 8.28549 8.76335 8.13757 7.67097 4.84615 4.48174 5.35224 8.24113 5.55507 4.1211 3.0204 2.28683 1.84876 1.40977 1.14212 1.07501 1.14551 1.28266 1.36254 1.28118 1.11226 0.954578 0.84248 0.780223 0.762396 0.784002 0.842974 0.933145 1.02937 1.07534 1.02413 0.907509 0.787002 0.68863 0.614515 0.55982 0.518468 0.486277 0.460387 0.439012 0.420759 0.404144 0.387861 0.371016 0.353478 0.335688 0.318392 0.302258 0.287692 0.274765 0.263388 0.253296 0.244166 0.235708 0.227678 0.219879 0.212186 0.204523 0.196853 0.189181 0.181568 0.174009 0.16647 0.159153 0.152092 0.145306 0.138813 3.06739
# Age-structure at Ydeclare= 2013
 119.774 111.835 210.684 214.428 191.075 247.617 154.297 115.423 85.3501 62.8022 130.881 246.512 89.5484 64.1851 118.371 61.185 35.5256 28.8103 28.8074 57.5695 74.6448 29.3541 22.012 23.0254 25.0606 25.6182 25.7587 24.8484 28.2946 34.2317 27.0292 30.2661 20.6223 13.8285 9.82968 7.52474 7.95848 7.38997 6.96606 4.4007 4.06969 4.86002 7.48304 5.04394 3.74182 2.74235 2.07627 1.6785 1.27992 1.0369 0.975961 1.03996 1.16446 1.23697 1.16309 1.00974 0.866588 0.764821 0.7083 0.692115 0.711727 0.765262 0.847118 0.93447 0.976199 0.929708 0.823841 0.714443 0.625139 0.557857 0.508204 0.470664 0.441442 0.417938 0.398533 0.381963 0.366879 0.352098 0.336806 0.320885 0.304735 0.289035 0.274388 0.261166 0.24943 0.239103 0.229941 0.221653 0.213975 0.206685 0.199606 0.192622 0.185666 0.178702 0.171738 0.164827 0.157966 0.151121 0.144479 0.138069 3.04251
# Year for Tmin Age-structure (set to Ydecl by SS)
2013
#  recruitment and biomass
# Number of historical assessment years
129
# Historical data
# year recruitment spawner in B0 in R project in R/S project
1888  1889 1890 1891 1892 1893 1894 1895 1896 1897 1898 1899 1900 1901 1902 1903 1904 1905 1906 1907 1908 1909 1910 1911 1912 1913 1914 1915 1916 1917 1918 1919 1920 1921 1922 1923 1924 1925 1926 1927 1928 1929 1930 1931 1932 1933 1934 1935 1936 1937 1938 1939 1940 1941 1942 1943 1944 1945 1946 1947 1948 1949 1950 1951 1952 1953 1954 1955 1956 1957 1958 1959 1960 1961 1962 1963 1964 1965 1966 1967 1968 1969 1970 1971 1972 1973 1974 1975 1976 1977 1978 1979 1980 1981 1982 1983 1984 1985 1986 1987 1988 1989 1990 1991 1992 1993 1994 1995 1996 1997 1998 1999 2000 2001 2002 2003 2004 2005 2006 2007 2008 2009 2010 2011 2012 2013 2014 2015 2016 #years (with first value representing R0)
216.608 215.083 215.034 214.985 214.934 214.873 214.812 214.748 214.689 214.628 214.567 214.504 214.436 214.369 214.305 214.229 214.153 214.08 214.012 213.956 213.907 213.86 213.82 213.781 213.741 213.677 213.568 213.374 213.06 212.581 211.704 210.503 209.011 207.193 205.07 202.702 200.169 197.581 195.083 192.83 190.979 189.675 188.997 188.887 189.196 189.611 189.736 189.216 187.923 186.031 184.028 182.482 181.918 182.713 185.295 190.344 198.812 212.007 230.575 253.014 271.683 271.404 247.137 213.079 183.04 161.841 149.577 145.429 149.114 160.324 177.109 193.191 194.279 172.61 145.144 127.875 127.084 146.09 177.528 202.29 244.512 303.1 368.359 488.757 281.626 207.588 196.112 269.278 246.103 226.839 182.416 201.496 238.483 298.056 365.713 272.911 289.414 201.181 149.698 132.764 114.277 97.9958 80.0151 68.9005 83.8507 196.919 141.689 66.6609 63.0397 73.7699 120.861 222.717 115.13 153.218 402.536 204.066 93.5434 121.505 157.117 200.901 308.47 227.776 244.622 230.022 116.854 119.774 123.774 143.846 167.055  #recruits; first value is R0 (virgin)
1121.71  1121.71 1121.7 1121.69 1121.66 1121.19 1120.73 1120.27 1120.12 1120.04 1119.95 1119.86 1119.75 1119.61 1119.44 1119.24 1119.01 1118.73 1118.43 1118.09 1117.73 1117.21 1116.78 1116.33 1115.84 1115.34 1114.8 1114.24 1113.59 1112.99 1112.21 1109.35 1108.07 1106.9 1105.77 1104.92 1103.99 1102.49 1100.62 1097.93 1094.51 1091.17 1088.27 1085.01 1082.76 1080.65 1078.51 1075.8 1073.04 1069.27 1065.74 1061.88 1058.63 1054.21 1048.27 1041.99 1031.2 1019.76 1003.12 987.865 980.486 972.22 965.827 958.845 950.379 943.126 937.811 931.466 925.635 919.864 913.061 906.997 902.059 898.301 896.435 893.921 893.044 893.542 884.421 882.511 878.961 875.21 862.451 854.429 843.267 828.938 813.204 795.667 778.441 758.424 738.715 706.426 672.394 646.927 613.992 558.6 511.418 484.786 448.762 420.329 393.698 370.745 341.49 320.999 286.776 255.993 226.754 211.583 196.19 179.528 160.227 154.795 145.32 147.623 149.482 156.475 163.776 171.38 179.042 187.088 194.783 203.03 211.475 220.932 230.988 241.612 253.262 265.881 278.863 #spbio; first value is SSB_virgin (virgin)
1 0 0 0 0 0 0 0 0 0 0 0 0 0 0 0 0 0 0 0 0 0 0 0 0 0 0 0 0 0 0 0 0 0 0 0 0 0 0 0 0 0 0 0 0 0 0 0 0 0 0 0 0 0 0 0 0 0 0 0 0 0 0 0 0 0 0 0 0 0 0 0 0 0 0 0 0 0 0 0 0 0 0 0 0 0 0 0 0 0 0 0 0 0 0 0 0 0 0 0 0 0 0 0 0 0 0 0 0 0 0 0 0 0 0 0 0 0 0 0 0 0 0 0 0 0 0 0 0  # in Bzero
0 1 1 1 1 1 1 1 1 1 1 1 1 1 1 1 1 1 1 1 1 1 1 1 1 1 1 1 1 1 1 1 1 1 1 1 1 1 1 1 1 1 1 1 1 1 1 1 1 1 1 1 1 1 1 1 1 1 1 1 1 1 1 1 1 1 1 1 1 1 1 1 1 1 1 1 1 1 1 1 1 1 1 1 1 1 1 1 1 1 1 1 1 1 1 1 1 1 1 1 1 1 1 1 1 1 1 1 1 1 1 1 1 1 1 1 1 1 1 1 1 1 1 1 1 1  0 0 0 # in R project
0 1 1 1 1 1 1 1 1 1 1 1 1 1 1 1 1 1 1 1 1 1 1 1 1 1 1 1 1 1 1 1 1 1 1 1 1 1 1 1 1 1 1 1 1 1 1 1 1 1 1 1 1 1 1 1 1 1 1 1 1 1 1 1 1 1 1 1 1 1 1 1 1 1 1 1 1 1 1 1 1 1 1 1 1 1 1 1 1 1 1 1 1 1 1 1 1 1 1 1 1 1 1 1 1 1 1 1 1 1 1 1 1 1 1 1 1 1 1 1 1 1 1 1 1 1  0 0 0 # in R/S project
# Number of years with pre-specified catches
0
# catches for years with pre-specified catches go next
# Number of future recruitments to override
-2
# Process for overiding (-1 for average otherwise index in data list)
# Which probability to product detailed results for (1=0.5; 2=0.6; etc.)
3
# Steepness sigma-R Auto-correlation
0.718 0.5 0
# Target SPR rate (FMSY Proxy); manually change to SPR_MSY if not using SPR_target
0.5
# Discount rate (for cumulative catch)
0.1
# Truncate the series when 0.4B0 is reached (1=Yes)
0
# Set F to FMSY once 0.4B0 is reached (1=Yes)
0
# Maximum possible F for projection (-1 to set to FMSY)
-1
# Defintion of recovery (1=now only;2=now or before)
2
# Projection type
4
# Definition of the 40-10 rule
10 40
# Sigma Assessment Error (Base, Year1, Slope, MaxSigma)
1.0 2017 0.075 2.0
# Pstar
0.45
# Constrain catches by the ABC (1=yes, 2=no)
2
# Implementation Error (0=no; 1=lognormal; 2=uniform)
0
#Parameters of Implementaion Error
1 0.3
# Calculate coefficients of variation (1=Yes)
0
# Number of replicates to use
10
# Random number seed
-99004
# File with multiple parameter vectors 
rebuild.SSO
# User-specific projection (1=Yes); Output replaced (1->9)
0  5
# Catches and Fs (Year; 1/2/3 (F or C or SPR); value); Final row is -1
2016 1 1
-1 -1 -1
# Fixed catch project (1=Yes); Output replaced (1->9); Approach (-1=Read in else 1-9)
0 2 -1
# (48a) Special catch options (1-Yes) [CUT_OFF, Emsy, distribution, MAXCAT, Add, replace_code]
0 0.18 1.00 1.00 0 6
# (48b) B1Target
150000
# Split of Fs
2011  0.000528549
 0
 0.16651
 0.00675078
 0.265213
 0.254012
 0.306987
-1  1 1 1 1 1 1 1 1 1 1 1 1
# Yrs to define T_target for projection type 4 (a.k.a. 5 pre-specified inputs)
2022 2023 2024 2025 2026 
# Year for probability of recovery
2026 2027 2028 2029 2030 2031 2032 2033
# Time varying weight-at-age (1=Yes;0=No)
0
# File with time series of weight-at-age data
none
# Use bisection (0) or linear interpolation (1)
1
# Target Depletion
0.4
# CV of implementation error
0
