#Title, #runnumber: 1 yelloweye_data.ss yelloweye_control.ss 6801.78 1114.02 340.888 StartTime: Thu May  1 10:22:49 2025
SSv3_default_rebuild.dat
# Number of sexes
1
# Age range to consider (minimum age; maximum age)
0 100
# Number of fleets
7
# First year of projection (Yinit)
2011
# First Year of rebuilding period (Ydecl)
2013
# Number of simulations
1000
# Maximum number of years
500
# Conduct projections with multiple starting values (0=No;else yes)
0
# Number of parameter vectors
1000
# Is the maximum age a plus-group (1=Yes;2=No)
1
# Generate future recruitments using historical recruitments (1)  historical recruits/spawner (2)  or a stock-recruitment (3)
3
# Constant fishing mortality (1) or constant Catch (2) projections
1
# Fishing mortality based on SPR (1) or actual rate (2)
1
# Pre-specify the year of recovery (or -1) to ignore
-1
# Fecundity-at-age
# 0 1 2 3 4 5 6 7 8 9 10 11 12 13 14 15 16 17 18 19 20 21 22 23 24 25 26 27 28 29 30 31 32 33 34 35 36 37 38 39 40 41 42 43 44 45 46 47 48 49 50 51 52 53 54 55 56 57 58 59 60 61 62 63 64 65 66 67 68 69 70 71 72 73 74 75 76 77 78 79 80 81 82 83 84 85 86 87 88 89 90 91 92 93 94 95 96 97 98 99 100 #runnumber: 1 yelloweye_data.ss yelloweye_control.ss 6801.78 1114.02 340.888
 0 0 2.11266e-09 4.66986e-08 6.30493e-07 5.90856e-06 4.20269e-05 0.00023721 0.00107661 0.00390923 0.0113471 0.0267632 0.0528113 0.090104 0.13706 0.190774 0.248124 0.306518 0.364167 0.42002 0.473571 0.52465 0.573269 0.619519 0.663515 0.705367 0.745172 0.783013 0.818962 0.853084 0.885437 0.916079 0.945065 0.972453 0.9983 1.02267 1.04561 1.06719 1.08747 1.10651 1.12437 1.1411 1.15678 1.17145 1.18517 1.19799 1.20996 1.22114 1.23158 1.24131 1.25038 1.25883 1.26671 1.27404 1.28087 1.28722 1.29313 1.29863 1.30375 1.3085 1.31292 1.31703 1.32085 1.32439 1.32769 1.33075 1.33359 1.33623 1.33868 1.34096 1.34307 1.34506 1.34691 1.34863 1.35022 1.3517 1.35307 1.35435 1.35553 1.35662 1.35764 1.35858 1.35946 1.36027 1.36102 1.36172 1.36237 1.36297 1.36353 1.36405 1.36453 1.36497 1.36538 1.36577 1.36612 1.36645 1.36675 1.36704 1.3673 1.36754 1.3679 #female fecundity; weighted by N in year Y_init across morphs and areas
# Age specific selectivity and weight adjusted for discard and discard mortality
 #wt and selex for gender,fleet: 1 1 1_CA_TWL
 0.00896707 0.00900675 0.025269 0.0658021 0.127507 0.209717 0.309607 0.423808 0.54903 0.682343 0.82131 0.964127 1.10978 1.25795 1.40865 1.56173 1.71661 1.87228 2.02748 2.18091 2.33143 2.47808 2.62014 2.75709 2.8886 3.01444 3.13451 3.24878 3.35729 3.46011 3.55738 3.64924 3.73586 3.81744 3.89417 3.96626 4.03392 4.09736 4.15679 4.21243 4.26448 4.31313 4.35858 4.40102 4.44062 4.47756 4.512 4.5441 4.574 4.60184 4.62776 4.65189 4.67433 4.69521 4.71463 4.73268 4.74946 4.76506 4.77955 4.79302 4.80553 4.81714 4.82793 4.83795 4.84726 4.85589 4.86391 4.87135 4.87826 4.88467 4.89066 4.89625 4.90144 4.90625 4.91072 4.91486 4.9187 4.92227 4.92558 4.92865 4.93149 4.93413 4.93658 4.93885 4.94096 4.94291 4.94473 4.94641 4.94797 4.94941 4.95075 4.952 4.95315 4.95422 4.95521 4.95613 4.95698 4.95777 4.95851 4.95919 4.96018
 0 0.00107368 0.00217188 0.00839576 0.0256243 0.062195 0.125102 0.216042 0.32982 0.45583 0.5814 0.69523 0.789805 0.862293 0.913916 0.948359 0.970084 0.983155 0.990723 0.994974 0.997306 0.998565 0.999236 0.999593 0.999781 0.999881 0.999935 0.999963 0.999979 0.999987 0.999992 0.999995 0.999996 0.999997 0.999997 0.999998 0.999998 0.999998 0.999998 0.999998 0.999998 0.999998 0.999998 0.999998 0.999998 0.999997 0.999997 0.999997 0.999997 0.999997 0.999997 0.999997 0.999997 0.999997 0.999997 0.999997 0.999997 0.999997 0.999997 0.999997 0.999997 0.999997 0.999997 0.999997 0.999997 0.999997 0.999997 0.999997 0.999997 0.999997 0.999997 0.999997 0.999997 0.999997 0.999997 0.999997 0.999997 0.999997 0.999997 0.999997 0.999997 0.999997 0.999997 0.999997 0.999997 0.999997 0.999997 0.999997 0.999997 0.999997 0.999997 0.999997 0.999997 0.999997 0.999997 0.999997 0.999997 0.999997 0.999997 0.999997 0.999997
 #wt and selex for gender,fleet: 1 3 3_CA_REC
 0.00896707 0.00900674 0.0244857 0.0632849 0.12251 0.201543 0.297825 0.408258 0.529769 0.659622 0.795672 0.936666 1.08221 1.23227 1.38652 1.54402 1.70338 1.86296 2.02124 2.1769 2.32893 2.47656 2.61923 2.75656 2.88829 3.01426 3.1344 3.24872 3.35725 3.46009 3.55737 3.64923 3.73586 3.81744 3.89417 3.96626 4.03392 4.09736 4.15679 4.21243 4.26448 4.31313 4.35858 4.40102 4.44062 4.47756 4.512 4.5441 4.574 4.60184 4.62776 4.65189 4.67433 4.69521 4.71463 4.73268 4.74946 4.76506 4.77955 4.79302 4.80553 4.81715 4.82794 4.83795 4.84726 4.85589 4.86391 4.87135 4.87826 4.88467 4.89066 4.89625 4.90144 4.90625 4.91072 4.91486 4.9187 4.92227 4.92558 4.92865 4.93149 4.93413 4.93658 4.93885 4.94096 4.94292 4.94473 4.94641 4.94797 4.94941 4.95075 4.952 4.95315 4.95422 4.95521 4.95613 4.95698 4.95777 4.95851 4.95919 4.96018
 0 0.00393932 0.00744075 0.0234482 0.0598689 0.125014 0.221474 0.343466 0.478457 0.611382 0.729063 0.823287 0.891875 0.937598 0.965785 0.982032 0.990889 0.995504 0.997825 0.998962 0.999508 0.999767 0.99989 0.999947 0.999974 0.999987 0.999994 0.999997 0.999998 0.999999 0.999999 0.999999 0.999999 0.999999 0.999999 0.999999 0.999999 0.999999 0.999999 0.999999 0.999999 0.999999 0.999999 0.999999 0.999999 0.999999 0.999999 0.999999 0.999999 0.999999 0.999999 0.999999 0.999999 0.999999 0.999999 0.999999 0.999999 0.999999 0.999999 0.999999 0.999999 0.999999 0.999999 0.999999 0.999999 0.999999 0.999999 0.999999 0.999999 0.999999 0.999999 0.999999 0.999999 0.999999 0.999999 0.999999 0.999999 0.999999 0.999999 0.999999 0.999999 0.999999 0.999999 0.999999 0.999999 0.999999 0.999999 0.999999 0.999999 0.999999 0.999999 0.999999 0.999999 0.999999 0.999999 0.999999 0.999999 0.999999 0.999999 0.999999 0.999999
 #wt and selex for gender,fleet: 1 4 4_ORWA_TWL
 0.00896707 0.00900673 0.0233233 0.0596945 0.116169 0.192523 0.286857 0.396559 0.518831 0.650981 0.790592 0.935689 1.08489 1.23735 1.39252 1.54975 1.70814 1.86655 2.02375 2.17856 2.32999 2.47721 2.61962 2.75679 2.88842 3.01434 3.13445 3.24874 3.35726 3.4601 3.55737 3.64923 3.73586 3.81744 3.89417 3.96626 4.03392 4.09736 4.15679 4.21243 4.26448 4.31313 4.35858 4.40102 4.44062 4.47756 4.512 4.5441 4.57399 4.60184 4.62776 4.65189 4.67433 4.69521 4.71463 4.73268 4.74946 4.76506 4.77955 4.79302 4.80553 4.81714 4.82793 4.83795 4.84726 4.85589 4.86391 4.87135 4.87826 4.88467 4.89066 4.89625 4.90144 4.90625 4.91071 4.91486 4.9187 4.92227 4.92558 4.92865 4.93149 4.93413 4.93658 4.93885 4.94096 4.94291 4.94473 4.94641 4.94797 4.94941 4.95075 4.952 4.95315 4.95422 4.95521 4.95613 4.95698 4.95777 4.9585 4.95918 4.96018
 0 0.0125243 0.0214051 0.0497191 0.0993973 0.173029 0.26861 0.379571 0.496678 0.610393 0.712774 0.798573 0.86561 0.91453 0.94799 0.969564 0.982771 0.990507 0.994878 0.997279 0.998568 0.99925 0.999607 0.999794 0.99989 0.999941 0.999968 0.999982 0.999989 0.999993 0.999995 0.999996 0.999997 0.999997 0.999997 0.999997 0.999997 0.999997 0.999997 0.999997 0.999997 0.999997 0.999997 0.999997 0.999997 0.999997 0.999997 0.999997 0.999997 0.999996 0.999996 0.999996 0.999996 0.999996 0.999996 0.999996 0.999996 0.999996 0.999996 0.999996 0.999996 0.999996 0.999996 0.999996 0.999996 0.999996 0.999996 0.999996 0.999996 0.999996 0.999996 0.999996 0.999996 0.999996 0.999996 0.999996 0.999996 0.999996 0.999996 0.999996 0.999996 0.999996 0.999996 0.999996 0.999996 0.999996 0.999996 0.999996 0.999996 0.999996 0.999996 0.999996 0.999996 0.999996 0.999996 0.999996 0.999996 0.999996 0.999996 0.999996 0.999996
 #wt and selex for gender,fleet: 1 5 5_ORWA_NONTWL
 0.00896707 0.00900675 0.0246553 0.064328 0.125725 0.208759 0.311141 0.429784 0.561438 0.703023 0.851793 1.00537 1.16175 1.31925 1.47655 1.6326 1.78667 1.93826 2.08705 2.2328 2.37526 2.51419 2.64929 2.78024 2.90676 3.02855 3.14541 3.25718 3.36375 3.46509 3.56122 3.65222 3.73818 3.81926 3.89561 3.9674 4.03484 4.09811 4.1574 4.21294 4.2649 4.31348 4.35888 4.40127 4.44084 4.47775 4.51217 4.54424 4.57413 4.60196 4.62787 4.65198 4.67442 4.69529 4.7147 4.73275 4.74953 4.76512 4.77961 4.79307 4.80558 4.81719 4.82798 4.838 4.8473 4.85594 4.86395 4.87139 4.8783 4.88471 4.89069 4.89628 4.90147 4.90628 4.91075 4.91489 4.91874 4.9223 4.92561 4.92868 4.93152 4.93417 4.93661 4.93889 4.94099 4.94295 4.94476 4.94644 4.948 4.94944 4.95078 4.95203 4.95318 4.95425 4.95524 4.95616 4.95701 4.9578 4.95854 4.95922 4.96021
 0 0.000648149 0.00124053 0.00416123 0.0116575 0.0272576 0.0547687 0.0970307 0.15491 0.226944 0.309696 0.398548 0.488602 0.575427 0.65553 0.726566 0.787344 0.837672 0.878131 0.909808 0.934039 0.95221 0.96561 0.975362 0.982385 0.987405 0.990976 0.993509 0.995307 0.996584 0.997494 0.998145 0.998614 0.998954 0.999202 0.999385 0.99952 0.999622 0.999698 0.999757 0.999802 0.999837 0.999864 0.999886 0.999903 0.999917 0.999928 0.999937 0.999945 0.999951 0.999956 0.99996 0.999964 0.999967 0.99997 0.999972 0.999974 0.999976 0.999978 0.999979 0.99998 0.999981 0.999982 0.999983 0.999984 0.999984 0.999985 0.999985 0.999986 0.999986 0.999986 0.999987 0.999987 0.999987 0.999987 0.999987 0.999988 0.999988 0.999988 0.999988 0.999988 0.999988 0.999988 0.999988 0.999988 0.999989 0.999989 0.999989 0.999989 0.999989 0.999989 0.999989 0.999989 0.999989 0.999989 0.999989 0.999989 0.999989 0.999989 0.999989 0.999989
 #wt and selex for gender,fleet: 1 6 6_OR_REC
 0.00896707 0.00900688 0.03175 0.0812861 0.152046 0.240176 0.340284 0.447818 0.559782 0.675614 0.797272 0.927524 1.06784 1.21751 1.37421 1.53506 1.69743 1.85925 2.01898 2.17552 2.32803 2.47591 2.6187 2.75607 2.8878 3.01376 3.13388 3.24817 3.35668 3.4595 3.55675 3.64859 3.7352 3.81675 3.89347 3.96554 4.03318 4.09661 4.15603 4.21165 4.26369 4.31233 4.35777 4.4002 4.43979 4.47672 4.51115 4.54324 4.57314 4.60097 4.62689 4.65101 4.67345 4.69433 4.71374 4.73179 4.74857 4.76416 4.77865 4.79211 4.80462 4.81623 4.82702 4.83704 4.84634 4.85497 4.86299 4.87043 4.87734 4.88375 4.88973 4.89532 4.9005 4.90532 4.90978 4.91392 4.91776 4.92133 4.92464 4.9277 4.93055 4.93319 4.93564 4.93791 4.94001 4.94197 4.94378 4.94546 4.94702 4.94846 4.9498 4.95104 4.9522 4.95327 4.95426 4.95518 4.95603 4.95682 4.95755 4.95823 4.95922
 0 1.90049e-05 7.34497e-05 0.00114036 0.00914682 0.0420973 0.12628 0.27332 0.461765 0.648085 0.79598 0.893739 0.949425 0.977597 0.99057 0.996102 0.998299 0.999094 0.999325 0.999336 0.999261 0.999154 0.999035 0.998913 0.998791 0.99867 0.998553 0.99844 0.99833 0.998226 0.998125 0.99803 0.997939 0.997853 0.997772 0.997695 0.997623 0.997554 0.99749 0.99743 0.997373 0.99732 0.997271 0.997224 0.997181 0.99714 0.997103 0.997067 0.997034 0.997004 0.996975 0.996948 0.996923 0.9969 0.996879 0.996859 0.99684 0.996823 0.996807 0.996792 0.996778 0.996765 0.996753 0.996742 0.996731 0.996722 0.996713 0.996704 0.996697 0.99669 0.996683 0.996677 0.996671 0.996665 0.99666 0.996656 0.996652 0.996648 0.996644 0.99664 0.996637 0.996634 0.996631 0.996629 0.996627 0.996624 0.996622 0.99662 0.996619 0.996617 0.996616 0.996614 0.996613 0.996612 0.996611 0.99661 0.996609 0.996608 0.996607 0.996606 0.996605
 #wt and selex for gender,fleet: 1 7 7_WA_REC
 0.00896707 0.00900685 0.0304867 0.0798459 0.152969 0.247429 0.358365 0.480986 0.611243 0.745983 0.882937 1.02081 1.15936 1.29925 1.44141 1.5865 1.7345 1.88466 2.03571 2.18622 2.33475 2.48012 2.62137 2.75783 2.88904 3.0147 3.13467 3.24887 3.35734 3.46015 3.5574 3.64925 3.73587 3.81745 3.89417 3.96626 4.03392 4.09736 4.1568 4.21243 4.26448 4.31313 4.35858 4.40102 4.44062 4.47756 4.512 4.5441 4.574 4.60184 4.62776 4.65189 4.67433 4.69521 4.71463 4.73268 4.74946 4.76506 4.77955 4.79302 4.80553 4.81715 4.82794 4.83795 4.84726 4.85589 4.86391 4.87135 4.87826 4.88467 4.89066 4.89625 4.90144 4.90625 4.91072 4.91486 4.9187 4.92227 4.92558 4.92865 4.93149 4.93413 4.93658 4.93885 4.94096 4.94292 4.94473 4.94641 4.94797 4.94941 4.95075 4.952 4.95315 4.95422 4.95521 4.95613 4.95698 4.95777 4.95851 4.95919 4.96018
 0 4.80608e-06 1.60578e-05 0.000203912 0.00157641 0.00780407 0.0270125 0.0704011 0.14665 0.255932 0.388284 0.527323 0.656535 0.764493 0.846778 0.904778 0.943069 0.96702 0.981364 0.989663 0.99434 0.996925 0.998335 0.999098 0.999509 0.999731 0.999851 0.999916 0.999952 0.999972 0.999984 0.99999 0.999994 0.999996 0.999997 0.999998 0.999999 0.999999 0.999999 0.999999 0.999999 0.999999 0.999999 0.999999 0.999999 0.999999 0.999999 0.999999 0.999999 0.999999 0.999999 0.999999 0.999999 0.999999 0.999999 0.999999 0.999999 0.999999 0.999999 0.999999 0.999999 0.999999 0.999999 0.999999 0.999999 0.999999 0.999999 0.999999 0.999999 0.999999 0.999999 0.999999 0.999999 0.999999 0.999999 0.999999 0.999999 0.999999 0.999999 0.999999 0.999999 0.999999 0.999999 0.999999 0.999999 0.999999 0.999999 0.999999 0.999999 0.999999 0.999999 0.999999 0.999999 0.999999 0.999999 0.999999 0.999999 0.999999 0.999999 0.999999 0.999999
# Sex ratio correction
1
# M and current age-structure in year Yinit: 2011
 # gender = 1
 0.0439034 0.0439034 0.0439034 0.0439034 0.0439034 0.0439034 0.0439034 0.0439034 0.0439034 0.0439034 0.0439034 0.0439034 0.0439034 0.0439034 0.0439034 0.0439034 0.0439034 0.0439034 0.0439034 0.0439034 0.0439034 0.0439034 0.0439034 0.0439034 0.0439034 0.0439034 0.0439034 0.0439034 0.0439034 0.0439034 0.0439034 0.0439034 0.0439034 0.0439034 0.0439034 0.0439034 0.0439034 0.0439034 0.0439034 0.0439034 0.0439034 0.0439034 0.0439034 0.0439034 0.0439034 0.0439034 0.0439034 0.0439034 0.0439034 0.0439034 0.0439034 0.0439034 0.0439034 0.0439034 0.0439034 0.0439034 0.0439034 0.0439034 0.0439034 0.0439034 0.0439034 0.0439034 0.0439034 0.0439034 0.0439034 0.0439034 0.0439034 0.0439034 0.0439034 0.0439034 0.0439034 0.0439034 0.0439034 0.0439034 0.0439034 0.0439034 0.0439034 0.0439034 0.0439034 0.0439034 0.0439034 0.0439034 0.0439034 0.0439034 0.0439034 0.0439034 0.0439034 0.0439034 0.0439034 0.0439034 0.0439034 0.0439034 0.0439034 0.0439034 0.0439034 0.0439034 0.0439034 0.0439034 0.0439034 0.0439034 0.0439034
 199.279 246.7 260.59 289.34 173.439 160.42 90.3487 56.1394 80.2857 185.558 54.704 42.854 77.1923 49.1699 30.9546 24.8127 24.7224 48.07 51.0894 24.8978 20.1287 20.424 19.8108 20.048 22.4506 24.434 30.3239 27.2863 16.2204 16.8485 14.9888 12.0886 8.67111 5.71455 6.45537 5.68735 5.77141 3.50505 2.82842 3.2824 5.18082 3.18422 2.3589 2.01531 1.57668 1.338 1.05506 0.856962 0.802055 0.844201 0.916748 0.913302 0.806507 0.689598 0.606348 0.555615 0.531832 0.531693 0.55448 0.601874 0.673289 0.754412 0.800838 0.764114 0.669625 0.574408 0.499758 0.445396 0.406232 0.377124 0.354791 0.337125 0.322828 0.310889 0.300266 0.290061 0.279637 0.268826 0.257803 0.24697 0.236718 0.227321 0.218838 0.211222 0.204246 0.197606 0.191233 0.184959 0.178661 0.17228 0.1658 0.159238 0.15264 0.146086 0.139593 0.133249 0.127108 0.121203 0.115552 0.110166 2.36444
# Age-structure at Ydeclare= 2013
 406.348 177.701 182.526 225.957 238.671 264.974 158.792 146.797 82.6051 51.2672 73.2167 168.983 49.7541 38.9347 70.0734 44.607 28.0692 22.4925 22.4057 43.5587 46.2899 22.5572 18.2356 18.5024 17.9463 18.1606 20.3362 22.1318 27.4652 24.7124 14.6893 15.2569 13.5718 10.945 7.85028 5.17329 5.84365 5.14817 5.22403 3.17247 2.55993 2.97068 4.6886 2.88157 2.1346 1.82361 1.42665 1.21066 0.954617 0.775363 0.725671 0.763792 0.829419 0.826293 0.729667 0.623893 0.548572 0.502671 0.481153 0.481026 0.50164 0.544517 0.609125 0.682515 0.724514 0.691289 0.605805 0.519661 0.452125 0.402943 0.367512 0.341178 0.320974 0.304991 0.292057 0.281256 0.271644 0.262412 0.252982 0.243202 0.233229 0.223429 0.214154 0.205653 0.197979 0.191089 0.184777 0.178771 0.173005 0.167329 0.161632 0.155859 0.149997 0.14406 0.138091 0.132162 0.126287 0.120548 0.114993 0.109651 2.34329
# Year for Tmin Age-structure (set to Ydecl by SS)
2013
#  recruitment and biomass
# Number of historical assessment years
137
# Historical data
# year recruitment spawner in B0 in R project in R/S project
1888  1889 1890 1891 1892 1893 1894 1895 1896 1897 1898 1899 1900 1901 1902 1903 1904 1905 1906 1907 1908 1909 1910 1911 1912 1913 1914 1915 1916 1917 1918 1919 1920 1921 1922 1923 1924 1925 1926 1927 1928 1929 1930 1931 1932 1933 1934 1935 1936 1937 1938 1939 1940 1941 1942 1943 1944 1945 1946 1947 1948 1949 1950 1951 1952 1953 1954 1955 1956 1957 1958 1959 1960 1961 1962 1963 1964 1965 1966 1967 1968 1969 1970 1971 1972 1973 1974 1975 1976 1977 1978 1979 1980 1981 1982 1983 1984 1985 1986 1987 1988 1989 1990 1991 1992 1993 1994 1995 1996 1997 1998 1999 2000 2001 2002 2003 2004 2005 2006 2007 2008 2009 2010 2011 2012 2013 2014 2015 2016 2017 2018 2019 2020 2021 2022 2023 2024 #years (with first value representing R0)
212.208 215.945 216.078 216.218 216.361 216.504 216.65 216.804 216.971 217.143 217.326 217.515 217.715 217.924 218.144 218.372 218.613 218.871 219.143 219.443 219.765 220.109 220.474 220.856 221.251 221.641 222 222.292 222.466 222.468 222.219 221.609 220.648 219.264 217.437 215.19 212.578 209.697 206.697 203.743 200.885 198.365 196.317 194.691 193.353 192.029 190.413 188.261 185.537 182.442 179.43 177.016 175.687 175.809 177.786 182.274 190.271 203.294 222.51 247.001 268.349 267.718 240.015 203.817 173.329 151.881 138.501 131.719 130.801 135.632 146.499 162.623 174.653 166.1 144.726 129.884 130.798 151.308 179.641 197.243 233.561 251.449 309.624 455.243 258.065 196.97 214.094 306.298 259.864 251.651 188.332 239.409 277.193 283.174 260.406 203.976 278.625 251.717 165.824 125.727 93.8027 78.6095 69.9509 60.6193 67.186 125.712 109.477 52.6865 49.8642 58.9259 88.9218 132.826 70.2432 85.4918 276.735 114.358 76.4315 117.64 199.839 206.748 330.081 284.507 257.772 199.279 185.677 406.348 203.718 266.958 195.505 99.106 97.108 103.208 103.581 138.59 154.08 159.04 170.669  #recruits; first value is R0 (virgin)
1114.02  1114.02 1114.02 1114 1113.98 1113.51 1113.04 1112.57 1112.42 1112.34 1112.26 1112.2 1112.13 1112.08 1112.04 1112.04 1112.08 1112.14 1112.24 1112.38 1112.54 1112.62 1112.83 1113.06 1113.31 1113.57 1113.85 1114.15 1114.38 1114.7 1114.87 1112.97 1112.69 1112.56 1112.51 1112.76 1112.96 1112.63 1111.96 1110.49 1108.32 1106.26 1104.69 1102.79 1101.94 1101.26 1100.57 1099.33 1098.04 1095.71 1093.6 1091.12 1089.18 1085.99 1081.17 1075.89 1065.94 1055.21 1039.1 1024.15 1016.94 1008.65 1002.06 994.694 985.641 977.64 971.437 964.048 957.072 950.106 942.11 934.941 929.054 924.521 922.006 918.847 917.218 916.768 906.306 902.76 897.207 891.14 875.723 864.984 851.059 833.995 815.641 795.602 776.045 753.798 731.993 697.595 661.492 634.294 599.621 542.686 494.321 466.424 429.285 399.765 372.314 349.058 319.713 298.921 264.205 232.75 202.525 186.319 169.96 152.045 131.27 124.43 113.264 114.029 114.209 119.557 125.142 130.989 136.865 143.073 148.793 154.894 160.931 167.682 174.681 181.921 189.968 198.866 208.14 218.552 229.032 240.996 254.075 269.343 285.98 302.756 320.138 #spbio; first value is SSB_virgin (virgin)
1 0 0 0 0 0 0 0 0 0 0 0 0 0 0 0 0 0 0 0 0 0 0 0 0 0 0 0 0 0 0 0 0 0 0 0 0 0 0 0 0 0 0 0 0 0 0 0 0 0 0 0 0 0 0 0 0 0 0 0 0 0 0 0 0 0 0 0 0 0 0 0 0 0 0 0 0 0 0 0 0 0 0 0 0 0 0 0 0 0 0 0 0 0 0 0 0 0 0 0 0 0 0 0 0 0 0 0 0 0 0 0 0 0 0 0 0 0 0 0 0 0 0 0 0 0 0 0 0 0 0 0 0 0 0 0 0  # in Bzero
0 1 1 1 1 1 1 1 1 1 1 1 1 1 1 1 1 1 1 1 1 1 1 1 1 1 1 1 1 1 1 1 1 1 1 1 1 1 1 1 1 1 1 1 1 1 1 1 1 1 1 1 1 1 1 1 1 1 1 1 1 1 1 1 1 1 1 1 1 1 1 1 1 1 1 1 1 1 1 1 1 1 1 1 1 1 1 1 1 1 1 1 1 1 1 1 1 1 1 1 1 1 1 1 1 1 1 1 1 1 1 1 1 1 1 1 1 1 1 1 1 1 1 1 1 1 1 1 1 1 1 1 1 1  0 0 0 # in R project
0 1 1 1 1 1 1 1 1 1 1 1 1 1 1 1 1 1 1 1 1 1 1 1 1 1 1 1 1 1 1 1 1 1 1 1 1 1 1 1 1 1 1 1 1 1 1 1 1 1 1 1 1 1 1 1 1 1 1 1 1 1 1 1 1 1 1 1 1 1 1 1 1 1 1 1 1 1 1 1 1 1 1 1 1 1 1 1 1 1 1 1 1 1 1 1 1 1 1 1 1 1 1 1 1 1 1 1 1 1 1 1 1 1 1 1 1 1 1 1 1 1 1 1 1 1 1 1 1 1 1 1 1 1  0 0 0 # in R/S project
# Number of years with pre-specified catches
0
# catches for years with pre-specified catches go next
# Number of future recruitments to override
-2
# Process for overiding (-1 for average otherwise index in data list)
# Which probability to product detailed results for (1=0.5; 2=0.6; etc.)
3
# Steepness sigma-R Auto-correlation
0.718 0.5 0
# Target SPR rate (FMSY Proxy); manually change to SPR_MSY if not using SPR_target
0.5
# Discount rate (for cumulative catch)
0.1
# Truncate the series when 0.4B0 is reached (1=Yes)
0
# Set F to FMSY once 0.4B0 is reached (1=Yes)
0
# Maximum possible F for projection (-1 to set to FMSY)
-1
# Defintion of recovery (1=now only;2=now or before)
2
# Projection type
4
# Definition of the 40-10 rule
10 40
# Sigma Assessment Error (Base, Year1, Slope, MaxSigma)
1.0 2025 0.075 2.0
# Pstar
0.45
# Constrain catches by the ABC (1=yes, 2=no)
2
# Implementation Error (0=no; 1=lognormal; 2=uniform)
0
#Parameters of Implementaion Error
1 0.3
# Calculate coefficients of variation (1=Yes)
0
# Number of replicates to use
10
# Random number seed
-99004
# File with multiple parameter vectors 
rebuild.SSO
# User-specific projection (1=Yes); Output replaced (1->9)
0  5
# Catches and Fs (Year; 1/2/3 (F or C or SPR); value); Final row is -1
2024 1 1
-1 -1 -1
# Fixed catch project (1=Yes); Output replaced (1->9); Approach (-1=Read in else 1-9)
0 2 -1
# (48a) Special catch options (1-Yes) [CUT_OFF, Emsy, distribution, MAXCAT, Add, replace_code]
0 0.18 1.00 1.00 0 6
# (48b) B1Target
150000
# Split of Fs
2011  0.0166486
 0
 0.392834
 0.023734
 0.191906
 0.194602
 0.180276
-1  1 1 1 1 1 1 1 1 1 1 1 1
# Yrs to define T_target for projection type 4 (a.k.a. 5 pre-specified inputs)
2030 2031 2032 2033 2034 
# Year for probability of recovery
2034 2035 2036 2037 2038 2039 2040 2041
# Time varying weight-at-age (1=Yes;0=No)
0
# File with time series of weight-at-age data
none
# Use bisection (0) or linear interpolation (1)
1
# Target Depletion
0.4
# CV of implementation error
0
