#Title, #runnumber: 1 yelloweye_data.ss yelloweye_control.ss 5807.81 1070.59 417.243 StartTime: Wed Apr  9 22:00:53 2025
SSv3_default_rebuild.dat
# Number of sexes
1
# Age range to consider (minimum age; maximum age)
0 100
# Number of fleets
7
# First year of projection (Yinit)
2011
# First Year of rebuilding period (Ydecl)
2013
# Number of simulations
1000
# Maximum number of years
500
# Conduct projections with multiple starting values (0=No;else yes)
0
# Number of parameter vectors
1000
# Is the maximum age a plus-group (1=Yes;2=No)
1
# Generate future recruitments using historical recruitments (1)  historical recruits/spawner (2)  or a stock-recruitment (3)
3
# Constant fishing mortality (1) or constant Catch (2) projections
1
# Fishing mortality based on SPR (1) or actual rate (2)
1
# Pre-specify the year of recovery (or -1) to ignore
-1
# Fecundity-at-age
# 0 1 2 3 4 5 6 7 8 9 10 11 12 13 14 15 16 17 18 19 20 21 22 23 24 25 26 27 28 29 30 31 32 33 34 35 36 37 38 39 40 41 42 43 44 45 46 47 48 49 50 51 52 53 54 55 56 57 58 59 60 61 62 63 64 65 66 67 68 69 70 71 72 73 74 75 76 77 78 79 80 81 82 83 84 85 86 87 88 89 90 91 92 93 94 95 96 97 98 99 100 #runnumber: 1 yelloweye_data.ss yelloweye_control.ss 5807.81 1070.59 417.243
 0 0 3.27439e-08 4.08157e-07 3.63399e-06 2.4965e-05 0.000137117 0.000606204 0.00215082 0.00617102 0.0146374 0.0295497 0.0522693 0.0831147 0.12137 0.165599 0.21405 0.26501 0.31702 0.368964 0.42007 0.469849 0.518031 0.564491 0.609194 0.652159 0.693426 0.733047 0.771072 0.807548 0.84252 0.876025 0.9081 0.938781 0.968101 0.996094 1.0228 1.04824 1.07247 1.09552 1.11742 1.13822 1.15796 1.17667 1.1944 1.21119 1.22708 1.2421 1.25631 1.26972 1.28239 1.29434 1.30562 1.31625 1.32627 1.33572 1.34461 1.35299 1.36087 1.36829 1.37527 1.38184 1.38801 1.39382 1.39927 1.4044 1.40922 1.41375 1.418 1.422 1.42575 1.42936 1.43275 1.43594 1.43893 1.44173 1.44437 1.44684 1.44916 1.45133 1.45338 1.45529 1.45709 1.45877 1.46035 1.46183 1.46323 1.46453 1.46575 1.4669 1.46797 1.46898 1.46993 1.47081 1.47165 1.47242 1.47315 1.47384 1.47448 1.47508 1.47603 #female fecundity; weighted by N in year Y_init across morphs and areas
# Age specific selectivity and weight adjusted for discard and discard mortality
 #wt and selex for gender,fleet: 1 1 1_CA_TWL
 0.0111964 0.0235184 0.0628847 0.121094 0.197666 0.289698 0.393814 0.506908 0.626391 0.750228 0.876918 1.00547 1.13535 1.26643 1.39877 1.53254 1.66779 1.80443 1.94215 2.08042 2.2186 2.35596 2.49174 2.62525 2.75588 2.88312 3.00658 3.12596 3.24104 3.35171 3.4579 3.55958 3.65679 3.74957 3.83802 3.92223 4.00231 4.07839 4.15059 4.21907 4.28395 4.34538 4.40351 4.45847 4.51041 4.55947 4.60579 4.64949 4.69071 4.72957 4.76619 4.80068 4.83317 4.86376 4.89255 4.91964 4.94512 4.96908 4.99161 5.01279 5.0327 5.05141 5.06898 5.08549 5.101 5.11556 5.12924 5.14208 5.15413 5.16544 5.17616 5.18632 5.19585 5.2048 5.21319 5.22106 5.22845 5.23538 5.24188 5.24798 5.2537 5.25906 5.26409 5.26881 5.27323 5.27738 5.28127 5.28491 5.28833 5.29154 5.29454 5.29736 5.3 5.30248 5.3048 5.30698 5.30902 5.31093 5.31273 5.31441 5.31705
 0 0.000769008 0.00286481 0.00924138 0.0240745 0.0523354 0.098046 0.162663 0.244384 0.338563 0.438869 0.53867 0.632208 0.715347 0.785816 0.843056 0.887799 0.92159 0.946331 0.963948 0.976185 0.9845 0.99004 0.993669 0.996012 0.997505 0.998448 0.999037 0.999404 0.999631 0.999771 0.999857 0.999911 0.999943 0.999964 0.999976 0.999984 0.999989 0.999993 0.999995 0.999996 0.999997 0.999997 0.999997 0.999998 0.999998 0.999998 0.999998 0.999998 0.999998 0.999998 0.999998 0.999998 0.999998 0.999998 0.999998 0.999998 0.999998 0.999998 0.999998 0.999998 0.999998 0.999998 0.999998 0.999998 0.999998 0.999998 0.999998 0.999998 0.999998 0.999997 0.999997 0.999997 0.999997 0.999997 0.999997 0.999997 0.999997 0.999997 0.999997 0.999997 0.999997 0.999997 0.999997 0.999997 0.999997 0.999997 0.999997 0.999997 0.999997 0.999997 0.999997 0.999997 0.999997 0.999997 0.999997 0.999997 0.999997 0.999997 0.999997 0.999997
# Sex ratio correction
1
# M and current age-structure in year Yinit: 2011
 # gender = 1
 0.0439034 0.0439034 0.0439034 0.0439034 0.0439034 0.0439034 0.0439034 0.0439034 0.0439034 0.0439034 0.0439034 0.0439034 0.0439034 0.0439034 0.0439034 0.0439034 0.0439034 0.0439034 0.0439034 0.0439034 0.0439034 0.0439034 0.0439034 0.0439034 0.0439034 0.0439034 0.0439034 0.0439034 0.0439034 0.0439034 0.0439034 0.0439034 0.0439034 0.0439034 0.0439034 0.0439034 0.0439034 0.0439034 0.0439034 0.0439034 0.0439034 0.0439034 0.0439034 0.0439034 0.0439034 0.0439034 0.0439034 0.0439034 0.0439034 0.0439034 0.0439034 0.0439034 0.0439034 0.0439034 0.0439034 0.0439034 0.0439034 0.0439034 0.0439034 0.0439034 0.0439034 0.0439034 0.0439034 0.0439034 0.0439034 0.0439034 0.0439034 0.0439034 0.0439034 0.0439034 0.0439034 0.0439034 0.0439034 0.0439034 0.0439034 0.0439034 0.0439034 0.0439034 0.0439034 0.0439034 0.0439034 0.0439034 0.0439034 0.0439034 0.0439034 0.0439034 0.0439034 0.0439034 0.0439034 0.0439034 0.0439034 0.0439034 0.0439034 0.0439034 0.0439034 0.0439034 0.0439034 0.0439034 0.0439034 0.0439034 0.0439034
 205.657 208.208 189.9 244.48 156.81 118.822 88.9763 66.4171 138.59 259.116 96.8352 69.1819 126.329 66.3914 38.5613 31.2863 31.3435 62.5967 81.2424 32.0897 24.0772 25.2192 27.4969 28.1691 28.339 27.269 31.022 37.6404 29.3808 33.1471 22.5864 15.1916 10.607 8.17076 8.66794 8.03835 7.58893 4.79009 4.4399 5.30548 8.20741 5.51177 4.09845 3.0001 2.26977 1.8335 1.39739 1.13157 1.06446 1.13358 1.26864 1.34732 1.26675 1.09953 0.943385 0.832339 0.770616 0.75285 0.774096 0.832343 0.921623 1.01725 1.06336 1.01282 0.897115 0.777649 0.680237 0.606895 0.552812 0.51194 0.480143 0.454581 0.433485 0.415478 0.399085 0.383005 0.366343 0.348969 0.331318 0.314142 0.298106 0.283622 0.270762 0.259442 0.249398 0.240312 0.231896 0.22391 0.216156 0.208511 0.2009 0.193286 0.185674 0.178125 0.170633 0.163164 0.155919 0.148932 0.142221 0.135804 2.98233
# Age-structure at Ydeclare= 2013
 111.623 103.626 188.368 190.7 173.924 223.887 143.57 108.748 81.3875 60.7095 126.579 236.469 88.3048 63.0454 115.059 60.4419 35.0937 28.4657 28.5125 56.9356 73.8884 29.1832 21.8956 22.9333 25.004 25.6148 25.7687 24.7953 28.2071 34.224 26.7134 30.1368 20.5347 13.8112 9.64297 7.42795 7.87976 7.30726 6.89859 4.35426 4.03586 4.82258 7.46023 5.0099 3.7252 2.72684 2.063 1.66645 1.27006 1.02845 0.967448 1.03026 1.153 1.2245 1.15127 0.999291 0.857378 0.756454 0.700357 0.68421 0.703518 0.756453 0.837592 0.924495 0.966403 0.920473 0.815315 0.706742 0.618211 0.551556 0.502404 0.465259 0.436362 0.41313 0.393958 0.377592 0.362694 0.34808 0.332937 0.317148 0.301107 0.285496 0.270923 0.25776 0.246073 0.235785 0.226657 0.2184 0.210751 0.203493 0.196446 0.189498 0.182582 0.175661 0.168744 0.161884 0.155074 0.148286 0.141702 0.135352 2.96308
# Year for Tmin Age-structure (set to Ydecl by SS)
2013
#  recruitment and biomass
# Number of historical assessment years
137
# Historical data
# year recruitment spawner in B0 in R project in R/S project
1888  1889 1890 1891 1892 1893 1894 1895 1896 1897 1898 1899 1900 1901 1902 1903 1904 1905 1906 1907 1908 1909 1910 1911 1912 1913 1914 1915 1916 1917 1918 1919 1920 1921 1922 1923 1924 1925 1926 1927 1928 1929 1930 1931 1932 1933 1934 1935 1936 1937 1938 1939 1940 1941 1942 1943 1944 1945 1946 1947 1948 1949 1950 1951 1952 1953 1954 1955 1956 1957 1958 1959 1960 1961 1962 1963 1964 1965 1966 1967 1968 1969 1970 1971 1972 1973 1974 1975 1976 1977 1978 1979 1980 1981 1982 1983 1984 1985 1986 1987 1988 1989 1990 1991 1992 1993 1994 1995 1996 1997 1998 1999 2000 2001 2002 2003 2004 2005 2006 2007 2008 2009 2010 2011 2012 2013 2014 2015 2016 2017 2018 2019 2020 2021 2022 2023 2024 #years (with first value representing R0)
206.688 206.148 206.134 206.119 206.103 206.08 206.057 206.033 206.015 205.997 205.98 205.963 205.942 205.924 205.91 205.886 205.865 205.848 205.836 205.838 205.849 205.861 205.882 205.905 205.925 205.923 205.875 205.744 205.493 205.078 204.269 203.139 201.721 199.979 197.932 195.641 193.184 190.666 188.232 186.031 184.217 182.933 182.253 182.121 182.395 182.766 182.85 182.301 180.997 179.109 177.11 175.55 174.937 175.632 178.045 182.832 190.907 203.534 221.341 242.897 260.838 260.456 236.938 204.101 175.224 154.874 143.101 139.104 142.602 153.288 169.28 184.556 185.466 164.679 138.422 121.917 121.129 139.203 169.162 192.87 233.341 289.797 351.806 469.369 269.823 199.333 188.501 259.968 238.091 220.512 177.357 195.212 235.713 294.145 361.265 267.809 287.446 199.347 148.561 132.163 113.768 97.4074 79.4377 68.3393 83.1432 194.439 139.799 65.8308 62.1581 72.7414 119.212 216.229 112.99 151 385.986 197.31 90.4135 115.855 148.025 186.931 278.905 207.33 217.552 205.657 108.277 111.623 116.786 136.743 155.767 159.515 163.239 166.632 169.556 172.002 174.08 175.935 177.616  #recruits; first value is R0 (virgin)
1070.59  1070.59 1070.59 1070.57 1070.54 1070.08 1069.62 1069.16 1069 1068.93 1068.84 1068.76 1068.65 1068.53 1068.39 1068.22 1068.03 1067.81 1067.58 1067.32 1067.04 1066.63 1066.31 1065.97 1065.62 1065.24 1064.85 1064.44 1063.95 1063.51 1062.9 1060.21 1059.11 1058.12 1057.18 1056.52 1055.78 1054.48 1052.82 1050.35 1047.14 1044.01 1041.34 1038.31 1036.28 1034.4 1032.5 1030.03 1027.51 1023.99 1020.71 1017.1 1014.1 1009.94 1004.27 998.243 987.707 976.522 960.137 945.136 938.01 930.225 924.215 917.5 909.284 902.359 897.282 891.224 885.6 880.008 873.333 867.41 862.565 858.861 856.995 854.466 853.656 854.166 845.025 843.23 839.785 836.039 823.727 816.287 805.587 791.603 776.573 759.506 742.507 722.615 702.897 670.536 636.452 610.854 577.747 524.304 496.906 476.398 450.397 429.036 402.082 378.161 348.389 327.559 291.437 259.253 228.725 212.394 196.425 179.178 159.253 152.951 142.973 145.621 147.382 154.451 161.69 169.349 177.074 185.274 193.058 201.433 209.902 219.188 229.15 239.682 251.265 263.616 276.375 289.797 304.642 319.986 335.807 352.029 368.502 385.012 401.327 #spbio; first value is SSB_virgin (virgin)
1 0 0 0 0 0 0 0 0 0 0 0 0 0 0 0 0 0 0 0 0 0 0 0 0 0 0 0 0 0 0 0 0 0 0 0 0 0 0 0 0 0 0 0 0 0 0 0 0 0 0 0 0 0 0 0 0 0 0 0 0 0 0 0 0 0 0 0 0 0 0 0 0 0 0 0 0 0 0 0 0 0 0 0 0 0 0 0 0 0 0 0 0 0 0 0 0 0 0 0 0 0 0 0 0 0 0 0 0 0 0 0 0 0 0 0 0 0 0 0 0 0 0 0 0 0 0 0 0 0 0 0 0 0 0 0 0  # in Bzero
0 1 1 1 1 1 1 1 1 1 1 1 1 1 1 1 1 1 1 1 1 1 1 1 1 1 1 1 1 1 1 1 1 1 1 1 1 1 1 1 1 1 1 1 1 1 1 1 1 1 1 1 1 1 1 1 1 1 1 1 1 1 1 1 1 1 1 1 1 1 1 1 1 1 1 1 1 1 1 1 1 1 1 1 1 1 1 1 1 1 1 1 1 1 1 1 1 1 1 1 1 1 1 1 1 1 1 1 1 1 1 1 1 1 1 1 1 1 1 1 1 1 1 1 1 1 1 1 1 1 1 1 1 1  0 0 0 # in R project
0 1 1 1 1 1 1 1 1 1 1 1 1 1 1 1 1 1 1 1 1 1 1 1 1 1 1 1 1 1 1 1 1 1 1 1 1 1 1 1 1 1 1 1 1 1 1 1 1 1 1 1 1 1 1 1 1 1 1 1 1 1 1 1 1 1 1 1 1 1 1 1 1 1 1 1 1 1 1 1 1 1 1 1 1 1 1 1 1 1 1 1 1 1 1 1 1 1 1 1 1 1 1 1 1 1 1 1 1 1 1 1 1 1 1 1 1 1 1 1 1 1 1 1 1 1 1 1 1 1 1 1 1 1  0 0 0 # in R/S project
# Number of years with pre-specified catches
0
# catches for years with pre-specified catches go next
# Number of future recruitments to override
-2
# Process for overiding (-1 for average otherwise index in data list)
# Which probability to product detailed results for (1=0.5; 2=0.6; etc.)
3
# Steepness sigma-R Auto-correlation
0.718 0.5 0
# Target SPR rate (FMSY Proxy); manually change to SPR_MSY if not using SPR_target
0.5
# Discount rate (for cumulative catch)
0.1
# Truncate the series when 0.4B0 is reached (1=Yes)
0
# Set F to FMSY once 0.4B0 is reached (1=Yes)
0
# Maximum possible F for projection (-1 to set to FMSY)
-1
# Defintion of recovery (1=now only;2=now or before)
2
# Projection type
4
# Definition of the 40-10 rule
10 40
# Sigma Assessment Error (Base, Year1, Slope, MaxSigma)
1.0 2025 0.075 2.0
# Pstar
0.45
# Constrain catches by the ABC (1=yes, 2=no)
2
# Implementation Error (0=no; 1=lognormal; 2=uniform)
0
#Parameters of Implementaion Error
1 0.3
# Calculate coefficients of variation (1=Yes)
0
# Number of replicates to use
10
# Random number seed
-99004
# File with multiple parameter vectors 
rebuild.SSO
# User-specific projection (1=Yes); Output replaced (1->9)
0  5
# Catches and Fs (Year; 1/2/3 (F or C or SPR); value); Final row is -1
2024 1 1
-1 -1 -1
# Fixed catch project (1=Yes); Output replaced (1->9); Approach (-1=Read in else 1-9)
0 2 -1
# (48a) Special catch options (1-Yes) [CUT_OFF, Emsy, distribution, MAXCAT, Add, replace_code]
0 0.18 1.00 1.00 0 6
# (48b) B1Target
150000
# Split of Fs
2011  1
 0
 0
 0
 0
 0
 0
-1  1 1 1 1 1 1 1 1 1 1 1 1
# Yrs to define T_target for projection type 4 (a.k.a. 5 pre-specified inputs)
2030 2031 2032 2033 2034 
# Year for probability of recovery
2034 2035 2036 2037 2038 2039 2040 2041
# Time varying weight-at-age (1=Yes;0=No)
0
# File with time series of weight-at-age data
none
# Use bisection (0) or linear interpolation (1)
1
# Target Depletion
0.4
# CV of implementation error
0
