#Title, #runnumber: 1 yelloweye_data.ss yelloweye_control.ss 6659 1131.49 371.89 StartTime: Mon Apr 28 17:42:15 2025
SSv3_default_rebuild.dat
# Number of sexes
1
# Age range to consider (minimum age; maximum age)
0 100
# Number of fleets
7
# First year of projection (Yinit)
2011
# First Year of rebuilding period (Ydecl)
2013
# Number of simulations
1000
# Maximum number of years
500
# Conduct projections with multiple starting values (0=No;else yes)
0
# Number of parameter vectors
1000
# Is the maximum age a plus-group (1=Yes;2=No)
1
# Generate future recruitments using historical recruitments (1)  historical recruits/spawner (2)  or a stock-recruitment (3)
3
# Constant fishing mortality (1) or constant Catch (2) projections
1
# Fishing mortality based on SPR (1) or actual rate (2)
1
# Pre-specify the year of recovery (or -1) to ignore
-1
# Fecundity-at-age
# 0 1 2 3 4 5 6 7 8 9 10 11 12 13 14 15 16 17 18 19 20 21 22 23 24 25 26 27 28 29 30 31 32 33 34 35 36 37 38 39 40 41 42 43 44 45 46 47 48 49 50 51 52 53 54 55 56 57 58 59 60 61 62 63 64 65 66 67 68 69 70 71 72 73 74 75 76 77 78 79 80 81 82 83 84 85 86 87 88 89 90 91 92 93 94 95 96 97 98 99 100 #runnumber: 1 yelloweye_data.ss yelloweye_control.ss 6659 1131.49 371.89
 0 0 3.71343e-09 7.46977e-08 9.31525e-07 8.26431e-06 5.63196e-05 0.000305254 0.00132205 0.00454721 0.0124995 0.0281211 0.0534997 0.0889546 0.133068 0.18341 0.237363 0.292691 0.347761 0.401524 0.453394 0.503096 0.550547 0.595764 0.638811 0.679768 0.718719 0.75574 0.790903 0.824273 0.855912 0.88588 0.914235 0.941035 0.966339 0.990205 1.01269 1.03386 1.05376 1.07247 1.09003 1.1065 1.12193 1.1364 1.14993 1.1626 1.17444 1.18551 1.19585 1.2055 1.2145 1.22291 1.23074 1.23805 1.24486 1.2512 1.25711 1.26261 1.26773 1.27249 1.27693 1.28106 1.28489 1.28846 1.29178 1.29487 1.29774 1.30041 1.30289 1.30519 1.30734 1.30937 1.31125 1.313 1.31463 1.31614 1.31755 1.31885 1.32006 1.32119 1.32223 1.32321 1.32411 1.32494 1.32572 1.32644 1.32711 1.32773 1.32831 1.32885 1.32935 1.32981 1.33024 1.33064 1.33101 1.33135 1.33167 1.33196 1.33224 1.33249 1.33287 #female fecundity; weighted by N in year Y_init across morphs and areas
# Age specific selectivity and weight adjusted for discard and discard mortality
 #wt and selex for gender,fleet: 1 1 1_CA_TWL
 0.00896707 0.00943878 0.0307924 0.0746017 0.139337 0.223684 0.32456 0.438515 0.562286 0.693045 0.828506 0.967059 1.10784 1.25058 1.39526 1.54177 1.68966 1.83817 1.98631 2.13299 2.27721 2.41806 2.55484 2.687 2.81415 2.93604 3.05252 3.16353 3.26909 3.36924 3.46409 3.55377 3.63843 3.71825 3.79341 3.86411 3.93053 3.99288 4.05136 4.10617 4.15749 4.20552 4.25044 4.29243 4.33165 4.36828 4.40247 4.43436 4.46411 4.49184 4.51769 4.54177 4.5642 4.58508 4.60453 4.62263 4.63947 4.65514 4.66972 4.68327 4.69588 4.7076 4.7185 4.72863 4.73805 4.7468 4.75493 4.76249 4.76951 4.77604 4.78214 4.78785 4.79316 4.79809 4.80267 4.80692 4.81087 4.81454 4.81795 4.82111 4.82405 4.82677 4.82931 4.83166 4.83384 4.83586 4.83775 4.83949 4.84111 4.84262 4.84402 4.84531 4.84652 4.84764 4.84867 4.84964 4.85053 4.85136 4.85213 4.85285 4.8539
 0 0.00124471 0.00302006 0.0107361 0.0302818 0.0691671 0.132891 0.22188 0.330705 0.449737 0.568007 0.675963 0.767275 0.839404 0.89304 0.930895 0.95646 0.973109 0.983639 0.990149 0.994106 0.996483 0.9979 0.998741 0.999241 0.999538 0.999716 0.999823 0.999888 0.999928 0.999953 0.999968 0.999978 0.999985 0.999989 0.999992 0.999993 0.999995 0.999996 0.999996 0.999996 0.999997 0.999997 0.999997 0.999997 0.999997 0.999997 0.999997 0.999997 0.999997 0.999997 0.999997 0.999997 0.999997 0.999997 0.999997 0.999997 0.999997 0.999997 0.999997 0.999997 0.999997 0.999997 0.999997 0.999997 0.999997 0.999997 0.999997 0.999997 0.999997 0.999997 0.999997 0.999997 0.999997 0.999997 0.999997 0.999997 0.999997 0.999997 0.999997 0.999997 0.999997 0.999997 0.999997 0.999997 0.999997 0.999997 0.999997 0.999997 0.999997 0.999997 0.999997 0.999997 0.999997 0.999997 0.999997 0.999997 0.999997 0.999997 0.999997 0.999997
 #wt and selex for gender,fleet: 1 3 3_CA_REC
 0.00896707 0.00943737 0.0299415 0.0721687 0.134509 0.215674 0.312766 0.422542 0.54194 0.668365 0.799962 0.935804 1.0757 1.21967 1.36743 1.5182 1.67077 1.82373 1.97571 2.12546 2.27199 2.41452 2.55247 2.68543 2.81311 2.93535 3.05207 3.16323 3.26889 3.3691 3.46399 3.5537 3.63839 3.71822 3.79339 3.86409 3.93052 3.99287 4.05136 4.10616 4.15749 4.20552 4.25044 4.29243 4.33165 4.36828 4.40247 4.43436 4.46411 4.49184 4.51769 4.54177 4.5642 4.58509 4.60453 4.62263 4.63947 4.65514 4.66972 4.68327 4.69588 4.7076 4.7185 4.72863 4.73805 4.7468 4.75493 4.76249 4.76951 4.77604 4.78214 4.78786 4.79316 4.79809 4.80267 4.80692 4.81087 4.81454 4.81795 4.82111 4.82405 4.82677 4.82931 4.83166 4.83384 4.83587 4.83775 4.83949 4.84112 4.84262 4.84402 4.84532 4.84652 4.84764 4.84868 4.84964 4.85053 4.85136 4.85213 4.85285 4.8539
 0 0.00374774 0.00844533 0.0259062 0.0640604 0.130391 0.226453 0.345967 0.476766 0.604833 0.718294 0.810023 0.878267 0.925436 0.956043 0.974883 0.985996 0.992334 0.995856 0.997776 0.99881 0.999363 0.999657 0.999814 0.999898 0.999944 0.999968 0.999982 0.999989 0.999993 0.999996 0.999997 0.999998 0.999999 0.999999 0.999999 0.999999 0.999999 0.999999 0.999999 0.999999 0.999999 0.999999 0.999999 0.999999 0.999999 0.999999 0.999999 0.999999 0.999999 0.999999 0.999999 0.999999 0.999999 0.999999 0.999999 0.999999 0.999999 0.999999 0.999999 0.999999 0.999999 0.999999 0.999999 0.999999 0.999999 0.999999 0.999999 0.999999 0.999999 0.999999 0.999999 0.999999 0.999999 0.999999 0.999999 0.999999 0.999999 0.999999 0.999999 0.999999 0.999999 0.999999 0.999999 0.999999 0.999999 0.999999 0.999999 0.999999 0.999999 0.999999 0.999999 0.999999 0.999999 0.999999 0.999999 0.999999 0.999999 0.999999 0.999999 0.999999
 #wt and selex for gender,fleet: 1 4 4_ORWA_TWL
 0.00896707 0.00943376 0.027692 0.0663119 0.124606 0.202006 0.296529 0.405588 0.526457 0.656534 0.79349 0.935385 1.08076 1.22865 1.37836 1.52932 1.68086 1.83217 1.98233 2.13042 2.27558 2.41704 2.55421 2.68661 2.81391 2.93589 3.05243 3.16348 3.26905 3.36921 3.46407 3.55376 3.63842 3.71825 3.79341 3.8641 3.93053 3.99288 4.05136 4.10617 4.15749 4.20552 4.25044 4.29243 4.33165 4.36828 4.40247 4.43436 4.46411 4.49184 4.51769 4.54177 4.5642 4.58508 4.60453 4.62263 4.63947 4.65514 4.66972 4.68327 4.69588 4.7076 4.7185 4.72863 4.73805 4.7468 4.75493 4.76249 4.76951 4.77604 4.78214 4.78785 4.79316 4.79809 4.80267 4.80692 4.81087 4.81454 4.81795 4.82111 4.82405 4.82677 4.8293 4.83166 4.83384 4.83586 4.83775 4.83949 4.84111 4.84262 4.84402 4.84531 4.84652 4.84764 4.84867 4.84964 4.85053 4.85136 4.85213 4.85285 4.8539
 0 0.0162491 0.0301603 0.0631111 0.115687 0.188677 0.279249 0.381505 0.488029 0.591513 0.685958 0.767318 0.833676 0.885063 0.922981 0.949767 0.967976 0.979959 0.987635 0.992449 0.995417 0.997227 0.998322 0.998981 0.999377 0.999617 0.999761 0.99985 0.999904 0.999937 0.999958 0.999972 0.99998 0.999986 0.999989 0.999992 0.999993 0.999994 0.999995 0.999995 0.999996 0.999996 0.999996 0.999996 0.999996 0.999996 0.999996 0.999996 0.999996 0.999996 0.999996 0.999996 0.999996 0.999996 0.999996 0.999996 0.999996 0.999996 0.999996 0.999996 0.999996 0.999996 0.999996 0.999996 0.999996 0.999996 0.999996 0.999996 0.999996 0.999996 0.999996 0.999996 0.999996 0.999996 0.999996 0.999996 0.999996 0.999996 0.999996 0.999996 0.999996 0.999996 0.999996 0.999996 0.999996 0.999996 0.999996 0.999996 0.999996 0.999996 0.999996 0.999996 0.999996 0.999996 0.999996 0.999996 0.999996 0.999996 0.999996 0.999996 0.999996
 #wt and selex for gender,fleet: 1 5 5_ORWA_NONTWL
 0.00896707 0.00943754 0.0301232 0.073307 0.138039 0.223554 0.327206 0.445739 0.575879 0.714622 0.859351 1.00786 1.15832 1.30928 1.45966 1.60867 1.75583 1.90082 2.04341 2.18338 2.32047 2.45438 2.58478 2.71134 2.83373 2.95166 3.06493 3.17337 3.27687 3.37541 3.469 3.55769 3.64158 3.72079 3.79548 3.8658 3.93192 3.99404 4.05233 4.10699 4.15819 4.20612 4.25096 4.29288 4.33205 4.36863 4.40278 4.43464 4.46436 4.49207 4.5179 4.54196 4.56437 4.58525 4.60468 4.62277 4.6396 4.65527 4.66984 4.68339 4.69599 4.70771 4.7186 4.72873 4.73814 4.74689 4.75502 4.76258 4.7696 4.77612 4.78222 4.78793 4.79324 4.79817 4.80275 4.807 4.81095 4.81461 4.81802 4.82118 4.82412 4.82684 4.82938 4.83173 4.83391 4.83593 4.83782 4.83956 4.84118 4.84269 4.84409 4.84538 4.84659 4.8477 4.84874 4.84971 4.8506 4.85143 4.8522 4.85291 4.85397
 0 0.000774786 0.0017671 0.00569114 0.0152096 0.0341295 0.06617 0.113665 0.176701 0.253017 0.338569 0.428441 0.517745 0.602299 0.679015 0.746027 0.802614 0.848982 0.885988 0.914858 0.936952 0.953595 0.965975 0.975093 0.981763 0.98662 0.990148 0.99271 0.994573 0.99593 0.996924 0.997655 0.998195 0.998598 0.9989 0.999128 0.999302 0.999435 0.999539 0.999619 0.999683 0.999733 0.999773 0.999806 0.999832 0.999854 0.999871 0.999886 0.999898 0.999909 0.999917 0.999925 0.999931 0.999937 0.999941 0.999945 0.999949 0.999952 0.999955 0.999957 0.999959 0.999961 0.999963 0.999965 0.999966 0.999967 0.999968 0.999969 0.99997 0.999971 0.999971 0.999972 0.999972 0.999973 0.999973 0.999973 0.999974 0.999974 0.999974 0.999974 0.999975 0.999975 0.999975 0.999975 0.999975 0.999975 0.999976 0.999976 0.999976 0.999976 0.999976 0.999976 0.999976 0.999976 0.999976 0.999976 0.999976 0.999976 0.999977 0.999977 0.999977
 #wt and selex for gender,fleet: 1 6 6_OR_REC
 0.00896707 0.00946319 0.0405037 0.0950721 0.170048 0.260209 0.359873 0.464685 0.572377 0.683377 0.800086 0.925036 1.05937 1.20242 1.35221 1.50624 1.66209 1.81778 1.97175 2.12285 2.27025 2.4133 2.55154 2.68466 2.81243 2.9347 3.05142 3.16257 3.2682 3.3684 3.46327 3.55295 3.63761 3.71742 3.79256 3.86324 3.92965 3.99199 4.05045 4.10524 4.15655 4.20457 4.24948 4.29145 4.33067 4.36729 4.40146 4.43335 4.46309 4.49081 4.51665 4.54073 4.56315 4.58403 4.60347 4.62156 4.6384 4.65407 4.66864 4.68219 4.6948 4.70652 4.71741 4.72754 4.73696 4.74571 4.75384 4.76139 4.76841 4.77493 4.78103 4.78675 4.79205 4.79698 4.80156 4.80581 4.80975 4.81342 4.81682 4.81998 4.82292 4.82565 4.82818 4.83053 4.83271 4.83473 4.83661 4.83836 4.83998 4.84148 4.84288 4.84418 4.84538 4.8465 4.84754 4.8485 4.84939 4.85022 4.85099 4.85171 4.85276
 0 1.72832e-05 0.000113824 0.00162831 0.0118614 0.0503026 0.141258 0.290595 0.473339 0.649225 0.788486 0.882844 0.939437 0.970322 0.985993 0.993499 0.996921 0.998402 0.998992 0.999182 0.999195 0.999132 0.999035 0.998924 0.99881 0.998694 0.998581 0.998471 0.998365 0.998262 0.998164 0.998071 0.997982 0.997897 0.997817 0.997742 0.99767 0.997603 0.997539 0.99748 0.997424 0.997371 0.997322 0.997276 0.997233 0.997192 0.997154 0.997119 0.997086 0.997055 0.997027 0.997 0.996975 0.996952 0.99693 0.99691 0.996891 0.996873 0.996857 0.996842 0.996828 0.996815 0.996803 0.996791 0.996781 0.996771 0.996762 0.996753 0.996745 0.996738 0.996731 0.996725 0.996719 0.996713 0.996708 0.996703 0.996699 0.996695 0.996691 0.996687 0.996684 0.996681 0.996678 0.996675 0.996673 0.996671 0.996669 0.996667 0.996665 0.996663 0.996661 0.99666 0.996659 0.996657 0.996656 0.996655 0.996654 0.996653 0.996652 0.996651 0.99665
 #wt and selex for gender,fleet: 1 7 7_WA_REC
 0.00896707 0.00945717 0.0389807 0.0940049 0.17282 0.271565 0.384815 0.507613 0.635991 0.767035 0.898869 1.03071 1.16281 1.29604 1.43137 1.56939 1.71007 1.85279 1.99649 2.13992 2.28184 2.42111 2.55683 2.68829 2.81498 2.93658 3.05287 3.16376 3.26924 3.36934 3.46415 3.55381 3.63846 3.71827 3.79343 3.86412 3.93054 3.99289 4.05137 4.10617 4.15749 4.20552 4.25044 4.29243 4.33165 4.36828 4.40247 4.43437 4.46411 4.49184 4.51769 4.54177 4.5642 4.58509 4.60453 4.62263 4.63947 4.65514 4.66972 4.68327 4.69588 4.7076 4.7185 4.72863 4.73805 4.7468 4.75494 4.76249 4.76951 4.77604 4.78214 4.78786 4.79316 4.79809 4.80267 4.80693 4.81087 4.81454 4.81795 4.82111 4.82405 4.82677 4.82931 4.83166 4.83384 4.83587 4.83775 4.83949 4.84112 4.84262 4.84402 4.84532 4.84652 4.84764 4.84868 4.84964 4.85053 4.85136 4.85213 4.85285 4.8539
 0 3.90324e-06 2.11334e-05 0.000260153 0.00190556 0.00898238 0.0298008 0.0749768 0.151816 0.259184 0.386886 0.51968 0.64299 0.747074 0.828189 0.887368 0.928281 0.95537 0.972704 0.983508 0.990112 0.994093 0.996471 0.997885 0.998726 0.999226 0.999525 0.999705 0.999814 0.999881 0.999923 0.999949 0.999966 0.999977 0.999984 0.999989 0.999992 0.999994 0.999995 0.999996 0.999997 0.999998 0.999998 0.999998 0.999999 0.999999 0.999999 0.999999 0.999999 0.999999 0.999999 0.999999 0.999999 0.999999 0.999999 0.999999 0.999999 0.999999 0.999999 0.999999 0.999999 0.999999 0.999999 0.999999 0.999999 0.999999 0.999999 0.999999 0.999999 0.999999 0.999999 0.999999 0.999999 0.999999 0.999999 0.999999 0.999999 0.999999 0.999999 0.999999 0.999999 0.999999 0.999999 0.999999 0.999999 0.999999 0.999999 0.999999 0.999999 0.999999 0.999999 0.999999 0.999999 0.999999 0.999999 0.999999 0.999999 0.999999 0.999999 0.999999 0.999999
# Sex ratio correction
1
# M and current age-structure in year Yinit: 2011
 # gender = 1
 0.0439034 0.0439034 0.0439034 0.0439034 0.0439034 0.0439034 0.0439034 0.0439034 0.0439034 0.0439034 0.0439034 0.0439034 0.0439034 0.0439034 0.0439034 0.0439034 0.0439034 0.0439034 0.0439034 0.0439034 0.0439034 0.0439034 0.0439034 0.0439034 0.0439034 0.0439034 0.0439034 0.0439034 0.0439034 0.0439034 0.0439034 0.0439034 0.0439034 0.0439034 0.0439034 0.0439034 0.0439034 0.0439034 0.0439034 0.0439034 0.0439034 0.0439034 0.0439034 0.0439034 0.0439034 0.0439034 0.0439034 0.0439034 0.0439034 0.0439034 0.0439034 0.0439034 0.0439034 0.0439034 0.0439034 0.0439034 0.0439034 0.0439034 0.0439034 0.0439034 0.0439034 0.0439034 0.0439034 0.0439034 0.0439034 0.0439034 0.0439034 0.0439034 0.0439034 0.0439034 0.0439034 0.0439034 0.0439034 0.0439034 0.0439034 0.0439034 0.0439034 0.0439034 0.0439034 0.0439034 0.0439034 0.0439034 0.0439034 0.0439034 0.0439034 0.0439034 0.0439034 0.0439034 0.0439034 0.0439034 0.0439034 0.0439034 0.0439034 0.0439034 0.0439034 0.0439034 0.0439034 0.0439034 0.0439034 0.0439034 0.0439034
 254.154 343.126 314.83 313.834 193.76 167.707 100.241 64.2983 97.7789 211.16 59.0973 46.1381 77.9323 53.746 31.4912 25.4098 25.9147 53.4233 55.3714 25.548 20.2026 20.3008 20.1103 20.244 22.4599 24.9462 31.1048 30.5801 19.2657 21.4374 17.2622 13.6306 9.5983 6.75522 7.76413 7.26419 7.21916 4.24291 3.62016 4.38061 6.65966 4.07221 3.07448 2.5455 1.97327 1.64554 1.29337 1.05884 0.997672 1.05583 1.15723 1.17634 1.06428 0.92348 0.815222 0.745075 0.709768 0.706811 0.735868 0.799093 0.89539 1.00538 1.06909 1.02021 0.892673 0.763899 0.662823 0.589231 0.53638 0.497362 0.467649 0.444258 0.425348 0.409558 0.395572 0.382278 0.368857 0.355033 0.34094 0.32702 0.313743 0.301473 0.29031 0.280226 0.270947 0.262096 0.253591 0.245219 0.236818 0.228316 0.21969 0.21096 0.202191 0.19349 0.184879 0.176472 0.16834 0.160526 0.153051 0.14593 3.13688
# Age-structure at Ydeclare= 2013
 450.026 206.88 232.787 314.276 288.347 287.402 177.394 153.464 91.6532 58.7263 89.195 192.383 53.7813 41.9477 70.8003 48.7991 28.5804 23.054 23.5071 48.4527 50.2144 23.1669 18.3188 18.4072 18.2338 18.3544 20.3628 22.616 28.198 27.721 17.4635 19.4309 15.6456 12.3534 8.69853 6.1217 7.03572 6.58245 6.54143 3.84447 3.28009 3.96899 6.03371 3.68935 2.78535 2.30606 1.78762 1.4907 1.17165 0.959179 0.903755 0.95643 1.04828 1.06558 0.964065 0.83652 0.738453 0.674911 0.642927 0.640247 0.666567 0.723836 0.811063 0.910692 0.968404 0.924123 0.808598 0.691951 0.600394 0.533733 0.485859 0.450516 0.423602 0.402413 0.385284 0.370982 0.358312 0.346271 0.334114 0.321592 0.308826 0.296217 0.284191 0.273077 0.262966 0.253831 0.245426 0.237409 0.229705 0.222121 0.214512 0.20681 0.198997 0.19109 0.183147 0.175266 0.167465 0.15985 0.152485 0.145406 3.11224
# Year for Tmin Age-structure (set to Ydecl by SS)
2013
#  recruitment and biomass
# Number of historical assessment years
137
# Historical data
# year recruitment spawner in B0 in R project in R/S project
1888  1889 1890 1891 1892 1893 1894 1895 1896 1897 1898 1899 1900 1901 1902 1903 1904 1905 1906 1907 1908 1909 1910 1911 1912 1913 1914 1915 1916 1917 1918 1919 1920 1921 1922 1923 1924 1925 1926 1927 1928 1929 1930 1931 1932 1933 1934 1935 1936 1937 1938 1939 1940 1941 1942 1943 1944 1945 1946 1947 1948 1949 1950 1951 1952 1953 1954 1955 1956 1957 1958 1959 1960 1961 1962 1963 1964 1965 1966 1967 1968 1969 1970 1971 1972 1973 1974 1975 1976 1977 1978 1979 1980 1981 1982 1983 1984 1985 1986 1987 1988 1989 1990 1991 1992 1993 1994 1995 1996 1997 1998 1999 2000 2001 2002 2003 2004 2005 2006 2007 2008 2009 2010 2011 2012 2013 2014 2015 2016 2017 2018 2019 2020 2021 2022 2023 2024 #years (with first value representing R0)
222.51 226.348 226.484 226.625 226.77 226.913 227.061 227.214 227.38 227.554 227.735 227.924 228.123 228.331 228.549 228.774 229.014 229.269 229.541 229.84 230.163 230.511 230.884 231.277 231.688 232.098 232.485 232.805 233.01 233.039 232.813 232.215 231.257 229.86 228.002 225.71 223.04 220.087 217.005 213.961 210.993 208.344 206.138 204.31 202.722 201.102 199.17 196.727 193.78 190.55 187.477 185.051 183.749 183.96 186.156 191.093 199.876 214.114 235.018 261.558 284.661 284.022 254.263 215.528 183.041 160.376 146.539 139.955 139.695 145.282 156.364 171.114 179.455 167.348 144.549 129.095 129.215 148.405 176.911 197.868 236.771 263.512 319.196 473.339 279.784 205.864 212.881 316.765 276.358 253.943 188.358 226.297 269.653 284.611 292.852 217.1 283.885 238.192 158.445 119.34 91.0108 77.5308 68.1793 60.0803 68.4068 135.592 121.275 55.0912 50.9603 59.8478 97.0726 133.979 75.5855 92.3333 314.89 139.276 87.5425 130.523 208.919 230.973 358.024 343.726 358.526 254.154 216.165 450.026 209.306 270.687 145.462 101.125 110.882 142.152 152.349 159.113 165.383 179.434 182.3  #recruits; first value is R0 (virgin)
1131.49  1131.49 1131.48 1131.47 1131.44 1130.98 1130.52 1130.05 1129.9 1129.82 1129.74 1129.68 1129.62 1129.57 1129.54 1129.54 1129.57 1129.63 1129.73 1129.86 1130.02 1130.08 1130.29 1130.51 1130.76 1131.02 1131.29 1131.58 1131.8 1132.11 1132.27 1130.39 1130.11 1129.97 1129.91 1130.15 1130.34 1130 1129.32 1127.86 1125.7 1123.65 1122.09 1120.19 1119.34 1118.64 1117.95 1116.71 1115.43 1113.12 1111.03 1108.58 1106.66 1103.52 1098.75 1093.53 1083.68 1073.04 1057.04 1042.18 1035 1026.72 1020.12 1012.73 1003.66 995.641 989.404 982.007 975.044 968.118 960.206 953.141 947.359 942.918 940.468 937.377 935.81 935.434 925.168 921.798 916.476 910.666 895.582 885.09 871.354 854.39 836.015 815.845 796.05 773.493 751.318 716.573 680.146 652.571 617.573 560.528 512.089 484.136 447.081 417.664 390.336 367.089 337.715 316.866 282.117 250.644 220.455 204.22 187.704 169.647 148.665 141.602 130.224 130.789 130.754 135.95 141.372 147.034 152.709 158.715 164.243 170.164 176.053 182.687 189.636 196.918 205.109 214.272 223.96 234.949 246.22 259.196 273.581 290.479 309.146 328.356 348.441 #spbio; first value is SSB_virgin (virgin)
1 0 0 0 0 0 0 0 0 0 0 0 0 0 0 0 0 0 0 0 0 0 0 0 0 0 0 0 0 0 0 0 0 0 0 0 0 0 0 0 0 0 0 0 0 0 0 0 0 0 0 0 0 0 0 0 0 0 0 0 0 0 0 0 0 0 0 0 0 0 0 0 0 0 0 0 0 0 0 0 0 0 0 0 0 0 0 0 0 0 0 0 0 0 0 0 0 0 0 0 0 0 0 0 0 0 0 0 0 0 0 0 0 0 0 0 0 0 0 0 0 0 0 0 0 0 0 0 0 0 0 0 0 0 0 0 0  # in Bzero
0 1 1 1 1 1 1 1 1 1 1 1 1 1 1 1 1 1 1 1 1 1 1 1 1 1 1 1 1 1 1 1 1 1 1 1 1 1 1 1 1 1 1 1 1 1 1 1 1 1 1 1 1 1 1 1 1 1 1 1 1 1 1 1 1 1 1 1 1 1 1 1 1 1 1 1 1 1 1 1 1 1 1 1 1 1 1 1 1 1 1 1 1 1 1 1 1 1 1 1 1 1 1 1 1 1 1 1 1 1 1 1 1 1 1 1 1 1 1 1 1 1 1 1 1 1 1 1 1 1 1 1 1 1  0 0 0 # in R project
0 1 1 1 1 1 1 1 1 1 1 1 1 1 1 1 1 1 1 1 1 1 1 1 1 1 1 1 1 1 1 1 1 1 1 1 1 1 1 1 1 1 1 1 1 1 1 1 1 1 1 1 1 1 1 1 1 1 1 1 1 1 1 1 1 1 1 1 1 1 1 1 1 1 1 1 1 1 1 1 1 1 1 1 1 1 1 1 1 1 1 1 1 1 1 1 1 1 1 1 1 1 1 1 1 1 1 1 1 1 1 1 1 1 1 1 1 1 1 1 1 1 1 1 1 1 1 1 1 1 1 1 1 1  0 0 0 # in R/S project
# Number of years with pre-specified catches
0
# catches for years with pre-specified catches go next
# Number of future recruitments to override
-2
# Process for overiding (-1 for average otherwise index in data list)
# Which probability to product detailed results for (1=0.5; 2=0.6; etc.)
3
# Steepness sigma-R Auto-correlation
0.718 0.5 0
# Target SPR rate (FMSY Proxy); manually change to SPR_MSY if not using SPR_target
0.5
# Discount rate (for cumulative catch)
0.1
# Truncate the series when 0.4B0 is reached (1=Yes)
0
# Set F to FMSY once 0.4B0 is reached (1=Yes)
0
# Maximum possible F for projection (-1 to set to FMSY)
-1
# Defintion of recovery (1=now only;2=now or before)
2
# Projection type
4
# Definition of the 40-10 rule
10 40
# Sigma Assessment Error (Base, Year1, Slope, MaxSigma)
1.0 2025 0.075 2.0
# Pstar
0.45
# Constrain catches by the ABC (1=yes, 2=no)
2
# Implementation Error (0=no; 1=lognormal; 2=uniform)
0
#Parameters of Implementaion Error
1 0.3
# Calculate coefficients of variation (1=Yes)
0
# Number of replicates to use
10
# Random number seed
-99004
# File with multiple parameter vectors 
rebuild.SSO
# User-specific projection (1=Yes); Output replaced (1->9)
0  5
# Catches and Fs (Year; 1/2/3 (F or C or SPR); value); Final row is -1
2024 1 1
-1 -1 -1
# Fixed catch project (1=Yes); Output replaced (1->9); Approach (-1=Read in else 1-9)
0 2 -1
# (48a) Special catch options (1-Yes) [CUT_OFF, Emsy, distribution, MAXCAT, Add, replace_code]
0 0.18 1.00 1.00 0 6
# (48b) B1Target
150000
# Split of Fs
2011  0.0173344
 0
 0.407836
 0.0234917
 0.18563
 0.191247
 0.17446
-1  1 1 1 1 1 1 1 1 1 1 1 1
# Yrs to define T_target for projection type 4 (a.k.a. 5 pre-specified inputs)
2030 2031 2032 2033 2034 
# Year for probability of recovery
2034 2035 2036 2037 2038 2039 2040 2041
# Time varying weight-at-age (1=Yes;0=No)
0
# File with time series of weight-at-age data
none
# Use bisection (0) or linear interpolation (1)
1
# Target Depletion
0.4
# CV of implementation error
0
