#Title, #runnumber: 2 yelloweye_data.ss yelloweye_control.ss 1292.23 1247.01 552.279 StartTime: Thu May  1 17:31:32 2025
SSv3_default_rebuild.dat
# Number of sexes
1
# Age range to consider (minimum age; maximum age)
0 100
# Number of fleets
7
# First year of projection (Yinit)
2011
# First Year of rebuilding period (Ydecl)
2013
# Number of simulations
1000
# Maximum number of years
500
# Conduct projections with multiple starting values (0=No;else yes)
0
# Number of parameter vectors
1000
# Is the maximum age a plus-group (1=Yes;2=No)
1
# Generate future recruitments using historical recruitments (1)  historical recruits/spawner (2)  or a stock-recruitment (3)
3
# Constant fishing mortality (1) or constant Catch (2) projections
1
# Fishing mortality based on SPR (1) or actual rate (2)
1
# Pre-specify the year of recovery (or -1) to ignore
-1
# Fecundity-at-age
# 0 1 2 3 4 5 6 7 8 9 10 11 12 13 14 15 16 17 18 19 20 21 22 23 24 25 26 27 28 29 30 31 32 33 34 35 36 37 38 39 40 41 42 43 44 45 46 47 48 49 50 51 52 53 54 55 56 57 58 59 60 61 62 63 64 65 66 67 68 69 70 71 72 73 74 75 76 77 78 79 80 81 82 83 84 85 86 87 88 89 90 91 92 93 94 95 96 97 98 99 100 #runnumber: 2 yelloweye_data.ss yelloweye_control.ss 1292.23 1247.01 552.279
 0 0 1.15792e-07 7.80533e-07 4.02025e-06 1.821e-05 7.30275e-05 0.000264224 0.000868502 0.00258119 0.00681968 0.0157121 0.0313536 0.0547371 0.0853183 0.121455 0.161169 0.202697 0.244724 0.286374 0.327116 0.366657 0.40485 0.441633 0.476993 0.510941 0.543499 0.574695 0.604558 0.633119 0.66041 0.686461 0.711305 0.734975 0.757506 0.778931 0.799286 0.818608 0.836934 0.8543 0.870745 0.886305 0.901018 0.914921 0.928049 0.94044 0.952127 0.963145 0.973528 0.983306 0.992512 1.00117 1.00932 1.01699 1.02419 1.03096 1.03732 1.04329 1.0489 1.05416 1.0591 1.06373 1.06808 1.07216 1.07598 1.07957 1.08293 1.08608 1.08903 1.0918 1.09439 1.09673 1.09892 1.10097 1.1029 1.1047 1.10638 1.10796 1.10943 1.11082 1.11211 1.11332 1.11445 1.11552 1.11651 1.11744 1.11831 1.11912 1.11988 1.1206 1.12126 1.12189 1.12247 1.12302 1.12353 1.12401 1.12446 1.12487 1.12527 1.12563 1.1262 #female fecundity; weighted by N in year Y_init across morphs and areas
# Age specific selectivity and weight adjusted for discard and discard mortality
 #wt and selex for gender,fleet: 1 1 1_CA_TWL
 0.0171933 0.0415317 0.0728137 0.120467 0.179877 0.252128 0.336187 0.43062 0.533677 0.643398 0.757752 0.874782 0.992833 1.11086 1.22847 1.34564 1.46238 1.57852 1.69373 1.80761 1.91969 2.02957 2.13686 2.24125 2.34249 2.44037 2.53476 2.62556 2.71272 2.7962 2.87603 2.95224 3.02488 3.09403 3.15976 3.22217 3.28138 3.33748 3.39059 3.44084 3.48833 3.53318 3.57552 3.61546 3.65311 3.68858 3.72199 3.75345 3.78304 3.81088 3.83705 3.86165 3.88476 3.90647 3.92686 3.946 3.96397 3.98082 3.99664 4.01147 4.02538 4.03843 4.05066 4.06212 4.07286 4.08293 4.09236 4.1012 4.10948 4.11723 4.12437 4.13093 4.13707 4.14282 4.1482 4.15324 4.15796 4.16238 4.16651 4.17038 4.17401 4.1774 4.18057 4.18354 4.18632 4.18892 4.19135 4.19363 4.19576 4.19775 4.19961 4.20136 4.20299 4.20452 4.20595 4.20729 4.20854 4.20971 4.2108 4.21183 4.21341
 0 0.00424359 0.0113129 0.0267568 0.0550766 0.10043 0.165139 0.248212 0.345285 0.44952 0.553169 0.649148 0.732254 0.799902 0.852163 0.890996 0.919154 0.939329 0.953757 0.964126 0.97165 0.977179 0.981298 0.984411 0.986799 0.988657 0.990122 0.991291 0.992236 0.993008 0.993645 0.994176 0.994622 0.995 0.995323 0.9956 0.99584 0.996049 0.996231 0.996392 0.996533 0.996659 0.99677 0.99687 0.996959 0.99704 0.997112 0.997177 0.997236 0.99729 0.997339 0.997383 0.997424 0.997461 0.997495 0.997526 0.997555 0.997581 0.997606 0.997628 0.997649 0.997668 0.997685 0.997701 0.997717 0.99773 0.997743 0.997755 0.997766 0.997777 0.99779 0.997806 0.997821 0.997835 0.997848 0.99786 0.997871 0.997882 0.997891 0.9979 0.997909 0.997917 0.997924 0.997931 0.997937 0.997943 0.997949 0.997954 0.997959 0.997963 0.997967 0.997971 0.997975 0.997978 0.997981 0.997984 0.997987 0.99799 0.997992 0.997994 0.997998
 #wt and selex for gender,fleet: 1 3 3_CA_REC
 0.0171925 0.0408856 0.0721883 0.118835 0.177273 0.248006 0.330125 0.422242 0.522707 0.629689 0.741307 0.855797 0.971827 1.08871 1.20621 1.32416 1.44225 1.56002 1.67692 1.79241 1.90597 2.01715 2.12557 2.23094 2.33301 2.43161 2.52662 2.61794 2.70555 2.78943 2.86961 2.94611 3.01901 3.08838 3.15432 3.21691 3.27627 3.33252 3.38575 3.43611 3.4837 3.52864 3.57106 3.61108 3.64879 3.68433 3.7178 3.7493 3.77894 3.80682 3.83303 3.85767 3.88081 3.90255 3.92297 3.94213 3.96012 3.977 3.99283 4.00769 4.02161 4.03467 4.04692 4.05839 4.06915 4.07923 4.08867 4.09752 4.10581 4.11357 4.12072 4.1273 4.13346 4.13922 4.14462 4.14968 4.15441 4.15884 4.16298 4.16686 4.1705 4.1739 4.17708 4.18005 4.18284 4.18545 4.18789 4.19017 4.19231 4.1943 4.19617 4.19792 4.19956 4.20109 4.20253 4.20387 4.20512 4.20629 4.20739 4.20842 4.21001
 0 0.0180371 0.0386004 0.0743022 0.128472 0.201751 0.292047 0.394034 0.50051 0.603901 0.697638 0.777091 0.84013 0.887244 0.920857 0.94413 0.960015 0.970839 0.978267 0.983429 0.987075 0.989697 0.991615 0.993046 0.99413 0.994966 0.99562 0.996139 0.996556 0.996896 0.997175 0.997407 0.997602 0.997767 0.997907 0.998028 0.998132 0.998222 0.998301 0.998371 0.998432 0.998486 0.998535 0.998578 0.998616 0.998651 0.998682 0.998711 0.998736 0.998759 0.99878 0.9988 0.998817 0.998833 0.998848 0.998861 0.998874 0.998885 0.998896 0.998905 0.998914 0.998922 0.99893 0.998937 0.998943 0.998949 0.998955 0.99896 0.998965 0.998969 0.998976 0.998983 0.99899 0.998997 0.999003 0.999009 0.999014 0.999019 0.999024 0.999028 0.999032 0.999036 0.999039 0.999042 0.999045 0.999048 0.999051 0.999053 0.999056 0.999058 0.99906 0.999062 0.999063 0.999065 0.999066 0.999068 0.999069 0.99907 0.999071 0.999073 0.999074
 #wt and selex for gender,fleet: 1 4 4_ORWA_TWL
 0.0171921 0.0404804 0.0718297 0.1179 0.175813 0.245768 0.326946 0.418024 0.51744 0.623472 0.734349 0.84841 0.964381 1.08156 1.1996 1.31823 1.43702 1.55544 1.67293 1.78891 1.90289 2.01441 2.12312 2.22873 2.331 2.42977 2.52491 2.61636 2.70406 2.78803 2.86827 2.94484 3.0178 3.08721 3.15319 3.21582 3.27521 3.33148 3.38475 3.43513 3.48274 3.5277 3.57013 3.61016 3.64789 3.68344 3.71692 3.74843 3.77808 3.80597 3.83219 3.85683 3.87998 3.90173 3.92215 3.94132 3.95931 3.97619 3.99203 4.00689 4.02082 4.03388 4.04613 4.0576 4.06836 4.07844 4.08789 4.09674 4.10503 4.11279 4.11995 4.12653 4.13269 4.13846 4.14386 4.14892 4.15365 4.15809 4.16223 4.16612 4.16975 4.17315 4.17634 4.17931 4.1821 4.18471 4.18715 4.18944 4.19157 4.19357 4.19545 4.1972 4.19883 4.20037 4.2018 4.20314 4.2044 4.20557 4.20667 4.2077 4.20929
 0 0.0376594 0.0706046 0.120682 0.189039 0.273475 0.369962 0.472362 0.573946 0.668556 0.751441 0.819711 0.872563 0.911239 0.938342 0.956833 0.969306 0.977725 0.98346 0.987422 0.990208 0.992204 0.993661 0.994744 0.995565 0.996196 0.996689 0.997081 0.997395 0.997651 0.997861 0.998036 0.998182 0.998306 0.998412 0.998502 0.998581 0.998649 0.998708 0.99876 0.998806 0.998847 0.998883 0.998916 0.998945 0.998971 0.998994 0.999015 0.999034 0.999052 0.999068 0.999082 0.999095 0.999107 0.999118 0.999128 0.999138 0.999146 0.999154 0.999161 0.999168 0.999174 0.99918 0.999185 0.99919 0.999194 0.999199 0.999203 0.999206 0.999209 0.999214 0.99922 0.999226 0.999231 0.999235 0.99924 0.999244 0.999248 0.999251 0.999254 0.999257 0.99926 0.999263 0.999265 0.999268 0.99927 0.999272 0.999274 0.999276 0.999277 0.999279 0.99928 0.999281 0.999283 0.999284 0.999285 0.999286 0.999287 0.999288 0.999289 0.99929
 #wt and selex for gender,fleet: 1 5 5_ORWA_NONTWL
 0.0171924 0.0408301 0.0722186 0.119118 0.178109 0.250026 0.334257 0.429783 0.535327 0.6494 0.770392 0.896655 1.02657 1.1586 1.29134 1.42354 1.55412 1.6822 1.80712 1.92839 2.04574 2.159 2.26814 2.37314 2.47406 2.57093 2.66383 2.75282 2.83796 2.91934 2.99702 3.0711 3.14166 3.20879 3.2726 3.33319 3.39067 3.44515 3.49674 3.54555 3.59171 3.63532 3.67649 3.71535 3.75199 3.78653 3.81907 3.84971 3.87855 3.90568 3.9312 3.95519 3.97774 3.99892 4.01882 4.0375 4.05504 4.0715 4.08694 4.10143 4.11502 4.12777 4.13972 4.15092 4.16142 4.17126 4.18048 4.18912 4.19722 4.2048 4.21172 4.21801 4.22391 4.22943 4.2346 4.23944 4.24397 4.24821 4.25218 4.2559 4.25938 4.26264 4.26568 4.26854 4.27121 4.27371 4.27604 4.27823 4.28028 4.28219 4.28399 4.28566 4.28723 4.2887 4.29007 4.29136 4.29256 4.29369 4.29474 4.29572 4.29725
 0 0.00342024 0.00728397 0.0143309 0.02586 0.0431384 0.067277 0.0988677 0.137892 0.183695 0.23507 0.290435 0.348025 0.406094 0.463059 0.517605 0.568734 0.61577 0.658343 0.696348 0.729895 0.759245 0.784757 0.806835 0.825893 0.842327 0.8565 0.868738 0.879324 0.888505 0.896489 0.903452 0.909546 0.914895 0.919607 0.92377 0.927461 0.930742 0.933668 0.936285 0.938631 0.94074 0.942641 0.944358 0.945912 0.947322 0.948603 0.94977 0.950834 0.951806 0.952695 0.95351 0.954258 0.954944 0.955576 0.956157 0.956693 0.957187 0.957643 0.958065 0.958455 0.958816 0.95915 0.959459 0.959747 0.960013 0.96026 0.96049 0.960703 0.960902 0.961109 0.961323 0.961522 0.961708 0.961881 0.962042 0.962192 0.962331 0.962462 0.962583 0.962697 0.962802 0.962901 0.962993 0.963079 0.963159 0.963234 0.963304 0.96337 0.963431 0.963487 0.963541 0.96359 0.963637 0.96368 0.963721 0.963759 0.963794 0.963827 0.963858 0.963906
 #wt and selex for gender,fleet: 1 6 6_OR_REC
 0.0171986 0.043696 0.0753318 0.125791 0.187328 0.262067 0.347662 0.441681 0.541288 0.64375 0.747595 0.8534 0.962437 1.07515 1.19101 1.309 1.42804 1.5471 1.66535 1.78208 1.89672 2.00882 2.118 2.22399 2.32657 2.42559 2.52093 2.61252 2.70034 2.78439 2.8647 2.94131 3.01429 3.08372 3.1497 3.21232 3.2717 3.32795 3.38119 3.43154 3.47912 3.52405 3.56645 3.60645 3.64414 3.67966 3.71311 3.74458 3.7742 3.80206 3.82825 3.85286 3.87598 3.8977 3.9181 3.93724 3.95521 3.97207 3.98788 4.00272 4.01663 4.02968 4.0419 4.05337 4.06411 4.07417 4.08361 4.09244 4.10072 4.10847 4.11562 4.1222 4.12836 4.13412 4.13952 4.14458 4.14931 4.15374 4.15788 4.16176 4.1654 4.1688 4.17198 4.17495 4.17774 4.18035 4.18279 4.18507 4.18721 4.18921 4.19108 4.19282 4.19446 4.19599 4.19743 4.19877 4.20002 4.2012 4.20229 4.20332 4.20491
 0 0.000285299 0.00171845 0.00844106 0.0298137 0.0810117 0.175697 0.314465 0.479292 0.640343 0.771336 0.862325 0.918811 0.951761 0.970563 0.98134 0.987642 0.991428 0.993768 0.995254 0.99622 0.99686 0.997289 0.997578 0.997771 0.997899 0.99798 0.998029 0.998053 0.998059 0.998053 0.998038 0.998016 0.99799 0.99796 0.997928 0.997895 0.997862 0.997828 0.997794 0.997761 0.997729 0.997698 0.997668 0.997639 0.997611 0.997584 0.997559 0.997534 0.997511 0.997489 0.997468 0.997449 0.99743 0.997412 0.997395 0.99738 0.997365 0.997351 0.997338 0.997325 0.997313 0.997302 0.997292 0.997282 0.997273 0.997265 0.997257 0.997249 0.997242 0.997236 0.997232 0.997228 0.997225 0.997221 0.997218 0.997215 0.997212 0.997209 0.997207 0.997204 0.997202 0.9972 0.997198 0.997196 0.997194 0.997193 0.997191 0.99719 0.997188 0.997187 0.997186 0.997185 0.997184 0.997183 0.997182 0.997181 0.99718 0.997179 0.997179 0.997178
 #wt and selex for gender,fleet: 1 7 7_WA_REC
 0.0171954 0.0427485 0.0742241 0.123917 0.185452 0.261087 0.349505 0.449233 0.558344 0.674624 0.795755 0.91947 1.04371 1.16681 1.28779 1.40634 1.5226 1.63686 1.74928 1.85989 1.96858 2.07514 2.1793 2.28082 2.37946 2.47503 2.56736 2.65633 2.74186 2.82392 2.90249 2.97757 3.04922 3.11747 3.18241 3.24412 3.30269 3.35823 3.41083 3.46061 3.50768 3.55216 3.59415 3.63378 3.67115 3.70637 3.73954 3.77078 3.80017 3.82783 3.85384 3.87828 3.90125 3.92284 3.9431 3.96213 3.97999 3.99676 4.01248 4.02724 4.04107 4.05405 4.06621 4.07762 4.0883 4.09832 4.1077 4.1165 4.12473 4.13245 4.13953 4.14602 4.1521 4.15779 4.16311 4.1681 4.17277 4.17714 4.18123 4.18506 4.18865 4.19201 4.19515 4.19808 4.20084 4.20341 4.20582 4.20807 4.21018 4.21215 4.214 4.21573 4.21734 4.21886 4.22027 4.2216 4.22283 4.22399 4.22508 4.22609 4.22766
 0 0.000159153 0.000666643 0.00245471 0.00734368 0.0185422 0.0403824 0.0772452 0.131988 0.204576 0.29166 0.387286 0.484355 0.576227 0.658015 0.727204 0.783476 0.827993 0.862607 0.889287 0.909804 0.92562 0.93788 0.947456 0.955001 0.961004 0.965825 0.969735 0.972936 0.97558 0.977782 0.979632 0.981196 0.98253 0.983673 0.98466 0.985517 0.986264 0.98692 0.987497 0.988007 0.988461 0.988865 0.989226 0.98955 0.989841 0.990104 0.990342 0.990557 0.990753 0.990931 0.991094 0.991242 0.991378 0.991502 0.991616 0.991721 0.991817 0.991906 0.991988 0.992063 0.992133 0.992197 0.992257 0.992312 0.992363 0.99241 0.992454 0.992495 0.992533 0.992578 0.992629 0.992677 0.992721 0.992763 0.992801 0.992837 0.99287 0.992901 0.99293 0.992956 0.992981 0.993005 0.993026 0.993047 0.993066 0.993083 0.9931 0.993115 0.99313 0.993143 0.993155 0.993167 0.993178 0.993188 0.993198 0.993207 0.993215 0.993223 0.99323 0.993241
# Sex ratio correction
1
# M and current age-structure in year Yinit: 2011
 # gender = 1
 0.0439034 0.0439034 0.0439034 0.0439034 0.0439034 0.0439034 0.0439034 0.0439034 0.0439034 0.0439034 0.0439034 0.0439034 0.0439034 0.0439034 0.0439034 0.0439034 0.0439034 0.0439034 0.0439034 0.0439034 0.0439034 0.0439034 0.0439034 0.0439034 0.0439034 0.0439034 0.0439034 0.0439034 0.0439034 0.0439034 0.0439034 0.0439034 0.0439034 0.0439034 0.0439034 0.0439034 0.0439034 0.0439034 0.0439034 0.0439034 0.0439034 0.0439034 0.0439034 0.0439034 0.0439034 0.0439034 0.0439034 0.0439034 0.0439034 0.0439034 0.0439034 0.0439034 0.0439034 0.0439034 0.0439034 0.0439034 0.0439034 0.0439034 0.0439034 0.0439034 0.0439034 0.0439034 0.0439034 0.0439034 0.0439034 0.0439034 0.0439034 0.0439034 0.0439034 0.0439034 0.0439034 0.0439034 0.0439034 0.0439034 0.0439034 0.0439034 0.0439034 0.0439034 0.0439034 0.0439034 0.0439034 0.0439034 0.0439034 0.0439034 0.0439034 0.0439034 0.0439034 0.0439034 0.0439034 0.0439034 0.0439034 0.0439034 0.0439034 0.0439034 0.0439034 0.0439034 0.0439034 0.0439034 0.0439034 0.0439034 0.0439034
 299.87 606.152 379.295 276.419 267.396 204.816 170.184 166.904 177.651 150.355 173.233 146.724 121.661 105.538 103.4 82.3664 64.4469 58.7609 60.4664 70.9028 57.3179 48.775 47.9206 55.0708 76.421 65.8255 60.9834 51.5452 42.015 48.086 41.5397 47.2091 31.9163 30.4905 29.3064 21.4269 18.5387 15.0683 12.3276 11.4582 10.873 10.0059 9.22876 8.55546 7.84704 7.12908 6.49013 5.95222 5.5156 5.15991 4.86532 4.61801 4.40614 4.22116 4.05646 3.90657 3.76813 3.63833 3.51449 3.39573 3.28055 3.16751 3.05634 2.94737 2.83973 2.73532 2.63242 2.52966 2.42832 2.32783 2.22924 2.13256 2.03822 1.94687 1.85867 1.77396 1.69271 1.61513 1.54111 1.47061 1.40349 1.33968 1.27883 1.22087 1.16528 1.11144 1.06008 1.01111 0.964425 0.919939 0.877562 0.837184 0.798714 0.762153 0.727201 0.693898 0.662175 0.631953 0.603168 0.575752 12.4657
# Age-structure at Ydeclare= 2013
 245.54 314.186 274.658 555.173 347.378 253.136 244.834 187.487 155.731 152.663 162.415 137.394 158.231 133.966 111.047 96.3042 94.3326 75.1297 58.776 53.5841 55.1342 64.6456 52.2564 44.4658 43.6853 50.2019 69.6625 60.0026 55.5875 46.9834 38.2958 43.8283 37.8609 43.0271 29.0884 27.7883 26.7086 19.5271 16.8947 13.7318 11.2339 10.4414 9.90794 9.11762 8.40929 7.79563 7.15001 6.49572 5.91346 5.42328 5.0254 4.70129 4.43284 4.20749 4.01443 3.84587 3.6958 3.55923 3.43309 3.31483 3.20199 3.09378 2.98883 2.88584 2.78456 2.68527 2.5872 2.49207 2.39832 2.30469 2.21237 2.12081 2.03098 1.9429 1.85695 1.77372 1.69337 1.61618 1.54216 1.47148 1.40404 1.33981 1.27867 1.22052 1.16509 1.11228 1.06164 1.01259 0.965793 0.921185 0.878648 0.838118 0.79951 0.762724 0.727676 0.694366 0.662524 0.632182 0.603281 0.575748 12.4311
# Year for Tmin Age-structure (set to Ydecl by SS)
2013
#  recruitment and biomass
# Number of historical assessment years
137
# Historical data
# year recruitment spawner in B0 in R project in R/S project
1888  1889 1890 1891 1892 1893 1894 1895 1896 1897 1898 1899 1900 1901 1902 1903 1904 1905 1906 1907 1908 1909 1910 1911 1912 1913 1914 1915 1916 1917 1918 1919 1920 1921 1922 1923 1924 1925 1926 1927 1928 1929 1930 1931 1932 1933 1934 1935 1936 1937 1938 1939 1940 1941 1942 1943 1944 1945 1946 1947 1948 1949 1950 1951 1952 1953 1954 1955 1956 1957 1958 1959 1960 1961 1962 1963 1964 1965 1966 1967 1968 1969 1970 1971 1972 1973 1974 1975 1976 1977 1978 1979 1980 1981 1982 1983 1984 1985 1986 1987 1988 1989 1990 1991 1992 1993 1994 1995 1996 1997 1998 1999 2000 2001 2002 2003 2004 2005 2006 2007 2008 2009 2010 2011 2012 2013 2014 2015 2016 2017 2018 2019 2020 2021 2022 2023 2024 #years (with first value representing R0)
311.525 315.178 315.302 315.43 315.563 315.69 315.822 315.959 316.109 316.264 316.425 316.591 316.763 316.939 317.123 317.312 317.508 317.709 317.916 318.13 318.349 318.571 318.801 319.036 319.277 319.522 319.77 320.022 320.272 320.525 320.774 320.975 321.214 321.452 321.688 321.923 322.149 322.348 322.522 322.651 322.508 322.242 321.945 321.592 321.209 320.762 320.236 319.606 318.867 317.98 316.955 315.758 314.388 312.784 310.916 308.796 306.311 303.542 300.376 296.959 293.449 289.652 285.657 281.447 277.054 272.602 268.181 263.826 259.669 255.813 252.366 249.502 247.4 246.273 246.391 248.013 251.486 256.958 263.765 270.364 273.415 272.303 271.246 269.317 257.852 250.615 275.256 302.791 311.531 377.886 347.611 321.047 418.552 324.591 331.363 255.732 277.961 292.293 281.874 293.99 191.512 151.656 141.539 153.563 176.605 140.942 128.928 133.702 162.193 193.755 188.568 207.484 239.026 269.685 223.755 252.798 227.163 221.586 255.159 318.767 315.348 414.108 633.357 299.87 328.287 245.54 334.95 377.465 272.93 254.805 274.407 241.822 216.938 237.253 242.714 257.551 275.338  #recruits; first value is R0 (virgin)
1247.01  1247.01 1247.01 1246.99 1246.97 1246.54 1246.12 1245.69 1245.55 1245.48 1245.41 1245.35 1245.27 1245.21 1245.14 1245.1 1245.07 1245.05 1245.06 1245.09 1245.14 1245.1 1245.17 1245.26 1245.36 1245.47 1245.58 1245.71 1245.77 1245.9 1245.89 1243.99 1243.56 1243.26 1243.02 1243.06 1243.03 1242.49 1241.64 1240.06 1237.81 1235.68 1234 1232.03 1231.06 1230.29 1229.59 1228.48 1227.45 1225.63 1224.21 1222.66 1221.84 1220.12 1217.18 1214.07 1206.97 1199.38 1187.08 1176.02 1172.23 1167.62 1164.75 1161.33 1156.5 1152.71 1150.56 1147.22 1144 1140.35 1135.1 1129.75 1124.64 1119.85 1116.17 1111.38 1107.81 1105.46 1094.24 1089.88 1084.17 1078.43 1064.42 1054.84 1042.36 1026.97 1010.38 992.242 974.574 954.28 934.114 901.465 866.186 837.943 800.828 740.886 688.869 655.868 613.904 579.556 547.634 520.528 488.569 465.386 429.377 397.434 367.71 351.639 335.767 318.792 299.978 295.814 288.163 292.561 296.619 305.572 314.509 323.378 331.916 340.476 348.389 356.612 364.783 373.685 382.831 392.151 402.123 412.754 423.543 435.145 446.371 458.501 471.185 485.662 501.307 517.007 533.159 #spbio; first value is SSB_virgin (virgin)
1 0 0 0 0 0 0 0 0 0 0 0 0 0 0 0 0 0 0 0 0 0 0 0 0 0 0 0 0 0 0 0 0 0 0 0 0 0 0 0 0 0 0 0 0 0 0 0 0 0 0 0 0 0 0 0 0 0 0 0 0 0 0 0 0 0 0 0 0 0 0 0 0 0 0 0 0 0 0 0 0 0 0 0 0 0 0 0 0 0 0 0 0 0 0 0 0 0 0 0 0 0 0 0 0 0 0 0 0 0 0 0 0 0 0 0 0 0 0 0 0 0 0 0 0 0 0 0 0 0 0 0 0 0 0 0 0  # in Bzero
0 1 1 1 1 1 1 1 1 1 1 1 1 1 1 1 1 1 1 1 1 1 1 1 1 1 1 1 1 1 1 1 1 1 1 1 1 1 1 1 1 1 1 1 1 1 1 1 1 1 1 1 1 1 1 1 1 1 1 1 1 1 1 1 1 1 1 1 1 1 1 1 1 1 1 1 1 1 1 1 1 1 1 1 1 1 1 1 1 1 1 1 1 1 1 1 1 1 1 1 1 1 1 1 1 1 1 1 1 1 1 1 1 1 1 1 1 1 1 1 1 1 1 1 1 1 1 1 1 1 1 1 1 1  0 0 0 # in R project
0 1 1 1 1 1 1 1 1 1 1 1 1 1 1 1 1 1 1 1 1 1 1 1 1 1 1 1 1 1 1 1 1 1 1 1 1 1 1 1 1 1 1 1 1 1 1 1 1 1 1 1 1 1 1 1 1 1 1 1 1 1 1 1 1 1 1 1 1 1 1 1 1 1 1 1 1 1 1 1 1 1 1 1 1 1 1 1 1 1 1 1 1 1 1 1 1 1 1 1 1 1 1 1 1 1 1 1 1 1 1 1 1 1 1 1 1 1 1 1 1 1 1 1 1 1 1 1 1 1 1 1 1 1  0 0 0 # in R/S project
# Number of years with pre-specified catches
0
# catches for years with pre-specified catches go next
# Number of future recruitments to override
-2
# Process for overiding (-1 for average otherwise index in data list)
# Which probability to product detailed results for (1=0.5; 2=0.6; etc.)
3
# Steepness sigma-R Auto-correlation
0.718 0.5 0
# Target SPR rate (FMSY Proxy); manually change to SPR_MSY if not using SPR_target
0.5
# Discount rate (for cumulative catch)
0.1
# Truncate the series when 0.4B0 is reached (1=Yes)
0
# Set F to FMSY once 0.4B0 is reached (1=Yes)
0
# Maximum possible F for projection (-1 to set to FMSY)
-1
# Defintion of recovery (1=now only;2=now or before)
2
# Projection type
4
# Definition of the 40-10 rule
10 40
# Sigma Assessment Error (Base, Year1, Slope, MaxSigma)
1.0 2025 0.075 2.0
# Pstar
0.45
# Constrain catches by the ABC (1=yes, 2=no)
2
# Implementation Error (0=no; 1=lognormal; 2=uniform)
0
#Parameters of Implementaion Error
1 0.3
# Calculate coefficients of variation (1=Yes)
0
# Number of replicates to use
10
# Random number seed
-99004
# File with multiple parameter vectors 
rebuild.SSO
# User-specific projection (1=Yes); Output replaced (1->9)
0  5
# Catches and Fs (Year; 1/2/3 (F or C or SPR); value); Final row is -1
2024 1 1
-1 -1 -1
# Fixed catch project (1=Yes); Output replaced (1->9); Approach (-1=Read in else 1-9)
0 2 -1
# (48a) Special catch options (1-Yes) [CUT_OFF, Emsy, distribution, MAXCAT, Add, replace_code]
0 0.18 1.00 1.00 0 6
# (48b) B1Target
150000
# Split of Fs
2011  0.0172774
 0
 0.406957
 0.0218717
 0.195095
 0.182136
 0.176662
-1  1 1 1 1 1 1 1 1 1 1 1 1
# Yrs to define T_target for projection type 4 (a.k.a. 5 pre-specified inputs)
2030 2031 2032 2033 2034 
# Year for probability of recovery
2034 2035 2036 2037 2038 2039 2040 2041
# Time varying weight-at-age (1=Yes;0=No)
0
# File with time series of weight-at-age data
none
# Use bisection (0) or linear interpolation (1)
1
# Target Depletion
0.4
# CV of implementation error
0
