#Title, #runnumber: 1 yelloweye_data.ss yelloweye_control.ss 6468.88 1108.04 352.526 StartTime: Sun Apr 27 23:53:31 2025
SSv3_default_rebuild.dat
# Number of sexes
1
# Age range to consider (minimum age; maximum age)
0 100
# Number of fleets
7
# First year of projection (Yinit)
2011
# First Year of rebuilding period (Ydecl)
2013
# Number of simulations
1000
# Maximum number of years
500
# Conduct projections with multiple starting values (0=No;else yes)
0
# Number of parameter vectors
1000
# Is the maximum age a plus-group (1=Yes;2=No)
1
# Generate future recruitments using historical recruitments (1)  historical recruits/spawner (2)  or a stock-recruitment (3)
3
# Constant fishing mortality (1) or constant Catch (2) projections
1
# Fishing mortality based on SPR (1) or actual rate (2)
1
# Pre-specify the year of recovery (or -1) to ignore
-1
# Fecundity-at-age
# 0 1 2 3 4 5 6 7 8 9 10 11 12 13 14 15 16 17 18 19 20 21 22 23 24 25 26 27 28 29 30 31 32 33 34 35 36 37 38 39 40 41 42 43 44 45 46 47 48 49 50 51 52 53 54 55 56 57 58 59 60 61 62 63 64 65 66 67 68 69 70 71 72 73 74 75 76 77 78 79 80 81 82 83 84 85 86 87 88 89 90 91 92 93 94 95 96 97 98 99 100 #runnumber: 1 yelloweye_data.ss yelloweye_control.ss 6468.88 1108.04 352.526
 0 0 3.17052e-09 5.90135e-08 6.90564e-07 5.82509e-06 3.82599e-05 0.000203666 0.000890649 0.00318447 0.00926295 0.0221264 0.0444211 0.0771716 0.119402 0.168733 0.222342 0.277716 0.332995 0.386997 0.439076 0.48895 0.53655 0.581913 0.625126 0.666282 0.705475 0.742785 0.778283 0.812034 0.844096 0.874524 0.90337 0.930688 0.956531 0.980953 1.00401 1.02575 1.04623 1.06551 1.08365 1.10069 1.11669 1.13171 1.14579 1.15898 1.17134 1.18291 1.19373 1.20385 1.21331 1.22215 1.23041 1.23812 1.24531 1.25203 1.25829 1.26413 1.26957 1.27465 1.27938 1.28379 1.28789 1.29172 1.29528 1.2986 1.30168 1.30456 1.30723 1.30972 1.31204 1.31423 1.31627 1.31816 1.31993 1.32157 1.32309 1.32451 1.32583 1.32706 1.3282 1.32926 1.33025 1.33117 1.33202 1.33282 1.33355 1.33424 1.33488 1.33547 1.33602 1.33653 1.33701 1.33745 1.33787 1.33825 1.3386 1.33893 1.33924 1.33953 1.33995 #female fecundity; weighted by N in year Y_init across morphs and areas
# Age specific selectivity and weight adjusted for discard and discard mortality
 #wt and selex for gender,fleet: 1 1 1_CA_TWL
 0.00909035 0.00935747 0.0290822 0.0698381 0.13042 0.21007 0.306289 0.416062 0.536376 0.664488 0.798061 0.935314 1.07519 1.21735 1.36182 1.50854 1.65709 1.80666 1.95614 2.10436 2.25024 2.39284 2.53144 2.6655 2.79464 2.9186 3.03724 3.15049 3.25834 3.36085 3.4581 3.5502 3.63731 3.71957 3.79716 3.87026 3.93907 4.00376 4.06454 4.1216 4.17511 4.22527 4.27226 4.31625 4.35741 4.39591 4.43189 4.46552 4.49693 4.52625 4.55362 4.57916 4.60299 4.62521 4.64592 4.66523 4.68322 4.69999 4.7156 4.73015 4.7437 4.75631 4.76806 4.77899 4.78916 4.79863 4.80745 4.81565 4.82328 4.83037 4.83701 4.84323 4.84901 4.85439 4.85939 4.86404 4.86836 4.87238 4.87612 4.8796 4.88283 4.88584 4.88864 4.89123 4.89365 4.8959 4.89798 4.89992 4.90173 4.90341 4.90496 4.90641 4.90776 4.90901 4.91018 4.91126 4.91226 4.9132 4.91407 4.91488 4.91607
 0 0.000963762 0.00229698 0.00862659 0.0255383 0.0608816 0.121341 0.208845 0.318929 0.441878 0.565694 0.679328 0.775085 0.849673 0.90378 0.940657 0.964498 0.97926 0.988092 0.993242 0.996188 0.997854 0.998789 0.999313 0.999606 0.999772 0.999866 0.99992 0.999951 0.99997 0.999981 0.999987 0.999991 0.999994 0.999995 0.999996 0.999997 0.999997 0.999998 0.999998 0.999998 0.999998 0.999998 0.999998 0.999998 0.999998 0.999998 0.999998 0.999998 0.999998 0.999998 0.999998 0.999998 0.999998 0.999998 0.999998 0.999998 0.999998 0.999998 0.999998 0.999998 0.999998 0.999998 0.999998 0.999998 0.999998 0.999998 0.999998 0.999998 0.999998 0.999998 0.999998 0.999998 0.999998 0.999998 0.999998 0.999998 0.999998 0.999998 0.999998 0.999998 0.999998 0.999998 0.999998 0.999998 0.999998 0.999998 0.999998 0.999998 0.999998 0.999998 0.999998 0.999998 0.999998 0.999998 0.999998 0.999998 0.999998 0.999998 0.999998 0.999998
 #wt and selex for gender,fleet: 1 3 3_CA_REC
 0.00909035 0.00935706 0.0280149 0.0669428 0.124944 0.201372 0.294002 0.400083 0.51682 0.641646 0.772465 0.907945 1.04758 1.19132 1.33896 1.48979 1.64264 1.7961 1.94876 2.09939 2.24697 2.39074 2.53011 2.66467 2.79412 2.91827 3.03703 3.15036 3.25826 3.36079 3.45806 3.55018 3.63729 3.71956 3.79715 3.87026 3.93907 4.00376 4.06454 4.12159 4.17511 4.22527 4.27226 4.31625 4.35741 4.39591 4.43189 4.46552 4.49693 4.52625 4.55362 4.57916 4.60299 4.62521 4.64592 4.66523 4.68322 4.69999 4.71561 4.73015 4.7437 4.75631 4.76806 4.77899 4.78916 4.79863 4.80745 4.81565 4.82328 4.83037 4.83702 4.84323 4.84901 4.85439 4.85939 4.86404 4.86836 4.87239 4.87612 4.8796 4.88283 4.88584 4.88864 4.89123 4.89365 4.8959 4.89798 4.89992 4.90173 4.90341 4.90497 4.90641 4.90776 4.90901 4.91018 4.91126 4.91227 4.9132 4.91407 4.91488 4.91607
 0 0.00403937 0.00866206 0.0258773 0.0629961 0.127462 0.22141 0.339508 0.470344 0.600074 0.716301 0.810908 0.88122 0.929275 0.959778 0.977967 0.988276 0.993893 0.996863 0.998401 0.999187 0.999585 0.999787 0.99989 0.999942 0.999969 0.999983 0.999991 0.999995 0.999997 0.999998 0.999999 0.999999 0.999999 0.999999 0.999999 0.999999 0.999999 0.999999 0.999999 0.999999 0.999999 0.999999 0.999999 0.999999 0.999999 0.999999 0.999999 0.999999 0.999999 0.999999 0.999999 0.999999 0.999999 0.999999 0.999999 0.999999 0.999999 0.999999 0.999999 0.999999 0.999999 0.999999 0.999999 0.999999 0.999999 0.999999 0.999999 0.999999 0.999999 0.999999 0.999999 0.999999 0.999999 0.999999 0.999999 0.999999 0.999999 0.999999 0.999999 0.999999 0.999999 0.999999 0.999999 0.999999 0.999999 0.999999 0.999999 0.999999 0.999999 0.999999 0.999999 0.999999 0.999999 0.999999 0.999999 0.999999 0.999999 0.999999 0.999999 0.999999
 #wt and selex for gender,fleet: 1 4 4_ORWA_TWL
 0.00909035 0.0093564 0.0261322 0.06207 0.116783 0.190235 0.281059 0.387168 0.506162 0.635597 0.773142 0.916659 1.06426 1.21435 1.36568 1.51732 1.66858 1.8189 1.96774 2.11452 2.25864 2.39951 2.53658 2.66937 2.79751 2.92071 3.03878 3.15161 3.25916 3.36145 3.45854 3.55053 3.63755 3.71975 3.7973 3.87037 3.93915 4.00383 4.0646 4.12164 4.17514 4.2253 4.27228 4.31627 4.35743 4.39592 4.43191 4.46553 4.49694 4.52626 4.55363 4.57917 4.60299 4.62521 4.64592 4.66523 4.68323 4.69999 4.71561 4.73016 4.7437 4.75632 4.76806 4.77899 4.78917 4.79864 4.80745 4.81565 4.82328 4.83038 4.83702 4.84323 4.84901 4.85439 4.85939 4.86404 4.86836 4.87239 4.87613 4.8796 4.88284 4.88584 4.88864 4.89124 4.89365 4.8959 4.89798 4.89993 4.90173 4.90341 4.90497 4.90642 4.90776 4.90901 4.91018 4.91126 4.91227 4.9132 4.91407 4.91488 4.91607
 0 0.0152761 0.0273325 0.0544338 0.0965757 0.154928 0.228313 0.313358 0.405278 0.49884 0.589212 0.672514 0.746067 0.808422 0.859244 0.899123 0.929312 0.951422 0.96715 0.978062 0.985481 0.990444 0.993725 0.995878 0.997284 0.998201 0.998799 0.999192 0.99945 0.999622 0.999736 0.999814 0.999867 0.999903 0.999929 0.999946 0.999959 0.999968 0.999975 0.99998 0.999984 0.999987 0.999989 0.99999 0.999992 0.999993 0.999994 0.999994 0.999995 0.999995 0.999995 0.999996 0.999996 0.999996 0.999996 0.999996 0.999996 0.999997 0.999997 0.999997 0.999997 0.999997 0.999997 0.999997 0.999997 0.999997 0.999997 0.999997 0.999997 0.999997 0.999997 0.999997 0.999997 0.999997 0.999997 0.999997 0.999997 0.999997 0.999997 0.999997 0.999997 0.999997 0.999997 0.999997 0.999997 0.999997 0.999997 0.999997 0.999997 0.999997 0.999997 0.999997 0.999997 0.999997 0.999997 0.999997 0.999997 0.999997 0.999997 0.999997 0.999997
 #wt and selex for gender,fleet: 1 5 5_ORWA_NONTWL
 0.00909035 0.00935711 0.0281809 0.0679134 0.12791 0.20801 0.306283 0.420056 0.546437 0.682613 0.826012 0.974364 1.12571 1.27841 1.4311 1.5827 1.73242 1.87972 2.02423 2.16571 2.30398 2.43885 2.57011 2.69753 2.82087 2.93992 3.05447 3.16437 3.26952 3.36986 3.46537 3.5561 3.6421 3.72349 3.80039 3.87294 3.9413 4.00564 4.06613 4.12295 4.17627 4.22628 4.27314 4.31702 4.35809 4.39651 4.43244 4.46601 4.49737 4.52666 4.554 4.57951 4.60331 4.6255 4.6462 4.66549 4.68347 4.70022 4.71583 4.73036 4.7439 4.75651 4.76824 4.77917 4.78934 4.7988 4.80761 4.8158 4.82343 4.83052 4.83716 4.84337 4.84915 4.85453 4.85953 4.86418 4.8685 4.87252 4.87626 4.87973 4.88297 4.88597 4.88877 4.89136 4.89378 4.89602 4.89811 4.90005 4.90185 4.90353 4.90509 4.90654 4.90788 4.90914 4.9103 4.91138 4.91239 4.91332 4.91419 4.915 4.91619
 0 0.000660248 0.00143492 0.0045255 0.0119841 0.0269403 0.052727 0.0918772 0.145293 0.211912 0.288939 0.372459 0.45818 0.542073 0.620817 0.692025 0.754293 0.807113 0.85071 0.885831 0.913533 0.934994 0.951376 0.963734 0.972973 0.979838 0.984918 0.988671 0.991444 0.993496 0.995019 0.996155 0.997005 0.997646 0.998133 0.998504 0.99879 0.999012 0.999186 0.999322 0.99943 0.999517 0.999587 0.999644 0.99969 0.999728 0.99976 0.999786 0.999808 0.999827 0.999843 0.999857 0.999868 0.999878 0.999887 0.999895 0.999901 0.999907 0.999912 0.999917 0.999921 0.999925 0.999928 0.999931 0.999933 0.999935 0.999938 0.999939 0.999941 0.999943 0.999944 0.999945 0.999946 0.999947 0.999947 0.999948 0.999949 0.999949 0.99995 0.99995 0.999951 0.999951 0.999951 0.999952 0.999952 0.999952 0.999953 0.999953 0.999953 0.999953 0.999954 0.999954 0.999954 0.999954 0.999954 0.999954 0.999954 0.999955 0.999955 0.999955 0.999955
 #wt and selex for gender,fleet: 1 6 6_OR_REC
 0.00909036 0.00936131 0.0358981 0.0844812 0.152991 0.237867 0.334409 0.438454 0.547014 0.659127 0.776211 0.900757 1.03437 1.17678 1.32613 1.47992 1.63572 1.79153 1.94585 2.09753 2.24576 2.38988 2.52945 2.66409 2.79358 2.91774 3.03649 3.14979 3.25766 3.36017 3.45741 3.5495 3.63659 3.71883 3.7964 3.86949 3.93827 4.00295 4.06371 4.12074 4.17424 4.22439 4.27136 4.31534 4.35649 4.39498 4.43095 4.46457 4.49597 4.52528 4.55265 4.57818 4.60199 4.62421 4.64491 4.66422 4.68221 4.69897 4.71458 4.72912 4.74267 4.75528 4.76702 4.77795 4.78812 4.79758 4.80639 4.81459 4.82222 4.82932 4.83595 4.84217 4.84794 4.85332 4.85832 4.86296 4.86729 4.87131 4.87504 4.87852 4.88175 4.88476 4.88755 4.89015 4.89256 4.89481 4.89689 4.89883 4.90064 4.90231 4.90387 4.90532 4.90667 4.90792 4.90908 4.91016 4.91117 4.9121 4.91297 4.91378 4.91497
 0 2.02261e-05 0.000105272 0.00138835 0.00992392 0.0427747 0.124093 0.264966 0.446858 0.629992 0.779099 0.880744 0.940758 0.972414 0.987722 0.994643 0.9976 0.998787 0.999214 0.999321 0.999294 0.999213 0.999108 0.998995 0.998879 0.998764 0.998651 0.99854 0.998434 0.998331 0.998232 0.998138 0.998047 0.997962 0.99788 0.997803 0.99773 0.997662 0.997597 0.997535 0.997478 0.997424 0.997373 0.997325 0.99728 0.997238 0.997199 0.997162 0.997128 0.997096 0.997066 0.997038 0.997012 0.996987 0.996964 0.996943 0.996923 0.996905 0.996888 0.996872 0.996857 0.996843 0.99683 0.996818 0.996806 0.996796 0.996786 0.996777 0.996768 0.996761 0.996753 0.996746 0.99674 0.996734 0.996728 0.996723 0.996718 0.996714 0.99671 0.996706 0.996702 0.996699 0.996696 0.996693 0.99669 0.996688 0.996685 0.996683 0.996681 0.996679 0.996678 0.996676 0.996675 0.996673 0.996672 0.996671 0.99667 0.996668 0.996668 0.996667 0.996665
 #wt and selex for gender,fleet: 1 7 7_WA_REC
 0.00909035 0.00936008 0.0342945 0.0824633 0.152814 0.243194 0.349569 0.467753 0.594019 0.725306 0.85925 0.994252 1.12961 1.26551 1.40263 1.54166 1.68287 1.82595 1.97007 2.11412 2.25691 2.39731 2.5344 2.66744 2.7959 2.91942 3.03778 3.15084 3.25858 3.361 3.4582 3.55027 3.63735 3.7196 3.79718 3.87028 3.93908 4.00378 4.06455 4.1216 4.17511 4.22527 4.27226 4.31625 4.35741 4.39591 4.4319 4.46552 4.49693 4.52625 4.55363 4.57916 4.60299 4.62521 4.64592 4.66523 4.68322 4.69999 4.71561 4.73015 4.7437 4.75631 4.76806 4.77899 4.78916 4.79863 4.80745 4.81565 4.82328 4.83037 4.83702 4.84323 4.84901 4.85439 4.85939 4.86404 4.86836 4.87239 4.87612 4.8796 4.88284 4.88584 4.88864 4.89123 4.89365 4.8959 4.89798 4.89992 4.90173 4.90341 4.90497 4.90641 4.90776 4.90901 4.91018 4.91126 4.91227 4.9132 4.91407 4.91488 4.91607
 0 6.03251e-06 2.5393e-05 0.000264506 0.00175844 0.00790048 0.0257897 0.0650805 0.133607 0.232516 0.354492 0.486133 0.612756 0.72294 0.810861 0.876028 0.921448 0.951556 0.970733 0.982576 0.989723 0.993967 0.99646 0.997916 0.998766 0.999263 0.999555 0.999728 0.999831 0.999894 0.999932 0.999956 0.999971 0.99998 0.999986 0.99999 0.999993 0.999995 0.999996 0.999997 0.999998 0.999998 0.999998 0.999999 0.999999 0.999999 0.999999 0.999999 0.999999 0.999999 0.999999 0.999999 0.999999 0.999999 0.999999 0.999999 0.999999 0.999999 0.999999 0.999999 0.999999 0.999999 0.999999 0.999999 0.999999 0.999999 0.999999 0.999999 0.999999 0.999999 0.999999 0.999999 0.999999 0.999999 0.999999 0.999999 0.999999 0.999999 0.999999 0.999999 0.999999 0.999999 0.999999 0.999999 0.999999 0.999999 0.999999 0.999999 0.999999 0.999999 0.999999 0.999999 0.999999 0.999999 0.999999 0.999999 0.999999 0.999999 0.999999 0.999999 0.999999
# Sex ratio correction
1
# M and current age-structure in year Yinit: 2011
 # gender = 1
 0.0439034 0.0439034 0.0439034 0.0439034 0.0439034 0.0439034 0.0439034 0.0439034 0.0439034 0.0439034 0.0439034 0.0439034 0.0439034 0.0439034 0.0439034 0.0439034 0.0439034 0.0439034 0.0439034 0.0439034 0.0439034 0.0439034 0.0439034 0.0439034 0.0439034 0.0439034 0.0439034 0.0439034 0.0439034 0.0439034 0.0439034 0.0439034 0.0439034 0.0439034 0.0439034 0.0439034 0.0439034 0.0439034 0.0439034 0.0439034 0.0439034 0.0439034 0.0439034 0.0439034 0.0439034 0.0439034 0.0439034 0.0439034 0.0439034 0.0439034 0.0439034 0.0439034 0.0439034 0.0439034 0.0439034 0.0439034 0.0439034 0.0439034 0.0439034 0.0439034 0.0439034 0.0439034 0.0439034 0.0439034 0.0439034 0.0439034 0.0439034 0.0439034 0.0439034 0.0439034 0.0439034 0.0439034 0.0439034 0.0439034 0.0439034 0.0439034 0.0439034 0.0439034 0.0439034 0.0439034 0.0439034 0.0439034 0.0439034 0.0439034 0.0439034 0.0439034 0.0439034 0.0439034 0.0439034 0.0439034 0.0439034 0.0439034 0.0439034 0.0439034 0.0439034 0.0439034 0.0439034 0.0439034 0.0439034 0.0439034 0.0439034
 243.564 245.226 247.658 298.216 196.429 170.246 105.323 63.8458 87.9891 178.994 64.7287 51.6104 94.8367 49.0648 32.4631 27.0534 26.1617 42.0635 52.405 31.9373 24.4877 23.2043 22.2663 22.2046 23.9351 26.2124 32.3274 33.9899 22.0337 19.1948 18.4218 15.8129 11.7751 7.82464 7.49658 7.13081 6.51664 4.65672 3.77637 3.98665 5.1537 4.43055 3.313 2.74181 2.1144 1.75446 1.46085 1.2411 1.15132 1.15485 1.18584 1.1703 1.08155 0.967498 0.869824 0.799604 0.757648 0.741927 0.749269 0.775358 0.810478 0.836568 0.833765 0.795872 0.734781 0.668826 0.608829 0.558482 0.517815 0.484762 0.457581 0.434693 0.414963 0.397487 0.381372 0.365934 0.350699 0.335573 0.320666 0.306249 0.292572 0.279817 0.267994 0.257071 0.246919 0.237375 0.228298 0.219577 0.211114 0.202854 0.194766 0.186829 0.179053 0.171477 0.164073 0.156776 0.149749 0.143004 0.136549 0.130387 2.85025
# Age-structure at Ydeclare= 2013
 383.095 202.186 223.088 224.608 226.826 273.104 179.846 155.803 96.3172 58.3273 80.2884 163.129 58.9253 46.9379 86.1836 44.5611 29.4701 24.5511 23.7363 38.1575 47.5332 28.966 22.2082 21.0433 20.1919 20.1353 21.7037 23.7677 29.311 30.8168 19.9756 17.4008 16.699 14.3332 10.6726 7.09169 6.79405 6.46229 5.90546 4.21981 3.42192 3.61232 4.6696 4.01423 3.00158 2.484 1.91553 1.5894 1.32338 1.12428 1.04294 1.04612 1.07418 1.06009 0.979688 0.876373 0.787894 0.724286 0.686279 0.672037 0.678686 0.702316 0.734125 0.757755 0.755215 0.72089 0.665553 0.605811 0.551465 0.505862 0.469026 0.439086 0.414466 0.393734 0.375862 0.360034 0.345437 0.331453 0.317653 0.303952 0.29045 0.277391 0.265003 0.253451 0.242742 0.232848 0.223653 0.215008 0.206787 0.198888 0.191222 0.18374 0.176414 0.169226 0.162182 0.15532 0.148614 0.142005 0.135639 0.12953 2.8235
# Year for Tmin Age-structure (set to Ydecl by SS)
2013
#  recruitment and biomass
# Number of historical assessment years
137
# Historical data
# year recruitment spawner in B0 in R project in R/S project
1888  1889 1890 1891 1892 1893 1894 1895 1896 1897 1898 1899 1900 1901 1902 1903 1904 1905 1906 1907 1908 1909 1910 1911 1912 1913 1914 1915 1916 1917 1918 1919 1920 1921 1922 1923 1924 1925 1926 1927 1928 1929 1930 1931 1932 1933 1934 1935 1936 1937 1938 1939 1940 1941 1942 1943 1944 1945 1946 1947 1948 1949 1950 1951 1952 1953 1954 1955 1956 1957 1958 1959 1960 1961 1962 1963 1964 1965 1966 1967 1968 1969 1970 1971 1972 1973 1974 1975 1976 1977 1978 1979 1980 1981 1982 1983 1984 1985 1986 1987 1988 1989 1990 1991 1992 1993 1994 1995 1996 1997 1998 1999 2000 2001 2002 2003 2004 2005 2006 2007 2008 2009 2010 2011 2012 2013 2014 2015 2016 2017 2018 2019 2020 2021 2022 2023 2024 #years (with first value representing R0)
220.639 221.568 221.6 221.632 221.665 221.691 221.718 221.745 221.78 221.816 221.854 221.893 221.933 221.975 222.016 222.056 222.096 222.139 222.184 222.235 222.289 222.345 222.405 222.464 222.519 222.559 222.569 222.527 222.406 222.18 221.634 220.876 219.953 218.823 217.487 215.971 214.305 212.535 210.733 208.973 207.335 205.901 204.71 203.722 202.875 202.012 200.964 199.595 197.888 195.949 194.057 192.537 191.741 191.946 193.452 196.643 201.868 209.481 219.067 229.093 236.174 235.448 224.77 207.151 188.488 173.214 163.073 158.292 158.742 164.011 173.165 183.603 188.234 180.472 166.004 155.96 157.975 174.055 194.808 217.602 259.875 287.064 348.121 363.998 250.843 209.807 226.481 275.136 259.212 232.707 205.725 260.19 291.631 281.972 242.814 229.826 292.64 230.573 156.04 120.124 95.1079 82.5255 75.5755 71.1847 84.1516 126.944 94.8086 55.3554 54.0824 61.5513 88.4611 162.82 84.4642 101.058 266.793 125.296 86.9139 137.133 212.077 234.154 340.206 270.388 256.233 243.564 211.26 383.095 219.185 268.943 192.455 125.913 126.817 119.093 117.566 152.112 168.734 174.485 179.533  #recruits; first value is R0 (virgin)
1108.04  1108.04 1108.03 1108.02 1107.99 1107.53 1107.07 1106.61 1106.46 1106.38 1106.3 1106.23 1106.14 1106.04 1105.93 1105.82 1105.7 1105.57 1105.44 1105.31 1105.17 1104.92 1104.77 1104.61 1104.45 1104.28 1104.1 1103.92 1103.65 1103.45 1103.08 1100.66 1099.81 1099.09 1098.42 1098.03 1097.56 1096.55 1095.18 1093 1090.1 1087.29 1084.95 1082.26 1080.6 1079.1 1077.6 1075.58 1073.55 1070.56 1067.86 1064.87 1062.52 1059.05 1054.09 1048.79 1039.04 1028.64 1013.08 998.792 992.231 984.725 979.01 972.644 964.735 957.938 952.957 946.818 941.019 935.069 927.836 921.055 915.12 910.128 906.845 902.814 900.364 899.292 888.704 885.318 880.349 875.227 861.237 852.045 839.887 824.783 808.509 790.668 773.358 753.435 733.905 701.958 668.087 642.559 609.29 553.709 506.074 478.494 441.508 412.028 384.471 360.951 331.416 310.507 275.867 244.58 214.69 198.72 182.599 165.069 144.839 138.535 128.036 129.345 130.077 135.875 141.844 147.983 154.048 160.346 166.071 172.111 178.051 184.682 191.545 198.625 206.485 215.178 224.245 234.434 244.656 256.273 268.894 283.596 299.601 315.73 332.466 #spbio; first value is SSB_virgin (virgin)
1 0 0 0 0 0 0 0 0 0 0 0 0 0 0 0 0 0 0 0 0 0 0 0 0 0 0 0 0 0 0 0 0 0 0 0 0 0 0 0 0 0 0 0 0 0 0 0 0 0 0 0 0 0 0 0 0 0 0 0 0 0 0 0 0 0 0 0 0 0 0 0 0 0 0 0 0 0 0 0 0 0 0 0 0 0 0 0 0 0 0 0 0 0 0 0 0 0 0 0 0 0 0 0 0 0 0 0 0 0 0 0 0 0 0 0 0 0 0 0 0 0 0 0 0 0 0 0 0 0 0 0 0 0 0 0 0  # in Bzero
0 1 1 1 1 1 1 1 1 1 1 1 1 1 1 1 1 1 1 1 1 1 1 1 1 1 1 1 1 1 1 1 1 1 1 1 1 1 1 1 1 1 1 1 1 1 1 1 1 1 1 1 1 1 1 1 1 1 1 1 1 1 1 1 1 1 1 1 1 1 1 1 1 1 1 1 1 1 1 1 1 1 1 1 1 1 1 1 1 1 1 1 1 1 1 1 1 1 1 1 1 1 1 1 1 1 1 1 1 1 1 1 1 1 1 1 1 1 1 1 1 1 1 1 1 1 1 1 1 1 1 1 1 1  0 0 0 # in R project
0 1 1 1 1 1 1 1 1 1 1 1 1 1 1 1 1 1 1 1 1 1 1 1 1 1 1 1 1 1 1 1 1 1 1 1 1 1 1 1 1 1 1 1 1 1 1 1 1 1 1 1 1 1 1 1 1 1 1 1 1 1 1 1 1 1 1 1 1 1 1 1 1 1 1 1 1 1 1 1 1 1 1 1 1 1 1 1 1 1 1 1 1 1 1 1 1 1 1 1 1 1 1 1 1 1 1 1 1 1 1 1 1 1 1 1 1 1 1 1 1 1 1 1 1 1 1 1 1 1 1 1 1 1  0 0 0 # in R/S project
# Number of years with pre-specified catches
0
# catches for years with pre-specified catches go next
# Number of future recruitments to override
-2
# Process for overiding (-1 for average otherwise index in data list)
# Which probability to product detailed results for (1=0.5; 2=0.6; etc.)
3
# Steepness sigma-R Auto-correlation
0.718 0.5 0
# Target SPR rate (FMSY Proxy); manually change to SPR_MSY if not using SPR_target
0.5
# Discount rate (for cumulative catch)
0.1
# Truncate the series when 0.4B0 is reached (1=Yes)
0
# Set F to FMSY once 0.4B0 is reached (1=Yes)
0
# Maximum possible F for projection (-1 to set to FMSY)
-1
# Defintion of recovery (1=now only;2=now or before)
2
# Projection type
4
# Definition of the 40-10 rule
10 40
# Sigma Assessment Error (Base, Year1, Slope, MaxSigma)
1.0 2025 0.075 2.0
# Pstar
0.45
# Constrain catches by the ABC (1=yes, 2=no)
2
# Implementation Error (0=no; 1=lognormal; 2=uniform)
0
#Parameters of Implementaion Error
1 0.3
# Calculate coefficients of variation (1=Yes)
0
# Number of replicates to use
10
# Random number seed
-99004
# File with multiple parameter vectors 
rebuild.SSO
# User-specific projection (1=Yes); Output replaced (1->9)
0  5
# Catches and Fs (Year; 1/2/3 (F or C or SPR); value); Final row is -1
2024 1 1
-1 -1 -1
# Fixed catch project (1=Yes); Output replaced (1->9); Approach (-1=Read in else 1-9)
0 2 -1
# (48a) Special catch options (1-Yes) [CUT_OFF, Emsy, distribution, MAXCAT, Add, replace_code]
0 0.18 1.00 1.00 0 6
# (48b) B1Target
150000
# Split of Fs
2011  0.0166474
 0
 0.392671
 0.0243541
 0.192058
 0.193262
 0.181007
-1  1 1 1 1 1 1 1 1 1 1 1 1
# Yrs to define T_target for projection type 4 (a.k.a. 5 pre-specified inputs)
2030 2031 2032 2033 2034 
# Year for probability of recovery
2034 2035 2036 2037 2038 2039 2040 2041
# Time varying weight-at-age (1=Yes;0=No)
0
# File with time series of weight-at-age data
none
# Use bisection (0) or linear interpolation (1)
1
# Target Depletion
0.4
# CV of implementation error
0
