#Title, #runnumber: 1 yelloweye_data.ss yelloweye_control.ss 5743.58 1096.57 380.255 StartTime: Thu Apr 24 07:31:37 2025
SSv3_default_rebuild.dat
# Number of sexes
1
# Age range to consider (minimum age; maximum age)
0 100
# Number of fleets
7
# First year of projection (Yinit)
2011
# First Year of rebuilding period (Ydecl)
2013
# Number of simulations
1000
# Maximum number of years
500
# Conduct projections with multiple starting values (0=No;else yes)
0
# Number of parameter vectors
1000
# Is the maximum age a plus-group (1=Yes;2=No)
1
# Generate future recruitments using historical recruitments (1)  historical recruits/spawner (2)  or a stock-recruitment (3)
3
# Constant fishing mortality (1) or constant Catch (2) projections
1
# Fishing mortality based on SPR (1) or actual rate (2)
1
# Pre-specify the year of recovery (or -1) to ignore
-1
# Fecundity-at-age
# 0 1 2 3 4 5 6 7 8 9 10 11 12 13 14 15 16 17 18 19 20 21 22 23 24 25 26 27 28 29 30 31 32 33 34 35 36 37 38 39 40 41 42 43 44 45 46 47 48 49 50 51 52 53 54 55 56 57 58 59 60 61 62 63 64 65 66 67 68 69 70 71 72 73 74 75 76 77 78 79 80 81 82 83 84 85 86 87 88 89 90 91 92 93 94 95 96 97 98 99 100 #runnumber: 1 yelloweye_data.ss yelloweye_control.ss 5743.58 1096.57 380.255
 0 0 1.07432e-08 1.79302e-07 1.9656e-06 1.5866e-05 9.97537e-05 0.000497324 0.00195841 0.00609911 0.0153203 0.0320412 0.0577254 0.0923769 0.134706 0.182691 0.234169 0.287237 0.340435 0.392757 0.443579 0.492559 0.53954 0.584478 0.627392 0.668333 0.707361 0.744541 0.779936 0.813604 0.845604 0.875989 0.904814 0.932132 0.957996 0.982459 1.00558 1.0274 1.04798 1.06738 1.08565 1.10283 1.11899 1.13417 1.14843 1.16181 1.17435 1.18611 1.19713 1.20745 1.21711 1.22614 1.2346 1.2425 1.24989 1.25679 1.26324 1.26926 1.27488 1.28013 1.28503 1.2896 1.29386 1.29784 1.30155 1.30501 1.30823 1.31124 1.31404 1.31665 1.31909 1.32141 1.32357 1.32559 1.32746 1.32921 1.33084 1.33236 1.33378 1.33509 1.33632 1.33746 1.33852 1.33951 1.34043 1.34129 1.34209 1.34284 1.34353 1.34417 1.34477 1.34533 1.34585 1.34634 1.34679 1.34721 1.3476 1.34796 1.3483 1.34861 1.34908 #female fecundity; weighted by N in year Y_init across morphs and areas
# Age specific selectivity and weight adjusted for discard and discard mortality
 #wt and selex for gender,fleet: 1 1 1_CA_TWL
 0.00896707 0.0131146 0.0442863 0.0961682 0.168704 0.25943 0.364763 0.481127 0.605383 0.73496 0.8679 1.00289 1.13923 1.27672 1.41538 1.55523 1.69609 1.83756 1.979 2.11963 2.2586 2.3951 2.52842 2.65794 2.78321 2.90387 3.01969 3.13053 3.23632 3.33707 3.43282 3.52366 3.60971 3.6911 3.76798 3.84052 3.9089 3.97329 4.03386 4.09081 4.1443 4.19451 4.24162 4.28578 4.32716 4.36592 4.40221 4.43616 4.46792 4.49762 4.52538 4.55132 4.57555 4.59818 4.61931 4.63903 4.65744 4.67462 4.69064 4.70558 4.71952 4.73252 4.74463 4.75593 4.76646 4.77627 4.78541 4.79393 4.80187 4.80927 4.81622 4.82275 4.82884 4.83451 4.83979 4.84471 4.84929 4.85355 4.85752 4.86122 4.86466 4.86787 4.87085 4.87363 4.87621 4.87862 4.88086 4.88295 4.88489 4.8867 4.88838 4.88995 4.89141 4.89276 4.89403 4.8952 4.8963 4.89732 4.89826 4.89915 4.90047
 0 0.000858992 0.00284935 0.00989206 0.0271718 0.0610038 0.116145 0.193473 0.289294 0.396403 0.506115 0.610323 0.702976 0.780705 0.84268 0.889957 0.92468 0.949374 0.96647 0.978046 0.985746 0.990796 0.994075 0.996187 0.997543 0.99841 0.998966 0.999322 0.999552 0.999701 0.999798 0.999862 0.999904 0.999933 0.999952 0.999965 0.999974 0.99998 0.999985 0.999988 0.99999 0.999992 0.999993 0.999994 0.999995 0.999995 0.999996 0.999996 0.999996 0.999996 0.999996 0.999997 0.999997 0.999997 0.999997 0.999997 0.999997 0.999997 0.999997 0.999997 0.999997 0.999997 0.999997 0.999997 0.999997 0.999997 0.999997 0.999997 0.999997 0.999997 0.999997 0.999997 0.999997 0.999997 0.999997 0.999997 0.999997 0.999997 0.999997 0.999997 0.999997 0.999997 0.999997 0.999997 0.999997 0.999997 0.999997 0.999997 0.999997 0.999997 0.999997 0.999997 0.999997 0.999997 0.999997 0.999997 0.999997 0.999997 0.999997 0.999997 0.999997
 #wt and selex for gender,fleet: 1 3 3_CA_REC
 0.00896707 0.0129415 0.0418007 0.0904038 0.158419 0.243698 0.343075 0.453348 0.571673 0.695783 0.824162 0.956091 1.09142 1.23018 1.37219 1.51696 1.6636 1.81102 1.95805 2.10356 2.24658 2.3863 2.52207 2.65342 2.78002 2.90163 3.01812 3.12943 3.23555 3.33653 3.43244 3.52339 3.60951 3.69095 3.76788 3.84045 3.90884 3.97324 4.03383 4.09078 4.14428 4.1945 4.2416 4.28577 4.32716 4.36592 4.4022 4.43616 4.46792 4.49762 4.52538 4.55132 4.57555 4.59818 4.61931 4.63903 4.65744 4.67462 4.69064 4.70558 4.71952 4.73252 4.74463 4.75593 4.76646 4.77627 4.78541 4.79393 4.80187 4.80927 4.81622 4.82275 4.82884 4.83451 4.83979 4.84471 4.84929 4.85355 4.85752 4.86122 4.86466 4.86787 4.87085 4.87363 4.87621 4.87862 4.88086 4.88295 4.88489 4.8867 4.88838 4.88995 4.89141 4.89276 4.89403 4.8952 4.8963 4.89732 4.89826 4.89915 4.90047
 0 0.00427047 0.0116891 0.0324047 0.0734837 0.140239 0.232562 0.344278 0.465101 0.583726 0.690657 0.779962 0.849646 0.900875 0.936648 0.960564 0.97598 0.985622 0.991509 0.995034 0.997114 0.998328 0.999032 0.999438 0.999673 0.999808 0.999886 0.999932 0.999959 0.999975 0.999984 0.99999 0.999993 0.999996 0.999997 0.999998 0.999998 0.999999 0.999999 0.999999 0.999999 0.999999 0.999999 0.999999 0.999999 0.999999 0.999999 0.999999 0.999999 0.999999 0.999999 0.999999 0.999999 0.999999 0.999999 0.999999 0.999999 0.999999 0.999999 0.999999 0.999999 0.999999 0.999999 0.999999 0.999999 0.999999 0.999999 0.999999 0.999999 0.999999 0.999999 0.999999 0.999999 0.999999 0.999999 0.999999 0.999999 0.999999 0.999999 0.999999 0.999999 0.999999 0.999999 0.999999 0.999999 0.999999 0.999999 0.999999 0.999999 0.999999 0.999999 0.999999 0.999999 0.999999 0.999999 0.999999 0.999999 0.999999 0.999999 0.999999 0.999999
 #wt and selex for gender,fleet: 1 4 4_ORWA_TWL
 0.00896707 0.0126426 0.0372477 0.0806683 0.143167 0.223735 0.320315 0.430413 0.551484 0.681131 0.817201 0.957841 1.10153 1.24707 1.39358 1.54039 1.68694 1.83271 1.97714 2.11968 2.25973 2.39674 2.53019 2.65964 2.78472 2.90515 3.02075 3.13139 3.23701 3.33761 3.43325 3.524 3.60997 3.6913 3.76814 3.84065 3.909 3.97337 4.03393 4.09086 4.14434 4.19455 4.24165 4.28581 4.32719 4.36594 4.40222 4.43618 4.46794 4.49763 4.52539 4.55133 4.57556 4.59819 4.61932 4.63904 4.65745 4.67462 4.69064 4.70559 4.71953 4.73252 4.74464 4.75593 4.76646 4.77627 4.78542 4.79394 4.80187 4.80927 4.81622 4.82276 4.82884 4.83451 4.83979 4.84471 4.84929 4.85355 4.85752 4.86122 4.86466 4.86787 4.87085 4.87363 4.87622 4.87862 4.88086 4.88295 4.88489 4.8867 4.88838 4.88995 4.89141 4.89277 4.89403 4.8952 4.8963 4.89732 4.89827 4.89915 4.90047
 0 0.0217091 0.0418989 0.0771995 0.12801 0.193913 0.272328 0.359101 0.449395 0.538517 0.622515 0.698476 0.764619 0.820225 0.865467 0.90118 0.928606 0.949154 0.96422 0.975064 0.982748 0.988125 0.99185 0.994412 0.996165 0.997361 0.998176 0.998733 0.999113 0.999375 0.999555 0.99968 0.999768 0.999829 0.999873 0.999904 0.999927 0.999944 0.999956 0.999965 0.999972 0.999977 0.999981 0.999984 0.999986 0.999988 0.999989 0.999991 0.999992 0.999992 0.999993 0.999993 0.999994 0.999994 0.999994 0.999995 0.999995 0.999995 0.999995 0.999995 0.999995 0.999996 0.999996 0.999996 0.999996 0.999996 0.999996 0.999996 0.999996 0.999996 0.999996 0.999996 0.999996 0.999996 0.999996 0.999996 0.999996 0.999996 0.999996 0.999996 0.999996 0.999996 0.999996 0.999996 0.999996 0.999996 0.999996 0.999996 0.999996 0.999996 0.999996 0.999996 0.999996 0.999996 0.999996 0.999996 0.999996 0.999996 0.999996 0.999996 0.999996
 #wt and selex for gender,fleet: 1 5 5_ORWA_NONTWL
 0.00896707 0.0129673 0.0423963 0.092615 0.163914 0.254503 0.361287 0.48091 0.610222 0.746471 0.887355 1.031 1.17591 1.32097 1.4654 1.60866 1.75044 1.89051 2.0287 2.16477 2.29849 2.42952 2.55754 2.68218 2.80313 2.92008 3.03278 3.14105 3.24475 3.34381 3.43822 3.528 3.61319 3.69391 3.77027 3.84239 3.91043 3.97456 4.03492 4.09169 4.14505 4.19515 4.24216 4.28625 4.32757 4.36628 4.40252 4.43644 4.46817 4.49785 4.52558 4.5515 4.57572 4.59834 4.61945 4.63917 4.65757 4.67473 4.69075 4.70569 4.71962 4.73261 4.74472 4.75601 4.76654 4.77635 4.78549 4.79401 4.80194 4.80934 4.81629 4.82282 4.82891 4.83457 4.83985 4.84477 4.84935 4.85361 4.85758 4.86128 4.86472 4.86793 4.87091 4.87369 4.87627 4.87868 4.88092 4.88301 4.88495 4.88676 4.88844 4.89001 4.89146 4.89282 4.89408 4.89526 4.89635 4.89737 4.89832 4.8992 4.90052
 0 0.000979223 0.0027802 0.00825613 0.0204185 0.0429742 0.0790722 0.130209 0.195693 0.272805 0.35745 0.445003 0.531058 0.61197 0.685128 0.749025 0.803149 0.847769 0.883695 0.912034 0.934002 0.950784 0.963453 0.972927 0.97996 0.985155 0.988979 0.991791 0.993857 0.995378 0.9965 0.99733 0.997948 0.99841 0.998757 0.99902 0.99922 0.999374 0.999492 0.999585 0.999657 0.999714 0.99976 0.999796 0.999826 0.99985 0.999869 0.999886 0.999899 0.99991 0.99992 0.999928 0.999935 0.99994 0.999945 0.99995 0.999953 0.999956 0.999959 0.999962 0.999964 0.999966 0.999968 0.999969 0.999971 0.999972 0.999973 0.999974 0.999975 0.999975 0.999976 0.999977 0.999977 0.999977 0.999978 0.999978 0.999978 0.999978 0.999979 0.999979 0.999979 0.999979 0.999979 0.99998 0.99998 0.99998 0.99998 0.99998 0.99998 0.99998 0.99998 0.99998 0.999981 0.999981 0.999981 0.999981 0.999981 0.999981 0.999981 0.999981 0.999981
 #wt and selex for gender,fleet: 1 6 6_OR_REC
 0.00896707 0.0148775 0.0594988 0.123228 0.204873 0.298031 0.397268 0.499138 0.602694 0.709325 0.821535 0.941493 1.07014 1.20702 1.35058 1.49873 1.64931 1.8004 1.95046 2.09827 2.24292 2.38375 2.52024 2.65205 2.77892 2.9007 3.01727 3.12863 3.23476 3.33574 3.43163 3.52257 3.60867 3.69009 3.76699 3.83955 3.90792 3.97231 4.03288 4.08981 4.1433 4.1935 4.24059 4.28475 4.32612 4.36488 4.40115 4.4351 4.46685 4.49654 4.5243 4.55023 4.57446 4.59708 4.6182 4.63792 4.65633 4.6735 4.68952 4.70446 4.71839 4.73139 4.7435 4.75479 4.76532 4.77513 4.78427 4.79279 4.80072 4.80812 4.81507 4.8216 4.82768 4.83335 4.83863 4.84354 4.84812 4.85238 4.85635 4.86004 4.86348 4.86669 4.86967 4.87245 4.87503 4.87744 4.87968 4.88176 4.8837 4.88551 4.88719 4.88876 4.89022 4.89157 4.89284 4.89401 4.8951 4.89612 4.89707 4.89795 4.89927
 0 1.99777e-05 0.000273594 0.00305833 0.0180861 0.0654812 0.163963 0.311693 0.482937 0.644629 0.774445 0.866223 0.924972 0.959765 0.979143 0.989414 0.994633 0.997183 0.998369 0.998879 0.99906 0.999082 0.999029 0.998943 0.99884 0.998732 0.998623 0.998516 0.998411 0.998309 0.998211 0.998118 0.998028 0.997943 0.997862 0.997785 0.997712 0.997643 0.997577 0.997516 0.997458 0.997403 0.997352 0.997304 0.997258 0.997216 0.997176 0.997139 0.997104 0.997071 0.99704 0.997011 0.996985 0.996959 0.996936 0.996914 0.996894 0.996875 0.996857 0.99684 0.996825 0.99681 0.996797 0.996784 0.996772 0.996761 0.996751 0.996741 0.996733 0.996724 0.996717 0.996709 0.996702 0.996696 0.99669 0.996685 0.996679 0.996675 0.99667 0.996666 0.996662 0.996659 0.996655 0.996652 0.996649 0.996646 0.996644 0.996642 0.996639 0.996637 0.996635 0.996634 0.996632 0.996631 0.996629 0.996628 0.996627 0.996625 0.996624 0.996623 0.996622
 #wt and selex for gender,fleet: 1 7 7_WA_REC
 0.00896707 0.0158863 0.0666118 0.139382 0.233579 0.341613 0.456906 0.574801 0.692495 0.808915 0.924562 1.041 1.16014 1.28355 1.41207 1.54566 1.68357 1.82449 1.96689 2.10923 2.25015 2.38851 2.52342 2.65425 2.78052 2.90193 3.01831 3.12954 3.23562 3.33657 3.43247 3.52341 3.60952 3.69096 3.76788 3.84045 3.90884 3.97325 4.03383 4.09078 4.14428 4.1945 4.2416 4.28577 4.32716 4.36592 4.4022 4.43616 4.46792 4.49762 4.52538 4.55132 4.57555 4.59818 4.61931 4.63903 4.65744 4.67462 4.69064 4.70558 4.71952 4.73252 4.74463 4.75593 4.76646 4.77627 4.78541 4.79393 4.80187 4.80927 4.81622 4.82275 4.82884 4.83451 4.83979 4.84471 4.84929 4.85355 4.85752 4.86122 4.86466 4.86787 4.87085 4.87363 4.87621 4.87862 4.88086 4.88295 4.88489 4.8867 4.88838 4.88995 4.89141 4.89276 4.89403 4.8952 4.8963 4.89732 4.89826 4.89915 4.90047
 0 3.68673e-07 9.69403e-06 0.000193569 0.00187473 0.010314 0.0368768 0.0951285 0.19155 0.319415 0.461491 0.598459 0.716253 0.808669 0.876015 0.922267 0.952558 0.971656 0.983341 0.990325 0.994426 0.996803 0.998168 0.998949 0.999394 0.999649 0.999794 0.999878 0.999927 0.999956 0.999973 0.999983 0.999989 0.999993 0.999995 0.999997 0.999998 0.999998 0.999999 0.999999 0.999999 0.999999 0.999999 0.999999 0.999999 0.999999 0.999999 0.999999 0.999999 0.999999 0.999999 0.999999 0.999999 0.999999 0.999999 0.999999 0.999999 0.999999 0.999999 0.999999 0.999999 0.999999 0.999999 0.999999 0.999999 0.999999 0.999999 0.999999 0.999999 0.999999 0.999999 0.999999 0.999999 0.999999 0.999999 0.999999 0.999999 0.999999 0.999999 0.999999 0.999999 0.999999 0.999999 0.999999 0.999999 0.999999 0.999999 0.999999 0.999999 0.999999 0.999999 0.999999 0.999999 0.999999 0.999999 0.999999 0.999999 0.999999 0.999999 0.999999 0.999999
# Sex ratio correction
1
# M and current age-structure in year Yinit: 2011
 # gender = 1
 0.0439034 0.0439034 0.0439034 0.0439034 0.0439034 0.0439034 0.0439034 0.0439034 0.0439034 0.0439034 0.0439034 0.0439034 0.0439034 0.0439034 0.0439034 0.0439034 0.0439034 0.0439034 0.0439034 0.0439034 0.0439034 0.0439034 0.0439034 0.0439034 0.0439034 0.0439034 0.0439034 0.0439034 0.0439034 0.0439034 0.0439034 0.0439034 0.0439034 0.0439034 0.0439034 0.0439034 0.0439034 0.0439034 0.0439034 0.0439034 0.0439034 0.0439034 0.0439034 0.0439034 0.0439034 0.0439034 0.0439034 0.0439034 0.0439034 0.0439034 0.0439034 0.0439034 0.0439034 0.0439034 0.0439034 0.0439034 0.0439034 0.0439034 0.0439034 0.0439034 0.0439034 0.0439034 0.0439034 0.0439034 0.0439034 0.0439034 0.0439034 0.0439034 0.0439034 0.0439034 0.0439034 0.0439034 0.0439034 0.0439034 0.0439034 0.0439034 0.0439034 0.0439034 0.0439034 0.0439034 0.0439034 0.0439034 0.0439034 0.0439034 0.0439034 0.0439034 0.0439034 0.0439034 0.0439034 0.0439034 0.0439034 0.0439034 0.0439034 0.0439034 0.0439034 0.0439034 0.0439034 0.0439034 0.0439034 0.0439034 0.0439034
 321.202 360.361 277.012 354.465 180.772 131.055 92.5835 67.1434 125.344 242.694 61.8112 47.1576 81.5889 53.9958 29.8084 24.6316 26.223 58.1515 59.1661 25.5915 20.0194 20.3874 21.061 21.5212 23.375 25.3586 31.8557 31.9081 20.2845 24.2504 17.6945 13.4687 9.29887 6.97084 8.09313 8.00741 7.43668 4.26123 3.88526 4.85541 7.00296 4.19798 3.25266 2.62861 2.04123 1.68316 1.32104 1.09071 1.03476 1.0987 1.20529 1.2291 1.12075 0.978698 0.865604 0.790034 0.750627 0.745707 0.7751 0.840694 0.940542 1.05337 1.1172 1.06623 0.934936 0.801378 0.695781 0.618512 0.562884 0.521794 0.490527 0.465938 0.44608 0.429525 0.41489 0.401001 0.386974 0.37249 0.357667 0.342963 0.32889 0.315849 0.303969 0.293238 0.283452 0.274291 0.265307 0.25649 0.247667 0.238755 0.229731 0.220612 0.211461 0.202385 0.193404 0.184637 0.176156 0.168004 0.160204 0.15277 3.28851
# Age-structure at Ydeclare= 2013
 270.241 203.14 294.199 330.06 253.707 324.606 165.5 119.926 84.6583 61.3364 114.378 221.224 56.289 42.9107 74.1962 49.0818 27.0873 22.3785 23.8211 52.8207 53.7394 23.2435 18.1822 18.5161 19.1277 19.5454 21.2286 23.0297 28.9295 28.9764 18.4202 22.021 16.0673 12.2297 8.44328 6.3293 7.34814 7.27016 6.75184 3.86875 3.52734 4.40804 6.35761 3.81106 2.95282 2.38626 1.85301 1.52795 1.19921 0.990117 0.939321 0.997357 1.09411 1.11572 1.01736 0.888412 0.785749 0.717149 0.681377 0.67691 0.703591 0.763133 0.853768 0.956183 1.01413 0.967857 0.848677 0.727441 0.631586 0.561446 0.510951 0.473651 0.445269 0.422948 0.404923 0.389895 0.37661 0.364003 0.35127 0.338122 0.324667 0.31132 0.298545 0.286707 0.275924 0.266183 0.257299 0.248984 0.240828 0.232825 0.224816 0.216727 0.208535 0.200258 0.191951 0.183712 0.17556 0.167601 0.159903 0.152503 3.2692
# Year for Tmin Age-structure (set to Ydecl by SS)
2013
#  recruitment and biomass
# Number of historical assessment years
137
# Historical data
# year recruitment spawner in B0 in R project in R/S project
1888  1889 1890 1891 1892 1893 1894 1895 1896 1897 1898 1899 1900 1901 1902 1903 1904 1905 1906 1907 1908 1909 1910 1911 1912 1913 1914 1915 1916 1917 1918 1919 1920 1921 1922 1923 1924 1925 1926 1927 1928 1929 1930 1931 1932 1933 1934 1935 1936 1937 1938 1939 1940 1941 1942 1943 1944 1945 1946 1947 1948 1949 1950 1951 1952 1953 1954 1955 1956 1957 1958 1959 1960 1961 1962 1963 1964 1965 1966 1967 1968 1969 1970 1971 1972 1973 1974 1975 1976 1977 1978 1979 1980 1981 1982 1983 1984 1985 1986 1987 1988 1989 1990 1991 1992 1993 1994 1995 1996 1997 1998 1999 2000 2001 2002 2003 2004 2005 2006 2007 2008 2009 2010 2011 2012 2013 2014 2015 2016 2017 2018 2019 2020 2021 2022 2023 2024 #years (with first value representing R0)
216.323 219.788 219.91 220.037 220.168 220.296 220.428 220.566 220.715 220.871 221.033 221.203 221.381 221.567 221.761 221.961 222.172 222.397 222.636 222.9 223.184 223.489 223.814 224.156 224.511 224.861 225.185 225.441 225.583 225.554 225.275 224.635 223.649 222.244 220.402 218.15 215.543 212.675 209.692 206.597 203.699 201.163 199.051 197.291 195.741 194.137 192.209 189.774 186.856 183.68 180.675 178.308 177.028 177.204 179.291 184.02 192.441 206.062 225.948 250.961 272.458 271.739 243.841 207.177 176.184 154.518 141.384 135.323 135.39 140.958 151.372 164.533 171.125 158.973 137.083 121.901 121.026 137.614 164.01 185.187 220.851 251.516 296.769 449.256 280.506 200.575 195.079 299.626 281.773 246.779 182.662 207.597 253.995 279.684 319.139 221.268 288.012 238.275 158.048 122.411 95.7461 80.6393 68.1903 59.3938 68.4138 144.666 131.772 55.6284 49.2884 56.5283 97.3439 140.071 77.1878 96.5257 361.837 178.53 91.4185 120.558 163.265 215.494 404.377 302.436 376.534 321.202 212.257 270.241 141.452 152.336 108.096 136.082 141.008 146.626 165.266 169.909 174.633 177.537 179.995  #recruits; first value is R0 (virgin)
1096.57  1096.57 1096.57 1096.55 1096.52 1096.06 1095.6 1095.14 1094.99 1094.91 1094.83 1094.77 1094.71 1094.66 1094.62 1094.61 1094.62 1094.65 1094.72 1094.81 1094.92 1094.95 1095.1 1095.27 1095.45 1095.65 1095.85 1096.07 1096.23 1096.46 1096.55 1094.6 1094.24 1094.01 1093.86 1094.02 1094.11 1093.67 1092.89 1091.33 1089.06 1086.89 1085.2 1083.18 1082.18 1081.34 1080.5 1079.1 1077.66 1075.2 1072.97 1070.37 1068.33 1065.07 1060.21 1054.9 1044.99 1034.3 1018.26 1003.39 996.193 988.146 981.696 974.369 965.372 957.521 951.395 944.193 937.373 930.581 922.751 915.741 909.904 905.286 902.523 899.053 897.177 896.47 885.932 882.508 877.228 871.455 856.93 847.153 834.017 817.519 799.956 780.359 760.903 738.595 716.555 681.851 645.511 617.893 582.764 527.437 498.486 476.584 449.531 427.259 399.836 375.818 346.195 325.289 289.184 256.802 225.809 208.751 191.931 173.553 152.214 144.466 132.799 133.902 134.013 139.482 145.061 151.019 156.99 163.374 169.23 175.55 181.794 188.695 196.147 204.122 213.188 223.159 233.802 245.563 257.482 270.982 285.726 302.77 321.297 339.927 358.791 #spbio; first value is SSB_virgin (virgin)
1 0 0 0 0 0 0 0 0 0 0 0 0 0 0 0 0 0 0 0 0 0 0 0 0 0 0 0 0 0 0 0 0 0 0 0 0 0 0 0 0 0 0 0 0 0 0 0 0 0 0 0 0 0 0 0 0 0 0 0 0 0 0 0 0 0 0 0 0 0 0 0 0 0 0 0 0 0 0 0 0 0 0 0 0 0 0 0 0 0 0 0 0 0 0 0 0 0 0 0 0 0 0 0 0 0 0 0 0 0 0 0 0 0 0 0 0 0 0 0 0 0 0 0 0 0 0 0 0 0 0 0 0 0 0 0 0  # in Bzero
0 1 1 1 1 1 1 1 1 1 1 1 1 1 1 1 1 1 1 1 1 1 1 1 1 1 1 1 1 1 1 1 1 1 1 1 1 1 1 1 1 1 1 1 1 1 1 1 1 1 1 1 1 1 1 1 1 1 1 1 1 1 1 1 1 1 1 1 1 1 1 1 1 1 1 1 1 1 1 1 1 1 1 1 1 1 1 1 1 1 1 1 1 1 1 1 1 1 1 1 1 1 1 1 1 1 1 1 1 1 1 1 1 1 1 1 1 1 1 1 1 1 1 1 1 1 1 1 1 1 1 1 1 1  0 0 0 # in R project
0 1 1 1 1 1 1 1 1 1 1 1 1 1 1 1 1 1 1 1 1 1 1 1 1 1 1 1 1 1 1 1 1 1 1 1 1 1 1 1 1 1 1 1 1 1 1 1 1 1 1 1 1 1 1 1 1 1 1 1 1 1 1 1 1 1 1 1 1 1 1 1 1 1 1 1 1 1 1 1 1 1 1 1 1 1 1 1 1 1 1 1 1 1 1 1 1 1 1 1 1 1 1 1 1 1 1 1 1 1 1 1 1 1 1 1 1 1 1 1 1 1 1 1 1 1 1 1 1 1 1 1 1 1  0 0 0 # in R/S project
# Number of years with pre-specified catches
0
# catches for years with pre-specified catches go next
# Number of future recruitments to override
-2
# Process for overiding (-1 for average otherwise index in data list)
# Which probability to product detailed results for (1=0.5; 2=0.6; etc.)
3
# Steepness sigma-R Auto-correlation
0.718 0.5 0
# Target SPR rate (FMSY Proxy); manually change to SPR_MSY if not using SPR_target
0.5
# Discount rate (for cumulative catch)
0.1
# Truncate the series when 0.4B0 is reached (1=Yes)
0
# Set F to FMSY once 0.4B0 is reached (1=Yes)
0
# Maximum possible F for projection (-1 to set to FMSY)
-1
# Defintion of recovery (1=now only;2=now or before)
2
# Projection type
4
# Definition of the 40-10 rule
10 40
# Sigma Assessment Error (Base, Year1, Slope, MaxSigma)
1.0 2025 0.075 2.0
# Pstar
0.45
# Constrain catches by the ABC (1=yes, 2=no)
2
# Implementation Error (0=no; 1=lognormal; 2=uniform)
0
#Parameters of Implementaion Error
1 0.3
# Calculate coefficients of variation (1=Yes)
0
# Number of replicates to use
10
# Random number seed
-99004
# File with multiple parameter vectors 
rebuild.SSO
# User-specific projection (1=Yes); Output replaced (1->9)
0  5
# Catches and Fs (Year; 1/2/3 (F or C or SPR); value); Final row is -1
2024 1 1
-1 -1 -1
# Fixed catch project (1=Yes); Output replaced (1->9); Approach (-1=Read in else 1-9)
0 2 -1
# (48a) Special catch options (1-Yes) [CUT_OFF, Emsy, distribution, MAXCAT, Add, replace_code]
0 0.18 1.00 1.00 0 6
# (48b) B1Target
150000
# Split of Fs
2011  0.0169788
 0
 0.396757
 0.0246694
 0.187581
 0.19805
 0.175963
-1  1 1 1 1 1 1 1 1 1 1 1 1
# Yrs to define T_target for projection type 4 (a.k.a. 5 pre-specified inputs)
2030 2031 2032 2033 2034 
# Year for probability of recovery
2034 2035 2036 2037 2038 2039 2040 2041
# Time varying weight-at-age (1=Yes;0=No)
0
# File with time series of weight-at-age data
none
# Use bisection (0) or linear interpolation (1)
1
# Target Depletion
0.4
# CV of implementation error
0
