#Title, #runnumber: 1 yelloweye_data.ss yelloweye_control.ss 5698.85 1113.76 414.769 StartTime: Tue May 13 00:25:18 2025
SSv3_default_rebuild.dat
# Number of sexes
1
# Age range to consider (minimum age; maximum age)
0 100
# Number of fleets
7
# First year of projection (Yinit)
2011
# First Year of rebuilding period (Ydecl)
2013
# Number of simulations
1000
# Maximum number of years
500
# Conduct projections with multiple starting values (0=No;else yes)
0
# Number of parameter vectors
1000
# Is the maximum age a plus-group (1=Yes;2=No)
1
# Generate future recruitments using historical recruitments (1)  historical recruits/spawner (2)  or a stock-recruitment (3)
3
# Constant fishing mortality (1) or constant Catch (2) projections
1
# Fishing mortality based on SPR (1) or actual rate (2)
1
# Pre-specify the year of recovery (or -1) to ignore
-1
# Fecundity-at-age
# 0 1 2 3 4 5 6 7 8 9 10 11 12 13 14 15 16 17 18 19 20 21 22 23 24 25 26 27 28 29 30 31 32 33 34 35 36 37 38 39 40 41 42 43 44 45 46 47 48 49 50 51 52 53 54 55 56 57 58 59 60 61 62 63 64 65 66 67 68 69 70 71 72 73 74 75 76 77 78 79 80 81 82 83 84 85 86 87 88 89 90 91 92 93 94 95 96 97 98 99 100 #runnumber: 1 yelloweye_data.ss yelloweye_control.ss 5698.85 1113.76 414.769
 0 0 3.1443e-08 3.96165e-07 3.5551e-06 2.45738e-05 0.000135648 0.000602194 0.00214358 0.00616495 0.0146468 0.0295994 0.0523888 0.0833305 0.1217 0.166046 0.214609 0.265667 0.317757 0.369765 0.420917 0.470729 0.518931 0.565401 0.610107 0.653066 0.694322 0.733926 0.771928 0.808376 0.843314 0.876781 0.908814 0.939449 0.968719 0.996659 1.0233 1.04869 1.07286 1.09584 1.11768 1.13842 1.15809 1.17674 1.1944 1.21113 1.22695 1.24191 1.25604 1.26939 1.282 1.29389 1.30511 1.31568 1.32564 1.33503 1.34387 1.3522 1.36003 1.3674 1.37433 1.38085 1.38698 1.39274 1.39816 1.40325 1.40803 1.41252 1.41674 1.4207 1.42442 1.428 1.43136 1.43451 1.43748 1.44026 1.44286 1.44531 1.44761 1.44976 1.45178 1.45367 1.45545 1.45712 1.45868 1.46015 1.46152 1.46281 1.46402 1.46515 1.46621 1.46721 1.46814 1.46902 1.46984 1.47061 1.47133 1.472 1.47264 1.47323 1.47416 #female fecundity; weighted by N in year Y_init across morphs and areas
# Age specific selectivity and weight adjusted for discard and discard mortality
 #wt and selex for gender,fleet: 1 1 1_CA_TWL
 0.0111181 0.0231786 0.0626507 0.121044 0.197869 0.290145 0.394427 0.507569 0.626964 0.750585 0.876957 1.00514 1.13466 1.26546 1.39766 1.53143 1.66686 1.80382 1.94194 2.08069 2.21934 2.35714 2.49331 2.62714 2.75801 2.88543 3.00899 3.12841 3.2435 3.35412 3.46023 3.56182 3.6589 3.75155 3.83984 3.92388 4.00379 4.07968 4.1517 4.21998 4.28466 4.34589 4.40382 4.45858 4.51033 4.55919 4.60531 4.64882 4.68984 4.72852 4.76495 4.79927 4.83159 4.86201 4.89063 4.91756 4.94288 4.96669 4.98908 5.01012 5.02989 5.04846 5.06591 5.0823 5.09769 5.11214 5.12571 5.13844 5.1504 5.16162 5.17224 5.18231 5.19176 5.20062 5.20894 5.21673 5.22405 5.23091 5.23735 5.24338 5.24904 5.25435 5.25932 5.26399 5.26836 5.27246 5.27631 5.27991 5.28329 5.28646 5.28943 5.29221 5.29482 5.29727 5.29956 5.30171 5.30373 5.30561 5.30738 5.30904 5.31164
 0 0.000700082 0.002679 0.00886836 0.0235468 0.0518878 0.0981254 0.163814 0.247068 0.342997 0.444953 0.546017 0.640254 0.723486 0.793521 0.849945 0.893664 0.926374 0.950088 0.966804 0.978294 0.986018 0.991109 0.994408 0.996514 0.997842 0.998671 0.999184 0.9995 0.999693 0.999811 0.999883 0.999927 0.999954 0.999971 0.999981 0.999987 0.999991 0.999994 0.999995 0.999996 0.999997 0.999997 0.999998 0.999998 0.999998 0.999998 0.999998 0.999998 0.999998 0.999998 0.999998 0.999998 0.999998 0.999998 0.999998 0.999998 0.999998 0.999998 0.999998 0.999998 0.999998 0.999998 0.999998 0.999998 0.999998 0.999998 0.999998 0.999997 0.999997 0.999997 0.999997 0.999997 0.999997 0.999997 0.999997 0.999997 0.999997 0.999997 0.999997 0.999997 0.999997 0.999997 0.999997 0.999997 0.999997 0.999997 0.999997 0.999997 0.999997 0.999997 0.999997 0.999997 0.999997 0.999997 0.999997 0.999997 0.999997 0.999997 0.999997 0.999997
 #wt and selex for gender,fleet: 1 3 3_CA_REC
 0.0110157 0.0215044 0.0564228 0.109019 0.178805 0.263534 0.360425 0.466812 0.580393 0.699345 0.822391 0.94882 1.07839 1.21109 1.34697 1.48585 1.62733 1.77074 1.9152 2.05976 2.20346 2.34542 2.48487 2.6212 2.75391 2.88264 3.00712 3.12718 3.24269 3.35359 3.45989 3.56159 3.65876 3.75145 3.83978 3.92384 4.00376 4.07966 4.15168 4.21997 4.28465 4.34589 4.40382 4.45858 4.51033 4.55919 4.60531 4.64882 4.68984 4.72852 4.76495 4.79927 4.83159 4.86201 4.89063 4.91756 4.94288 4.96669 4.98908 5.01012 5.02989 5.04846 5.06591 5.0823 5.09769 5.11214 5.12571 5.13844 5.1504 5.16162 5.17224 5.18231 5.19176 5.20062 5.20894 5.21674 5.22405 5.23091 5.23735 5.24338 5.24904 5.25435 5.25932 5.26399 5.26836 5.27246 5.27631 5.27991 5.28329 5.28646 5.28943 5.29222 5.29482 5.29727 5.29956 5.30171 5.30373 5.30561 5.30738 5.30904 5.31164
 0 0.00584829 0.0157908 0.0381756 0.0782553 0.139402 0.2212 0.31927 0.426453 0.534609 0.636323 0.726114 0.800956 0.860166 0.904843 0.937137 0.959592 0.974669 0.984478 0.990681 0.994506 0.996812 0.998176 0.998968 0.999421 0.999678 0.999821 0.999901 0.999945 0.99997 0.999983 0.99999 0.999995 0.999997 0.999998 0.999999 0.999999 0.999999 0.999999 0.999999 0.999999 0.999999 0.999999 0.999999 0.999999 0.999999 0.999999 0.999999 0.999999 0.999999 0.999999 0.999999 0.999999 0.999999 0.999999 0.999999 0.999999 0.999999 0.999999 0.999999 0.999999 0.999999 0.999999 0.999999 0.999999 0.999999 0.999999 0.999999 0.999999 0.999999 0.999999 0.999999 0.999999 0.999999 0.999999 0.999999 0.999999 0.999999 0.999999 0.999999 0.999999 0.999999 0.999999 0.999999 0.999999 0.999999 0.999999 0.999999 0.999999 0.999999 0.999999 0.999999 0.999999 0.999999 0.999999 0.999999 0.999999 0.999999 0.999999 0.999999 0.999999
 #wt and selex for gender,fleet: 1 4 4_ORWA_TWL
 0.0109438 0.0203105 0.0518692 0.101079 0.167965 0.251136 0.348464 0.457608 0.576309 0.702514 0.83443 0.970526 1.10952 1.25037 1.39225 1.53452 1.67671 1.81842 1.95932 2.0991 2.23741 2.37389 2.50816 2.63985 2.76857 2.89399 3.01579 3.13372 3.24759 3.35725 3.46259 3.56359 3.66023 3.75254 3.84058 3.92444 4.0042 4.07999 4.15193 4.22015 4.2848 4.346 4.4039 4.45865 4.51038 4.55923 4.60534 4.64884 4.68986 4.72853 4.76497 4.79929 4.8316 4.86201 4.89064 4.91756 4.94289 4.9667 4.98908 5.01012 5.02989 5.04847 5.06592 5.0823 5.09769 5.11214 5.12571 5.13845 5.1504 5.16162 5.17224 5.18231 5.19176 5.20062 5.20894 5.21674 5.22405 5.23091 5.23735 5.24338 5.24904 5.25435 5.25932 5.26399 5.26836 5.27246 5.27631 5.27991 5.28329 5.28646 5.28943 5.29221 5.29482 5.29727 5.29956 5.30171 5.30373 5.30561 5.30738 5.30904 5.31164
 0 0.0107774 0.0224268 0.0432479 0.0751805 0.119391 0.175625 0.24222 0.316467 0.395092 0.474745 0.552378 0.625484 0.692222 0.751434 0.802599 0.845731 0.881263 0.909909 0.932545 0.950104 0.963495 0.973551 0.980998 0.986445 0.990387 0.993213 0.995223 0.996644 0.997644 0.998346 0.998836 0.999179 0.999418 0.999586 0.999704 0.999786 0.999845 0.999886 0.999916 0.999937 0.999953 0.999964 0.999972 0.999978 0.999983 0.999986 0.999988 0.99999 0.999992 0.999993 0.999994 0.999994 0.999995 0.999995 0.999996 0.999996 0.999996 0.999996 0.999997 0.999997 0.999997 0.999997 0.999997 0.999997 0.999997 0.999997 0.999997 0.999997 0.999997 0.999997 0.999997 0.999997 0.999997 0.999997 0.999997 0.999997 0.999997 0.999997 0.999997 0.999997 0.999997 0.999997 0.999997 0.999997 0.999997 0.999997 0.999997 0.999997 0.999997 0.999997 0.999997 0.999997 0.999997 0.999997 0.999997 0.999997 0.999997 0.999997 0.999997 0.999997
 #wt and selex for gender,fleet: 1 5 5_ORWA_NONTWL
 0.0110332 0.0218194 0.058051 0.113236 0.187357 0.278293 0.383163 0.499054 0.623331 0.753752 0.88847 1.026 1.16515 1.30503 1.44495 1.58446 1.72322 1.86102 1.9977 2.1331 2.26704 2.39931 2.52964 2.65773 2.78325 2.90589 3.02533 3.1413 3.25355 3.3619 3.46621 3.56639 3.66239 3.7542 3.84186 3.92542 4.00496 4.08058 4.15239 4.22051 4.28507 4.34622 4.40407 4.45879 4.51049 4.55932 4.60541 4.6489 4.68992 4.72857 4.765 4.79932 4.83162 4.86204 4.89065 4.91758 4.9429 4.96671 4.98909 5.01013 5.0299 5.04848 5.06592 5.08231 5.0977 5.11215 5.12572 5.13845 5.1504 5.16162 5.17225 5.18232 5.19176 5.20063 5.20894 5.21674 5.22406 5.23092 5.23735 5.24339 5.24905 5.25435 5.25933 5.26399 5.26837 5.27247 5.27631 5.27992 5.2833 5.28647 5.28944 5.29222 5.29483 5.29727 5.29957 5.30172 5.30373 5.30562 5.30739 5.30904 5.31164
 0 0.00120587 0.00351859 0.00935624 0.0212455 0.0420544 0.0741797 0.118854 0.175794 0.243263 0.318433 0.397903 0.478194 0.556159 0.629246 0.695627 0.754216 0.804595 0.846895 0.881645 0.909631 0.931767 0.948991 0.962198 0.972194 0.979673 0.985213 0.989284 0.992253 0.994407 0.995963 0.997083 0.997889 0.998467 0.998883 0.999182 0.999398 0.999554 0.999668 0.999751 0.999811 0.999856 0.999889 0.999914 0.999933 0.999947 0.999958 0.999966 0.999973 0.999977 0.999981 0.999985 0.999987 0.999989 0.999991 0.999992 0.999993 0.999994 0.999995 0.999995 0.999996 0.999996 0.999996 0.999997 0.999997 0.999997 0.999997 0.999998 0.999998 0.999998 0.999998 0.999998 0.999998 0.999998 0.999998 0.999998 0.999998 0.999998 0.999998 0.999998 0.999998 0.999998 0.999998 0.999998 0.999999 0.999999 0.999999 0.999999 0.999999 0.999999 0.999999 0.999999 0.999999 0.999999 0.999999 0.999999 0.999999 0.999999 0.999999 0.999999 0.999999
 #wt and selex for gender,fleet: 1 6 6_OR_REC
 0.0116456 0.0303212 0.0807071 0.148567 0.230744 0.321677 0.417097 0.514506 0.613366 0.714827 0.820908 0.933567 1.05404 1.18256 1.31839 1.46009 1.60589 1.75398 1.90276 2.05089 2.19732 2.34124 2.48204 2.61924 2.7525 2.88156 3.00623 3.12639 3.24195 3.35287 3.45917 3.56087 3.65802 3.7507 3.83901 3.92306 4.00296 4.07885 4.15086 4.21913 4.28381 4.34503 4.40295 4.45771 4.50945 4.5583 4.60442 4.64792 4.68894 4.72761 4.76404 4.79836 4.83067 4.86108 4.8897 4.91663 4.94195 4.96576 4.98814 5.00918 5.02895 5.04752 5.06497 5.08136 5.09675 5.1112 5.12476 5.1375 5.14945 5.16067 5.17129 5.18136 5.1908 5.19966 5.20797 5.21577 5.22308 5.22994 5.23637 5.2424 5.24806 5.25336 5.25834 5.263 5.26737 5.27147 5.27532 5.27892 5.2823 5.28547 5.28843 5.29122 5.29382 5.29627 5.29856 5.30071 5.30272 5.30461 5.30638 5.30804 5.31063
 0 6.4956e-05 0.000786044 0.00571873 0.025212 0.0755146 0.168571 0.301062 0.454159 0.6037 0.731214 0.828585 0.896512 0.940469 0.967164 0.982511 0.990913 0.995305 0.997495 0.998523 0.99896 0.999104 0.999109 0.999047 0.998955 0.998851 0.998741 0.998631 0.998521 0.998414 0.99831 0.998209 0.998111 0.998017 0.997927 0.99784 0.997757 0.997678 0.997603 0.997531 0.997462 0.997398 0.997336 0.997277 0.997222 0.99717 0.99712 0.997073 0.997029 0.996987 0.996947 0.99691 0.996875 0.996842 0.996811 0.996781 0.996754 0.996728 0.996703 0.99668 0.996659 0.996638 0.996619 0.996601 0.996584 0.996569 0.996554 0.99654 0.996527 0.996514 0.996503 0.996491 0.996481 0.996471 0.996462 0.996453 0.996445 0.996438 0.996431 0.996424 0.996418 0.996412 0.996406 0.996401 0.996396 0.996392 0.996388 0.996384 0.99638 0.996376 0.996373 0.99637 0.996367 0.996364 0.996362 0.99636 0.996357 0.996355 0.996353 0.996351 0.996349
 #wt and selex for gender,fleet: 1 7 7_WA_REC
 0.0116465 0.0305528 0.0832343 0.156966 0.249269 0.354331 0.467072 0.583719 0.701757 0.819758 0.937254 1.05458 1.17259 1.29236 1.4149 1.54085 1.67047 1.80352 1.93935 2.07703 2.21547 2.35355 2.49026 2.62469 2.75614 2.88404 3.00799 3.12771 3.24301 3.35379 3.46001 3.56167 3.6588 3.75148 3.8398 3.92385 4.00377 4.07967 4.15169 4.21997 4.28466 4.34589 4.40382 4.45858 4.51033 4.55919 4.60531 4.64882 4.68984 4.72852 4.76495 4.79927 4.83159 4.86201 4.89063 4.91756 4.94288 4.96669 4.98908 5.01012 5.02989 5.04846 5.06591 5.0823 5.09769 5.11214 5.12571 5.13844 5.1504 5.16162 5.17224 5.18231 5.19176 5.20062 5.20894 5.21674 5.22405 5.23091 5.23735 5.24338 5.24904 5.25435 5.25932 5.26399 5.26836 5.27246 5.27631 5.27991 5.28329 5.28646 5.28943 5.29222 5.29482 5.29727 5.29956 5.30171 5.30373 5.30561 5.30738 5.30904 5.31164
 0 6.27239e-06 8.25758e-05 0.000702538 0.00377071 0.013996 0.0388799 0.0860922 0.159574 0.257082 0.37066 0.489399 0.602767 0.702999 0.785985 0.850921 0.899305 0.933853 0.957619 0.973442 0.98368 0.99014 0.994129 0.996546 0.997988 0.998837 0.999331 0.999617 0.999781 0.999874 0.999928 0.999958 0.999976 0.999986 0.999991 0.999995 0.999997 0.999998 0.999999 0.999999 0.999999 0.999999 0.999999 0.999999 0.999999 0.999999 0.999999 0.999999 0.999999 0.999999 0.999999 0.999999 0.999999 0.999999 0.999999 0.999999 0.999999 0.999999 0.999999 0.999999 0.999999 0.999999 0.999999 0.999999 0.999999 0.999999 0.999999 0.999999 0.999999 0.999999 0.999999 0.999999 0.999999 0.999999 0.999999 0.999999 0.999999 0.999999 0.999999 0.999999 0.999999 0.999999 0.999999 0.999999 0.999999 0.999999 0.999999 0.999999 0.999999 0.999999 0.999999 0.999999 0.999999 0.999999 0.999999 0.999999 0.999999 0.999999 0.999999 0.999999 0.999999
# Sex ratio correction
1
# M and current age-structure in year Yinit: 2011
 # gender = 1
 0.0439034 0.0439034 0.0439034 0.0439034 0.0439034 0.0439034 0.0439034 0.0439034 0.0439034 0.0439034 0.0439034 0.0439034 0.0439034 0.0439034 0.0439034 0.0439034 0.0439034 0.0439034 0.0439034 0.0439034 0.0439034 0.0439034 0.0439034 0.0439034 0.0439034 0.0439034 0.0439034 0.0439034 0.0439034 0.0439034 0.0439034 0.0439034 0.0439034 0.0439034 0.0439034 0.0439034 0.0439034 0.0439034 0.0439034 0.0439034 0.0439034 0.0439034 0.0439034 0.0439034 0.0439034 0.0439034 0.0439034 0.0439034 0.0439034 0.0439034 0.0439034 0.0439034 0.0439034 0.0439034 0.0439034 0.0439034 0.0439034 0.0439034 0.0439034 0.0439034 0.0439034 0.0439034 0.0439034 0.0439034 0.0439034 0.0439034 0.0439034 0.0439034 0.0439034 0.0439034 0.0439034 0.0439034 0.0439034 0.0439034 0.0439034 0.0439034 0.0439034 0.0439034 0.0439034 0.0439034 0.0439034 0.0439034 0.0439034 0.0439034 0.0439034 0.0439034 0.0439034 0.0439034 0.0439034 0.0439034 0.0439034 0.0439034 0.0439034 0.0439034 0.0439034 0.0439034 0.0439034 0.0439034 0.0439034 0.0439034 0.0439034
 227.789 228.279 203.556 258.277 162.223 121.617 90.6426 67.5836 140.364 262.31 98.6957 70.6376 129.891 68.5745 39.8353 32.407 32.4581 65.4315 86.1434 33.3876 25.1288 26.4049 28.8514 29.5262 29.7034 28.6522 32.7036 39.5878 31.3288 35.3939 24.122 16.146 11.4347 8.7845 9.30361 8.64661 8.15508 5.16849 4.79332 5.7355 8.82054 5.95139 4.41977 3.2407 2.45571 1.98552 1.51421 1.22741 1.15589 1.23197 1.37917 1.4642 1.37626 1.19494 1.02579 0.905509 0.838703 0.819607 0.842883 0.906328 1.00331 1.10675 1.15611 1.101 0.975629 0.846113 0.740389 0.660728 0.601934 0.557475 0.522859 0.495012 0.472011 0.452361 0.434466 0.416928 0.398788 0.379908 0.360761 0.342152 0.324796 0.30913 0.295229 0.282998 0.272149 0.262336 0.253247 0.244618 0.236237 0.227968 0.219732 0.211485 0.203237 0.195053 0.186926 0.178822 0.170957 0.163367 0.156075 0.149097 3.2946
# Age-structure at Ydeclare= 2013
 120.501 112.054 208.639 209.083 186.43 236.521 148.524 111.304 82.9097 61.7737 128.194 239.371 89.9945 64.3657 118.289 62.4201 36.2469 29.4795 29.5198 59.4994 78.3249 30.3548 22.8448 24.0038 26.2269 26.8394 26.9996 26.0432 29.7246 35.9804 28.473 32.1663 21.9215 14.6726 10.3909 7.98242 8.45393 7.85676 7.40998 4.69617 4.3552 5.21115 8.01399 5.40708 4.01547 2.94421 2.231 1.8038 1.37561 1.11505 1.05006 1.11917 1.25288 1.33011 1.25023 1.0855 0.93184 0.822575 0.761886 0.744537 0.76568 0.823313 0.911406 1.00537 1.05021 1.00015 0.88626 0.768608 0.672567 0.600203 0.546794 0.506407 0.474963 0.449666 0.428772 0.410921 0.394666 0.378734 0.362255 0.345106 0.327713 0.310808 0.295042 0.280811 0.268184 0.257073 0.247218 0.238305 0.230048 0.22221 0.214596 0.207085 0.199603 0.192112 0.18462 0.177185 0.169803 0.162441 0.155297 0.148402 3.27003
# Year for Tmin Age-structure (set to Ydecl by SS)
2013
#  recruitment and biomass
# Number of historical assessment years
137
# Historical data
# year recruitment spawner in B0 in R project in R/S project
1888  1889 1890 1891 1892 1893 1894 1895 1896 1897 1898 1899 1900 1901 1902 1903 1904 1905 1906 1907 1908 1909 1910 1911 1912 1913 1914 1915 1916 1917 1918 1919 1920 1921 1922 1923 1924 1925 1926 1927 1928 1929 1930 1931 1932 1933 1934 1935 1936 1937 1938 1939 1940 1941 1942 1943 1944 1945 1946 1947 1948 1949 1950 1951 1952 1953 1954 1955 1956 1957 1958 1959 1960 1961 1962 1963 1964 1965 1966 1967 1968 1969 1970 1971 1972 1973 1974 1975 1976 1977 1978 1979 1980 1981 1982 1983 1984 1985 1986 1987 1988 1989 1990 1991 1992 1993 1994 1995 1996 1997 1998 1999 2000 2001 2002 2003 2004 2005 2006 2007 2008 2009 2010 2011 2012 2013 2014 2015 2016 2017 2018 2019 2020 2021 2022 2023 2024 #years (with first value representing R0)
214.955 213.471 213.424 213.375 213.326 213.267 213.207 213.145 213.087 213.028 212.969 212.908 212.842 212.777 212.715 212.641 212.568 212.498 212.432 212.38 212.334 212.29 212.253 212.219 212.182 212.123 212.019 211.831 211.524 211.053 210.186 208.999 207.522 205.722 203.618 201.271 198.76 196.194 193.717 191.483 189.646 188.353 187.678 187.566 187.868 188.274 188.39 187.864 186.572 184.685 182.688 181.143 180.573 181.352 183.903 188.903 197.293 210.371 228.776 251.02 269.533 269.259 245.189 211.393 181.577 160.531 148.348 144.21 147.829 158.894 175.465 191.354 192.481 171.103 143.907 126.765 125.937 144.729 175.918 200.519 242.279 300.345 364.79 483.753 279.187 205.468 193.648 265.203 242.464 223.583 179.892 198.517 236.619 297.477 366.653 272.612 290.042 202.646 151.282 134.925 116.705 100.476 82.0985 70.6588 85.9598 205.355 145.802 68.0976 64.3584 75.142 123.147 222.36 115.379 153.912 390.76 199.841 92.0022 118.025 151.506 193.383 294.646 222.238 238.524 227.789 117.083 120.501 124.988 145.423 168.229 170.476 172.499 174.489 176.357 178.24 180.018 181.552 182.923  #recruits; first value is R0 (virgin)
1113.76  1113.76 1113.75 1113.74 1113.71 1113.25 1112.79 1112.32 1112.17 1112.09 1112 1111.92 1111.8 1111.66 1111.5 1111.3 1111.06 1110.79 1110.49 1110.16 1109.79 1109.28 1108.86 1108.4 1107.93 1107.42 1106.89 1106.34 1105.7 1105.1 1104.33 1101.48 1100.2 1099.03 1097.92 1097.08 1096.15 1094.65 1092.8 1090.12 1086.7 1083.37 1080.48 1077.23 1074.99 1072.88 1070.75 1068.05 1065.31 1061.55 1058.03 1054.18 1050.95 1046.55 1040.63 1034.37 1023.6 1012.18 995.565 980.328 972.969 964.722 958.349 951.387 942.942 935.708 930.413 924.087 918.276 912.522 905.735 899.683 894.751 890.993 889.121 886.596 885.699 886.175 877.034 875.1 871.246 867.421 854.512 846.267 834.761 819.987 803.698 785.653 768.445 748.454 728.783 696.534 662.475 637.055 604.148 548.777 501.63 474.973 438.913 410.413 383.691 360.628 331.293 311.372 279.406 250.617 223.433 209.558 195.429 180.039 162.111 158.348 150.435 154.395 158.093 165.556 173.284 181.381 189.471 197.874 205.921 214.479 223.192 232.871 243.074 253.769 265.424 277.964 290.791 304.44 317.517 331.192 344.824 359.428 374.081 387.462 400.042 #spbio; first value is SSB_virgin (virgin)
1 0 0 0 0 0 0 0 0 0 0 0 0 0 0 0 0 0 0 0 0 0 0 0 0 0 0 0 0 0 0 0 0 0 0 0 0 0 0 0 0 0 0 0 0 0 0 0 0 0 0 0 0 0 0 0 0 0 0 0 0 0 0 0 0 0 0 0 0 0 0 0 0 0 0 0 0 0 0 0 0 0 0 0 0 0 0 0 0 0 0 0 0 0 0 0 0 0 0 0 0 0 0 0 0 0 0 0 0 0 0 0 0 0 0 0 0 0 0 0 0 0 0 0 0 0 0 0 0 0 0 0 0 0 0 0 0  # in Bzero
0 1 1 1 1 1 1 1 1 1 1 1 1 1 1 1 1 1 1 1 1 1 1 1 1 1 1 1 1 1 1 1 1 1 1 1 1 1 1 1 1 1 1 1 1 1 1 1 1 1 1 1 1 1 1 1 1 1 1 1 1 1 1 1 1 1 1 1 1 1 1 1 1 1 1 1 1 1 1 1 1 1 1 1 1 1 1 1 1 1 1 1 1 1 1 1 1 1 1 1 1 1 1 1 1 1 1 1 1 1 1 1 1 1 1 1 1 1 1 1 1 1 1 1 1 1 1 1 1 1 1 1 1 1  0 0 0 # in R project
0 1 1 1 1 1 1 1 1 1 1 1 1 1 1 1 1 1 1 1 1 1 1 1 1 1 1 1 1 1 1 1 1 1 1 1 1 1 1 1 1 1 1 1 1 1 1 1 1 1 1 1 1 1 1 1 1 1 1 1 1 1 1 1 1 1 1 1 1 1 1 1 1 1 1 1 1 1 1 1 1 1 1 1 1 1 1 1 1 1 1 1 1 1 1 1 1 1 1 1 1 1 1 1 1 1 1 1 1 1 1 1 1 1 1 1 1 1 1 1 1 1 1 1 1 1 1 1 1 1 1 1 1 1  0 0 0 # in R/S project
# Number of years with pre-specified catches
0
# catches for years with pre-specified catches go next
# Number of future recruitments to override
-2
# Process for overiding (-1 for average otherwise index in data list)
# Which probability to product detailed results for (1=0.5; 2=0.6; etc.)
3
# Steepness sigma-R Auto-correlation
0.718 0.5 0
# Target SPR rate (FMSY Proxy); manually change to SPR_MSY if not using SPR_target
0.5
# Discount rate (for cumulative catch)
0.1
# Truncate the series when 0.4B0 is reached (1=Yes)
0
# Set F to FMSY once 0.4B0 is reached (1=Yes)
0
# Maximum possible F for projection (-1 to set to FMSY)
-1
# Defintion of recovery (1=now only;2=now or before)
2
# Projection type
4
# Definition of the 40-10 rule
10 40
# Sigma Assessment Error (Base, Year1, Slope, MaxSigma)
1.0 2025 0.075 2.0
# Pstar
0.45
# Constrain catches by the ABC (1=yes, 2=no)
2
# Implementation Error (0=no; 1=lognormal; 2=uniform)
0
#Parameters of Implementaion Error
1 0.3
# Calculate coefficients of variation (1=Yes)
0
# Number of replicates to use
10
# Random number seed
-99004
# File with multiple parameter vectors 
rebuild.SSO
# User-specific projection (1=Yes); Output replaced (1->9)
0  5
# Catches and Fs (Year; 1/2/3 (F or C or SPR); value); Final row is -1
2024 1 1
-1 -1 -1
# Fixed catch project (1=Yes); Output replaced (1->9); Approach (-1=Read in else 1-9)
0 2 -1
# (48a) Special catch options (1-Yes) [CUT_OFF, Emsy, distribution, MAXCAT, Add, replace_code]
0 0.18 1.00 1.00 0 6
# (48b) B1Target
150000
# Split of Fs
2011  0.0172692
 0
 0.405576
 0.0241667
 0.176673
 0.190413
 0.185903
-1  1 1 1 1 1 1 1 1 1 1 1 1
# Yrs to define T_target for projection type 4 (a.k.a. 5 pre-specified inputs)
2030 2031 2032 2033 2034 
# Year for probability of recovery
2034 2035 2036 2037 2038 2039 2040 2041
# Time varying weight-at-age (1=Yes;0=No)
0
# File with time series of weight-at-age data
none
# Use bisection (0) or linear interpolation (1)
1
# Target Depletion
0.4
# CV of implementation error
0
