#Title, #runnumber: 1 yelloweye_data.ss yelloweye_control.ss 4993.72 1128.9 339.822 StartTime: Thu May  1 10:22:50 2025
SSv3_default_rebuild.dat
# Number of sexes
1
# Age range to consider (minimum age; maximum age)
0 100
# Number of fleets
7
# First year of projection (Yinit)
2011
# First Year of rebuilding period (Ydecl)
2013
# Number of simulations
1000
# Maximum number of years
500
# Conduct projections with multiple starting values (0=No;else yes)
0
# Number of parameter vectors
1000
# Is the maximum age a plus-group (1=Yes;2=No)
1
# Generate future recruitments using historical recruitments (1)  historical recruits/spawner (2)  or a stock-recruitment (3)
3
# Constant fishing mortality (1) or constant Catch (2) projections
1
# Fishing mortality based on SPR (1) or actual rate (2)
1
# Pre-specify the year of recovery (or -1) to ignore
-1
# Fecundity-at-age
# 0 1 2 3 4 5 6 7 8 9 10 11 12 13 14 15 16 17 18 19 20 21 22 23 24 25 26 27 28 29 30 31 32 33 34 35 36 37 38 39 40 41 42 43 44 45 46 47 48 49 50 51 52 53 54 55 56 57 58 59 60 61 62 63 64 65 66 67 68 69 70 71 72 73 74 75 76 77 78 79 80 81 82 83 84 85 86 87 88 89 90 91 92 93 94 95 96 97 98 99 100 #runnumber: 1 yelloweye_data.ss yelloweye_control.ss 4993.72 1128.9 339.822
 0 0 7.97743e-09 1.26989e-07 1.32538e-06 1.02752e-05 6.31525e-05 0.000318356 0.0013296 0.00456808 0.0128194 0.0296093 0.057564 0.097001 0.145901 0.201005 0.259055 0.317527 0.37481 0.430049 0.482899 0.5333 0.581329 0.627107 0.670756 0.712383 0.752079 0.789914 0.82595 0.860238 0.892829 0.92377 0.953109 0.980895 1.00718 1.03201 1.05545 1.07755 1.09836 1.11795 1.13636 1.15365 1.16988 1.18511 1.19938 1.21275 1.22526 1.23697 1.24792 1.25815 1.26772 1.27665 1.28499 1.29277 1.30003 1.3068 1.31312 1.319 1.32449 1.3296 1.33436 1.3388 1.34293 1.34677 1.35035 1.35368 1.35678 1.35967 1.36235 1.36485 1.36718 1.36936 1.3714 1.37329 1.37505 1.37669 1.37821 1.37962 1.38094 1.38216 1.3833 1.38436 1.38534 1.38625 1.3871 1.38789 1.38862 1.38931 1.38994 1.39053 1.39107 1.39158 1.39206 1.39249 1.3929 1.39328 1.39363 1.39396 1.39427 1.39455 1.39497 #female fecundity; weighted by N in year Y_init across morphs and areas
# Age specific selectivity and weight adjusted for discard and discard mortality
 #wt and selex for gender,fleet: 1 1 1_CA_TWL
 0.00896707 0.0115353 0.0381392 0.0833527 0.148578 0.232675 0.333292 0.447607 0.572754 0.706063 0.84519 0.988303 1.1343 1.28282 1.43385 1.58718 1.74215 1.89768 2.05248 2.20532 2.35513 2.50105 2.64245 2.77888 2.91003 3.0357 3.1558 3.27029 3.37921 3.48262 3.58064 3.67339 3.76103 3.84373 3.92168 3.99508 4.0641 4.12896 4.18986 4.24699 4.30054 4.35071 4.39768 4.44163 4.48273 4.52114 4.55704 4.59056 4.62186 4.65107 4.67832 4.70373 4.72743 4.74952 4.77011 4.78929 4.80715 4.82379 4.83929 4.85371 4.86714 4.87964 4.89127 4.9021 4.91217 4.92154 4.93025 4.93836 4.9459 4.95291 4.95946 4.96558 4.97127 4.97656 4.98148 4.98605 4.9903 4.99426 4.99793 5.00134 5.00452 5.00747 5.01021 5.01275 5.01512 5.01732 5.01937 5.02127 5.02303 5.02467 5.0262 5.02762 5.02893 5.03016 5.03129 5.03235 5.03333 5.03424 5.03509 5.03588 5.03704
 0 0.00120344 0.00393486 0.0135109 0.0366488 0.0814501 0.153482 0.252513 0.371732 0.499725 0.623842 0.733398 0.821812 0.887331 0.932211 0.960894 0.978188 0.988138 0.993661 0.996647 0.998234 0.999069 0.999506 0.999735 0.999856 0.99992 0.999955 0.999974 0.999984 0.99999 0.999993 0.999995 0.999996 0.999997 0.999997 0.999997 0.999997 0.999997 0.999997 0.999997 0.999997 0.999997 0.999997 0.999997 0.999997 0.999997 0.999997 0.999997 0.999997 0.999997 0.999997 0.999997 0.999997 0.999997 0.999997 0.999997 0.999997 0.999997 0.999997 0.999997 0.999997 0.999997 0.999997 0.999997 0.999997 0.999997 0.999997 0.999996 0.999996 0.999996 0.999996 0.999996 0.999996 0.999996 0.999996 0.999996 0.999996 0.999996 0.999996 0.999996 0.999996 0.999996 0.999996 0.999996 0.999996 0.999996 0.999996 0.999996 0.999996 0.999996 0.999996 0.999996 0.999996 0.999996 0.999996 0.999996 0.999996 0.999996 0.999996 0.999996 0.999996
 #wt and selex for gender,fleet: 1 3 3_CA_REC
 0.00896707 0.0115276 0.0377466 0.0822891 0.146351 0.228726 0.327059 0.43857 0.560466 0.690204 0.825797 0.966203 1.11129 1.26115 1.41534 1.57272 1.73168 1.89055 2.04786 2.20243 2.35337 2.5 2.64183 2.77851 2.90981 3.03557 3.15572 3.27025 3.37918 3.48261 3.58063 3.67338 3.76102 3.84373 3.92168 3.99508 4.0641 4.12896 4.18986 4.24699 4.30054 4.35071 4.39768 4.44163 4.48273 4.52115 4.55704 4.59057 4.62186 4.65107 4.67832 4.70374 4.72743 4.74952 4.77011 4.78929 4.80715 4.82379 4.83929 4.85371 4.86714 4.87964 4.89128 4.9021 4.91217 4.92154 4.93025 4.93836 4.9459 4.95291 4.95946 4.96558 4.97127 4.97656 4.98148 4.98605 4.9903 4.99426 4.99793 5.00134 5.00452 5.00747 5.01021 5.01276 5.01512 5.01732 5.01937 5.02127 5.02303 5.02468 5.0262 5.02762 5.02893 5.03016 5.03129 5.03235 5.03333 5.03424 5.03509 5.03588 5.03704
 0 0.00262026 0.00814624 0.0260057 0.0656132 0.135871 0.239164 0.368656 0.510105 0.646688 0.764122 0.854295 0.916382 0.95505 0.977119 0.988842 0.994727 0.997561 0.998885 0.999493 0.999768 0.999894 0.99995 0.999976 0.999989 0.999994 0.999997 0.999998 0.999999 0.999999 0.999999 0.999999 0.999999 0.999999 0.999999 0.999999 0.999999 0.999999 0.999999 0.999999 0.999999 0.999999 0.999999 0.999999 0.999999 0.999999 0.999999 0.999999 0.999999 0.999999 0.999999 0.999999 0.999999 0.999999 0.999999 0.999999 0.999999 0.999999 0.999999 0.999999 0.999999 0.999999 0.999999 0.999999 0.999999 0.999999 0.999999 0.999999 0.999999 0.999999 0.999999 0.999999 0.999999 0.999999 0.999999 0.999999 0.999999 0.999999 0.999999 0.999999 0.999999 0.999999 0.999999 0.999999 0.999999 0.999999 0.999999 0.999999 0.999999 0.999999 0.999999 0.999999 0.999999 0.999999 0.999999 0.999999 0.999999 0.999999 0.999999 0.999999 0.999999
 #wt and selex for gender,fleet: 1 4 4_ORWA_TWL
 0.00896707 0.0114744 0.0350426 0.0765864 0.137155 0.216268 0.312312 0.423078 0.546124 0.67901 0.819443 0.965407 1.11534 1.26821 1.42334 1.58008 1.73761 1.89491 2.05085 2.20439 2.35461 2.50076 2.64229 2.77879 2.90998 3.03567 3.15578 3.27028 3.37921 3.48262 3.58064 3.67339 3.76103 3.84373 3.92168 3.99508 4.0641 4.12896 4.18986 4.24699 4.30054 4.35071 4.39768 4.44163 4.48273 4.52114 4.55704 4.59056 4.62186 4.65107 4.67832 4.70374 4.72743 4.74952 4.77011 4.78929 4.80715 4.82379 4.83929 4.85371 4.86714 4.87964 4.89127 4.9021 4.91217 4.92154 4.93025 4.93836 4.9459 4.95291 4.95946 4.96558 4.97127 4.97656 4.98148 4.98605 4.9903 4.99426 4.99793 5.00134 5.00452 5.00747 5.01021 5.01275 5.01512 5.01732 5.01937 5.02127 5.02303 5.02467 5.0262 5.02762 5.02893 5.03016 5.03129 5.03235 5.03333 5.03424 5.03509 5.03588 5.03704
 0 0.0173601 0.0375645 0.0763801 0.136188 0.217293 0.315962 0.425319 0.537078 0.643321 0.737769 0.816419 0.877715 0.922383 0.952871 0.972463 0.984409 0.991383 0.995318 0.997483 0.998653 0.999279 0.999612 0.999789 0.999884 0.999935 0.999963 0.999978 0.999987 0.999991 0.999994 0.999996 0.999997 0.999997 0.999997 0.999998 0.999998 0.999998 0.999998 0.999998 0.999998 0.999998 0.999998 0.999997 0.999997 0.999997 0.999997 0.999997 0.999997 0.999997 0.999997 0.999997 0.999997 0.999997 0.999997 0.999997 0.999997 0.999997 0.999997 0.999997 0.999997 0.999997 0.999997 0.999997 0.999997 0.999997 0.999997 0.999997 0.999997 0.999997 0.999997 0.999997 0.999997 0.999997 0.999997 0.999997 0.999997 0.999997 0.999997 0.999997 0.999997 0.999997 0.999997 0.999997 0.999997 0.999997 0.999997 0.999997 0.999997 0.999997 0.999997 0.999997 0.999997 0.999997 0.999997 0.999997 0.999997 0.999997 0.999997 0.999997 0.999997
 #wt and selex for gender,fleet: 1 5 5_ORWA_NONTWL
 0.00896707 0.0115087 0.0369719 0.0812581 0.145961 0.230533 0.333126 0.451233 0.582115 0.723064 0.87155 1.02529 1.1823 1.34083 1.49944 1.65694 1.8124 1.96516 2.11476 2.26091 2.4034 2.54202 2.67661 2.80696 2.93286 3.05413 3.1706 3.28214 3.3887 3.49023 3.58675 3.67832 3.76502 3.84699 3.92436 3.99729 4.06594 4.13051 4.19116 4.2481 4.30149 4.35153 4.39839 4.44226 4.48328 4.52164 4.55748 4.59096 4.62222 4.6514 4.67862 4.70402 4.72769 4.74976 4.77033 4.7895 4.80735 4.82398 4.83947 4.85389 4.86731 4.8798 4.89143 4.90225 4.91231 4.92168 4.93039 4.93849 4.94603 4.95303 4.95958 4.9657 4.97139 4.97668 4.9816 4.98617 4.99042 4.99437 4.99804 5.00145 5.00462 5.00757 5.01031 5.01286 5.01523 5.01743 5.01947 5.02137 5.02314 5.02478 5.0263 5.02772 5.02903 5.03026 5.03139 5.03245 5.03343 5.03434 5.03519 5.03598 5.03714
 0 0.000887648 0.00245776 0.00704644 0.0170516 0.0356449 0.0658301 0.109535 0.166982 0.236559 0.315171 0.398881 0.483587 0.565578 0.641885 0.710438 0.77007 0.820424 0.861804 0.894983 0.921014 0.941059 0.956257 0.967636 0.976078 0.982298 0.986863 0.990207 0.992657 0.994456 0.995781 0.996762 0.997491 0.998038 0.99845 0.998763 0.999003 0.999188 0.999332 0.999445 0.999535 0.999606 0.999664 0.99971 0.999748 0.999779 0.999805 0.999826 0.999844 0.99986 0.999873 0.999884 0.999893 0.999901 0.999908 0.999914 0.99992 0.999924 0.999929 0.999932 0.999936 0.999938 0.999941 0.999943 0.999945 0.999947 0.999949 0.99995 0.999952 0.999953 0.999954 0.999955 0.999956 0.999956 0.999957 0.999957 0.999958 0.999958 0.999959 0.999959 0.99996 0.99996 0.99996 0.999961 0.999961 0.999961 0.999961 0.999962 0.999962 0.999962 0.999962 0.999962 0.999962 0.999963 0.999963 0.999963 0.999963 0.999963 0.999963 0.999963 0.999963
 #wt and selex for gender,fleet: 1 6 6_OR_REC
 0.00896707 0.0117965 0.0458804 0.0982143 0.170259 0.258381 0.358354 0.466341 0.579532 0.697227 0.821265 0.954241 1.09713 1.24862 1.40604 1.56658 1.72792 1.88834 2.04656 2.20162 2.3528 2.49954 2.6414 2.77809 2.90936 3.0351 3.15522 3.26971 3.37862 3.48201 3.58 3.67273 3.76035 3.84303 3.92096 3.99433 4.06333 4.12818 4.18905 4.24617 4.2997 4.34986 4.39681 4.44075 4.48183 4.52024 4.55613 4.58964 4.62093 4.65013 4.67737 4.70278 4.72647 4.74855 4.76913 4.7883 4.80616 4.8228 4.83829 4.85271 4.86614 4.87863 4.89026 4.90108 4.91115 4.92052 4.92923 4.93733 4.94487 4.95188 4.95843 4.96454 4.97023 4.97552 4.98044 4.98501 4.98926 4.99321 4.99688 5.00029 5.00346 5.00641 5.00915 5.0117 5.01406 5.01626 5.01831 5.02021 5.02197 5.02361 5.02514 5.02655 5.02787 5.02909 5.03023 5.03128 5.03226 5.03318 5.03402 5.03481 5.03597
 0 1.98534e-05 0.000217414 0.00247052 0.0155501 0.0608523 0.163741 0.328861 0.526423 0.709139 0.843722 0.925311 0.967522 0.986822 0.99485 0.997945 0.999044 0.999377 0.999422 0.99936 0.999257 0.999139 0.999016 0.998891 0.998767 0.998646 0.998528 0.998413 0.998303 0.998197 0.998095 0.997998 0.997906 0.997819 0.997735 0.997657 0.997583 0.997513 0.997447 0.997384 0.997326 0.997271 0.99722 0.997171 0.997126 0.997084 0.997044 0.997007 0.996973 0.99694 0.99691 0.996882 0.996855 0.996831 0.996808 0.996787 0.996767 0.996748 0.996731 0.996715 0.9967 0.996686 0.996673 0.996661 0.99665 0.996639 0.996629 0.99662 0.996612 0.996604 0.996597 0.99659 0.996583 0.996577 0.996572 0.996567 0.996562 0.996558 0.996553 0.99655 0.996546 0.996543 0.99654 0.996537 0.996534 0.996532 0.996529 0.996527 0.996525 0.996523 0.996522 0.99652 0.996519 0.996517 0.996516 0.996515 0.996514 0.996513 0.996512 0.996511 0.996509
 #wt and selex for gender,fleet: 1 7 7_WA_REC
 0.00896707 0.0116682 0.0430187 0.0939493 0.166621 0.258893 0.367399 0.488504 0.618807 0.755352 0.8957 1.038 1.18117 1.32499 1.46985 1.61628 1.76446 1.91396 2.06387 2.21301 2.36018 2.50431 2.64452 2.78018 2.91085 3.03621 3.15612 3.2705 3.37935 3.48271 3.5807 3.67343 3.76106 3.84375 3.9217 3.99509 4.06411 4.12897 4.18986 4.24699 4.30054 4.35071 4.39768 4.44163 4.48273 4.52115 4.55704 4.59057 4.62186 4.65107 4.67832 4.70374 4.72743 4.74952 4.77011 4.78929 4.80715 4.82379 4.83929 4.85371 4.86714 4.87964 4.89128 4.9021 4.91217 4.92154 4.93025 4.93836 4.9459 4.95291 4.95946 4.96558 4.97127 4.97656 4.98148 4.98605 4.99031 4.99426 4.99793 5.00134 5.00452 5.00747 5.01021 5.01276 5.01512 5.01732 5.01937 5.02127 5.02303 5.02468 5.0262 5.02762 5.02893 5.03016 5.03129 5.03235 5.03333 5.03424 5.03509 5.03588 5.03704
 0 1.41443e-05 9.39728e-05 0.00071958 0.00371863 0.0138154 0.0391323 0.088859 0.168645 0.276801 0.403937 0.536063 0.65917 0.763149 0.843589 0.901213 0.939882 0.964474 0.97946 0.988299 0.993392 0.99628 0.997902 0.99881 0.999319 0.999606 0.999769 0.999862 0.999916 0.999948 0.999967 0.999979 0.999986 0.999991 0.999994 0.999995 0.999997 0.999998 0.999998 0.999998 0.999999 0.999999 0.999999 0.999999 0.999999 0.999999 0.999999 0.999999 0.999999 0.999999 0.999999 0.999999 0.999999 0.999999 0.999999 0.999999 0.999999 0.999999 0.999999 0.999999 0.999999 0.999999 0.999999 0.999999 0.999999 0.999999 0.999999 0.999999 0.999999 0.999999 0.999999 0.999999 0.999999 0.999999 0.999999 0.999999 0.999999 0.999999 0.999999 0.999999 0.999999 0.999999 0.999999 0.999999 0.999999 0.999999 0.999999 0.999999 0.999999 0.999999 0.999999 0.999999 0.999999 0.999999 0.999999 0.999999 0.999999 0.999999 0.999999 0.999999 0.999999
# Sex ratio correction
1
# M and current age-structure in year Yinit: 2011
 # gender = 1
 0.0439034 0.0439034 0.0439034 0.0439034 0.0439034 0.0439034 0.0439034 0.0439034 0.0439034 0.0439034 0.0439034 0.0439034 0.0439034 0.0439034 0.0439034 0.0439034 0.0439034 0.0439034 0.0439034 0.0439034 0.0439034 0.0439034 0.0439034 0.0439034 0.0439034 0.0439034 0.0439034 0.0439034 0.0439034 0.0439034 0.0439034 0.0439034 0.0439034 0.0439034 0.0439034 0.0439034 0.0439034 0.0439034 0.0439034 0.0439034 0.0439034 0.0439034 0.0439034 0.0439034 0.0439034 0.0439034 0.0439034 0.0439034 0.0439034 0.0439034 0.0439034 0.0439034 0.0439034 0.0439034 0.0439034 0.0439034 0.0439034 0.0439034 0.0439034 0.0439034 0.0439034 0.0439034 0.0439034 0.0439034 0.0439034 0.0439034 0.0439034 0.0439034 0.0439034 0.0439034 0.0439034 0.0439034 0.0439034 0.0439034 0.0439034 0.0439034 0.0439034 0.0439034 0.0439034 0.0439034 0.0439034 0.0439034 0.0439034 0.0439034 0.0439034 0.0439034 0.0439034 0.0439034 0.0439034 0.0439034 0.0439034 0.0439034 0.0439034 0.0439034 0.0439034 0.0439034 0.0439034 0.0439034 0.0439034 0.0439034 0.0439034
 143.077 283.692 264.689 306.056 123.333 203.654 83.9729 64.9971 85.1904 167.127 58.7984 52.7744 52.576 55.4913 37.8798 26.7447 27.7164 45.3283 41.4463 22.9164 18.9676 19.0982 20.4616 23.2009 23.7779 20.5485 25.316 30.232 16.3216 16.606 11.651 9.63574 7.18897 4.62293 5.69755 4.90704 4.97352 3.14447 2.52694 2.99061 4.81211 2.81332 2.21747 1.8991 1.48072 1.25794 0.987383 0.80165 0.74992 0.78884 0.858563 0.861039 0.765215 0.657282 0.580264 0.533544 0.512094 0.513094 0.536214 0.583501 0.654808 0.736061 0.781598 0.741959 0.646233 0.552219 0.479427 0.426662 0.388659 0.360371 0.338632 0.321413 0.307454 0.295762 0.285324 0.275293 0.265086 0.254573 0.243949 0.233598 0.223876 0.215017 0.207047 0.199901 0.193351 0.187106 0.181094 0.175164 0.169203 0.163159 0.157024 0.150815 0.144578 0.138388 0.132258 0.126271 0.120474 0.114899 0.109563 0.104476 2.25171
# Age-structure at Ydeclare= 2013
 475.614 135.176 131.049 259.838 242.421 280.267 112.904 186.319 76.7508 59.3314 77.6537 152.13 53.4562 47.9309 47.7126 50.3277 34.3396 24.2373 25.1121 41.0625 37.5416 20.7558 17.1782 17.2957 18.5296 21.0094 21.5309 18.6057 22.9211 27.37 14.7753 15.0315 10.5454 8.72067 6.50578 4.18332 5.15544 4.43991 4.49985 2.84487 2.28608 2.70543 4.35308 2.54486 2.0058 1.71777 1.3393 1.13777 0.893042 0.725042 0.678246 0.713438 0.776489 0.778723 0.692055 0.594439 0.524783 0.482528 0.463129 0.464032 0.48494 0.527705 0.592192 0.665674 0.706855 0.671005 0.584433 0.499408 0.433578 0.385858 0.351489 0.325906 0.306246 0.290673 0.278049 0.267475 0.258036 0.248964 0.239733 0.230226 0.220618 0.211257 0.202464 0.194452 0.187245 0.180783 0.174859 0.169211 0.163774 0.158412 0.153021 0.147555 0.142007 0.136391 0.130751 0.125153 0.119609 0.114195 0.108953 0.10391 2.22995
# Year for Tmin Age-structure (set to Ydecl by SS)
2013
#  recruitment and biomass
# Number of historical assessment years
137
# Historical data
# year recruitment spawner in B0 in R project in R/S project
1888  1889 1890 1891 1892 1893 1894 1895 1896 1897 1898 1899 1900 1901 1902 1903 1904 1905 1906 1907 1908 1909 1910 1911 1912 1913 1914 1915 1916 1917 1918 1919 1920 1921 1922 1923 1924 1925 1926 1927 1928 1929 1930 1931 1932 1933 1934 1935 1936 1937 1938 1939 1940 1941 1942 1943 1944 1945 1946 1947 1948 1949 1950 1951 1952 1953 1954 1955 1956 1957 1958 1959 1960 1961 1962 1963 1964 1965 1966 1967 1968 1969 1970 1971 1972 1973 1974 1975 1976 1977 1978 1979 1980 1981 1982 1983 1984 1985 1986 1987 1988 1989 1990 1991 1992 1993 1994 1995 1996 1997 1998 1999 2000 2001 2002 2003 2004 2005 2006 2007 2008 2009 2010 2011 2012 2013 2014 2015 2016 2017 2018 2019 2020 2021 2022 2023 2024 #years (with first value representing R0)
211.696 214.52 214.622 214.729 214.84 214.946 215.058 215.175 215.302 215.437 215.578 215.726 215.883 216.047 216.22 216.401 216.593 216.8 217.021 217.267 217.535 217.823 218.135 218.465 218.807 219.145 219.456 219.701 219.834 219.797 219.516 218.884 217.913 216.531 214.715 212.487 209.895 207.032 204.042 201.087 198.221 195.69 193.639 192.036 190.772 189.59 188.19 186.315 183.899 181.111 178.376 176.201 175.082 175.398 177.567 182.256 190.48 203.813 223.574 249.168 272.41 273.204 244.899 207.33 175.783 153.667 139.849 132.721 131.453 135.858 146.178 161.561 172.457 162.982 141.756 127.375 128.432 148.788 177.702 195.235 232.47 250.344 290.673 450.948 251.715 189.082 207.012 285.101 242.411 240.07 164.442 213.761 237.356 235.886 274.448 219.04 328.733 223.215 147.675 140.496 114.049 84.8945 68.0152 59.0223 63.465 103.975 104.633 59.5936 54.0532 72.3794 100.619 90.6509 86.6421 92.0029 249.464 121.412 88.5185 109.354 253.71 147.021 349.15 288.983 296.425 143.077 141.243 475.614 170.19 171.911 188.314 93.2387 84.8217 110.26 128.88 140.48 148.709 153.067 169.459  #recruits; first value is R0 (virgin)
1128.9  1128.9 1128.9 1128.88 1128.86 1128.38 1127.92 1127.45 1127.29 1127.21 1127.14 1127.07 1127 1126.93 1126.88 1126.85 1126.85 1126.85 1126.89 1126.95 1127.03 1127 1127.11 1127.23 1127.35 1127.49 1127.63 1127.78 1127.86 1128.03 1128.04 1125.97 1125.53 1125.22 1124.99 1125.07 1125.09 1124.57 1123.71 1122.05 1119.67 1117.41 1115.64 1113.53 1112.47 1111.57 1110.67 1109.21 1107.69 1105.13 1102.79 1100.06 1097.89 1094.46 1089.4 1083.87 1073.67 1062.71 1046.35 1031.17 1023.8 1015.34 1008.63 1001.15 992.01 983.96 977.752 970.398 963.518 956.718 948.962 942.121 936.637 932.563 930.531 927.846 926.649 926.578 916.428 913.146 907.817 901.948 886.703 876.123 862.324 845.339 827.011 806.942 787.318 764.987 743.099 708.63 672.444 645.182 610.248 553.094 504.332 475.924 437.995 407.523 378.883 354.319 323.391 300.94 264.23 231.139 199.572 182.507 165.559 147.215 126.111 119.007 107.64 108.24 108.26 113.441 118.844 124.477 130.137 136.158 141.759 147.808 153.869 160.685 167.786 175.162 183.378 192.5 202.083 212.908 223.93 236.548 250.379 266.426 283.794 301.165 318.938 #spbio; first value is SSB_virgin (virgin)
1 0 0 0 0 0 0 0 0 0 0 0 0 0 0 0 0 0 0 0 0 0 0 0 0 0 0 0 0 0 0 0 0 0 0 0 0 0 0 0 0 0 0 0 0 0 0 0 0 0 0 0 0 0 0 0 0 0 0 0 0 0 0 0 0 0 0 0 0 0 0 0 0 0 0 0 0 0 0 0 0 0 0 0 0 0 0 0 0 0 0 0 0 0 0 0 0 0 0 0 0 0 0 0 0 0 0 0 0 0 0 0 0 0 0 0 0 0 0 0 0 0 0 0 0 0 0 0 0 0 0 0 0 0 0 0 0  # in Bzero
0 1 1 1 1 1 1 1 1 1 1 1 1 1 1 1 1 1 1 1 1 1 1 1 1 1 1 1 1 1 1 1 1 1 1 1 1 1 1 1 1 1 1 1 1 1 1 1 1 1 1 1 1 1 1 1 1 1 1 1 1 1 1 1 1 1 1 1 1 1 1 1 1 1 1 1 1 1 1 1 1 1 1 1 1 1 1 1 1 1 1 1 1 1 1 1 1 1 1 1 1 1 1 1 1 1 1 1 1 1 1 1 1 1 1 1 1 1 1 1 1 1 1 1 1 1 1 1 1 1 1 1 1 1  0 0 0 # in R project
0 1 1 1 1 1 1 1 1 1 1 1 1 1 1 1 1 1 1 1 1 1 1 1 1 1 1 1 1 1 1 1 1 1 1 1 1 1 1 1 1 1 1 1 1 1 1 1 1 1 1 1 1 1 1 1 1 1 1 1 1 1 1 1 1 1 1 1 1 1 1 1 1 1 1 1 1 1 1 1 1 1 1 1 1 1 1 1 1 1 1 1 1 1 1 1 1 1 1 1 1 1 1 1 1 1 1 1 1 1 1 1 1 1 1 1 1 1 1 1 1 1 1 1 1 1 1 1 1 1 1 1 1 1  0 0 0 # in R/S project
# Number of years with pre-specified catches
0
# catches for years with pre-specified catches go next
# Number of future recruitments to override
-2
# Process for overiding (-1 for average otherwise index in data list)
# Which probability to product detailed results for (1=0.5; 2=0.6; etc.)
3
# Steepness sigma-R Auto-correlation
0.718 0.5 0
# Target SPR rate (FMSY Proxy); manually change to SPR_MSY if not using SPR_target
0.5
# Discount rate (for cumulative catch)
0.1
# Truncate the series when 0.4B0 is reached (1=Yes)
0
# Set F to FMSY once 0.4B0 is reached (1=Yes)
0
# Maximum possible F for projection (-1 to set to FMSY)
-1
# Defintion of recovery (1=now only;2=now or before)
2
# Projection type
4
# Definition of the 40-10 rule
10 40
# Sigma Assessment Error (Base, Year1, Slope, MaxSigma)
1.0 2025 0.075 2.0
# Pstar
0.45
# Constrain catches by the ABC (1=yes, 2=no)
2
# Implementation Error (0=no; 1=lognormal; 2=uniform)
0
#Parameters of Implementaion Error
1 0.3
# Calculate coefficients of variation (1=Yes)
0
# Number of replicates to use
10
# Random number seed
-99004
# File with multiple parameter vectors 
rebuild.SSO
# User-specific projection (1=Yes); Output replaced (1->9)
0  5
# Catches and Fs (Year; 1/2/3 (F or C or SPR); value); Final row is -1
2024 1 1
-1 -1 -1
# Fixed catch project (1=Yes); Output replaced (1->9); Approach (-1=Read in else 1-9)
0 2 -1
# (48a) Special catch options (1-Yes) [CUT_OFF, Emsy, distribution, MAXCAT, Add, replace_code]
0 0.18 1.00 1.00 0 6
# (48b) B1Target
150000
# Split of Fs
2011  0.0166321
 0
 0.393623
 0.0235104
 0.192818
 0.192508
 0.180909
-1  1 1 1 1 1 1 1 1 1 1 1 1
# Yrs to define T_target for projection type 4 (a.k.a. 5 pre-specified inputs)
2030 2031 2032 2033 2034 
# Year for probability of recovery
2034 2035 2036 2037 2038 2039 2040 2041
# Time varying weight-at-age (1=Yes;0=No)
0
# File with time series of weight-at-age data
none
# Use bisection (0) or linear interpolation (1)
1
# Target Depletion
0.4
# CV of implementation error
0
