#Title, #runnumber: 1 yelloweye_data.ss yelloweye_control.ss 5706.91 1095.75 420.065 StartTime: Mon Mar 17 15:48:24 2025
SSv3_default_rebuild.dat
# Number of sexes
1
# Age range to consider (minimum age; maximum age)
0 100
# Number of fleets
7
# First year of projection (Yinit)
2011
# First Year of rebuilding period (Ydecl)
2013
# Number of simulations
1000
# Maximum number of years
500
# Conduct projections with multiple starting values (0=No;else yes)
0
# Number of parameter vectors
1000
# Is the maximum age a plus-group (1=Yes;2=No)
1
# Generate future recruitments using historical recruitments (1)  historical recruits/spawner (2)  or a stock-recruitment (3)
3
# Constant fishing mortality (1) or constant Catch (2) projections
1
# Fishing mortality based on SPR (1) or actual rate (2)
1
# Pre-specify the year of recovery (or -1) to ignore
-1
# Fecundity-at-age
# 0 1 2 3 4 5 6 7 8 9 10 11 12 13 14 15 16 17 18 19 20 21 22 23 24 25 26 27 28 29 30 31 32 33 34 35 36 37 38 39 40 41 42 43 44 45 46 47 48 49 50 51 52 53 54 55 56 57 58 59 60 61 62 63 64 65 66 67 68 69 70 71 72 73 74 75 76 77 78 79 80 81 82 83 84 85 86 87 88 89 90 91 92 93 94 95 96 97 98 99 100 #runnumber: 1 yelloweye_data.ss yelloweye_control.ss 5706.91 1095.75 420.065
 0 0 3.30928e-08 4.11893e-07 3.66316e-06 2.51429e-05 0.000137991 0.000609677 0.00216192 0.00619967 0.0146982 0.0296588 0.052439 0.0833499 0.121667 0.165946 0.214432 0.26541 0.317424 0.36936 0.420449 0.470206 0.518361 0.564792 0.609464 0.652397 0.693632 0.733219 0.771209 0.80765 0.842585 0.876054 0.908091 0.938734 0.968015 0.99597 1.02263 1.04804 1.07223 1.09523 1.1171 1.13786 1.15756 1.17624 1.19394 1.21069 1.22654 1.24153 1.2557 1.26909 1.28172 1.29365 1.30489 1.3155 1.32549 1.33491 1.34378 1.35213 1.36 1.36739 1.37435 1.3809 1.38705 1.39284 1.39828 1.40339 1.4082 1.41271 1.41695 1.42093 1.42467 1.42827 1.43165 1.43482 1.4378 1.44059 1.44321 1.44568 1.44799 1.45015 1.45219 1.45409 1.45588 1.45756 1.45913 1.46061 1.46199 1.46329 1.46451 1.46565 1.46672 1.46772 1.46867 1.46955 1.47038 1.47115 1.47188 1.47256 1.4732 1.4738 1.47474 #female fecundity; weighted by N in year Y_init across morphs and areas
# Age specific selectivity and weight adjusted for discard and discard mortality
 #wt and selex for gender,fleet: 1 1 1_CA_TWL
 0.0112088 0.0235923 0.0629377 0.121139 0.197724 0.289813 0.394042 0.507312 0.627029 0.75115 0.878156 1.00703 1.13722 1.26856 1.40109 1.53496 1.67023 1.80681 1.94441 2.08251 2.2205 2.35765 2.49322 2.62653 2.75698 2.88404 3.00734 3.12656 3.2415 3.35203 3.45808 3.55963 3.6567 3.74936 3.83768 3.92177 4.00172 4.07768 4.14976 4.21812 4.28288 4.3442 4.40221 4.45707 4.50891 4.55786 4.60408 4.64768 4.6888 4.72757 4.7641 4.79852 4.83093 4.86143 4.89015 4.91716 4.94257 4.96647 4.98894 5.01006 5.0299 5.04856 5.06608 5.08254 5.09799 5.11251 5.12614 5.13894 5.15095 5.16223 5.17291 5.18303 5.19253 5.20144 5.2098 5.21765 5.22501 5.23191 5.23838 5.24446 5.25015 5.25549 5.2605 5.2652 5.2696 5.27373 5.27761 5.28124 5.28464 5.28783 5.29083 5.29363 5.29626 5.29873 5.30104 5.30321 5.30524 5.30714 5.30892 5.3106 5.31322
 0 0.000781908 0.00289429 0.00927834 0.0240631 0.0521521 0.0975125 0.161594 0.242649 0.336131 0.435824 0.535191 0.628528 0.711703 0.78241 0.840027 0.885223 0.919482 0.944664 0.96267 0.975231 0.983804 0.989543 0.99332 0.995771 0.997341 0.998337 0.998963 0.999354 0.999598 0.999749 0.999843 0.999901 0.999937 0.99996 0.999974 0.999983 0.999988 0.999992 0.999994 0.999995 0.999996 0.999997 0.999997 0.999998 0.999998 0.999998 0.999998 0.999998 0.999998 0.999998 0.999998 0.999998 0.999998 0.999998 0.999998 0.999998 0.999998 0.999998 0.999998 0.999998 0.999998 0.999998 0.999998 0.999998 0.999998 0.999998 0.999998 0.999998 0.999998 0.999997 0.999997 0.999997 0.999997 0.999997 0.999997 0.999997 0.999997 0.999997 0.999997 0.999997 0.999997 0.999997 0.999997 0.999997 0.999997 0.999997 0.999997 0.999997 0.999997 0.999997 0.999997 0.999997 0.999997 0.999997 0.999997 0.999997 0.999997 0.999997 0.999997 0.999997
 #wt and selex for gender,fleet: 1 3 3_CA_REC
 0.0111095 0.0220093 0.0571689 0.109942 0.179832 0.264596 0.361472 0.467814 0.581335 0.700218 0.823185 0.949517 1.07896 1.21151 1.34718 1.48583 1.62706 1.7702 1.9144 2.05871 2.20218 2.34393 2.4832 2.61938 2.75196 2.88059 3.00499 3.12498 3.24045 3.35133 3.45762 3.55933 3.65651 3.74923 3.8376 3.92171 4.00168 4.07765 4.14974 4.21811 4.28287 4.34419 4.40221 4.45707 4.5089 4.55786 4.60408 4.64768 4.6888 4.72757 4.7641 4.79852 4.83093 4.86144 4.89015 4.91716 4.94257 4.96647 4.98894 5.01006 5.02991 5.04856 5.06608 5.08254 5.098 5.11251 5.12614 5.13894 5.15095 5.16223 5.17291 5.18303 5.19253 5.20144 5.2098 5.21765 5.22501 5.23191 5.23838 5.24446 5.25015 5.25549 5.2605 5.2652 5.2696 5.27374 5.27761 5.28124 5.28464 5.28784 5.29083 5.29363 5.29626 5.29873 5.30104 5.30321 5.30524 5.30714 5.30893 5.3106 5.31322
 0 0.00595695 0.0160515 0.0385887 0.0787628 0.139875 0.221478 0.319219 0.426011 0.533799 0.635238 0.724884 0.799712 0.859014 0.903847 0.936325 0.958963 0.974201 0.984143 0.990449 0.99435 0.99671 0.99811 0.998926 0.999395 0.999662 0.999812 0.999895 0.999942 0.999968 0.999982 0.99999 0.999994 0.999996 0.999998 0.999999 0.999999 0.999999 0.999999 0.999999 0.999999 0.999999 0.999999 0.999999 0.999999 0.999999 0.999999 0.999999 0.999999 0.999999 0.999999 0.999999 0.999999 0.999999 0.999999 0.999999 0.999999 0.999999 0.999999 0.999999 0.999999 0.999999 0.999999 0.999999 0.999999 0.999999 0.999999 0.999999 0.999999 0.999999 0.999999 0.999999 0.999999 0.999999 0.999999 0.999999 0.999999 0.999999 0.999999 0.999999 0.999999 0.999999 0.999999 0.999999 0.999999 0.999999 0.999999 0.999999 0.999999 0.999999 0.999999 0.999999 0.999999 0.999999 0.999999 0.999999 0.999999 0.999999 0.999999 0.999999 0.999999
 #wt and selex for gender,fleet: 1 4 4_ORWA_TWL
 0.0109982 0.0201974 0.0502742 0.0977044 0.162722 0.244318 0.340728 0.449858 0.56957 0.697823 0.83276 0.972724 1.11626 1.26212 1.4092 1.55657 1.70343 1.84913 1.9931 2.13488 2.27409 2.41042 2.54362 2.67346 2.79978 2.92243 3.04127 3.15621 3.26717 3.37408 3.4769 3.57563 3.67026 3.76083 3.84736 3.92994 4.00863 4.08352 4.15471 4.22232 4.28646 4.34726 4.40484 4.45933 4.51086 4.55957 4.60556 4.64898 4.68995 4.72859 4.76501 4.79933 4.83165 4.86209 4.89074 4.9177 4.94307 4.96692 4.98936 5.01045 5.03027 5.04889 5.06639 5.08283 5.09827 5.11278 5.12639 5.13918 5.15118 5.16244 5.17312 5.18324 5.19273 5.20164 5.20999 5.21784 5.22519 5.23209 5.23856 5.24463 5.25033 5.25567 5.26067 5.26537 5.26977 5.2739 5.27777 5.2814 5.2848 5.28799 5.29099 5.29379 5.29642 5.29888 5.30119 5.30336 5.30539 5.30729 5.30908 5.31075 5.31337
 0 0.0155063 0.0284185 0.0485469 0.0767678 0.113496 0.158383 0.210391 0.267977 0.329317 0.392526 0.455824 0.517655 0.576752 0.632155 0.683206 0.729517 0.770933 0.807487 0.83936 0.866838 0.89028 0.910085 0.926668 0.94044 0.951793 0.961089 0.968657 0.974787 0.979731 0.983705 0.98689 0.989439 0.991475 0.993101 0.9944 0.995438 0.996269 0.996935 0.997471 0.997902 0.998251 0.998533 0.998763 0.998951 0.999105 0.999232 0.999337 0.999425 0.999497 0.999558 0.99961 0.999653 0.99969 0.999722 0.999749 0.999772 0.999792 0.99981 0.999825 0.999838 0.99985 0.99986 0.999869 0.999877 0.999884 0.99989 0.999896 0.999901 0.999906 0.999909 0.999911 0.999914 0.999916 0.999918 0.999919 0.999921 0.999922 0.999924 0.999925 0.999926 0.999927 0.999928 0.999929 0.99993 0.999931 0.999931 0.999932 0.999933 0.999933 0.999934 0.999934 0.999935 0.999935 0.999936 0.999936 0.999936 0.999937 0.999937 0.999937 0.999938
 #wt and selex for gender,fleet: 1 5 5_ORWA_NONTWL
 0.011125 0.0222876 0.0586407 0.113884 0.187999 0.278901 0.383757 0.499684 0.624068 0.75467 0.889642 1.02748 1.16699 1.30725 1.44754 1.58736 1.72635 1.86428 2.00096 2.13624 2.26994 2.40186 2.53177 2.65939 2.78443 2.90659 3.02558 3.14113 3.25302 3.36105 3.4651 3.56507 3.66091 3.75261 3.84018 3.92369 4.00321 4.07883 4.15066 4.21882 4.28343 4.34464 4.40256 4.45735 4.50913 4.55804 4.60423 4.6478 4.68891 4.72766 4.76418 4.79858 4.83098 4.86148 4.89019 4.9172 4.9426 4.9665 4.98896 5.01008 5.02992 5.04857 5.06609 5.08255 5.09801 5.11252 5.12615 5.13895 5.15096 5.16223 5.17292 5.18304 5.19254 5.20145 5.20981 5.21765 5.22501 5.23192 5.23839 5.24446 5.25016 5.2555 5.26051 5.26521 5.26961 5.27374 5.27761 5.28125 5.28465 5.28784 5.29083 5.29364 5.29627 5.29873 5.30105 5.30321 5.30524 5.30715 5.30893 5.3106 5.31323
 0 0.00124773 0.00359666 0.009426 0.0211714 0.0415812 0.0729509 0.116475 0.17192 0.237671 0.311073 0.388902 0.467839 0.544848 0.617434 0.68377 0.742726 0.793807 0.837048 0.872884 0.902011 0.925273 0.943556 0.957722 0.968559 0.976756 0.982897 0.987459 0.990826 0.993297 0.995103 0.996419 0.997376 0.998071 0.998577 0.998946 0.999215 0.999411 0.999556 0.999663 0.999742 0.999801 0.999845 0.999879 0.999904 0.999924 0.999939 0.99995 0.999959 0.999966 0.999972 0.999976 0.99998 0.999983 0.999985 0.999987 0.999989 0.99999 0.999991 0.999992 0.999993 0.999994 0.999994 0.999995 0.999995 0.999996 0.999996 0.999996 0.999996 0.999997 0.999997 0.999997 0.999997 0.999997 0.999997 0.999997 0.999997 0.999997 0.999997 0.999997 0.999998 0.999998 0.999998 0.999998 0.999998 0.999998 0.999998 0.999998 0.999998 0.999998 0.999998 0.999998 0.999998 0.999998 0.999998 0.999998 0.999998 0.999998 0.999998 0.999998 0.999998
 #wt and selex for gender,fleet: 1 6 6_OR_REC
 0.0117918 0.0311861 0.0817299 0.149699 0.231821 0.322579 0.417751 0.514889 0.613497 0.714757 0.820693 0.933253 1.05365 1.18211 1.31785 1.45944 1.60509 1.75303 1.90164 2.0496 2.19586 2.33963 2.48028 2.61736 2.75051 2.87948 3.00408 3.12418 3.2397 3.3506 3.45689 3.55859 3.65576 3.74847 3.83682 3.92092 4.00088 4.07683 4.14891 4.21726 4.28202 4.34333 4.40134 4.45619 4.50802 4.55697 4.60318 4.64678 4.6879 4.72666 4.76319 4.7976 4.83 4.86051 4.88922 4.91623 4.94164 4.96553 4.988 5.00911 5.02896 5.04761 5.06513 5.08159 5.09704 5.11156 5.12519 5.13798 5.15 5.16127 5.17195 5.18207 5.19156 5.20047 5.20883 5.21667 5.22403 5.23093 5.2374 5.24347 5.24916 5.2545 5.25951 5.26421 5.26861 5.27274 5.27661 5.28024 5.28364 5.28683 5.28982 5.29263 5.29526 5.29772 5.30003 5.3022 5.30423 5.30613 5.30791 5.30959 5.31221
 0 6.85773e-05 0.000825567 0.00593344 0.0259168 0.0770873 0.171177 0.304481 0.457876 0.607173 0.734079 0.830719 0.897971 0.941396 0.967718 0.982824 0.99108 0.995391 0.997536 0.998541 0.998966 0.999105 0.999106 0.999043 0.998951 0.998845 0.998735 0.998625 0.998515 0.998408 0.998303 0.998202 0.998104 0.99801 0.997919 0.997832 0.997749 0.99767 0.997594 0.997522 0.997453 0.997388 0.997326 0.997267 0.997212 0.997159 0.997109 0.997062 0.997018 0.996976 0.996936 0.996899 0.996863 0.99683 0.996799 0.996769 0.996742 0.996715 0.996691 0.996668 0.996646 0.996625 0.996606 0.996588 0.996571 0.996555 0.99654 0.996526 0.996513 0.996501 0.996489 0.996478 0.996467 0.996457 0.996448 0.996439 0.996431 0.996423 0.996416 0.99641 0.996403 0.996397 0.996392 0.996387 0.996382 0.996377 0.996373 0.996369 0.996365 0.996362 0.996358 0.996355 0.996352 0.996349 0.996347 0.996344 0.996342 0.99634 0.996338 0.996336 0.996333
 #wt and selex for gender,fleet: 1 7 7_WA_REC
 0.0117419 0.0308497 0.0830178 0.156196 0.248014 0.352861 0.465751 0.582926 0.701822 0.820914 0.939588 1.05801 1.1769 1.29723 1.41992 1.54568 1.67478 1.80709 1.94206 2.07884 2.21643 2.35376 2.48983 2.62375 2.7548 2.8824 3.00613 3.1257 3.24089 3.35161 3.45779 3.55943 3.65657 3.74927 3.83762 3.92172 4.00169 4.07766 4.14975 4.21811 4.28288 4.3442 4.40221 4.45707 4.5089 4.55786 4.60408 4.64768 4.6888 4.72757 4.7641 4.79852 4.83093 4.86144 4.89015 4.91716 4.94257 4.96647 4.98894 5.01006 5.02991 5.04856 5.06608 5.08254 5.098 5.11251 5.12614 5.13894 5.15095 5.16223 5.17291 5.18303 5.19253 5.20144 5.2098 5.21765 5.22501 5.23191 5.23838 5.24446 5.25015 5.25549 5.2605 5.2652 5.2696 5.27374 5.27761 5.28124 5.28464 5.28784 5.29083 5.29363 5.29626 5.29873 5.30104 5.30321 5.30524 5.30714 5.30893 5.3106 5.31322
 0 7.92261e-06 9.57913e-05 0.000763123 0.00391663 0.0141156 0.0384885 0.0842903 0.155342 0.24976 0.360287 0.476727 0.588986 0.689358 0.773496 0.840212 0.890621 0.92714 0.95264 0.96988 0.98121 0.988473 0.993029 0.995836 0.997536 0.998554 0.999156 0.999509 0.999715 0.999834 0.999903 0.999944 0.999967 0.99998 0.999988 0.999993 0.999995 0.999997 0.999998 0.999999 0.999999 0.999999 0.999999 0.999999 0.999999 0.999999 0.999999 0.999999 0.999999 0.999999 0.999999 0.999999 0.999999 0.999999 0.999999 0.999999 0.999999 0.999999 0.999999 0.999999 0.999999 0.999999 0.999999 0.999999 0.999999 0.999999 0.999999 0.999999 0.999999 0.999999 0.999999 0.999999 0.999999 0.999999 0.999999 0.999999 0.999999 0.999999 0.999999 0.999999 0.999999 0.999999 0.999999 0.999999 0.999999 0.999999 0.999999 0.999999 0.999999 0.999999 0.999999 0.999999 0.999999 0.999999 0.999999 0.999999 0.999999 0.999999 0.999999 0.999999 0.999999
# Sex ratio correction
1
# M and current age-structure in year Yinit: 2011
 # gender = 1
 0.0439034 0.0439034 0.0439034 0.0439034 0.0439034 0.0439034 0.0439034 0.0439034 0.0439034 0.0439034 0.0439034 0.0439034 0.0439034 0.0439034 0.0439034 0.0439034 0.0439034 0.0439034 0.0439034 0.0439034 0.0439034 0.0439034 0.0439034 0.0439034 0.0439034 0.0439034 0.0439034 0.0439034 0.0439034 0.0439034 0.0439034 0.0439034 0.0439034 0.0439034 0.0439034 0.0439034 0.0439034 0.0439034 0.0439034 0.0439034 0.0439034 0.0439034 0.0439034 0.0439034 0.0439034 0.0439034 0.0439034 0.0439034 0.0439034 0.0439034 0.0439034 0.0439034 0.0439034 0.0439034 0.0439034 0.0439034 0.0439034 0.0439034 0.0439034 0.0439034 0.0439034 0.0439034 0.0439034 0.0439034 0.0439034 0.0439034 0.0439034 0.0439034 0.0439034 0.0439034 0.0439034 0.0439034 0.0439034 0.0439034 0.0439034 0.0439034 0.0439034 0.0439034 0.0439034 0.0439034 0.0439034 0.0439034 0.0439034 0.0439034 0.0439034 0.0439034 0.0439034 0.0439034 0.0439034 0.0439034 0.0439034 0.0439034 0.0439034 0.0439034 0.0439034 0.0439034 0.0439034 0.0439034 0.0439034 0.0439034 0.0439034
 221.261 222.19 199.854 256.655 160.227 120.728 90.0121 66.909 139.25 266.061 97.3737 69.6794 132.014 68.2265 39.6049 32.19 32.1723 65.0905 86.2167 33.1465 25.0359 26.4193 28.924 29.6524 29.852 28.6129 32.6095 39.9332 30.5244 35.5948 23.6696 15.7102 11.3617 8.65744 9.13634 8.47544 7.99475 5.09315 4.72393 5.64714 8.66318 5.89809 4.35747 3.18868 2.41254 1.94745 1.4862 1.20444 1.13233 1.20363 1.34303 1.42251 1.33751 1.16278 0.998903 0.881871 0.816559 0.797553 0.819642 0.880487 0.973313 1.07161 1.11772 1.06484 0.945113 0.820768 0.718768 0.641644 0.584607 0.541431 0.507805 0.480757 0.458429 0.43937 0.422037 0.405068 0.387521 0.36925 0.350694 0.332626 0.315739 0.300462 0.286875 0.274893 0.264246 0.254602 0.245664 0.237182 0.228951 0.220845 0.212784 0.204729 0.196686 0.188716 0.180813 0.17294 0.165305 0.157943 0.150872 0.14411 3.18351
# Age-structure at Ydeclare= 2013
 115.564 107.9 202.66 203.508 183.042 235.041 146.704 110.499 82.3419 61.1659 127.2 242.846 88.8112 63.5102 120.259 62.1239 36.05 29.2931 29.2716 59.2142 78.4261 30.1495 22.7712 24.0288 26.3062 26.9681 27.149 26.0214 29.6552 36.3143 27.7572 32.3668 21.5222 14.2845 10.3303 7.87126 8.30643 7.70535 7.26816 4.63015 4.29438 5.13351 7.87502 5.36136 3.96085 2.89838 2.19286 1.77009 1.35083 1.09472 1.02916 1.09396 1.22065 1.29288 1.21562 1.0568 0.907863 0.801494 0.742134 0.724859 0.744933 0.800231 0.884595 0.973931 1.01583 0.967772 0.858961 0.74595 0.653247 0.583153 0.531315 0.492074 0.461514 0.436932 0.416638 0.399317 0.383564 0.368141 0.352194 0.335589 0.318725 0.302304 0.286956 0.273072 0.260723 0.249834 0.240157 0.231393 0.22327 0.215561 0.208081 0.200713 0.193387 0.186067 0.178757 0.171514 0.164331 0.157175 0.150237 0.143546 3.16143
# Year for Tmin Age-structure (set to Ydecl by SS)
2013
#  recruitment and biomass
# Number of historical assessment years
137
# Historical data
# year recruitment spawner in B0 in R project in R/S project
1888  1889 1890 1891 1892 1893 1894 1895 1896 1897 1898 1899 1900 1901 1902 1903 1904 1905 1906 1907 1908 1909 1910 1911 1912 1913 1914 1915 1916 1917 1918 1919 1920 1921 1922 1923 1924 1925 1926 1927 1928 1929 1930 1931 1932 1933 1934 1935 1936 1937 1938 1939 1940 1941 1942 1943 1944 1945 1946 1947 1948 1949 1950 1951 1952 1953 1954 1955 1956 1957 1958 1959 1960 1961 1962 1963 1964 1965 1966 1967 1968 1969 1970 1971 1972 1973 1974 1975 1976 1977 1978 1979 1980 1981 1982 1983 1984 1985 1986 1987 1988 1989 1990 1991 1992 1993 1994 1995 1996 1997 1998 1999 2000 2001 2002 2003 2004 2005 2006 2007 2008 2009 2010 2011 2012 2013 2014 2015 2016 2017 2018 2019 2020 2021 2022 2023 2024 #years (with first value representing R0)
211.569 209.914 209.862 209.809 209.753 209.689 209.624 209.557 209.493 209.429 209.364 209.298 209.226 209.155 209.087 209.007 208.928 208.851 208.778 208.718 208.664 208.611 208.564 208.518 208.47 208.397 208.28 208.078 207.757 207.272 206.397 205.203 203.725 201.927 199.828 197.488 194.986 192.425 189.948 187.704 185.844 184.509 183.774 183.582 183.79 184.092 184.11 183.504 182.16 180.249 178.24 176.677 176.062 176.756 179.166 183.945 191.995 204.545 222.157 243.31 260.712 260.229 237.212 204.804 176.071 155.716 143.892 139.833 143.245 153.772 169.459 184.289 185.003 164.539 138.58 122.178 121.386 139.341 169.115 193.027 233.665 290.485 355.122 467.469 270.967 200.033 188.972 258.194 236.765 219.442 177.729 198.24 231.804 294.221 371.865 267.967 295.203 203.917 152.497 136.891 118.312 101.651 82.8577 70.9561 85.9378 206.771 145.784 67.7825 64.1469 74.9094 122.775 226.336 113.935 151.951 396.491 198.287 91.0886 117.205 150.398 191.002 292.794 218.197 232.162 221.261 112.743 115.564 119.734 139.506 166.155 168.408 170.508 172.534 174.429 176.338 178.154 179.84 181.284  #recruits; first value is R0 (virgin)
1095.75  1095.75 1095.75 1095.73 1095.71 1095.24 1094.78 1094.32 1094.16 1094.08 1093.99 1093.89 1093.78 1093.63 1093.46 1093.25 1093 1092.71 1092.39 1092.04 1091.65 1091.12 1090.67 1090.19 1089.68 1089.15 1088.59 1088 1087.32 1086.71 1085.91 1083.03 1081.73 1080.54 1079.4 1078.53 1077.57 1076.05 1074.17 1071.46 1068.02 1064.65 1061.73 1058.45 1056.18 1054.04 1051.88 1049.15 1046.37 1042.58 1039.03 1035.16 1031.89 1027.46 1021.51 1015.21 1004.4 992.925 976.25 960.976 953.593 945.553 939.292 932.328 923.86 916.686 911.365 905.063 899.251 893.415 886.655 880.484 875.392 871.537 869.42 866.638 865.673 865.96 856.548 854.52 851.157 847.177 834.609 826.929 815.981 801.744 787.329 771.506 754.978 737.164 719.488 689.638 655.12 621.029 587.557 533.488 505.769 484.623 458.327 436.69 409.481 385.295 355.268 334.312 298.029 265.736 235.117 218.845 203.033 185.989 166.356 160.358 150.821 153.951 156.158 163.688 171.418 179.563 187.589 195.781 203.461 212.171 221.104 230.735 240.928 251.845 263.746 276.404 289.502 303.423 317.275 331.53 345.728 360.963 376.415 391.68 405.526 #spbio; first value is SSB_virgin (virgin)
1 0 0 0 0 0 0 0 0 0 0 0 0 0 0 0 0 0 0 0 0 0 0 0 0 0 0 0 0 0 0 0 0 0 0 0 0 0 0 0 0 0 0 0 0 0 0 0 0 0 0 0 0 0 0 0 0 0 0 0 0 0 0 0 0 0 0 0 0 0 0 0 0 0 0 0 0 0 0 0 0 0 0 0 0 0 0 0 0 0 0 0 0 0 0 0 0 0 0 0 0 0 0 0 0 0 0 0 0 0 0 0 0 0 0 0 0 0 0 0 0 0 0 0 0 0 0 0 0 0 0 0 0 0 0 0 0  # in Bzero
0 1 1 1 1 1 1 1 1 1 1 1 1 1 1 1 1 1 1 1 1 1 1 1 1 1 1 1 1 1 1 1 1 1 1 1 1 1 1 1 1 1 1 1 1 1 1 1 1 1 1 1 1 1 1 1 1 1 1 1 1 1 1 1 1 1 1 1 1 1 1 1 1 1 1 1 1 1 1 1 1 1 1 1 1 1 1 1 1 1 1 1 1 1 1 1 1 1 1 1 1 1 1 1 1 1 1 1 1 1 1 1 1 1 1 1 1 1 1 1 1 1 1 1 1 1 1 1 1 1 1 1 1 1  0 0 0 # in R project
0 1 1 1 1 1 1 1 1 1 1 1 1 1 1 1 1 1 1 1 1 1 1 1 1 1 1 1 1 1 1 1 1 1 1 1 1 1 1 1 1 1 1 1 1 1 1 1 1 1 1 1 1 1 1 1 1 1 1 1 1 1 1 1 1 1 1 1 1 1 1 1 1 1 1 1 1 1 1 1 1 1 1 1 1 1 1 1 1 1 1 1 1 1 1 1 1 1 1 1 1 1 1 1 1 1 1 1 1 1 1 1 1 1 1 1 1 1 1 1 1 1 1 1 1 1 1 1 1 1 1 1 1 1  0 0 0 # in R/S project
# Number of years with pre-specified catches
0
# catches for years with pre-specified catches go next
# Number of future recruitments to override
-2
# Process for overiding (-1 for average otherwise index in data list)
# Which probability to product detailed results for (1=0.5; 2=0.6; etc.)
3
# Steepness sigma-R Auto-correlation
0.718 0.5 0
# Target SPR rate (FMSY Proxy); manually change to SPR_MSY if not using SPR_target
0.5
# Discount rate (for cumulative catch)
0.1
# Truncate the series when 0.4B0 is reached (1=Yes)
0
# Set F to FMSY once 0.4B0 is reached (1=Yes)
0
# Maximum possible F for projection (-1 to set to FMSY)
-1
# Defintion of recovery (1=now only;2=now or before)
2
# Projection type
4
# Definition of the 40-10 rule
10 40
# Sigma Assessment Error (Base, Year1, Slope, MaxSigma)
1.0 2025 0.075 2.0
# Pstar
0.45
# Constrain catches by the ABC (1=yes, 2=no)
2
# Implementation Error (0=no; 1=lognormal; 2=uniform)
0
#Parameters of Implementaion Error
1 0.3
# Calculate coefficients of variation (1=Yes)
0
# Number of replicates to use
10
# Random number seed
-99004
# File with multiple parameter vectors 
rebuild.SSO
# User-specific projection (1=Yes); Output replaced (1->9)
0  5
# Catches and Fs (Year; 1/2/3 (F or C or SPR); value); Final row is -1
2024 1 1
-1 -1 -1
# Fixed catch project (1=Yes); Output replaced (1->9); Approach (-1=Read in else 1-9)
0 2 -1
# (48a) Special catch options (1-Yes) [CUT_OFF, Emsy, distribution, MAXCAT, Add, replace_code]
0 0.18 1.00 1.00 0 6
# (48b) B1Target
150000
# Split of Fs
2011  0.0177201
 0
 0.381743
 0.0260281
 0.177944
 0.194822
 0.201742
-1  1 1 1 1 1 1 1 1 1 1 1 1
# Yrs to define T_target for projection type 4 (a.k.a. 5 pre-specified inputs)
2030 2031 2032 2033 2034 
# Year for probability of recovery
2034 2035 2036 2037 2038 2039 2040 2041
# Time varying weight-at-age (1=Yes;0=No)
0
# File with time series of weight-at-age data
none
# Use bisection (0) or linear interpolation (1)
1
# Target Depletion
0.4
# CV of implementation error
0
