#Title, #runnumber: 1 yelloweye_data.ss yelloweye_control.ss 6943.33 1091.65 374.197 StartTime: Thu Apr 24 14:40:58 2025
SSv3_default_rebuild.dat
# Number of sexes
1
# Age range to consider (minimum age; maximum age)
0 100
# Number of fleets
7
# First year of projection (Yinit)
2011
# First Year of rebuilding period (Ydecl)
2013
# Number of simulations
1000
# Maximum number of years
500
# Conduct projections with multiple starting values (0=No;else yes)
0
# Number of parameter vectors
1000
# Is the maximum age a plus-group (1=Yes;2=No)
1
# Generate future recruitments using historical recruitments (1)  historical recruits/spawner (2)  or a stock-recruitment (3)
3
# Constant fishing mortality (1) or constant Catch (2) projections
1
# Fishing mortality based on SPR (1) or actual rate (2)
1
# Pre-specify the year of recovery (or -1) to ignore
-1
# Fecundity-at-age
# 0 1 2 3 4 5 6 7 8 9 10 11 12 13 14 15 16 17 18 19 20 21 22 23 24 25 26 27 28 29 30 31 32 33 34 35 36 37 38 39 40 41 42 43 44 45 46 47 48 49 50 51 52 53 54 55 56 57 58 59 60 61 62 63 64 65 66 67 68 69 70 71 72 73 74 75 76 77 78 79 80 81 82 83 84 85 86 87 88 89 90 91 92 93 94 95 96 97 98 99 100 #runnumber: 1 yelloweye_data.ss yelloweye_control.ss 6943.33 1091.65 374.197
 0 0 3.32954e-09 6.78656e-08 8.51472e-07 7.57697e-06 5.17793e-05 0.000282246 0.00123673 0.0043269 0.0121142 0.027692 0.0533152 0.0893508 0.13428 0.185493 0.240218 0.296126 0.35156 0.405494 0.457381 0.50699 0.554269 0.599262 0.64205 0.682724 0.721372 0.758076 0.792908 0.825937 0.857225 0.886835 0.914825 0.941256 0.966188 0.989679 1.01179 1.03259 1.05212 1.07046 1.08766 1.10377 1.11886 1.13299 1.1462 1.15854 1.17007 1.18084 1.19088 1.20025 1.20899 1.21713 1.22472 1.23179 1.23837 1.24449 1.25019 1.25549 1.26042 1.265 1.26927 1.27323 1.27691 1.28034 1.28352 1.28647 1.28921 1.29176 1.29413 1.29633 1.29837 1.3003 1.30209 1.30375 1.30529 1.30672 1.30805 1.30929 1.31043 1.31149 1.31248 1.31339 1.31424 1.31503 1.31576 1.31644 1.31707 1.31765 1.31819 1.31869 1.31916 1.31959 1.31999 1.32036 1.32071 1.32103 1.32132 1.3216 1.32185 1.32209 1.32244 #female fecundity; weighted by N in year Y_init across morphs and areas
# Age specific selectivity and weight adjusted for discard and discard mortality
 #wt and selex for gender,fleet: 1 1 1_CA_TWL
 0.00896707 0.00927612 0.0295383 0.0722522 0.135927 0.21948 0.320009 0.434153 0.558652 0.690615 0.82764 0.967944 1.11048 1.25484 1.40095 1.54868 1.6976 1.84693 1.99567 2.14275 2.28714 2.42797 2.56455 2.69633 2.82297 2.94422 3.05995 3.17013 3.27477 3.37395 3.46778 3.5564 3.63998 3.7187 3.79274 3.86232 3.92762 3.98886 4.04624 4.09996 4.15022 4.19721 4.24111 4.28211 4.32037 4.35607 4.38936 4.42038 4.44929 4.47622 4.50129 4.52463 4.54634 4.56655 4.58534 4.60282 4.61907 4.63417 4.64821 4.66126 4.67338 4.68464 4.6951 4.70481 4.71384 4.72221 4.72999 4.73721 4.74392 4.75014 4.75596 4.76139 4.76644 4.77112 4.77546 4.77949 4.78323 4.7867 4.78992 4.79291 4.79568 4.79826 4.80064 4.80286 4.80491 4.80681 4.80858 4.81022 4.81174 4.81315 4.81446 4.81567 4.8168 4.81784 4.81881 4.81971 4.82054 4.82132 4.82203 4.8227 4.82367
 0 0.00122649 0.0028908 0.0103529 0.0294002 0.0675927 0.130643 0.219261 0.328219 0.447907 0.567211 0.676315 0.768609 0.841357 0.895202 0.932935 0.958185 0.974454 0.984626 0.99084 0.994573 0.996789 0.998097 0.998866 0.99932 0.999587 0.999747 0.999842 0.9999 0.999936 0.999958 0.999971 0.99998 0.999986 0.99999 0.999992 0.999994 0.999995 0.999996 0.999996 0.999997 0.999997 0.999997 0.999997 0.999997 0.999997 0.999997 0.999997 0.999997 0.999997 0.999997 0.999997 0.999997 0.999997 0.999997 0.999997 0.999997 0.999997 0.999997 0.999997 0.999997 0.999997 0.999997 0.999997 0.999997 0.999997 0.999997 0.999997 0.999997 0.999997 0.999997 0.999997 0.999997 0.999997 0.999997 0.999997 0.999997 0.999997 0.999997 0.999997 0.999997 0.999997 0.999997 0.999997 0.999997 0.999997 0.999997 0.999997 0.999997 0.999997 0.999997 0.999997 0.999997 0.999997 0.999997 0.999997 0.999997 0.999997 0.999997 0.999997 0.999997
 #wt and selex for gender,fleet: 1 3 3_CA_REC
 0.00896707 0.00927558 0.0286785 0.0697839 0.131061 0.211471 0.308314 0.418448 0.538812 0.666719 0.800115 0.93783 1.07949 1.22504 1.37418 1.52611 1.67962 1.8333 1.98576 2.13577 2.28235 2.42475 2.56241 2.69492 2.82204 2.94361 3.05955 3.16987 3.2746 3.37383 3.4677 3.55635 3.63994 3.71867 3.79272 3.8623 3.92761 3.98885 4.04624 4.09996 4.15022 4.19721 4.24111 4.28211 4.32037 4.35607 4.38936 4.42038 4.44929 4.47622 4.50129 4.52463 4.54635 4.56655 4.58534 4.60282 4.61907 4.63418 4.64821 4.66126 4.67338 4.68464 4.6951 4.70482 4.71384 4.72222 4.72999 4.73722 4.74392 4.75014 4.75596 4.76139 4.76644 4.77112 4.77546 4.77949 4.78323 4.7867 4.78993 4.79291 4.79569 4.79826 4.80064 4.80286 4.80491 4.80682 4.80858 4.81022 4.81174 4.81315 4.81446 4.81567 4.8168 4.81784 4.81881 4.81971 4.82054 4.82132 4.82203 4.8227 4.82367
 0 0.00403594 0.00879208 0.02661 0.0651544 0.131786 0.228014 0.347624 0.478561 0.606886 0.720679 0.812649 0.880883 0.927767 0.957914 0.976259 0.986936 0.99294 0.996229 0.997998 0.998939 0.999436 0.999698 0.999837 0.999911 0.99995 0.999972 0.999984 0.99999 0.999994 0.999996 0.999998 0.999998 0.999999 0.999999 0.999999 0.999999 0.999999 0.999999 0.999999 0.999999 0.999999 0.999999 0.999999 0.999999 0.999999 0.999999 0.999999 0.999999 0.999999 0.999999 0.999999 0.999999 0.999999 0.999999 0.999999 0.999999 0.999999 0.999999 0.999999 0.999999 0.999999 0.999999 0.999999 0.999999 0.999999 0.999999 0.999999 0.999999 0.999999 0.999999 0.999999 0.999999 0.999999 0.999999 0.999999 0.999999 0.999999 0.999999 0.999999 0.999999 0.999999 0.999999 0.999999 0.999999 0.999999 0.999999 0.999999 0.999999 0.999999 0.999999 0.999999 0.999999 0.999999 0.999999 0.999999 0.999999 0.999999 0.999999 0.999999 0.999999
 #wt and selex for gender,fleet: 1 4 4_ORWA_TWL
 0.00896707 0.00927442 0.0267741 0.0647046 0.122346 0.199259 0.293569 0.402742 0.52406 0.654892 0.792849 0.935911 1.08255 1.23172 1.38272 1.53493 1.68762 1.83993 1.9909 2.13957 2.28506 2.42663 2.56368 2.69578 2.82262 2.94399 3.05981 3.17004 3.27471 3.37391 3.46776 3.55639 3.63997 3.71869 3.79274 3.86231 3.92762 3.98886 4.04624 4.09996 4.15022 4.19721 4.24111 4.28211 4.32037 4.35607 4.38936 4.42038 4.44929 4.47622 4.50129 4.52463 4.54634 4.56655 4.58534 4.60282 4.61907 4.63417 4.64821 4.66126 4.67338 4.68464 4.6951 4.70481 4.71384 4.72221 4.72999 4.73721 4.74392 4.75014 4.75596 4.76139 4.76644 4.77112 4.77546 4.77949 4.78323 4.7867 4.78992 4.79291 4.79568 4.79826 4.80064 4.80286 4.80491 4.80681 4.80858 4.81022 4.81174 4.81315 4.81446 4.81567 4.8168 4.81784 4.81881 4.81971 4.82054 4.82132 4.82203 4.8227 4.82367
 0 0.0169797 0.0311432 0.0651831 0.119342 0.194333 0.287095 0.391414 0.499568 0.60403 0.6987 0.779544 0.844757 0.894562 0.930701 0.955735 0.97239 0.983099 0.989798 0.9939 0.996371 0.997844 0.998717 0.999233 0.999537 0.999718 0.999826 0.999891 0.999931 0.999955 0.99997 0.99998 0.999986 0.99999 0.999992 0.999994 0.999995 0.999996 0.999996 0.999997 0.999997 0.999997 0.999997 0.999997 0.999997 0.999997 0.999997 0.999997 0.999997 0.999997 0.999997 0.999997 0.999997 0.999997 0.999997 0.999997 0.999997 0.999997 0.999997 0.999997 0.999997 0.999997 0.999997 0.999997 0.999997 0.999997 0.999997 0.999997 0.999997 0.999997 0.999997 0.999997 0.999997 0.999997 0.999997 0.999997 0.999997 0.999997 0.999997 0.999997 0.999997 0.999997 0.999997 0.999997 0.999997 0.999997 0.999997 0.999997 0.999997 0.999997 0.999997 0.999997 0.999997 0.999997 0.999997 0.999997 0.999997 0.999997 0.999997 0.999997 0.999997
 #wt and selex for gender,fleet: 1 5 5_ORWA_NONTWL
 0.00896707 0.00927571 0.0289412 0.0710679 0.134707 0.219295 0.322358 0.440747 0.571217 0.710739 0.856632 1.0066 1.15874 1.31147 1.4636 1.61425 1.76284 1.90899 2.05245 2.19299 2.33039 2.46437 2.59462 2.72084 2.84273 2.96004 3.07256 3.18016 3.28275 3.38031 3.47287 3.56049 3.64328 3.72138 3.79493 3.86412 3.92912 3.99011 4.0473 4.10086 4.15099 4.19787 4.24169 4.28262 4.32082 4.35647 4.38971 4.42071 4.44958 4.47648 4.50153 4.52485 4.54655 4.56675 4.58553 4.60299 4.61923 4.63433 4.64836 4.6614 4.67351 4.68477 4.69522 4.70493 4.71395 4.72233 4.7301 4.73732 4.74402 4.75024 4.75606 4.76149 4.76653 4.77121 4.77556 4.77959 4.78333 4.7868 4.79002 4.793 4.79577 4.79835 4.80073 4.80294 4.805 4.8069 4.80867 4.81031 4.81183 4.81324 4.81455 4.81576 4.81689 4.81793 4.8189 4.8198 4.82063 4.8214 4.82212 4.82278 4.82375
 0 0.000750684 0.00167007 0.00541032 0.0145368 0.0327971 0.0639245 0.110355 0.172334 0.247756 0.332694 0.422288 0.511648 0.596549 0.67383 0.741537 0.798862 0.845938 0.883576 0.912976 0.935497 0.952472 0.965104 0.974413 0.981226 0.986191 0.989801 0.992427 0.994339 0.995735 0.99676 0.997516 0.998078 0.998497 0.998813 0.999053 0.999237 0.999378 0.999488 0.999575 0.999643 0.999698 0.999741 0.999777 0.999806 0.99983 0.999849 0.999866 0.999879 0.999891 0.999901 0.999909 0.999917 0.999923 0.999928 0.999933 0.999937 0.999941 0.999944 0.999947 0.999949 0.999951 0.999953 0.999955 0.999957 0.999958 0.999959 0.999961 0.999962 0.999963 0.999963 0.999964 0.999964 0.999965 0.999965 0.999966 0.999966 0.999966 0.999967 0.999967 0.999967 0.999967 0.999968 0.999968 0.999968 0.999968 0.999968 0.999968 0.999969 0.999969 0.999969 0.999969 0.999969 0.999969 0.999969 0.999969 0.999969 0.999969 0.99997 0.99997 0.99997
 #wt and selex for gender,fleet: 1 6 6_OR_REC
 0.00896707 0.00928421 0.0380382 0.0905424 0.163698 0.252777 0.352294 0.457829 0.56683 0.679434 0.797967 0.924991 1.06157 1.20684 1.35859 1.51417 1.67116 1.82761 1.98204 2.13336 2.28075 2.42363 2.56155 2.69421 2.8214 2.94299 3.05893 3.16923 3.27394 3.37315 3.46699 3.55561 3.63919 3.71789 3.79192 3.86148 3.92676 3.98799 4.04535 4.09906 4.1493 4.19628 4.24017 4.28116 4.31941 4.3551 4.38837 4.41939 4.44829 4.47521 4.50027 4.5236 4.54532 4.56552 4.5843 4.60178 4.61802 4.63312 4.64716 4.6602 4.67232 4.68357 4.69403 4.70374 4.71276 4.72114 4.72891 4.73613 4.74284 4.74906 4.75487 4.7603 4.76534 4.77002 4.77436 4.77839 4.78213 4.7856 4.78882 4.79181 4.79458 4.79715 4.79953 4.80175 4.8038 4.8057 4.80747 4.80911 4.81063 4.81204 4.81334 4.81456 4.81568 4.81673 4.81769 4.81859 4.81942 4.8202 4.82091 4.82158 4.82255
 0 1.91609e-05 0.000112667 0.001617 0.0118899 0.0509286 0.144149 0.297923 0.485768 0.664722 0.80361 0.895009 0.947853 0.975507 0.988914 0.995036 0.997688 0.998767 0.999157 0.999251 0.999219 0.999133 0.999026 0.998911 0.998793 0.998677 0.998563 0.998453 0.998347 0.998245 0.998147 0.998054 0.997966 0.997882 0.997803 0.997728 0.997658 0.997591 0.997529 0.99747 0.997415 0.997364 0.997315 0.99727 0.997228 0.997188 0.997151 0.997117 0.997085 0.997055 0.997027 0.997001 0.996976 0.996954 0.996933 0.996913 0.996895 0.996878 0.996862 0.996848 0.996834 0.996822 0.99681 0.996799 0.996789 0.996779 0.996771 0.996762 0.996755 0.996748 0.996741 0.996735 0.99673 0.996724 0.996719 0.996715 0.996711 0.996707 0.996703 0.9967 0.996697 0.996694 0.996691 0.996688 0.996686 0.996684 0.996682 0.99668 0.996678 0.996677 0.996675 0.996674 0.996673 0.996671 0.99667 0.996669 0.996668 0.996668 0.996667 0.996666 0.996665
 #wt and selex for gender,fleet: 1 7 7_WA_REC
 0.00896707 0.00928358 0.0378609 0.0920746 0.170166 0.268297 0.381038 0.503391 0.631335 0.761912 0.893253 1.0247 1.15671 1.29041 1.42688 1.56665 1.70947 1.85444 2.00024 2.14543 2.28866 2.42881 2.56499 2.69656 2.82308 2.94427 3.05997 3.17014 3.27477 3.37395 3.46778 3.5564 3.63998 3.7187 3.79274 3.86231 3.92762 3.98886 4.04624 4.09996 4.15022 4.19721 4.24111 4.28211 4.32037 4.35607 4.38936 4.42038 4.44929 4.47622 4.50129 4.52463 4.54635 4.56655 4.58535 4.60282 4.61907 4.63418 4.64821 4.66126 4.67338 4.68464 4.6951 4.70482 4.71384 4.72222 4.72999 4.73722 4.74392 4.75014 4.75596 4.76139 4.76644 4.77112 4.77546 4.77949 4.78323 4.7867 4.78993 4.79291 4.79569 4.79826 4.80064 4.80286 4.80491 4.80682 4.80858 4.81022 4.81174 4.81315 4.81446 4.81568 4.8168 4.81784 4.81881 4.81971 4.82054 4.82132 4.82203 4.8227 4.82367
 0 2.16875e-06 1.22072e-05 0.000180968 0.00152166 0.00792752 0.0282214 0.0744754 0.155461 0.270054 0.406175 0.545877 0.67261 0.776238 0.853961 0.908272 0.944124 0.966751 0.980547 0.988743 0.993525 0.99628 0.997858 0.99876 0.999276 0.999572 0.999744 0.999845 0.999904 0.99994 0.999962 0.999975 0.999983 0.999989 0.999992 0.999994 0.999996 0.999997 0.999998 0.999998 0.999998 0.999999 0.999999 0.999999 0.999999 0.999999 0.999999 0.999999 0.999999 0.999999 0.999999 0.999999 0.999999 0.999999 0.999999 0.999999 0.999999 0.999999 0.999999 0.999999 0.999999 0.999999 0.999999 0.999999 0.999999 0.999999 0.999999 0.999999 0.999999 0.999999 0.999999 0.999999 0.999999 0.999999 0.999999 0.999999 0.999999 0.999999 0.999999 0.999999 0.999999 0.999999 0.999999 0.999999 0.999999 0.999999 0.999999 0.999999 0.999999 0.999999 0.999999 0.999999 0.999999 0.999999 0.999999 0.999999 0.999999 0.999999 0.999999 0.999999 0.999999
# Sex ratio correction
1
# M and current age-structure in year Yinit: 2011
 # gender = 1
 0.0439034 0.0439034 0.0439034 0.0439034 0.0439034 0.0439034 0.0439034 0.0439034 0.0439034 0.0439034 0.0439034 0.0439034 0.0439034 0.0439034 0.0439034 0.0439034 0.0439034 0.0439034 0.0439034 0.0439034 0.0439034 0.0439034 0.0439034 0.0439034 0.0439034 0.0439034 0.0439034 0.0439034 0.0439034 0.0439034 0.0439034 0.0439034 0.0439034 0.0439034 0.0439034 0.0439034 0.0439034 0.0439034 0.0439034 0.0439034 0.0439034 0.0439034 0.0439034 0.0439034 0.0439034 0.0439034 0.0439034 0.0439034 0.0439034 0.0439034 0.0439034 0.0439034 0.0439034 0.0439034 0.0439034 0.0439034 0.0439034 0.0439034 0.0439034 0.0439034 0.0439034 0.0439034 0.0439034 0.0439034 0.0439034 0.0439034 0.0439034 0.0439034 0.0439034 0.0439034 0.0439034 0.0439034 0.0439034 0.0439034 0.0439034 0.0439034 0.0439034 0.0439034 0.0439034 0.0439034 0.0439034 0.0439034 0.0439034 0.0439034 0.0439034 0.0439034 0.0439034 0.0439034 0.0439034 0.0439034 0.0439034 0.0439034 0.0439034 0.0439034 0.0439034 0.0439034 0.0439034 0.0439034 0.0439034 0.0439034 0.0439034
 241.422 294.921 296.288 334.946 193.395 168.632 97.7115 62.7893 93.5969 211.73 58.9544 46.7225 78.8123 52.2739 31.7046 25.5068 25.889 52.4109 55.3591 26.2208 20.9348 21.0134 20.6635 20.9734 23.6863 26.221 32.5435 31.4262 19.4666 21.8274 17.8365 14.2293 10.0488 6.87809 7.96201 7.32232 7.41574 4.4607 3.74889 4.51151 6.9288 4.25406 3.20497 2.67191 2.07219 1.73522 1.36639 1.1172 1.0509 1.11083 1.21702 1.23712 1.11859 0.970119 0.85683 0.784106 0.748015 0.74571 0.776839 0.843823 0.945797 1.06268 1.13121 1.08026 0.945188 0.808598 0.701424 0.62342 0.567412 0.526045 0.494524 0.469687 0.449592 0.432802 0.417924 0.40379 0.389534 0.374875 0.359953 0.345233 0.331206 0.31825 0.306462 0.295809 0.286076 0.276933 0.267928 0.259057 0.250152 0.241132 0.231981 0.222719 0.213418 0.204191 0.195059 0.186147 0.17753 0.169251 0.161336 0.153798 3.29997
# Age-structure at Ydeclare= 2013
 426.772 203.881 221.126 270.124 271.365 306.74 177.066 154.322 89.3525 57.3599 85.4053 192.978 53.6786 42.5058 71.654 47.5041 28.8025 23.1671 23.511 47.5926 50.2671 23.8082 19.0081 19.0792 18.7613 19.0424 21.5052 23.8061 29.5456 28.5305 17.6723 19.8149 16.1913 12.9164 9.12131 6.24308 7.22672 6.64594 6.73058 4.04847 3.40237 4.0944 6.28808 3.86061 2.9085 2.42471 1.88045 1.57464 1.23993 1.0138 0.953628 1.008 1.10435 1.12259 1.01503 0.880303 0.777501 0.71151 0.678759 0.676666 0.704913 0.765694 0.858226 0.964285 1.02647 0.980239 0.85767 0.733727 0.636476 0.565695 0.514872 0.477336 0.448733 0.426196 0.407961 0.392726 0.379226 0.3664 0.353465 0.340162 0.326622 0.313266 0.300538 0.288781 0.278085 0.268419 0.259586 0.25129 0.243119 0.235069 0.226989 0.218804 0.2105 0.202097 0.193656 0.185284 0.176997 0.168911 0.161091 0.153579 3.28037
# Year for Tmin Age-structure (set to Ydecl by SS)
2013
#  recruitment and biomass
# Number of historical assessment years
137
# Historical data
# year recruitment spawner in B0 in R project in R/S project
1888  1889 1890 1891 1892 1893 1894 1895 1896 1897 1898 1899 1900 1901 1902 1903 1904 1905 1906 1907 1908 1909 1910 1911 1912 1913 1914 1915 1916 1917 1918 1919 1920 1921 1922 1923 1924 1925 1926 1927 1928 1929 1930 1931 1932 1933 1934 1935 1936 1937 1938 1939 1940 1941 1942 1943 1944 1945 1946 1947 1948 1949 1950 1951 1952 1953 1954 1955 1956 1957 1958 1959 1960 1961 1962 1963 1964 1965 1966 1967 1968 1969 1970 1971 1972 1973 1974 1975 1976 1977 1978 1979 1980 1981 1982 1983 1984 1985 1986 1987 1988 1989 1990 1991 1992 1993 1994 1995 1996 1997 1998 1999 2000 2001 2002 2003 2004 2005 2006 2007 2008 2009 2010 2011 2012 2013 2014 2015 2016 2017 2018 2019 2020 2021 2022 2023 2024 #years (with first value representing R0)
214.868 218.726 218.862 219.004 219.15 219.294 219.443 219.598 219.765 219.94 220.123 220.314 220.514 220.724 220.945 221.173 221.415 221.674 221.949 222.251 222.576 222.926 223.302 223.699 224.113 224.528 224.92 225.247 225.464 225.509 225.306 224.74 223.823 222.48 220.686 218.467 215.874 213.001 209.995 206.859 203.906 201.311 199.14 197.333 195.758 194.156 192.259 189.872 187.003 183.861 180.873 178.511 177.236 177.423 179.527 184.277 192.738 206.468 226.643 252.264 274.503 273.633 244.652 207.197 175.871 154.015 140.608 134.115 133.649 138.793 149.284 163.435 171.504 159.942 138.227 123.624 123.983 142.63 169.796 189.254 226.589 250.808 305.087 451.896 265.454 197.413 208.577 305.524 263.732 248.657 184.618 229.686 274.427 287.81 292.502 215.528 286.865 245.236 164.037 124.091 93.0818 78.7471 69.8532 61.6999 69.6626 134.662 118.315 54.7864 50.9697 60.0844 94.2136 135.283 76.4634 92.0478 315.612 133.29 85.4787 127.224 210.069 230.537 382.108 323.481 308.158 241.422 213.032 426.772 197.425 250.537 162.693 94.0476 100.198 129.849 144.214 154.24 161.139 165.492 178.098  #recruits; first value is R0 (virgin)
1091.65  1091.65 1091.64 1091.63 1091.6 1091.14 1090.68 1090.21 1090.06 1089.98 1089.91 1089.84 1089.78 1089.73 1089.7 1089.7 1089.74 1089.8 1089.9 1090.04 1090.21 1090.28 1090.49 1090.72 1090.98 1091.24 1091.52 1091.81 1092.05 1092.36 1092.53 1090.66 1090.39 1090.25 1090.2 1090.45 1090.65 1090.31 1089.65 1088.2 1086.05 1084.02 1082.47 1080.59 1079.75 1079.08 1078.42 1077.2 1075.95 1073.67 1071.62 1069.2 1067.33 1064.22 1059.5 1054.32 1044.52 1033.94 1018 1003.21 996.082 988.091 981.689 974.399 965.423 957.58 951.445 944.211 937.343 930.503 922.644 915.663 909.945 905.556 903.122 900.045 898.567 898.215 887.954 884.676 879.42 873.567 858.893 848.932 835.62 818.973 801.284 781.57 761.997 739.561 717.377 682.573 646.118 618.47 583.374 528.367 499.601 477.816 450.835 428.562 401.104 377.149 347.581 326.622 290.352 257.843 226.698 209.591 192.839 174.479 153.133 145.454 133.772 134.933 135.025 140.525 146.087 151.994 157.898 164.208 169.943 176.095 182.093 188.646 195.616 202.966 211.305 220.469 230.259 241.167 252.274 265.069 279.221 295.796 313.987 332.52 351.737 #spbio; first value is SSB_virgin (virgin)
1 0 0 0 0 0 0 0 0 0 0 0 0 0 0 0 0 0 0 0 0 0 0 0 0 0 0 0 0 0 0 0 0 0 0 0 0 0 0 0 0 0 0 0 0 0 0 0 0 0 0 0 0 0 0 0 0 0 0 0 0 0 0 0 0 0 0 0 0 0 0 0 0 0 0 0 0 0 0 0 0 0 0 0 0 0 0 0 0 0 0 0 0 0 0 0 0 0 0 0 0 0 0 0 0 0 0 0 0 0 0 0 0 0 0 0 0 0 0 0 0 0 0 0 0 0 0 0 0 0 0 0 0 0 0 0 0  # in Bzero
0 1 1 1 1 1 1 1 1 1 1 1 1 1 1 1 1 1 1 1 1 1 1 1 1 1 1 1 1 1 1 1 1 1 1 1 1 1 1 1 1 1 1 1 1 1 1 1 1 1 1 1 1 1 1 1 1 1 1 1 1 1 1 1 1 1 1 1 1 1 1 1 1 1 1 1 1 1 1 1 1 1 1 1 1 1 1 1 1 1 1 1 1 1 1 1 1 1 1 1 1 1 1 1 1 1 1 1 1 1 1 1 1 1 1 1 1 1 1 1 1 1 1 1 1 1 1 1 1 1 1 1 1 1  0 0 0 # in R project
0 1 1 1 1 1 1 1 1 1 1 1 1 1 1 1 1 1 1 1 1 1 1 1 1 1 1 1 1 1 1 1 1 1 1 1 1 1 1 1 1 1 1 1 1 1 1 1 1 1 1 1 1 1 1 1 1 1 1 1 1 1 1 1 1 1 1 1 1 1 1 1 1 1 1 1 1 1 1 1 1 1 1 1 1 1 1 1 1 1 1 1 1 1 1 1 1 1 1 1 1 1 1 1 1 1 1 1 1 1 1 1 1 1 1 1 1 1 1 1 1 1 1 1 1 1 1 1 1 1 1 1 1 1  0 0 0 # in R/S project
# Number of years with pre-specified catches
0
# catches for years with pre-specified catches go next
# Number of future recruitments to override
-2
# Process for overiding (-1 for average otherwise index in data list)
# Which probability to product detailed results for (1=0.5; 2=0.6; etc.)
3
# Steepness sigma-R Auto-correlation
0.718 0.5 0
# Target SPR rate (FMSY Proxy); manually change to SPR_MSY if not using SPR_target
0.5
# Discount rate (for cumulative catch)
0.1
# Truncate the series when 0.4B0 is reached (1=Yes)
0
# Set F to FMSY once 0.4B0 is reached (1=Yes)
0
# Maximum possible F for projection (-1 to set to FMSY)
-1
# Defintion of recovery (1=now only;2=now or before)
2
# Projection type
4
# Definition of the 40-10 rule
10 40
# Sigma Assessment Error (Base, Year1, Slope, MaxSigma)
1.0 2025 0.075 2.0
# Pstar
0.45
# Constrain catches by the ABC (1=yes, 2=no)
2
# Implementation Error (0=no; 1=lognormal; 2=uniform)
0
#Parameters of Implementaion Error
1 0.3
# Calculate coefficients of variation (1=Yes)
0
# Number of replicates to use
10
# Random number seed
-99004
# File with multiple parameter vectors 
rebuild.SSO
# User-specific projection (1=Yes); Output replaced (1->9)
0  5
# Catches and Fs (Year; 1/2/3 (F or C or SPR); value); Final row is -1
2024 1 1
-1 -1 -1
# Fixed catch project (1=Yes); Output replaced (1->9); Approach (-1=Read in else 1-9)
0 2 -1
# (48a) Special catch options (1-Yes) [CUT_OFF, Emsy, distribution, MAXCAT, Add, replace_code]
0 0.18 1.00 1.00 0 6
# (48b) B1Target
150000
# Split of Fs
2011  0.0166703
 0
 0.392509
 0.024109
 0.191037
 0.196671
 0.179003
-1  1 1 1 1 1 1 1 1 1 1 1 1
# Yrs to define T_target for projection type 4 (a.k.a. 5 pre-specified inputs)
2030 2031 2032 2033 2034 
# Year for probability of recovery
2034 2035 2036 2037 2038 2039 2040 2041
# Time varying weight-at-age (1=Yes;0=No)
0
# File with time series of weight-at-age data
none
# Use bisection (0) or linear interpolation (1)
1
# Target Depletion
0.4
# CV of implementation error
0
