#Title, #runnumber: 1 yelloweye_data.ss yelloweye_control.ss 7866.87 1189.9 477.115 StartTime: Wed May 28 21:24:16 2025
SSv3_default_rebuild.dat
# Number of sexes
1
# Age range to consider (minimum age; maximum age)
0 100
# Number of fleets
7
# First year of projection (Yinit)
2011
# First Year of rebuilding period (Ydecl)
2013
# Number of simulations
1000
# Maximum number of years
500
# Conduct projections with multiple starting values (0=No;else yes)
0
# Number of parameter vectors
1000
# Is the maximum age a plus-group (1=Yes;2=No)
1
# Generate future recruitments using historical recruitments (1)  historical recruits/spawner (2)  or a stock-recruitment (3)
3
# Constant fishing mortality (1) or constant Catch (2) projections
1
# Fishing mortality based on SPR (1) or actual rate (2)
1
# Pre-specify the year of recovery (or -1) to ignore
-1
# Fecundity-at-age
# 0 1 2 3 4 5 6 7 8 9 10 11 12 13 14 15 16 17 18 19 20 21 22 23 24 25 26 27 28 29 30 31 32 33 34 35 36 37 38 39 40 41 42 43 44 45 46 47 48 49 50 51 52 53 54 55 56 57 58 59 60 61 62 63 64 65 66 67 68 69 70 71 72 73 74 75 76 77 78 79 80 81 82 83 84 85 86 87 88 89 90 91 92 93 94 95 96 97 98 99 100 #runnumber: 1 yelloweye_data.ss yelloweye_control.ss 7866.87 1189.9 477.115
 0 0 3.81702e-09 7.34448e-08 8.77453e-07 7.5116e-06 4.97645e-05 0.000265128 0.00114748 0.00400949 0.0112964 0.0260633 0.0506393 0.0855136 0.129258 0.1793 0.232867 0.287618 0.341886 0.394639 0.445329 0.493726 0.53978 0.583538 0.625086 0.664519 0.701931 0.737408 0.771027 0.802862 0.832979 0.861445 0.888321 0.913671 0.937555 0.960037 0.981177 1.00104 1.01968 1.03716 1.05354 1.06887 1.08322 1.09664 1.10917 1.12088 1.13181 1.142 1.15151 1.16037 1.16862 1.17631 1.18347 1.19013 1.19633 1.2021 1.20746 1.21244 1.21708 1.22138 1.22538 1.2291 1.23255 1.23576 1.23873 1.2415 1.24406 1.24644 1.24865 1.2507 1.25261 1.2544 1.25607 1.25761 1.25904 1.26037 1.26161 1.26275 1.26381 1.26479 1.2657 1.26655 1.26734 1.26806 1.26874 1.26936 1.26994 1.27048 1.27098 1.27144 1.27187 1.27227 1.27263 1.27298 1.27329 1.27359 1.27386 1.27411 1.27434 1.27456 1.27488 #female fecundity; weighted by N in year Y_init across morphs and areas
# Age specific selectivity and weight adjusted for discard and discard mortality
 #wt and selex for gender,fleet: 1 1 1_CA_TWL
 0.00896707 0.00942665 0.0309468 0.0737398 0.137016 0.219598 0.318653 0.430905 0.553168 0.682598 0.816838 0.954187 1.09373 1.2352 1.37861 1.52378 1.67016 1.81685 1.96273 2.10669 2.24771 2.38497 2.51781 2.64578 2.76856 2.88595 2.99788 3.10431 3.20529 3.30091 3.39128 3.47657 3.55693 3.63255 3.70363 3.77036 3.83295 3.8916 3.94651 3.99788 4.04591 4.09077 4.13267 4.17176 4.20822 4.24221 4.27388 4.30338 4.33085 4.35642 4.38022 4.40235 4.42293 4.44207 4.45986 4.47639 4.49176 4.50603 4.51928 4.53159 4.54302 4.55364 4.56349 4.57263 4.58112 4.589 4.5963 4.60309 4.60938 4.61522 4.62066 4.62575 4.63047 4.63484 4.6389 4.64266 4.64615 4.64939 4.65239 4.65517 4.65775 4.66014 4.66236 4.66442 4.66633 4.6681 4.66973 4.67125 4.67266 4.67397 4.67518 4.6763 4.67734 4.67831 4.6792 4.68003 4.6808 4.68151 4.68217 4.68279 4.68368
 0 0.00107202 0.00275634 0.0102624 0.0298317 0.0696812 0.136025 0.22948 0.344002 0.468726 0.591344 0.701348 0.792145 0.861641 0.911401 0.945056 0.966775 0.980279 0.988438 0.993269 0.996089 0.997723 0.998667 0.999212 0.999529 0.999715 0.999825 0.99989 0.99993 0.999954 0.999969 0.999979 0.999985 0.999989 0.999992 0.999993 0.999995 0.999995 0.999996 0.999996 0.999997 0.999997 0.999997 0.999997 0.999997 0.999997 0.999997 0.999997 0.999997 0.999997 0.999997 0.999997 0.999997 0.999997 0.999997 0.999997 0.999997 0.999997 0.999997 0.999997 0.999997 0.999997 0.999997 0.999997 0.999997 0.999997 0.999997 0.999997 0.999997 0.999997 0.999997 0.999997 0.999997 0.999997 0.999997 0.999997 0.999997 0.999997 0.999997 0.999997 0.999997 0.999997 0.999997 0.999997 0.999997 0.999997 0.999997 0.999997 0.999997 0.999997 0.999997 0.999997 0.999997 0.999997 0.999997 0.999997 0.999997 0.999997 0.999997 0.999997 0.999997
 #wt and selex for gender,fleet: 1 2 2_CA_NONTWL
 0.00896707 0.00942622 0.0305729 0.0728672 0.1356 0.217736 0.316589 0.428979 0.551766 0.682104 0.817572 0.956303 1.09712 1.2395 1.38331 1.52837 1.67428 1.82029 1.96546 2.10876 2.24924 2.38606 2.51858 2.64631 2.76893 2.88621 2.99805 3.10443 3.20537 3.30097 3.39132 3.4766 3.55695 3.63257 3.70364 3.77037 3.83296 3.89161 3.94651 3.99788 4.04591 4.09077 4.13267 4.17176 4.20822 4.24221 4.27388 4.30338 4.33085 4.35642 4.38022 4.40235 4.42293 4.44207 4.45986 4.47639 4.49175 4.50603 4.51928 4.53159 4.54302 4.55363 4.56349 4.57263 4.58112 4.58899 4.5963 4.60308 4.60938 4.61521 4.62066 4.62575 4.63046 4.63484 4.6389 4.64266 4.64615 4.64939 4.65239 4.65517 4.65775 4.66014 4.66236 4.66442 4.66633 4.66809 4.66973 4.67125 4.67266 4.67397 4.67518 4.6763 4.67734 4.67831 4.6792 4.68003 4.6808 4.68151 4.68217 4.68278 4.68368
 0 0.00132842 0.00328482 0.0114245 0.031571 0.07114 0.135511 0.225052 0.334346 0.453793 0.572441 0.680681 0.772062 0.843944 0.897022 0.934123 0.958891 0.974824 0.984781 0.990872 0.994543 0.996734 0.998037 0.998811 0.999273 0.99955 0.999717 0.999819 0.999882 0.999922 0.999946 0.999963 0.999973 0.99998 0.999984 0.999987 0.999989 0.999991 0.999992 0.999993 0.999993 0.999993 0.999994 0.999994 0.999994 0.999994 0.999994 0.999994 0.999994 0.999994 0.999994 0.999994 0.999994 0.999994 0.999994 0.999994 0.999994 0.999994 0.999994 0.999994 0.999994 0.999993 0.999993 0.999993 0.999993 0.999993 0.999993 0.999993 0.999993 0.999993 0.999993 0.999993 0.999993 0.999993 0.999993 0.999993 0.999993 0.999993 0.999993 0.999993 0.999993 0.999993 0.999993 0.999993 0.999993 0.999993 0.999993 0.999993 0.999993 0.999993 0.999993 0.999993 0.999993 0.999993 0.999993 0.999993 0.999993 0.999993 0.999993 0.999993 0.999993
 #wt and selex for gender,fleet: 1 3 3_CA_REC
 0.00896707 0.0094255 0.0298816 0.0709133 0.131664 0.211082 0.306592 0.415166 0.533822 0.659902 0.791356 0.927013 1.06651 1.20976 1.35642 1.50565 1.65616 1.80654 1.95543 2.10168 2.24435 2.38274 2.51635 2.64483 2.76794 2.88555 2.99761 3.10413 3.20517 3.30082 3.39123 3.47653 3.5569 3.63253 3.70362 3.77035 3.83294 3.8916 3.94651 3.99788 4.0459 4.09077 4.13266 4.17176 4.20822 4.24221 4.27388 4.30338 4.33085 4.35642 4.38022 4.40235 4.42293 4.44207 4.45986 4.47639 4.49176 4.50603 4.51928 4.53159 4.54302 4.55364 4.56349 4.57263 4.58112 4.589 4.59631 4.60309 4.60938 4.61522 4.62066 4.62575 4.63047 4.63484 4.6389 4.64266 4.64615 4.64939 4.65239 4.65517 4.65775 4.66015 4.66236 4.66442 4.66633 4.6681 4.66974 4.67126 4.67266 4.67397 4.67518 4.6763 4.67734 4.67831 4.6792 4.68003 4.6808 4.68151 4.68217 4.68279 4.68368
 0 0.00399132 0.00921173 0.0279051 0.0680322 0.137058 0.236232 0.358772 0.491951 0.621301 0.734694 0.825012 0.89083 0.935121 0.962962 0.97951 0.988924 0.994105 0.996889 0.998363 0.999137 0.999542 0.999755 0.999867 0.999926 0.999959 0.999976 0.999986 0.999992 0.999995 0.999997 0.999998 0.999998 0.999999 0.999999 0.999999 0.999999 0.999999 0.999999 0.999999 0.999999 0.999999 0.999999 0.999999 0.999999 0.999999 0.999999 0.999999 0.999999 0.999999 0.999999 0.999999 0.999999 0.999999 0.999999 0.999999 0.999999 0.999999 0.999999 0.999999 0.999999 0.999999 0.999999 0.999999 0.999999 0.999999 0.999999 0.999999 0.999999 0.999999 0.999999 0.999999 0.999999 0.999999 0.999999 0.999999 0.999999 0.999999 0.999999 0.999999 0.999999 0.999999 0.999999 0.999999 0.999999 0.999999 0.999999 0.999999 0.999999 0.999999 0.999999 0.999999 0.999999 0.999999 0.999999 0.999999 0.999999 0.999999 0.999999 0.999999 0.999999
 #wt and selex for gender,fleet: 1 4 4_ORWA_TWL
 0.00896707 0.00942409 0.028497 0.067395 0.125539 0.202235 0.295393 0.402365 0.5204 0.646923 0.779776 0.917478 1.05924 1.2046 1.353 1.50349 1.65487 1.8058 1.95502 2.10145 2.24422 2.38268 2.51632 2.64481 2.76793 2.88554 2.99761 3.10413 3.20517 3.30082 3.39123 3.47653 3.5569 3.63253 3.70361 3.77035 3.83294 3.89159 3.94651 3.99788 4.0459 4.09077 4.13266 4.17176 4.20822 4.24221 4.27388 4.30338 4.33085 4.35642 4.38022 4.40235 4.42293 4.44207 4.45986 4.47639 4.49176 4.50603 4.51928 4.53159 4.54302 4.55363 4.56349 4.57263 4.58112 4.589 4.5963 4.60309 4.60938 4.61522 4.62066 4.62575 4.63047 4.63484 4.6389 4.64266 4.64615 4.64939 4.65239 4.65517 4.65775 4.66014 4.66236 4.66442 4.66633 4.66809 4.66973 4.67125 4.67266 4.67397 4.67518 4.6763 4.67734 4.67831 4.6792 4.68003 4.6808 4.68151 4.68217 4.68278 4.68368
 0 0.0133832 0.0269132 0.0623957 0.122922 0.210173 0.319798 0.442375 0.566277 0.680696 0.77777 0.853647 0.90847 0.945312 0.968547 0.982447 0.990419 0.994848 0.997252 0.998539 0.999221 0.999582 0.999773 0.999875 0.99993 0.99996 0.999976 0.999985 0.99999 0.999993 0.999995 0.999996 0.999997 0.999997 0.999997 0.999997 0.999997 0.999997 0.999997 0.999997 0.999997 0.999997 0.999997 0.999997 0.999997 0.999997 0.999997 0.999997 0.999997 0.999997 0.999997 0.999997 0.999996 0.999996 0.999996 0.999996 0.999996 0.999996 0.999996 0.999996 0.999996 0.999996 0.999996 0.999996 0.999996 0.999996 0.999996 0.999996 0.999996 0.999996 0.999996 0.999996 0.999996 0.999996 0.999996 0.999996 0.999996 0.999996 0.999996 0.999996 0.999996 0.999996 0.999996 0.999996 0.999996 0.999996 0.999996 0.999996 0.999996 0.999996 0.999996 0.999996 0.999996 0.999996 0.999996 0.999996 0.999996 0.999996 0.999996 0.999996 0.999996
 #wt and selex for gender,fleet: 1 5 5_ORWA_NONTWL
 0.00896707 0.00942577 0.0302007 0.0722945 0.135399 0.218899 0.320431 0.436969 0.565369 0.702666 0.846213 0.993728 1.14329 1.29333 1.44263 1.5903 1.73577 1.87869 2.01881 2.15593 2.28983 2.42024 2.54688 2.66944 2.78766 2.90129 3.01015 3.11413 3.21316 3.30723 3.39638 3.4807 3.5603 3.63532 3.70592 3.77228 3.83456 3.89296 3.94768 3.99888 4.04678 4.09153 4.13333 4.17235 4.20875 4.24268 4.27431 4.30378 4.33121 4.35675 4.38052 4.40263 4.4232 4.44232 4.4601 4.47662 4.49197 4.50623 4.51947 4.53178 4.5432 4.55381 4.56365 4.57279 4.58128 4.58915 4.59645 4.60323 4.60952 4.61535 4.6208 4.62588 4.6306 4.63497 4.63903 4.64279 4.64628 4.64952 4.65252 4.6553 4.65788 4.66027 4.66249 4.66454 4.66645 4.66822 4.66986 4.67138 4.67278 4.67409 4.6753 4.67642 4.67746 4.67843 4.67932 4.68015 4.68092 4.68163 4.68229 4.6829 4.6838
 0 0.000685521 0.00162774 0.00533974 0.0144293 0.0327089 0.064002 0.11083 0.173471 0.249776 0.335701 0.426242 0.516372 0.601765 0.679214 0.746773 0.803684 0.850163 0.887109 0.915806 0.937672 0.954078 0.966242 0.975184 0.981721 0.986484 0.989952 0.992481 0.994329 0.995687 0.996688 0.997433 0.997989 0.998409 0.998727 0.998972 0.99916 0.999307 0.999422 0.999514 0.999587 0.999646 0.999693 0.999732 0.999765 0.999791 0.999813 0.999832 0.999848 0.999861 0.999873 0.999883 0.999891 0.999899 0.999905 0.999911 0.999916 0.99992 0.999924 0.999927 0.99993 0.999933 0.999935 0.999938 0.99994 0.999941 0.999943 0.999944 0.999946 0.999947 0.999948 0.999949 0.999949 0.99995 0.99995 0.999951 0.999951 0.999952 0.999952 0.999953 0.999953 0.999953 0.999954 0.999954 0.999954 0.999954 0.999955 0.999955 0.999955 0.999955 0.999955 0.999955 0.999956 0.999956 0.999956 0.999956 0.999956 0.999956 0.999956 0.999956 0.999956
 #wt and selex for gender,fleet: 1 6 6_OR_REC
 0.00896707 0.00944027 0.0390792 0.0905975 0.162168 0.249251 0.346663 0.45014 0.557209 0.668185 0.785594 0.911907 1.04779 1.19191 1.34183 1.49487 1.64875 1.80167 1.9523 2.09965 2.24299 2.38177 2.51559 2.64417 2.76733 2.88495 2.99701 3.10351 3.20453 3.30016 3.39053 3.47581 3.55615 3.63176 3.70282 3.76954 3.83211 3.89074 3.94564 3.99699 4.045 4.08985 4.13173 4.17081 4.20726 4.24124 4.2729 4.3024 4.32986 4.35542 4.37921 4.40133 4.42191 4.44104 4.45883 4.47535 4.49071 4.50498 4.51823 4.53053 4.54196 4.55257 4.56242 4.57156 4.58005 4.58792 4.59523 4.60201 4.6083 4.61413 4.61958 4.62466 4.62937 4.63375 4.6378 4.64156 4.64505 4.64829 4.65129 4.65407 4.65665 4.65904 4.66126 4.66331 4.66522 4.66698 4.66862 4.67014 4.67155 4.67286 4.67407 4.67519 4.67623 4.67719 4.67809 4.67892 4.67968 4.6804 4.68106 4.68167 4.68256
 0 1.86634e-05 0.000126793 0.00181751 0.0132605 0.0563114 0.157713 0.321776 0.516845 0.696092 0.829194 0.91257 0.958382 0.981194 0.991748 0.996361 0.998274 0.999009 0.999246 0.999272 0.99921 0.999113 0.999 0.998883 0.998765 0.998649 0.998536 0.998427 0.998322 0.998221 0.998125 0.998033 0.997947 0.997864 0.997787 0.997713 0.997644 0.997579 0.997518 0.997461 0.997408 0.997357 0.99731 0.997266 0.997225 0.997187 0.997151 0.997118 0.997087 0.997058 0.997031 0.997005 0.996982 0.99696 0.99694 0.996921 0.996904 0.996887 0.996872 0.996858 0.996845 0.996833 0.996822 0.996811 0.996801 0.996792 0.996784 0.996776 0.996769 0.996762 0.996756 0.99675 0.996745 0.99674 0.996735 0.996731 0.996727 0.996723 0.99672 0.996717 0.996714 0.996711 0.996708 0.996706 0.996704 0.996702 0.9967 0.996698 0.996696 0.996695 0.996694 0.996692 0.996691 0.99669 0.996689 0.996688 0.996687 0.996686 0.996686 0.996685 0.996684
 #wt and selex for gender,fleet: 1 7 7_WA_REC
 0.00896707 0.00944202 0.0401928 0.0947848 0.172612 0.269512 0.38009 0.499442 0.623658 0.749903 0.876555 1.00341 1.13147 1.26219 1.39666 1.5351 1.67681 1.8205 1.96459 2.10754 2.24804 2.38505 2.51778 2.64571 2.76849 2.88589 2.99783 3.10427 3.20526 3.30088 3.39127 3.47655 3.55692 3.63254 3.70362 3.77036 3.83295 3.8916 3.94651 3.99788 4.04591 4.09077 4.13267 4.17176 4.20822 4.24221 4.27388 4.30338 4.33085 4.35642 4.38022 4.40235 4.42293 4.44207 4.45986 4.4764 4.49176 4.50603 4.51928 4.53159 4.54302 4.55364 4.56349 4.57263 4.58112 4.589 4.59631 4.60309 4.60938 4.61522 4.62066 4.62575 4.63047 4.63484 4.6389 4.64266 4.64615 4.64939 4.65239 4.65517 4.65775 4.66015 4.66236 4.66442 4.66633 4.6681 4.66974 4.67126 4.67266 4.67397 4.67518 4.6763 4.67734 4.67831 4.6792 4.68003 4.6808 4.68151 4.68217 4.68279 4.68368
 0 9.84848e-07 7.54191e-06 0.000137487 0.00133186 0.00764824 0.0290215 0.0796005 0.169479 0.296142 0.443607 0.589923 0.71687 0.815409 0.885275 0.931365 0.960111 0.977292 0.987245 0.992887 0.99604 0.99779 0.998758 0.999296 0.999595 0.999764 0.99986 0.999916 0.999948 0.999968 0.999979 0.999986 0.999991 0.999994 0.999996 0.999997 0.999998 0.999998 0.999998 0.999999 0.999999 0.999999 0.999999 0.999999 0.999999 0.999999 0.999999 0.999999 0.999999 0.999999 0.999999 0.999999 0.999999 0.999999 0.999999 0.999999 0.999999 0.999999 0.999999 0.999999 0.999999 0.999999 0.999999 0.999999 0.999999 0.999999 0.999999 0.999999 0.999999 0.999999 0.999999 0.999999 0.999999 0.999999 0.999999 0.999999 0.999999 0.999999 0.999999 0.999999 0.999999 0.999999 0.999999 0.999999 0.999999 0.999999 0.999999 0.999999 0.999999 0.999999 0.999999 0.999999 0.999999 0.999999 0.999999 0.999999 0.999999 0.999999 0.999999 0.999999 0.999999
# Sex ratio correction
1
# M and current age-structure in year Yinit: 2011
 # gender = 1
 0.0439034 0.0439034 0.0439034 0.0439034 0.0439034 0.0439034 0.0439034 0.0439034 0.0439034 0.0439034 0.0439034 0.0439034 0.0439034 0.0439034 0.0439034 0.0439034 0.0439034 0.0439034 0.0439034 0.0439034 0.0439034 0.0439034 0.0439034 0.0439034 0.0439034 0.0439034 0.0439034 0.0439034 0.0439034 0.0439034 0.0439034 0.0439034 0.0439034 0.0439034 0.0439034 0.0439034 0.0439034 0.0439034 0.0439034 0.0439034 0.0439034 0.0439034 0.0439034 0.0439034 0.0439034 0.0439034 0.0439034 0.0439034 0.0439034 0.0439034 0.0439034 0.0439034 0.0439034 0.0439034 0.0439034 0.0439034 0.0439034 0.0439034 0.0439034 0.0439034 0.0439034 0.0439034 0.0439034 0.0439034 0.0439034 0.0439034 0.0439034 0.0439034 0.0439034 0.0439034 0.0439034 0.0439034 0.0439034 0.0439034 0.0439034 0.0439034 0.0439034 0.0439034 0.0439034 0.0439034 0.0439034 0.0439034 0.0439034 0.0439034 0.0439034 0.0439034 0.0439034 0.0439034 0.0439034 0.0439034 0.0439034 0.0439034 0.0439034 0.0439034 0.0439034 0.0439034 0.0439034 0.0439034 0.0439034 0.0439034 0.0439034
 278.608 346.375 340.242 423.071 239.13 228.02 128.376 80.3039 114.028 270.431 73.1764 60.2417 110.445 66.5429 39.9889 31.6069 31.3937 62.4009 69.8281 32.6885 26.0873 26.1066 25.5639 26.2823 30.798 34.0067 41.2866 42.0874 27.5644 34.4593 26.3786 20.4025 15.0142 9.83228 11.817 10.965 11.6169 7.06745 5.70937 6.9425 11.339 6.56724 4.97087 4.19072 3.26419 2.73695 2.14365 1.74328 1.63813 1.74045 1.92928 1.98197 1.79084 1.54445 1.36001 1.24533 1.19152 1.19299 1.2497 1.36778 1.55062 1.77067 1.91084 1.81434 1.55691 1.30906 1.12233 0.990223 0.897125 0.82922 0.777809 0.737443 0.704913 0.677961 0.654468 0.63263 0.611061 0.589197 0.567107 0.545365 0.524634 0.505444 0.487936 0.47205 0.457445 0.443657 0.430253 0.416888 0.403313 0.389429 0.375238 0.360806 0.346269 0.331591 0.31703 0.302825 0.289091 0.275898 0.26328 0.251255 5.48173
# Age-structure at Ydeclare= 2013
 570.503 231.416 255.186 317.252 311.626 387.453 218.953 208.699 117.425 73.3929 104.118 246.7 66.7011 54.8746 100.554 60.5612 36.3847 28.7529 28.5554 56.7544 63.5057 29.7276 23.7237 23.7406 23.2467 23.8995 28.0054 30.9226 37.5415 38.2688 25.0629 31.3312 23.9835 18.5496 13.6503 8.93898 10.7432 9.96844 10.561 6.42497 5.19029 6.31121 10.3078 5.96993 4.51871 3.80948 2.96721 2.48792 1.9486 1.58465 1.48906 1.58206 1.7537 1.80159 1.62786 1.40388 1.23623 1.13199 1.08307 1.08441 1.13596 1.24329 1.40949 1.60951 1.73692 1.6492 1.4152 1.18991 1.02017 0.900092 0.815467 0.753743 0.707011 0.670319 0.64075 0.616251 0.594897 0.575046 0.55544 0.535566 0.515487 0.495724 0.47688 0.459437 0.443523 0.429082 0.415807 0.403274 0.39109 0.378941 0.366602 0.353982 0.341083 0.327965 0.314751 0.301409 0.288173 0.275261 0.262778 0.250785 5.45048
# Year for Tmin Age-structure (set to Ydecl by SS)
2013
#  recruitment and biomass
# Number of historical assessment years
137
# Historical data
# year recruitment spawner in B0 in R project in R/S project
1888  1889 1890 1891 1892 1893 1894 1895 1896 1897 1898 1899 1900 1901 1902 1903 1904 1905 1906 1907 1908 1909 1910 1911 1912 1913 1914 1915 1916 1917 1918 1919 1920 1921 1922 1923 1924 1925 1926 1927 1928 1929 1930 1931 1932 1933 1934 1935 1936 1937 1938 1939 1940 1941 1942 1943 1944 1945 1946 1947 1948 1949 1950 1951 1952 1953 1954 1955 1956 1957 1958 1959 1960 1961 1962 1963 1964 1965 1966 1967 1968 1969 1970 1971 1972 1973 1974 1975 1976 1977 1978 1979 1980 1981 1982 1983 1984 1985 1986 1987 1988 1989 1990 1991 1992 1993 1994 1995 1996 1997 1998 1999 2000 2001 2002 2003 2004 2005 2006 2007 2008 2009 2010 2011 2012 2013 2014 2015 2016 2017 2018 2019 2020 2021 2022 2023 2024 #years (with first value representing R0)
241.804 243.127 243.172 243.218 243.266 243.306 243.348 243.391 243.443 243.497 243.554 243.614 243.679 243.748 243.821 243.896 243.978 244.072 244.176 244.303 244.448 244.616 244.809 245.024 245.259 245.499 245.722 245.887 245.947 245.841 245.483 244.725 243.428 241.675 239.429 236.701 233.536 230.031 226.344 222.655 219.155 216.014 213.312 210.997 208.935 206.873 204.551 201.799 198.652 195.346 192.325 190.072 189.054 189.669 192.435 198.227 208.401 225.024 250.07 283.366 314.581 315.567 278.463 232.167 194.935 169.503 153.964 146.283 145.402 150.961 162.908 179.403 188.44 173.945 148.649 132.364 133.041 154.157 184.963 206.563 247.228 271.849 330.727 521.743 289.384 213.681 235.432 341.609 282.475 264.854 190.499 250.018 290.553 319.967 354.811 240.325 310.678 258.554 181.661 141.46 104.846 89.594 81.4341 73.3905 84.0441 166.096 138.764 65.7714 62.7286 75.4257 119.529 189.133 98.423 114.127 402.838 162.324 109.302 167.137 284.04 285.052 482.639 371.47 361.92 278.608 241.802 570.503 262.242 358.56 242.045 120.56 115.062 118.283 116.965 152.64 173.522 178.934 208.651  #recruits; first value is R0 (virgin)
1189.9  1189.9 1189.89 1189.88 1189.85 1189.39 1188.93 1188.47 1188.32 1188.24 1188.16 1188.09 1188 1187.91 1187.81 1187.72 1187.62 1187.52 1187.43 1187.33 1187.24 1187.03 1186.93 1186.82 1186.72 1186.6 1186.49 1186.36 1186.16 1186.03 1185.74 1183.4 1182.64 1182 1181.42 1181.14 1180.79 1179.89 1178.66 1176.64 1173.91 1171.28 1169.12 1166.63 1165.16 1163.85 1162.52 1160.63 1158.67 1155.68 1152.88 1149.68 1146.99 1143.04 1137.44 1131.35 1120.64 1109.11 1092.24 1076.46 1068.27 1058.97 1051.32 1042.88 1032.77 1023.71 1016.45 1008.07 1000.2 992.462 983.903 976.383 970.373 965.941 963.697 960.985 959.858 959.919 950.168 947.119 941.75 935.999 920.896 910.17 896.047 878.564 859.518 838.673 818.661 795.869 773.447 738.564 701.992 674.378 639.552 583.191 535.542 508.125 471.765 442.906 416.102 393.413 364.783 345.194 313.676 285.306 258.402 244.742 230.937 215.608 197.475 193.681 185.359 189.125 192.34 199.235 206.164 213.288 220.252 227.389 233.964 240.868 247.728 255.394 263.47 272.047 281.751 292.641 304.278 317.437 331.084 346.725 364.027 384.016 405.855 428.251 451.594 #spbio; first value is SSB_virgin (virgin)
1 0 0 0 0 0 0 0 0 0 0 0 0 0 0 0 0 0 0 0 0 0 0 0 0 0 0 0 0 0 0 0 0 0 0 0 0 0 0 0 0 0 0 0 0 0 0 0 0 0 0 0 0 0 0 0 0 0 0 0 0 0 0 0 0 0 0 0 0 0 0 0 0 0 0 0 0 0 0 0 0 0 0 0 0 0 0 0 0 0 0 0 0 0 0 0 0 0 0 0 0 0 0 0 0 0 0 0 0 0 0 0 0 0 0 0 0 0 0 0 0 0 0 0 0 0 0 0 0 0 0 0 0 0 0 0 0  # in Bzero
0 1 1 1 1 1 1 1 1 1 1 1 1 1 1 1 1 1 1 1 1 1 1 1 1 1 1 1 1 1 1 1 1 1 1 1 1 1 1 1 1 1 1 1 1 1 1 1 1 1 1 1 1 1 1 1 1 1 1 1 1 1 1 1 1 1 1 1 1 1 1 1 1 1 1 1 1 1 1 1 1 1 1 1 1 1 1 1 1 1 1 1 1 1 1 1 1 1 1 1 1 1 1 1 1 1 1 1 1 1 1 1 1 1 1 1 1 1 1 1 1 1 1 1 1 1 1 1 1 1 1 1 1 1  0 0 0 # in R project
0 1 1 1 1 1 1 1 1 1 1 1 1 1 1 1 1 1 1 1 1 1 1 1 1 1 1 1 1 1 1 1 1 1 1 1 1 1 1 1 1 1 1 1 1 1 1 1 1 1 1 1 1 1 1 1 1 1 1 1 1 1 1 1 1 1 1 1 1 1 1 1 1 1 1 1 1 1 1 1 1 1 1 1 1 1 1 1 1 1 1 1 1 1 1 1 1 1 1 1 1 1 1 1 1 1 1 1 1 1 1 1 1 1 1 1 1 1 1 1 1 1 1 1 1 1 1 1 1 1 1 1 1 1  0 0 0 # in R/S project
# Number of years with pre-specified catches
0
# catches for years with pre-specified catches go next
# Number of future recruitments to override
-2
# Process for overiding (-1 for average otherwise index in data list)
# Which probability to product detailed results for (1=0.5; 2=0.6; etc.)
3
# Steepness sigma-R Auto-correlation
0.72 0.5 0
# Target SPR rate (FMSY Proxy); manually change to SPR_MSY if not using SPR_target
0.5
# Discount rate (for cumulative catch)
0.1
# Truncate the series when 0.4B0 is reached (1=Yes)
0
# Set F to FMSY once 0.4B0 is reached (1=Yes)
0
# Maximum possible F for projection (-1 to set to FMSY)
-1
# Defintion of recovery (1=now only;2=now or before)
2
# Projection type
4
# Definition of the 40-10 rule
10 40
# Sigma Assessment Error (Base, Year1, Slope, MaxSigma)
1.0 2025 0.075 2.0
# Pstar
0.45
# Constrain catches by the ABC (1=yes, 2=no)
2
# Implementation Error (0=no; 1=lognormal; 2=uniform)
0
#Parameters of Implementaion Error
1 0.3
# Calculate coefficients of variation (1=Yes)
0
# Number of replicates to use
10
# Random number seed
-99004
# File with multiple parameter vectors 
rebuild.SSO
# User-specific projection (1=Yes); Output replaced (1->9)
0  5
# Catches and Fs (Year; 1/2/3 (F or C or SPR); value); Final row is -1
2024 1 1
-1 -1 -1
# Fixed catch project (1=Yes); Output replaced (1->9); Approach (-1=Read in else 1-9)
0 2 -1
# (48a) Special catch options (1-Yes) [CUT_OFF, Emsy, distribution, MAXCAT, Add, replace_code]
0 0.18 1.00 1.00 0 6
# (48b) B1Target
150000
# Split of Fs
2011  0.00955825
 0.161963
 0.221925
 0.0132125
 0.413272
 0.0974509
 0.0826184
-1  1 1 1 1 1 1 1 1 1 1 1 1
# Yrs to define T_target for projection type 4 (a.k.a. 5 pre-specified inputs)
2030 2031 2032 2033 2034 
# Year for probability of recovery
2034 2035 2036 2037 2038 2039 2040 2041
# Time varying weight-at-age (1=Yes;0=No)
0
# File with time series of weight-at-age data
none
# Use bisection (0) or linear interpolation (1)
1
# Target Depletion
0.4
# CV of implementation error
0
