#Title, #runnumber: 1 yelloweye_data.ss yelloweye_control.ss 6410.96 1081.48 343.583 StartTime: Fri Apr 18 14:22:59 2025
SSv3_default_rebuild.dat
# Number of sexes
1
# Age range to consider (minimum age; maximum age)
0 100
# Number of fleets
7
# First year of projection (Yinit)
2011
# First Year of rebuilding period (Ydecl)
2013
# Number of simulations
1000
# Maximum number of years
500
# Conduct projections with multiple starting values (0=No;else yes)
0
# Number of parameter vectors
1000
# Is the maximum age a plus-group (1=Yes;2=No)
1
# Generate future recruitments using historical recruitments (1)  historical recruits/spawner (2)  or a stock-recruitment (3)
3
# Constant fishing mortality (1) or constant Catch (2) projections
1
# Fishing mortality based on SPR (1) or actual rate (2)
1
# Pre-specify the year of recovery (or -1) to ignore
-1
# Fecundity-at-age
# 0 1 2 3 4 5 6 7 8 9 10 11 12 13 14 15 16 17 18 19 20 21 22 23 24 25 26 27 28 29 30 31 32 33 34 35 36 37 38 39 40 41 42 43 44 45 46 47 48 49 50 51 52 53 54 55 56 57 58 59 60 61 62 63 64 65 66 67 68 69 70 71 72 73 74 75 76 77 78 79 80 81 82 83 84 85 86 87 88 89 90 91 92 93 94 95 96 97 98 99 100 #runnumber: 1 yelloweye_data.ss yelloweye_control.ss 6410.96 1081.48 343.583
 0 0 1.96278e-09 4.23439e-08 5.60846e-07 5.17999e-06 3.64942e-05 0.00020535 0.000937702 0.00345824 0.0102489 0.0246782 0.0495538 0.0856824 0.1316 0.184427 0.241013 0.298733 0.35577 0.411057 0.464075 0.514644 0.562769 0.608536 0.652055 0.693433 0.732769 0.770145 0.805635 0.839304 0.871214 0.901422 0.929986 0.956964 0.982415 1.0064 1.02897 1.0502 1.07015 1.08886 1.10642 1.12286 1.13826 1.15267 1.16613 1.17872 1.19047 1.20144 1.21168 1.22122 1.23012 1.2384 1.24612 1.25331 1.26 1.26622 1.27201 1.2774 1.2824 1.28706 1.29138 1.2954 1.29914 1.30261 1.30583 1.30882 1.3116 1.31418 1.31658 1.3188 1.32086 1.32281 1.32461 1.32628 1.32784 1.32928 1.33062 1.33186 1.33301 1.33408 1.33507 1.33599 1.33684 1.33763 1.33836 1.33904 1.33967 1.34026 1.3408 1.3413 1.34177 1.3422 1.3426 1.34297 1.34332 1.34364 1.34393 1.34421 1.34446 1.3447 1.34504 #female fecundity; weighted by N in year Y_init across morphs and areas
# Age specific selectivity and weight adjusted for discard and discard mortality
 #wt and selex for gender,fleet: 1 1 1_CA_TWL
 0.00896779 0.00898872 0.0243908 0.0634771 0.123291 0.203442 0.301366 0.413855 0.53767 0.669851 0.807866 0.949781 1.09445 1.24147 1.39085 1.54243 1.69568 1.84959 2.00296 2.1545 2.30312 2.44787 2.58807 2.72321 2.85296 2.97709 3.09552 3.2082 3.31519 3.41656 3.51243 3.60295 3.68829 3.76865 3.84422 3.91521 3.98182 4.04426 4.10276 4.1575 4.2087 4.25655 4.30125 4.34298 4.38191 4.41821 4.45205 4.48359 4.51296 4.5403 4.56576 4.58944 4.61148 4.63197 4.65102 4.66874 4.6852 4.7005 4.71471 4.72791 4.74017 4.75156 4.76213 4.77195 4.78106 4.78952 4.79737 4.80466 4.81142 4.8177 4.82356 4.82902 4.83409 4.83879 4.84316 4.8472 4.85096 4.85444 4.85767 4.86067 4.86345 4.86602 4.86841 4.87063 4.87268 4.87459 4.87636 4.878 4.87952 4.88093 4.88223 4.88344 4.88457 4.88561 4.88657 4.88747 4.8883 4.88907 4.88978 4.89044 4.89141
 0 0.00104249 0.00205803 0.00801067 0.0246346 0.0602731 0.122162 0.212376 0.326 0.45246 0.578885 0.693666 0.789007 0.861941 0.913721 0.948157 0.969829 0.98287 0.990445 0.994732 0.997112 0.998418 0.999131 0.999519 0.999731 0.999847 0.999912 0.999948 0.999969 0.99998 0.999987 0.999991 0.999994 0.999995 0.999996 0.999997 0.999997 0.999997 0.999997 0.999997 0.999998 0.999998 0.999998 0.999997 0.999997 0.999997 0.999997 0.999997 0.999997 0.999997 0.999997 0.999997 0.999997 0.999997 0.999997 0.999997 0.999997 0.999997 0.999997 0.999997 0.999997 0.999997 0.999997 0.999997 0.999997 0.999997 0.999997 0.999997 0.999997 0.999997 0.999997 0.999997 0.999997 0.999997 0.999997 0.999997 0.999997 0.999997 0.999997 0.999997 0.999997 0.999997 0.999997 0.999997 0.999997 0.999997 0.999997 0.999997 0.999997 0.999997 0.999997 0.999997 0.999997 0.999997 0.999997 0.999997 0.999997 0.999997 0.999997 0.999997 0.999997
 #wt and selex for gender,fleet: 1 3 3_CA_REC
 0.00896779 0.00898871 0.0237018 0.0612327 0.118794 0.196004 0.290526 0.39939 0.519562 0.648262 0.783241 0.92312 1.06743 1.21613 1.36888 1.52477 1.6824 1.84016 1.99656 2.15033 2.30046 2.44622 2.58705 2.72259 2.85257 2.97686 3.09537 3.20811 3.31513 3.41652 3.5124 3.60293 3.68829 3.76865 3.84422 3.91521 3.98182 4.04426 4.10276 4.1575 4.2087 4.25655 4.30125 4.34298 4.38191 4.41821 4.45205 4.48359 4.51296 4.54031 4.56576 4.58945 4.61148 4.63197 4.65103 4.66874 4.6852 4.7005 4.71471 4.72791 4.74017 4.75156 4.76213 4.77195 4.78106 4.78952 4.79738 4.80466 4.81143 4.8177 4.82356 4.82902 4.83409 4.83879 4.84316 4.84721 4.85096 4.85444 4.85767 4.86067 4.86345 4.86602 4.86841 4.87063 4.87269 4.87459 4.87636 4.878 4.87952 4.88093 4.88223 4.88344 4.88457 4.88561 4.88657 4.88747 4.8883 4.88907 4.88978 4.89045 4.89141
 0 0.0038658 0.00716561 0.0227483 0.0584867 0.122946 0.219096 0.341406 0.477288 0.611365 0.730051 0.824825 0.893441 0.938838 0.966589 0.982464 0.991073 0.995554 0.997817 0.998936 0.999482 0.999747 0.999875 0.999938 0.999968 0.999984 0.999991 0.999995 0.999997 0.999998 0.999999 0.999999 0.999999 0.999999 0.999999 0.999999 0.999999 0.999999 0.999999 0.999999 0.999999 0.999999 0.999999 0.999999 0.999999 0.999999 0.999999 0.999999 0.999999 0.999999 0.999999 0.999999 0.999999 0.999999 0.999999 0.999999 0.999999 0.999999 0.999999 0.999999 0.999999 0.999999 0.999999 0.999999 0.999999 0.999999 0.999999 0.999999 0.999999 0.999999 0.999999 0.999999 0.999999 0.999999 0.999999 0.999999 0.999999 0.999999 0.999999 0.999999 0.999999 0.999999 0.999999 0.999999 0.999999 0.999999 0.999999 0.999999 0.999999 0.999999 0.999999 0.999999 0.999999 0.999999 0.999999 0.999999 0.999999 0.999999 0.999999 0.999999 0.999999
 #wt and selex for gender,fleet: 1 4 4_ORWA_TWL
 0.00896779 0.00898871 0.0224903 0.0574381 0.112088 0.186471 0.278995 0.387272 0.508615 0.640348 0.779975 0.925308 1.0746 1.22664 1.38064 1.53595 1.69188 1.84756 2.00196 2.15408 2.30298 2.44786 2.58811 2.72326 2.853 2.97713 3.09554 3.20822 3.3152 3.41656 3.51243 3.60295 3.6883 3.76866 3.84422 3.91521 3.98182 4.04427 4.10276 4.1575 4.2087 4.25655 4.30125 4.34298 4.38191 4.41821 4.45205 4.48359 4.51296 4.5403 4.56576 4.58944 4.61148 4.63197 4.65102 4.66874 4.6852 4.7005 4.71471 4.72791 4.74017 4.75156 4.76213 4.77195 4.78106 4.78952 4.79737 4.80466 4.81142 4.8177 4.82356 4.82902 4.83409 4.83879 4.84316 4.8472 4.85096 4.85444 4.85767 4.86067 4.86345 4.86602 4.86841 4.87063 4.87268 4.87459 4.87636 4.878 4.87952 4.88093 4.88223 4.88344 4.88457 4.88561 4.88657 4.88747 4.8883 4.88907 4.88978 4.89044 4.89141
 0 0.0141272 0.0234971 0.0519687 0.10001 0.16966 0.25913 0.36288 0.473126 0.581708 0.681623 0.767911 0.837989 0.891567 0.930214 0.956621 0.973819 0.984569 0.991066 0.994891 0.9971 0.998358 0.999069 0.999469 0.999695 0.999823 0.999895 0.999937 0.999961 0.999976 0.999984 0.999989 0.999993 0.999994 0.999996 0.999996 0.999997 0.999997 0.999997 0.999997 0.999998 0.999998 0.999998 0.999998 0.999998 0.999998 0.999997 0.999997 0.999997 0.999997 0.999997 0.999997 0.999997 0.999997 0.999997 0.999997 0.999997 0.999997 0.999997 0.999997 0.999997 0.999997 0.999997 0.999997 0.999997 0.999997 0.999997 0.999997 0.999997 0.999997 0.999997 0.999997 0.999997 0.999997 0.999997 0.999997 0.999997 0.999997 0.999997 0.999997 0.999997 0.999997 0.999997 0.999997 0.999997 0.999997 0.999997 0.999997 0.999997 0.999997 0.999997 0.999997 0.999997 0.999997 0.999997 0.999997 0.999997 0.999997 0.999997 0.999997 0.999997
 #wt and selex for gender,fleet: 1 5 5_ORWA_NONTWL
 0.00896779 0.00898871 0.0237963 0.0619987 0.121397 0.202153 0.302264 0.418858 0.548797 0.689035 0.83679 0.989621 1.14543 1.30247 1.4593 1.61479 1.76813 1.91877 2.06635 2.21064 2.35143 2.4885 2.62161 2.75051 2.87494 2.99467 3.1095 3.21931 3.32401 3.42358 3.51803 3.60744 3.69192 3.7716 3.84663 3.91719 3.98346 4.04564 4.10392 4.15849 4.20955 4.25729 4.30189 4.34353 4.3824 4.41865 4.45245 4.48394 4.51328 4.5406 4.56603 4.58969 4.61171 4.63219 4.65123 4.66893 4.68538 4.70067 4.71487 4.72807 4.74032 4.7517 4.76227 4.77208 4.78119 4.78965 4.7975 4.80478 4.81154 4.81781 4.82367 4.82913 4.8342 4.8389 4.84326 4.84731 4.85106 4.85455 4.85777 4.86077 4.86355 4.86612 4.86851 4.87073 4.87278 4.87469 4.87646 4.87809 4.87961 4.88102 4.88233 4.88354 4.88466 4.8857 4.88667 4.88756 4.88839 4.88916 4.88988 4.89054 4.8915
 0 0.000639023 0.0011932 0.00396893 0.0110633 0.0258323 0.0519616 0.0922983 0.147862 0.217444 0.297888 0.384818 0.473501 0.559585 0.639576 0.711065 0.772749 0.824305 0.866181 0.899344 0.92504 0.944585 0.959233 0.970081 0.978048 0.983864 0.988097 0.991174 0.993413 0.995047 0.996244 0.997126 0.997779 0.998266 0.998633 0.99891 0.999122 0.999285 0.999412 0.999512 0.99959 0.999653 0.999703 0.999744 0.999777 0.999804 0.999827 0.999846 0.999861 0.999875 0.999886 0.999896 0.999904 0.999911 0.999917 0.999923 0.999927 0.999931 0.999935 0.999938 0.999941 0.999944 0.999946 0.999948 0.99995 0.999951 0.999953 0.999954 0.999955 0.999956 0.999957 0.999958 0.999959 0.999959 0.99996 0.99996 0.99996 0.999961 0.999961 0.999962 0.999962 0.999962 0.999962 0.999963 0.999963 0.999963 0.999963 0.999963 0.999964 0.999964 0.999964 0.999964 0.999964 0.999964 0.999964 0.999964 0.999965 0.999965 0.999965 0.999965 0.999965
 #wt and selex for gender,fleet: 1 6 6_OR_REC
 0.00896779 0.00898874 0.0300526 0.0772557 0.145446 0.231386 0.330018 0.436811 0.548509 0.664102 0.785231 0.914614 1.05377 1.20205 1.35713 1.5162 1.67668 1.83656 1.99434 2.14894 2.29954 2.44555 2.5865 2.72208 2.85207 2.97635 3.09484 3.20755 3.31454 3.4159 3.51176 3.60226 3.68759 3.76793 3.84348 3.91445 3.98104 4.04347 4.10194 4.15667 4.20786 4.2557 4.30038 4.34209 4.38101 4.41731 4.45114 4.48266 4.51203 4.53937 4.56481 4.58849 4.61052 4.63101 4.65006 4.66776 4.68422 4.69951 4.71372 4.72692 4.73918 4.75056 4.76113 4.77095 4.78006 4.78852 4.79637 4.80365 4.81041 4.81669 4.82254 4.828 4.83307 4.83777 4.84213 4.84618 4.84993 4.85341 4.85664 4.85964 4.86241 4.86499 4.86738 4.86959 4.87165 4.87355 4.87532 4.87696 4.87848 4.87988 4.88119 4.8824 4.88352 4.88457 4.88553 4.88643 4.88726 4.88802 4.88874 4.8894 4.89036
 0 1.89523e-05 6.74935e-05 0.00104755 0.00851747 0.0399201 0.121888 0.267726 0.457227 0.646046 0.796024 0.894589 0.950189 0.978023 0.990736 0.99614 0.998295 0.999084 0.999321 0.999339 0.99927 0.999167 0.999051 0.998931 0.99881 0.998692 0.998576 0.998465 0.998357 0.998253 0.998155 0.998061 0.997971 0.997886 0.997806 0.997731 0.997659 0.997592 0.997529 0.997469 0.997414 0.997362 0.997313 0.997267 0.997224 0.997185 0.997147 0.997113 0.99708 0.99705 0.997022 0.996996 0.996971 0.996948 0.996927 0.996908 0.996889 0.996872 0.996857 0.996842 0.996828 0.996815 0.996804 0.996793 0.996783 0.996773 0.996764 0.996756 0.996749 0.996742 0.996735 0.996729 0.996723 0.996718 0.996713 0.996709 0.996704 0.996701 0.996697 0.996694 0.996691 0.996688 0.996685 0.996682 0.99668 0.996678 0.996676 0.996674 0.996672 0.996671 0.996669 0.996668 0.996667 0.996666 0.996665 0.996664 0.996663 0.996662 0.996661 0.99666 0.996659
 #wt and selex for gender,fleet: 1 7 7_WA_REC
 0.00896779 0.00898873 0.0289106 0.0758501 0.146002 0.237536 0.346054 0.466971 0.596238 0.730568 0.86748 1.0054 1.14381 1.2832 1.42446 1.56827 1.71467 1.86301 2.0121 2.16055 2.30703 2.45036 2.58963 2.72419 2.85356 2.97747 3.09575 3.20835 3.31528 3.41662 3.51247 3.60298 3.68831 3.76867 3.84423 3.91522 3.98182 4.04427 4.10276 4.1575 4.2087 4.25656 4.30125 4.34298 4.38191 4.41821 4.45205 4.48359 4.51296 4.54031 4.56576 4.58945 4.61148 4.63197 4.65103 4.66874 4.6852 4.7005 4.71471 4.72791 4.74017 4.75156 4.76213 4.77195 4.78106 4.78952 4.79738 4.80466 4.81143 4.8177 4.82356 4.82902 4.83409 4.83879 4.84316 4.84721 4.85096 4.85444 4.85767 4.86067 4.86345 4.86602 4.86841 4.87063 4.87269 4.87459 4.87636 4.878 4.87952 4.88093 4.88223 4.88344 4.88457 4.88561 4.88658 4.88747 4.8883 4.88907 4.88978 4.89045 4.89141
 0 4.73403e-06 1.47179e-05 0.000185096 0.00143627 0.0071871 0.0252172 0.0666305 0.140531 0.247852 0.379255 0.518506 0.648776 0.758139 0.84179 0.900949 0.940169 0.964858 0.979781 0.98853 0.993546 0.99638 0.997967 0.998852 0.999346 0.999624 0.999781 0.99987 0.999922 0.999952 0.99997 0.999981 0.999987 0.999992 0.999994 0.999996 0.999997 0.999998 0.999998 0.999999 0.999999 0.999999 0.999999 0.999999 0.999999 0.999999 0.999999 0.999999 0.999999 0.999999 0.999999 0.999999 0.999999 0.999999 0.999999 0.999999 0.999999 0.999999 0.999999 0.999999 0.999999 0.999999 0.999999 0.999999 0.999999 0.999999 0.999999 0.999999 0.999999 0.999999 0.999999 0.999999 0.999999 0.999999 0.999999 0.999999 0.999999 0.999999 0.999999 0.999999 0.999999 0.999999 0.999999 0.999999 0.999999 0.999999 0.999999 0.999999 0.999999 0.999999 0.999999 0.999999 0.999999 0.999999 0.999999 0.999999 0.999999 0.999999 0.999999 0.999999 0.999999
# Sex ratio correction
1
# M and current age-structure in year Yinit: 2011
 # gender = 1
 0.0439034 0.0439034 0.0439034 0.0439034 0.0439034 0.0439034 0.0439034 0.0439034 0.0439034 0.0439034 0.0439034 0.0439034 0.0439034 0.0439034 0.0439034 0.0439034 0.0439034 0.0439034 0.0439034 0.0439034 0.0439034 0.0439034 0.0439034 0.0439034 0.0439034 0.0439034 0.0439034 0.0439034 0.0439034 0.0439034 0.0439034 0.0439034 0.0439034 0.0439034 0.0439034 0.0439034 0.0439034 0.0439034 0.0439034 0.0439034 0.0439034 0.0439034 0.0439034 0.0439034 0.0439034 0.0439034 0.0439034 0.0439034 0.0439034 0.0439034 0.0439034 0.0439034 0.0439034 0.0439034 0.0439034 0.0439034 0.0439034 0.0439034 0.0439034 0.0439034 0.0439034 0.0439034 0.0439034 0.0439034 0.0439034 0.0439034 0.0439034 0.0439034 0.0439034 0.0439034 0.0439034 0.0439034 0.0439034 0.0439034 0.0439034 0.0439034 0.0439034 0.0439034 0.0439034 0.0439034 0.0439034 0.0439034 0.0439034 0.0439034 0.0439034 0.0439034 0.0439034 0.0439034 0.0439034 0.0439034 0.0439034 0.0439034 0.0439034 0.0439034 0.0439034 0.0439034 0.0439034 0.0439034 0.0439034 0.0439034 0.0439034
 210.948 242.685 278.041 293.145 180.874 161.404 97.2589 59.0249 74.6488 177.788 60.8191 46.0495 81.8118 47.2629 31.446 25.0408 24.6892 47.9101 50.895 25.7769 21.0872 21.1873 20.4014 20.1724 21.8012 24.473 31.6194 29.8145 18.1476 16.1897 14.4523 13.4278 9.15749 6.75705 6.90501 6.03917 5.49022 3.96694 3.35584 3.77956 4.41364 3.51956 3.03636 2.27349 1.84085 1.66038 1.26847 0.996741 0.907235 0.919697 0.957722 0.95001 0.881849 0.794528 0.718326 0.664065 0.634288 0.627403 0.641729 0.675471 0.720382 0.756112 0.757797 0.719038 0.657033 0.592972 0.537289 0.492619 0.458274 0.4318 0.411006 0.39383 0.378718 0.364574 0.350602 0.336438 0.322022 0.307617 0.293559 0.280195 0.267756 0.256255 0.245613 0.235862 0.226821 0.218292 0.210113 0.202168 0.194368 0.186676 0.179083 0.171594 0.164235 0.157062 0.150054 0.143274 0.136752 0.1305 0.124525 0.118826 2.57428
# Age-structure at Ydeclare= 2013
 425.294 186.499 193.214 222.28 254.655 268.463 165.607 147.711 88.9384 53.917 68.1025 161.99 55.3516 41.8704 74.3338 42.9206 28.5466 22.7266 22.404 43.4713 46.1769 23.3865 19.1313 19.2218 18.5087 18.3007 19.7781 22.2014 28.6836 27.0454 16.4614 14.6847 13.108 12.1782 8.30488 6.12764 6.26156 5.47619 4.97822 3.59686 3.04266 3.42672 4.00146 3.19077 2.75263 2.06099 1.66875 1.50512 1.14983 0.903505 0.82236 0.833647 0.868106 0.86111 0.799323 0.720171 0.651097 0.601913 0.574921 0.56868 0.581664 0.612247 0.652953 0.685338 0.686864 0.651733 0.59553 0.537466 0.486994 0.446505 0.415375 0.391378 0.372531 0.356962 0.343265 0.330445 0.317781 0.304942 0.291876 0.27882 0.266077 0.253964 0.24269 0.232266 0.22262 0.213782 0.205588 0.197857 0.190444 0.183243 0.176173 0.169201 0.162319 0.155531 0.148861 0.142359 0.136007 0.129862 0.123951 0.118285 2.55389
# Year for Tmin Age-structure (set to Ydecl by SS)
2013
#  recruitment and biomass
# Number of historical assessment years
137
# Historical data
# year recruitment spawner in B0 in R project in R/S project
1888  1889 1890 1891 1892 1893 1894 1895 1896 1897 1898 1899 1900 1901 1902 1903 1904 1905 1906 1907 1908 1909 1910 1911 1912 1913 1914 1915 1916 1917 1918 1919 1920 1921 1922 1923 1924 1925 1926 1927 1928 1929 1930 1931 1932 1933 1934 1935 1936 1937 1938 1939 1940 1941 1942 1943 1944 1945 1946 1947 1948 1949 1950 1951 1952 1953 1954 1955 1956 1957 1958 1959 1960 1961 1962 1963 1964 1965 1966 1967 1968 1969 1970 1971 1972 1973 1974 1975 1976 1977 1978 1979 1980 1981 1982 1983 1984 1985 1986 1987 1988 1989 1990 1991 1992 1993 1994 1995 1996 1997 1998 1999 2000 2001 2002 2003 2004 2005 2006 2007 2008 2009 2010 2011 2012 2013 2014 2015 2016 2017 2018 2019 2020 2021 2022 2023 2024 #years (with first value representing R0)
209.734 211.969 212.048 212.131 212.217 212.298 212.382 212.47 212.567 212.67 212.777 212.888 213.004 213.126 213.252 213.381 213.514 213.654 213.797 213.953 214.116 214.283 214.456 214.63 214.802 214.96 215.092 215.175 215.186 215.095 214.859 214.401 213.76 212.878 211.739 210.351 208.733 206.928 205.019 203.102 201.293 199.712 198.443 197.386 196.535 195.82 195.047 193.995 192.507 190.511 188.134 185.637 183.438 181.997 181.867 183.668 187.927 195.123 205.014 216.248 225.252 225.909 214.455 194.353 173.313 156.567 145.526 139.84 139.121 142.947 150.118 158.096 161.475 154.177 140.029 130.406 134.94 161.205 197.33 203.606 232.683 285.588 301.923 342.461 263.004 207.669 216.535 262.221 250.305 246.17 205.216 234.536 287.112 255.63 235.019 215.079 287.988 249.423 158.686 117.339 91.2743 78.7632 71.0017 62.4408 68.6652 124.009 108.296 52.3114 50.0975 59.6564 85.2528 140.51 75.3856 94.9708 265.018 106.3 80.3493 126.63 201.061 215.61 334.421 303.56 253.577 210.948 194.869 425.294 205.867 278.946 206.003 102.087 98.3181 104.357 102.517 137.603 151.117 156.244 170.399  #recruits; first value is R0 (virgin)
1081.48  1081.48 1081.48 1081.46 1081.43 1080.97 1080.5 1080.04 1079.88 1079.81 1079.73 1079.66 1079.57 1079.5 1079.42 1079.36 1079.31 1079.27 1079.25 1079.24 1079.24 1079.13 1079.15 1079.17 1079.2 1079.23 1079.26 1079.3 1079.26 1079.3 1079.18 1076.99 1076.4 1075.94 1075.55 1075.45 1075.28 1074.57 1073.5 1071.63 1069.03 1066.54 1064.53 1062.17 1060.87 1059.75 1058.64 1057.02 1055.39 1052.8 1050.49 1047.89 1045.94 1042.85 1038.23 1033.27 1023.77 1013.62 998.22 984.086 977.755 970.678 965.303 959.133 951.346 944.723 939.795 933.685 927.781 921.653 914.145 907.093 900.862 895.565 891.939 887.502 884.663 883.062 871.656 867.52 861.62 855.327 840.335 830.219 816.85 800.245 782.722 763.324 744.25 722.521 701.237 667.509 632.141 605.493 571.174 516.563 487.982 466.171 438.93 416.331 388.431 364.099 334.156 312.859 276.054 242.973 211.235 193.634 176.498 157.799 136.235 128.449 116.689 117.787 117.854 123.283 128.792 134.668 140.568 146.885 152.64 158.814 164.829 171.383 178.299 185.504 193.581 202.349 211.596 221.801 232.014 243.729 256.608 271.742 288.325 305.133 322.635 #spbio; first value is SSB_virgin (virgin)
1 0 0 0 0 0 0 0 0 0 0 0 0 0 0 0 0 0 0 0 0 0 0 0 0 0 0 0 0 0 0 0 0 0 0 0 0 0 0 0 0 0 0 0 0 0 0 0 0 0 0 0 0 0 0 0 0 0 0 0 0 0 0 0 0 0 0 0 0 0 0 0 0 0 0 0 0 0 0 0 0 0 0 0 0 0 0 0 0 0 0 0 0 0 0 0 0 0 0 0 0 0 0 0 0 0 0 0 0 0 0 0 0 0 0 0 0 0 0 0 0 0 0 0 0 0 0 0 0 0 0 0 0 0 0 0 0  # in Bzero
0 1 1 1 1 1 1 1 1 1 1 1 1 1 1 1 1 1 1 1 1 1 1 1 1 1 1 1 1 1 1 1 1 1 1 1 1 1 1 1 1 1 1 1 1 1 1 1 1 1 1 1 1 1 1 1 1 1 1 1 1 1 1 1 1 1 1 1 1 1 1 1 1 1 1 1 1 1 1 1 1 1 1 1 1 1 1 1 1 1 1 1 1 1 1 1 1 1 1 1 1 1 1 1 1 1 1 1 1 1 1 1 1 1 1 1 1 1 1 1 1 1 1 1 1 1 1 1 1 1 1 1 1 1  0 0 0 # in R project
0 1 1 1 1 1 1 1 1 1 1 1 1 1 1 1 1 1 1 1 1 1 1 1 1 1 1 1 1 1 1 1 1 1 1 1 1 1 1 1 1 1 1 1 1 1 1 1 1 1 1 1 1 1 1 1 1 1 1 1 1 1 1 1 1 1 1 1 1 1 1 1 1 1 1 1 1 1 1 1 1 1 1 1 1 1 1 1 1 1 1 1 1 1 1 1 1 1 1 1 1 1 1 1 1 1 1 1 1 1 1 1 1 1 1 1 1 1 1 1 1 1 1 1 1 1 1 1 1 1 1 1 1 1  0 0 0 # in R/S project
# Number of years with pre-specified catches
0
# catches for years with pre-specified catches go next
# Number of future recruitments to override
-2
# Process for overiding (-1 for average otherwise index in data list)
# Which probability to product detailed results for (1=0.5; 2=0.6; etc.)
3
# Steepness sigma-R Auto-correlation
0.718 0.5 0
# Target SPR rate (FMSY Proxy); manually change to SPR_MSY if not using SPR_target
0.5
# Discount rate (for cumulative catch)
0.1
# Truncate the series when 0.4B0 is reached (1=Yes)
0
# Set F to FMSY once 0.4B0 is reached (1=Yes)
0
# Maximum possible F for projection (-1 to set to FMSY)
-1
# Defintion of recovery (1=now only;2=now or before)
2
# Projection type
4
# Definition of the 40-10 rule
10 40
# Sigma Assessment Error (Base, Year1, Slope, MaxSigma)
1.0 2025 0.075 2.0
# Pstar
0.45
# Constrain catches by the ABC (1=yes, 2=no)
2
# Implementation Error (0=no; 1=lognormal; 2=uniform)
0
#Parameters of Implementaion Error
1 0.3
# Calculate coefficients of variation (1=Yes)
0
# Number of replicates to use
10
# Random number seed
-99004
# File with multiple parameter vectors 
rebuild.SSO
# User-specific projection (1=Yes); Output replaced (1->9)
0  5
# Catches and Fs (Year; 1/2/3 (F or C or SPR); value); Final row is -1
2024 1 1
-1 -1 -1
# Fixed catch project (1=Yes); Output replaced (1->9); Approach (-1=Read in else 1-9)
0 2 -1
# (48a) Special catch options (1-Yes) [CUT_OFF, Emsy, distribution, MAXCAT, Add, replace_code]
0 0.18 1.00 1.00 0 6
# (48b) B1Target
150000
# Split of Fs
2011  0.0159234
 0
 0.375396
 0.0246246
 0.199557
 0.200287
 0.184212
-1  1 1 1 1 1 1 1 1 1 1 1 1
# Yrs to define T_target for projection type 4 (a.k.a. 5 pre-specified inputs)
2030 2031 2032 2033 2034 
# Year for probability of recovery
2034 2035 2036 2037 2038 2039 2040 2041
# Time varying weight-at-age (1=Yes;0=No)
0
# File with time series of weight-at-age data
none
# Use bisection (0) or linear interpolation (1)
1
# Target Depletion
0.4
# CV of implementation error
0
