#Title, #runnumber: 13 yelloweye_data.ss yelloweye_control.ss 6268.75 1076.7 357.949 StartTime: Tue Apr 15 11:37:52 2025
SSv3_default_rebuild.dat
# Number of sexes
1
# Age range to consider (minimum age; maximum age)
0 100
# Number of fleets
7
# First year of projection (Yinit)
2011
# First Year of rebuilding period (Ydecl)
2013
# Number of simulations
1000
# Maximum number of years
500
# Conduct projections with multiple starting values (0=No;else yes)
0
# Number of parameter vectors
1000
# Is the maximum age a plus-group (1=Yes;2=No)
1
# Generate future recruitments using historical recruitments (1)  historical recruits/spawner (2)  or a stock-recruitment (3)
3
# Constant fishing mortality (1) or constant Catch (2) projections
1
# Fishing mortality based on SPR (1) or actual rate (2)
1
# Pre-specify the year of recovery (or -1) to ignore
-1
# Fecundity-at-age
# 0 1 2 3 4 5 6 7 8 9 10 11 12 13 14 15 16 17 18 19 20 21 22 23 24 25 26 27 28 29 30 31 32 33 34 35 36 37 38 39 40 41 42 43 44 45 46 47 48 49 50 51 52 53 54 55 56 57 58 59 60 61 62 63 64 65 66 67 68 69 70 71 72 73 74 75 76 77 78 79 80 81 82 83 84 85 86 87 88 89 90 91 92 93 94 95 96 97 98 99 100 #runnumber: 13 yelloweye_data.ss yelloweye_control.ss 6268.75 1076.7 357.949
 0 0 2.60218e-09 4.94455e-08 5.88329e-07 5.0221e-06 3.33261e-05 0.00017936 0.000795591 0.0028978 0.00860601 0.0209648 0.0427805 0.0752457 0.117452 0.166977 0.220901 0.276624 0.332232 0.38652 0.438843 0.488927 0.536713 0.582249 0.625625 0.66694 0.706286 0.743745 0.779388 0.813279 0.845474 0.87603 0.904997 0.932429 0.958379 0.9829 1.00605 1.02787 1.04844 1.06779 1.08599 1.10309 1.11915 1.13421 1.14834 1.16157 1.17397 1.18557 1.19642 1.20657 1.21605 1.22491 1.23318 1.24091 1.24812 1.25484 1.26111 1.26696 1.27241 1.2775 1.28223 1.28664 1.29075 1.29458 1.29814 1.30146 1.30455 1.30742 1.3101 1.31258 1.3149 1.31709 1.31912 1.32101 1.32277 1.32441 1.32593 1.32735 1.32866 1.32989 1.33103 1.33208 1.33307 1.33398 1.33483 1.33562 1.33636 1.33704 1.33768 1.33827 1.33882 1.33933 1.3398 1.34024 1.34065 1.34103 1.34139 1.34172 1.34202 1.34231 1.34273 #female fecundity; weighted by N in year Y_init across morphs and areas
# Age specific selectivity and weight adjusted for discard and discard mortality
 #wt and selex for gender,fleet: 1 1 1_CA_TWL
 0.00896975 0.00908031 0.0267247 0.0655552 0.12391 0.201328 0.295503 0.40353 0.522433 0.649458 0.782214 0.918834 1.05817 1.1998 1.34376 1.48999 1.63809 1.78723 1.93629 2.08409 2.22953 2.37169 2.50986 2.64348 2.77218 2.89572 3.01395 3.1268 3.23426 3.33639 3.43328 3.52503 3.6118 3.69374 3.77101 3.84381 3.91232 3.97674 4.03724 4.09403 4.14729 4.19721 4.24396 4.28773 4.32868 4.36697 4.40276 4.43619 4.46742 4.49657 4.52378 4.54916 4.57283 4.59491 4.61548 4.63466 4.65253 4.66918 4.68469 4.69913 4.71257 4.72509 4.73674 4.74759 4.75768 4.76708 4.77582 4.78395 4.79151 4.79855 4.80513 4.81128 4.817 4.82233 4.82728 4.83188 4.83616 4.84014 4.84384 4.84728 4.85047 4.85345 4.85621 4.85878 4.86117 4.86338 4.86545 4.86737 4.86915 4.8708 4.87234 4.87377 4.8751 4.87634 4.87749 4.87856 4.87955 4.88047 4.88133 4.88212 4.8833
 0 0.000929485 0.00205969 0.00788507 0.0238256 0.0577882 0.116826 0.203385 0.31338 0.43715 0.562432 0.677742 0.774954 0.850505 0.905044 0.941946 0.96559 0.980082 0.988664 0.993616 0.996424 0.997997 0.998874 0.999362 0.999635 0.999788 0.999875 0.999925 0.999954 0.999971 0.999982 0.999988 0.999991 0.999994 0.999995 0.999996 0.999997 0.999997 0.999998 0.999998 0.999998 0.999998 0.999998 0.999998 0.999998 0.999998 0.999998 0.999998 0.999998 0.999998 0.999998 0.999998 0.999998 0.999998 0.999998 0.999998 0.999998 0.999998 0.999998 0.999998 0.999998 0.999998 0.999998 0.999998 0.999998 0.999998 0.999998 0.999998 0.999998 0.999998 0.999998 0.999998 0.999998 0.999998 0.999998 0.999998 0.999998 0.999997 0.999997 0.999997 0.999997 0.999997 0.999997 0.999997 0.999997 0.999997 0.999997 0.999997 0.999997 0.999997 0.999997 0.999997 0.999997 0.999997 0.999997 0.999997 0.999997 0.999997 0.999997 0.999997 0.999997
 #wt and selex for gender,fleet: 1 3 3_CA_REC
 0.00896975 0.00908025 0.0258154 0.0629635 0.118922 0.193297 0.284029 0.388463 0.503836 0.627565 0.757492 0.892202 1.03114 1.17425 1.32133 1.47166 1.62404 1.77703 1.92922 2.07935 2.22644 2.36972 2.50861 2.64269 2.77169 2.89541 3.01375 3.12667 3.23418 3.33634 3.43325 3.52501 3.61178 3.69372 3.77101 3.84381 3.91232 3.97673 4.03724 4.09403 4.14729 4.19721 4.24396 4.28773 4.32868 4.36697 4.40276 4.43619 4.46742 4.49657 4.52378 4.54916 4.57283 4.59491 4.61548 4.63466 4.65253 4.66918 4.68469 4.69913 4.71257 4.72509 4.73675 4.74759 4.75768 4.76708 4.77582 4.78395 4.79151 4.79855 4.80513 4.81128 4.81701 4.82233 4.82728 4.83188 4.83616 4.84014 4.84384 4.84728 4.85047 4.85345 4.85621 4.85878 4.86117 4.86339 4.86545 4.86737 4.86915 4.8708 4.87234 4.87378 4.87511 4.87634 4.87749 4.87856 4.87955 4.88047 4.88133 4.88213 4.8833
 0 0.00395307 0.00799617 0.0242979 0.0601706 0.123451 0.216819 0.335285 0.467388 0.598887 0.716848 0.812693 0.883542 0.931527 0.961611 0.979287 0.989145 0.994427 0.997176 0.998578 0.999284 0.999638 0.999815 0.999905 0.99995 0.999973 0.999985 0.999992 0.999995 0.999997 0.999998 0.999999 0.999999 0.999999 0.999999 0.999999 0.999999 0.999999 0.999999 0.999999 0.999999 0.999999 0.999999 0.999999 0.999999 0.999999 0.999999 0.999999 0.999999 0.999999 0.999999 0.999999 0.999999 0.999999 0.999999 0.999999 0.999999 0.999999 0.999999 0.999999 0.999999 0.999999 0.999999 0.999999 0.999999 0.999999 0.999999 0.999999 0.999999 0.999999 0.999999 0.999999 0.999999 0.999999 0.999999 0.999999 0.999999 0.999999 0.999999 0.999999 0.999999 0.999999 0.999999 0.999999 0.999999 0.999999 0.999999 0.999999 0.999999 0.999999 0.999999 0.999999 0.999999 0.999999 0.999999 0.999999 0.999999 0.999999 0.999999 0.999999 0.999999
 #wt and selex for gender,fleet: 1 4 4_ORWA_TWL
 0.00896974 0.00908015 0.0239657 0.0578654 0.110234 0.181277 0.269904 0.374235 0.492006 0.620834 0.758388 0.902489 1.05116 1.20265 1.35547 1.5084 1.66047 1.81096 1.9593 2.10503 2.2477 2.38691 2.52227 2.6534 2.78001 2.90184 3.0187 3.13048 3.23712 3.33861 3.43501 3.52639 3.61287 3.69459 3.77169 3.84436 3.91277 3.9771 4.03755 4.09429 4.14751 4.19739 4.24412 4.28787 4.3288 4.36707 4.40285 4.43627 4.46749 4.49664 4.52384 4.54921 4.57288 4.59495 4.61553 4.6347 4.65257 4.66922 4.68472 4.69916 4.7126 4.72512 4.73677 4.74762 4.75771 4.7671 4.77584 4.78397 4.79153 4.79857 4.80515 4.8113 4.81703 4.82235 4.8273 4.8319 4.83618 4.84016 4.84386 4.8473 4.85049 4.85346 4.85623 4.8588 4.86118 4.8634 4.86547 4.86738 4.86917 4.87082 4.87236 4.87379 4.87512 4.87636 4.87751 4.87858 4.87957 4.88049 4.88135 4.88214 4.88332
 0 0.0175938 0.0297513 0.0561291 0.0954131 0.148418 0.214139 0.28997 0.372254 0.456963 0.540287 0.619041 0.69087 0.754278 0.808564 0.853694 0.890167 0.918863 0.940885 0.957414 0.969584 0.978404 0.984715 0.989191 0.992345 0.994559 0.996113 0.997205 0.997973 0.998517 0.998905 0.999182 0.999383 0.999529 0.999636 0.999716 0.999775 0.99982 0.999854 0.999881 0.999901 0.999918 0.99993 0.999941 0.999949 0.999955 0.999961 0.999965 0.999969 0.999972 0.999975 0.999977 0.999979 0.99998 0.999982 0.999983 0.999984 0.999985 0.999986 0.999986 0.999987 0.999988 0.999988 0.999988 0.999989 0.999989 0.999989 0.99999 0.99999 0.99999 0.99999 0.99999 0.999991 0.999991 0.999991 0.999991 0.999991 0.999991 0.999991 0.999991 0.999991 0.999991 0.999991 0.999991 0.999991 0.999992 0.999992 0.999992 0.999992 0.999992 0.999992 0.999992 0.999992 0.999992 0.999992 0.999992 0.999992 0.999992 0.999992 0.999992 0.999992
 #wt and selex for gender,fleet: 1 5 5_ORWA_NONTWL
 0.00896975 0.00908025 0.0258628 0.0635755 0.121173 0.198774 0.294678 0.406374 0.531058 0.66595 0.808467 0.956299 1.10744 1.26017 1.41306 1.56496 1.71498 1.86251 2.00711 2.14853 2.28656 2.42104 2.55179 2.67861 2.8013 2.91967 3.03355 3.14279 3.2473 3.34703 3.44197 3.53217 3.61768 3.6986 3.77507 3.84721 3.91519 3.97917 4.03932 4.09582 4.14885 4.19857 4.24516 4.28879 4.32962 4.36781 4.40352 4.43688 4.46805 4.49715 4.52431 4.54965 4.57329 4.59534 4.61589 4.63504 4.65289 4.66952 4.68501 4.69944 4.71287 4.72538 4.73702 4.74786 4.75795 4.76733 4.77606 4.78419 4.79175 4.79878 4.80535 4.8115 4.81722 4.82254 4.82749 4.83209 4.83637 4.84035 4.84404 4.84748 4.85068 4.85365 4.85641 4.85898 4.86136 4.86358 4.86564 4.86756 4.86934 4.871 4.87254 4.87397 4.8753 4.87653 4.87768 4.87875 4.87974 4.88066 4.88152 4.88231 4.88349
 0 0.000665793 0.00135033 0.00423289 0.0112055 0.0252341 0.0495434 0.0866754 0.137678 0.201735 0.276338 0.357828 0.442098 0.525217 0.603876 0.675624 0.73894 0.793165 0.838368 0.875155 0.904472 0.927421 0.945123 0.958618 0.968815 0.976471 0.982197 0.986473 0.989665 0.992053 0.993844 0.995192 0.996214 0.996991 0.997587 0.998047 0.998404 0.998683 0.998904 0.999079 0.999219 0.999332 0.999424 0.999499 0.999561 0.999612 0.999655 0.999691 0.999721 0.999747 0.999769 0.999788 0.999804 0.999818 0.999831 0.999841 0.999851 0.999859 0.999866 0.999873 0.999879 0.999884 0.999889 0.999893 0.999896 0.9999 0.999903 0.999906 0.999908 0.99991 0.999912 0.999914 0.999915 0.999916 0.999917 0.999918 0.999919 0.99992 0.999921 0.999922 0.999922 0.999923 0.999923 0.999924 0.999924 0.999925 0.999925 0.999926 0.999926 0.999926 0.999927 0.999927 0.999927 0.999927 0.999928 0.999928 0.999928 0.999928 0.999928 0.999929 0.999929
 #wt and selex for gender,fleet: 1 6 6_OR_REC
 0.00896975 0.00908081 0.0325197 0.0785411 0.144393 0.227089 0.32216 0.425465 0.533829 0.645886 0.76268 0.886629 1.01947 1.16108 1.30966 1.46272 1.61781 1.77296 1.92663 2.07771 2.22536 2.36895 2.508 2.64216 2.77118 2.8949 3.01322 3.12611 3.2336 3.33573 3.4326 3.52434 3.61109 3.693 3.77026 3.84304 3.91153 3.97592 4.03641 4.09318 4.14642 4.19633 4.24307 4.28682 4.32775 4.36603 4.40181 4.43523 4.46645 4.49559 4.52279 4.54816 4.57183 4.5939 4.61447 4.63364 4.65151 4.66815 4.68365 4.69809 4.71153 4.72404 4.73569 4.74654 4.75663 4.76602 4.77475 4.78288 4.79044 4.79748 4.80405 4.81021 4.81593 4.82125 4.82619 4.83079 4.83507 4.83905 4.84275 4.84618 4.84938 4.85235 4.85511 4.85768 4.86007 4.86228 4.86435 4.86626 4.86804 4.8697 4.87124 4.87267 4.874 4.87523 4.87638 4.87745 4.87844 4.87936 4.88022 4.88102 4.88219
 0 2.04245e-05 8.82319e-05 0.00118871 0.00876248 0.0389025 0.115849 0.252831 0.433874 0.619604 0.772759 0.877754 0.939689 0.972165 0.987731 0.994697 0.997644 0.998816 0.999234 0.999336 0.999309 0.999226 0.999122 0.999009 0.998894 0.998778 0.998665 0.998555 0.998449 0.998346 0.998247 0.998153 0.998063 0.997977 0.997896 0.997819 0.997746 0.997677 0.997612 0.997551 0.997494 0.99744 0.997389 0.997341 0.997297 0.997255 0.997216 0.997179 0.997145 0.997113 0.997083 0.997055 0.997029 0.997004 0.996982 0.99696 0.996941 0.996922 0.996905 0.996889 0.996874 0.99686 0.996847 0.996835 0.996824 0.996814 0.996804 0.996795 0.996786 0.996779 0.996771 0.996764 0.996758 0.996752 0.996747 0.996741 0.996737 0.996732 0.996728 0.996724 0.996721 0.996717 0.996714 0.996711 0.996709 0.996706 0.996704 0.996702 0.9967 0.996698 0.996696 0.996695 0.996693 0.996692 0.99669 0.996689 0.996688 0.996687 0.996686 0.996685 0.996684
 #wt and selex for gender,fleet: 1 7 7_WA_REC
 0.00896975 0.00908062 0.0308512 0.0760414 0.142965 0.230118 0.333868 0.450234 0.575532 0.706638 0.84105 0.976941 1.11329 1.24995 1.3874 1.52628 1.66695 1.80922 1.95243 2.09556 2.23748 2.37709 2.51346 2.64587 2.77376 2.89676 3.01463 3.12725 3.23457 3.3366 3.43342 3.52513 3.61187 3.69378 3.77105 3.84384 3.91234 3.97675 4.03725 4.09404 4.1473 4.19722 4.24397 4.28773 4.32868 4.36697 4.40276 4.43619 4.46742 4.49657 4.52378 4.54916 4.57283 4.59491 4.61548 4.63466 4.65253 4.66918 4.68469 4.69913 4.71257 4.72509 4.73675 4.74759 4.75769 4.76708 4.77582 4.78395 4.79151 4.79855 4.80513 4.81128 4.81701 4.82233 4.82728 4.83188 4.83616 4.84014 4.84384 4.84728 4.85047 4.85345 4.85621 4.85878 4.86117 4.86339 4.86545 4.86737 4.86915 4.8708 4.87234 4.87378 4.87511 4.87634 4.87749 4.87856 4.87955 4.88047 4.88133 4.88213 4.88331
 0 7.32154e-06 2.55022e-05 0.000254088 0.00165478 0.00737026 0.0240343 0.0608725 0.125759 0.220544 0.339022 0.468781 0.595544 0.70759 0.79835 0.866556 0.914684 0.946935 0.967676 0.980598 0.98846 0.993165 0.995952 0.997594 0.99856 0.99913 0.999469 0.999671 0.999793 0.999868 0.999914 0.999944 0.999962 0.999974 0.999982 0.999987 0.999991 0.999993 0.999995 0.999996 0.999997 0.999997 0.999998 0.999998 0.999998 0.999999 0.999999 0.999999 0.999999 0.999999 0.999999 0.999999 0.999999 0.999999 0.999999 0.999999 0.999999 0.999999 0.999999 0.999999 0.999999 0.999999 0.999999 0.999999 0.999999 0.999999 0.999999 0.999999 0.999999 0.999999 0.999999 0.999999 0.999999 0.999999 0.999999 0.999999 0.999999 0.999999 0.999999 0.999999 0.999999 0.999999 0.999999 0.999999 0.999999 0.999999 0.999999 0.999999 0.999999 0.999999 0.999999 0.999999 0.999999 0.999999 0.999999 0.999999 0.999999 0.999999 0.999999 0.999999 0.999999
# Sex ratio correction
1
# M and current age-structure in year Yinit: 2011
 # gender = 1
 0.0439034 0.0439034 0.0439034 0.0439034 0.0439034 0.0439034 0.0439034 0.0439034 0.0439034 0.0439034 0.0439034 0.0439034 0.0439034 0.0439034 0.0439034 0.0439034 0.0439034 0.0439034 0.0439034 0.0439034 0.0439034 0.0439034 0.0439034 0.0439034 0.0439034 0.0439034 0.0439034 0.0439034 0.0439034 0.0439034 0.0439034 0.0439034 0.0439034 0.0439034 0.0439034 0.0439034 0.0439034 0.0439034 0.0439034 0.0439034 0.0439034 0.0439034 0.0439034 0.0439034 0.0439034 0.0439034 0.0439034 0.0439034 0.0439034 0.0439034 0.0439034 0.0439034 0.0439034 0.0439034 0.0439034 0.0439034 0.0439034 0.0439034 0.0439034 0.0439034 0.0439034 0.0439034 0.0439034 0.0439034 0.0439034 0.0439034 0.0439034 0.0439034 0.0439034 0.0439034 0.0439034 0.0439034 0.0439034 0.0439034 0.0439034 0.0439034 0.0439034 0.0439034 0.0439034 0.0439034 0.0439034 0.0439034 0.0439034 0.0439034 0.0439034 0.0439034 0.0439034 0.0439034 0.0439034 0.0439034 0.0439034 0.0439034 0.0439034 0.0439034 0.0439034 0.0439034 0.0439034 0.0439034 0.0439034 0.0439034 0.0439034
 253.911 242.119 263.812 300.036 202.261 172.838 111.916 66.3587 85.3934 173.33 69.1227 53.7176 99.6905 48.4259 33.03 27.6831 26.5484 42.4941 52.4297 32.8786 25.5149 24.2265 23.0814 22.7551 24.0008 26.5872 33.2922 34.7988 22.7138 18.4957 16.8294 16.6039 11.2045 8.56565 7.88934 6.71825 5.6388 4.53672 4.06579 4.18638 4.0999 3.72963 3.82426 2.86024 2.23031 2.03592 1.57572 1.21543 1.07125 1.04645 1.05893 1.04908 1.00013 0.929907 0.857136 0.795501 0.75293 0.729965 0.724351 0.732202 0.743859 0.745037 0.72684 0.692192 0.649426 0.606045 0.565494 0.529541 0.499333 0.474379 0.453729 0.435733 0.418848 0.40199 0.384565 0.366606 0.34846 0.33067 0.31367 0.297775 0.28312 0.269725 0.257463 0.246211 0.2358 0.226057 0.216848 0.208069 0.199632 0.191487 0.1836 0.175944 0.168514 0.161335 0.154362 0.147522 0.140953 0.134657 0.128632 0.122877 2.69579
# Age-structure at Ydeclare= 2013
 395.793 210.851 232.565 221.762 241.624 274.775 185.194 158.189 102.362 60.6363 77.9428 158.028 62.9547 48.8815 90.6532 44.0131 30.0089 25.1446 24.1096 38.586 47.6044 29.8513 23.1649 21.9947 20.9549 20.6583 21.7889 24.1365 30.2226 31.5892 20.6181 16.7884 15.2752 15.0698 10.1689 7.77355 7.1595 6.09652 5.11678 4.11658 3.68913 3.79842 3.71981 3.38376 3.46951 2.59483 2.0233 1.84691 1.42941 1.10255 0.971751 0.949238 0.960548 0.951603 0.907199 0.843494 0.777482 0.721573 0.682955 0.662123 0.657029 0.66415 0.674722 0.675789 0.659282 0.627853 0.589061 0.549712 0.512929 0.480318 0.452917 0.430282 0.411552 0.395228 0.379912 0.364621 0.348816 0.332527 0.316067 0.29993 0.284511 0.270094 0.256801 0.244652 0.233529 0.223324 0.213881 0.205044 0.196691 0.188728 0.181076 0.173688 0.166534 0.15959 0.15285 0.146339 0.140014 0.13381 0.127852 0.12214 2.67336
# Year for Tmin Age-structure (set to Ydecl by SS)
2013
#  recruitment and biomass
# Number of historical assessment years
137
# Historical data
# year recruitment spawner in B0 in R project in R/S project
1888  1889 1890 1891 1892 1893 1894 1895 1896 1897 1898 1899 1900 1901 1902 1903 1904 1905 1906 1907 1908 1909 1910 1911 1912 1913 1914 1915 1916 1917 1918 1919 1920 1921 1922 1923 1924 1925 1926 1927 1928 1929 1930 1931 1932 1933 1934 1935 1936 1937 1938 1939 1940 1941 1942 1943 1944 1945 1946 1947 1948 1949 1950 1951 1952 1953 1954 1955 1956 1957 1958 1959 1960 1961 1962 1963 1964 1965 1966 1967 1968 1969 1970 1971 1972 1973 1974 1975 1976 1977 1978 1979 1980 1981 1982 1983 1984 1985 1986 1987 1988 1989 1990 1991 1992 1993 1994 1995 1996 1997 1998 1999 2000 2001 2002 2003 2004 2005 2006 2007 2008 2009 2010 2011 2012 2013 2014 2015 2016 2017 2018 2019 2020 2021 2022 2023 2024 #years (with first value representing R0)
214.196 214.397 214.404 214.412 214.42 214.42 214.42 214.42 214.426 214.433 214.441 214.448 214.454 214.461 214.465 214.465 214.461 214.455 214.445 214.434 214.417 214.39 214.358 214.314 214.256 214.173 214.06 213.9 213.681 213.388 212.83 212.122 211.32 210.39 209.334 208.171 206.923 205.618 204.315 203.071 201.958 201.065 200.458 200.154 200.166 200.408 200.741 200.95 200.804 200.065 198.651 196.651 194.424 192.468 191.364 191.606 193.325 196.432 200.315 204.239 207.101 206.858 201.657 191.451 179.168 168.489 161.374 158.154 158.709 162.336 167.077 170.312 169.113 161.34 150.389 144.849 154.136 186.648 224.239 227.162 267.725 326.626 288.459 284.814 259.067 222.309 217.43 235.004 241.504 242.56 223.272 245.49 303.407 254.865 231.059 233.634 295.102 233.799 155.897 118.756 96.2259 84.5971 78.1659 73.5948 86.0825 126.349 95.3782 55.9805 55.1867 62.4851 87.1545 170.925 87.832 107.851 258.251 121.571 90.3236 145.709 215.302 241.103 342.281 288.025 252.985 253.911 220.315 395.793 223.918 277.931 196.956 125.451 122.514 114.74 111.376 144.546 157.698 162.767 176.264  #recruits; first value is R0 (virgin)
1076.7  1076.7 1076.69 1076.68 1076.65 1076.18 1075.72 1075.26 1075.1 1075.03 1074.95 1074.87 1074.77 1074.66 1074.54 1074.4 1074.24 1074.07 1073.89 1073.69 1073.49 1073.15 1072.91 1072.67 1072.41 1072.13 1071.84 1071.54 1071.16 1070.84 1070.34 1067.77 1066.78 1065.9 1065.09 1064.55 1063.92 1062.74 1061.18 1058.81 1055.69 1052.67 1050.1 1047.19 1045.31 1043.6 1041.89 1039.67 1037.46 1034.3 1031.45 1028.35 1025.94 1022.44 1017.48 1012.26 1002.58 992.342 976.979 963.005 956.922 950.224 945.34 939.783 932.728 926.917 922.85 917.625 912.572 907.198 900.283 893.604 887.485 882.043 878.078 873.203 869.949 868.042 856.541 852.572 847.109 841.502 827.443 818.4 806.228 790.924 774.769 756.816 739.255 719.139 699.525 667.609 633.95 608.681 575.506 521.788 493.675 472.104 444.824 422.122 393.927 369.168 338.804 317.317 280.399 247.36 215.867 198.556 181.725 163.489 142.549 135.474 124.548 126.401 127.251 133.358 139.508 145.97 152.377 159.118 165.226 171.702 177.984 184.798 191.969 199.417 207.728 216.733 226.227 236.681 247.109 258.96 271.862 286.917 303.346 319.96 337.247 #spbio; first value is SSB_virgin (virgin)
1 0 0 0 0 0 0 0 0 0 0 0 0 0 0 0 0 0 0 0 0 0 0 0 0 0 0 0 0 0 0 0 0 0 0 0 0 0 0 0 0 0 0 0 0 0 0 0 0 0 0 0 0 0 0 0 0 0 0 0 0 0 0 0 0 0 0 0 0 0 0 0 0 0 0 0 0 0 0 0 0 0 0 0 0 0 0 0 0 0 0 0 0 0 0 0 0 0 0 0 0 0 0 0 0 0 0 0 0 0 0 0 0 0 0 0 0 0 0 0 0 0 0 0 0 0 0 0 0 0 0 0 0 0 0 0 0  # in Bzero
0 1 1 1 1 1 1 1 1 1 1 1 1 1 1 1 1 1 1 1 1 1 1 1 1 1 1 1 1 1 1 1 1 1 1 1 1 1 1 1 1 1 1 1 1 1 1 1 1 1 1 1 1 1 1 1 1 1 1 1 1 1 1 1 1 1 1 1 1 1 1 1 1 1 1 1 1 1 1 1 1 1 1 1 1 1 1 1 1 1 1 1 1 1 1 1 1 1 1 1 1 1 1 1 1 1 1 1 1 1 1 1 1 1 1 1 1 1 1 1 1 1 1 1 1 1 1 1 1 1 1 1 1 1  0 0 0 # in R project
0 1 1 1 1 1 1 1 1 1 1 1 1 1 1 1 1 1 1 1 1 1 1 1 1 1 1 1 1 1 1 1 1 1 1 1 1 1 1 1 1 1 1 1 1 1 1 1 1 1 1 1 1 1 1 1 1 1 1 1 1 1 1 1 1 1 1 1 1 1 1 1 1 1 1 1 1 1 1 1 1 1 1 1 1 1 1 1 1 1 1 1 1 1 1 1 1 1 1 1 1 1 1 1 1 1 1 1 1 1 1 1 1 1 1 1 1 1 1 1 1 1 1 1 1 1 1 1 1 1 1 1 1 1  0 0 0 # in R/S project
# Number of years with pre-specified catches
0
# catches for years with pre-specified catches go next
# Number of future recruitments to override
-2
# Process for overiding (-1 for average otherwise index in data list)
# Which probability to product detailed results for (1=0.5; 2=0.6; etc.)
3
# Steepness sigma-R Auto-correlation
0.718 0.5 0
# Target SPR rate (FMSY Proxy); manually change to SPR_MSY if not using SPR_target
0.5
# Discount rate (for cumulative catch)
0.1
# Truncate the series when 0.4B0 is reached (1=Yes)
0
# Set F to FMSY once 0.4B0 is reached (1=Yes)
0
# Maximum possible F for projection (-1 to set to FMSY)
-1
# Defintion of recovery (1=now only;2=now or before)
2
# Projection type
4
# Definition of the 40-10 rule
10 40
# Sigma Assessment Error (Base, Year1, Slope, MaxSigma)
1.0 2025 0.075 2.0
# Pstar
0.45
# Constrain catches by the ABC (1=yes, 2=no)
2
# Implementation Error (0=no; 1=lognormal; 2=uniform)
0
#Parameters of Implementaion Error
1 0.3
# Calculate coefficients of variation (1=Yes)
0
# Number of replicates to use
10
# Random number seed
-99004
# File with multiple parameter vectors 
rebuild.SSO
# User-specific projection (1=Yes); Output replaced (1->9)
0  5
# Catches and Fs (Year; 1/2/3 (F or C or SPR); value); Final row is -1
2024 1 1
-1 -1 -1
# Fixed catch project (1=Yes); Output replaced (1->9); Approach (-1=Read in else 1-9)
0 2 -1
# (48a) Special catch options (1-Yes) [CUT_OFF, Emsy, distribution, MAXCAT, Add, replace_code]
0 0.18 1.00 1.00 0 6
# (48b) B1Target
150000
# Split of Fs
2011  0.0156395
 0
 0.368805
 0.0258706
 0.20172
 0.200781
 0.187185
-1  1 1 1 1 1 1 1 1 1 1 1 1
# Yrs to define T_target for projection type 4 (a.k.a. 5 pre-specified inputs)
2030 2031 2032 2033 2034 
# Year for probability of recovery
2034 2035 2036 2037 2038 2039 2040 2041
# Time varying weight-at-age (1=Yes;0=No)
0
# File with time series of weight-at-age data
none
# Use bisection (0) or linear interpolation (1)
1
# Target Depletion
0.4
# CV of implementation error
0
