#Title, #runnumber: 1 yelloweye_data.ss control_modified.ss 7226.74 1102.95 409.757 StartTime: Wed Apr 23 21:25:48 2025
SSv3_default_rebuild.dat
# Number of sexes
1
# Age range to consider (minimum age; maximum age)
0 100
# Number of fleets
7
# First year of projection (Yinit)
2011
# First Year of rebuilding period (Ydecl)
2013
# Number of simulations
1000
# Maximum number of years
500
# Conduct projections with multiple starting values (0=No;else yes)
0
# Number of parameter vectors
1000
# Is the maximum age a plus-group (1=Yes;2=No)
1
# Generate future recruitments using historical recruitments (1)  historical recruits/spawner (2)  or a stock-recruitment (3)
3
# Constant fishing mortality (1) or constant Catch (2) projections
1
# Fishing mortality based on SPR (1) or actual rate (2)
1
# Pre-specify the year of recovery (or -1) to ignore
-1
# Fecundity-at-age
# 0 1 2 3 4 5 6 7 8 9 10 11 12 13 14 15 16 17 18 19 20 21 22 23 24 25 26 27 28 29 30 31 32 33 34 35 36 37 38 39 40 41 42 43 44 45 46 47 48 49 50 51 52 53 54 55 56 57 58 59 60 61 62 63 64 65 66 67 68 69 70 71 72 73 74 75 76 77 78 79 80 81 82 83 84 85 86 87 88 89 90 91 92 93 94 95 96 97 98 99 100 #runnumber: 1 yelloweye_data.ss control_modified.ss 7226.74 1102.95 409.757
 0 0 2.77569e-09 5.76009e-08 7.31132e-07 6.54876e-06 4.49825e-05 0.000246999 0.00109708 0.00391816 0.0112334 0.0262569 0.05148 0.0874503 0.132661 0.184379 0.239669 0.296079 0.351886 0.406053 0.458049 0.50767 0.554894 0.599785 0.642441 0.682963 0.721447 0.757977 0.79263 0.825474 0.856574 0.885991 0.913787 0.940021 0.964755 0.988048 1.00996 1.03056 1.0499 1.06804 1.08505 1.10097 1.11588 1.12982 1.14286 1.15503 1.16639 1.177 1.18689 1.19611 1.2047 1.2127 1.22015 1.22709 1.23354 1.23955 1.24513 1.25032 1.25515 1.25964 1.26381 1.26768 1.27128 1.27462 1.27772 1.2806 1.28328 1.28576 1.28807 1.2902 1.29219 1.29406 1.2958 1.29741 1.29891 1.30029 1.30158 1.30277 1.30388 1.30491 1.30586 1.30674 1.30756 1.30832 1.30903 1.30968 1.31028 1.31085 1.31137 1.31185 1.3123 1.31271 1.3131 1.31345 1.31378 1.31409 1.31438 1.31464 1.31488 1.31511 1.31544 #female fecundity; weighted by N in year Y_init across morphs and areas
# Age specific selectivity and weight adjusted for discard and discard mortality
 #wt and selex for gender,fleet: 1 1 1_CA_TWL
 0.00896707 0.00910985 0.027831 0.0692856 0.131583 0.213833 0.313238 0.42648 0.55031 0.681813 0.818556 0.958738 1.10135 1.24606 1.39288 1.54164 1.69181 1.84246 1.99245 2.14059 2.28581 2.42723 2.56416 2.69612 2.82278 2.94392 3.05944 3.16933 3.27362 3.3724 3.46578 3.55393 3.637 3.7152 3.78871 3.85774 3.92249 3.98318 4.04002 4.09319 4.14291 4.18937 4.23275 4.27324 4.31101 4.34622 4.37904 4.40961 4.43808 4.46459 4.48925 4.5122 4.53354 4.55338 4.57183 4.58897 4.6049 4.61971 4.63346 4.64623 4.65809 4.6691 4.67932 4.68881 4.69762 4.70579 4.71338 4.72042 4.72695 4.73301 4.73867 4.74395 4.74885 4.75339 4.75761 4.76151 4.76514 4.7685 4.77162 4.77451 4.77719 4.77968 4.78198 4.78412 4.7861 4.78794 4.78964 4.79122 4.79269 4.79405 4.7953 4.79647 4.79755 4.79856 4.79949 4.80035 4.80115 4.80189 4.80258 4.80321 4.80414
 0 0.00105632 0.00239646 0.00911392 0.0271719 0.064788 0.128589 0.219856 0.333147 0.457896 0.581722 0.693742 0.786842 0.858448 0.909834 0.944557 0.966867 0.980629 0.988851 0.993646 0.996397 0.997957 0.998838 0.999334 0.999615 0.999774 0.999866 0.999919 0.99995 0.999968 0.999979 0.999986 0.99999 0.999993 0.999994 0.999996 0.999996 0.999997 0.999997 0.999997 0.999997 0.999997 0.999997 0.999997 0.999997 0.999997 0.999997 0.999997 0.999997 0.999997 0.999997 0.999997 0.999997 0.999997 0.999997 0.999997 0.999997 0.999997 0.999997 0.999997 0.999997 0.999997 0.999997 0.999997 0.999997 0.999997 0.999997 0.999997 0.999997 0.999997 0.999997 0.999997 0.999997 0.999997 0.999997 0.999997 0.999997 0.999997 0.999997 0.999997 0.999997 0.999997 0.999997 0.999997 0.999997 0.999997 0.999997 0.999997 0.999997 0.999997 0.999997 0.999997 0.999997 0.999997 0.999997 0.999997 0.999997 0.999997 0.999997 0.999997 0.999997
 #wt and selex for gender,fleet: 1 3 3_CA_REC
 0.00896707 0.00910974 0.0269449 0.0667135 0.126572 0.205707 0.301569 0.41109 0.531225 0.659249 0.793025 0.9313 1.07367 1.22007 1.37018 1.52313 1.67761 1.83213 1.98524 2.13573 2.28262 2.42517 2.56285 2.69529 2.82225 2.94358 3.05923 3.16919 3.27353 3.37234 3.46574 3.5539 3.63698 3.71518 3.7887 3.85773 3.92249 3.98318 4.04001 4.09319 4.14291 4.18937 4.23275 4.27324 4.31101 4.34622 4.37904 4.40962 4.43808 4.46459 4.48925 4.5122 4.53354 4.55338 4.57183 4.58897 4.60491 4.61971 4.63346 4.64623 4.65809 4.6691 4.67932 4.68881 4.69762 4.7058 4.71338 4.72042 4.72695 4.73301 4.73867 4.74395 4.74885 4.75339 4.75761 4.76151 4.76514 4.7685 4.77162 4.77451 4.77719 4.77968 4.78198 4.78412 4.7861 4.78794 4.78964 4.79122 4.79269 4.79405 4.79531 4.79647 4.79755 4.79856 4.79949 4.80035 4.80115 4.80189 4.80258 4.80321 4.80414
 0 0.00384988 0.0080289 0.0249678 0.0625564 0.128778 0.225741 0.347364 0.481149 0.612359 0.728279 0.821129 0.88898 0.934605 0.963146 0.979956 0.98939 0.994491 0.997175 0.99856 0.999266 0.999625 0.999807 0.999899 0.999947 0.999971 0.999984 0.999991 0.999995 0.999997 0.999998 0.999999 0.999999 0.999999 0.999999 0.999999 0.999999 0.999999 0.999999 0.999999 0.999999 0.999999 0.999999 0.999999 0.999999 0.999999 0.999999 0.999999 0.999999 0.999999 0.999999 0.999999 0.999999 0.999999 0.999999 0.999999 0.999999 0.999999 0.999999 0.999999 0.999999 0.999999 0.999999 0.999999 0.999999 0.999999 0.999999 0.999999 0.999999 0.999999 0.999999 0.999999 0.999999 0.999999 0.999999 0.999999 0.999999 0.999999 0.999999 0.999999 0.999999 0.999999 0.999999 0.999999 0.999999 0.999999 0.999999 0.999999 0.999999 0.999999 0.999999 0.999999 0.999999 0.999999 0.999999 0.999999 0.999999 0.999999 0.999999 0.999999 0.999999
 #wt and selex for gender,fleet: 1 4 4_ORWA_TWL
 0.00896707 0.00910958 0.0255553 0.0628727 0.119879 0.196197 0.289914 0.398451 0.519045 0.649037 0.786044 0.928148 1.07403 1.22291 1.37423 1.52734 1.68131 1.83505 1.98739 2.13722 2.28361 2.42582 2.56327 2.69555 2.82242 2.94369 3.0593 3.16924 3.27356 3.37235 3.46575 3.55391 3.63699 3.71519 3.7887 3.85773 3.92249 3.98318 4.04001 4.09319 4.14291 4.18937 4.23275 4.27324 4.31101 4.34622 4.37904 4.40961 4.43808 4.46459 4.48925 4.51219 4.53354 4.55338 4.57183 4.58897 4.6049 4.61971 4.63346 4.64623 4.65809 4.6691 4.67932 4.68881 4.69762 4.70579 4.71338 4.72042 4.72695 4.73301 4.73867 4.74395 4.74885 4.75339 4.7576 4.76151 4.76514 4.7685 4.77162 4.77451 4.77719 4.77968 4.78198 4.78412 4.7861 4.78794 4.78964 4.79122 4.79269 4.79405 4.7953 4.79647 4.79755 4.79856 4.79949 4.80035 4.80115 4.80189 4.80258 4.80321 4.80414
 0 0.01345 0.0246419 0.0558968 0.109075 0.186161 0.284392 0.396652 0.513517 0.625613 0.725391 0.808113 0.872117 0.918462 0.950021 0.970373 0.982905 0.990336 0.994615 0.997025 0.998363 0.999098 0.999501 0.999721 0.999842 0.99991 0.999947 0.999968 0.99998 0.999987 0.999991 0.999994 0.999995 0.999996 0.999997 0.999997 0.999997 0.999997 0.999997 0.999997 0.999997 0.999997 0.999997 0.999997 0.999997 0.999997 0.999997 0.999997 0.999997 0.999997 0.999997 0.999997 0.999997 0.999997 0.999997 0.999997 0.999997 0.999997 0.999997 0.999997 0.999997 0.999997 0.999997 0.999997 0.999997 0.999997 0.999997 0.999997 0.999997 0.999997 0.999997 0.999997 0.999997 0.999997 0.999997 0.999997 0.999997 0.999997 0.999997 0.999997 0.999997 0.999997 0.999997 0.999997 0.999997 0.999997 0.999997 0.999997 0.999997 0.999997 0.999997 0.999997 0.999997 0.999997 0.999997 0.999997 0.999997 0.999997 0.999997 0.999997 0.999997
 #wt and selex for gender,fleet: 1 5 5_ORWA_NONTWL
 0.00896707 0.00910977 0.0271743 0.0678918 0.129988 0.213142 0.315056 0.432683 0.562819 0.702425 0.848779 0.999526 1.15268 1.30659 1.45996 1.6118 1.76146 1.90848 2.05258 2.19356 2.3312 2.46526 2.59546 2.72153 2.8432 2.96022 3.07241 3.17962 3.28179 3.3789 3.47097 3.55809 3.64036 3.71793 3.79094 3.85958 3.92402 3.98447 4.0411 4.09411 4.1437 4.19005 4.23335 4.27377 4.31147 4.34664 4.37941 4.40995 4.43839 4.46486 4.48951 4.51243 4.53376 4.55358 4.57202 4.58915 4.60508 4.61987 4.63361 4.64638 4.65823 4.66923 4.67945 4.68894 4.69774 4.70591 4.7135 4.72053 4.72706 4.73312 4.73878 4.74405 4.74895 4.75349 4.75771 4.76161 4.76524 4.7686 4.77172 4.77461 4.77729 4.77977 4.78208 4.78422 4.7862 4.78803 4.78974 4.79132 4.79278 4.79414 4.7954 4.79656 4.79765 4.79865 4.79958 4.80044 4.80124 4.80198 4.80267 4.8033 4.80423
 0 0.000636894 0.00135406 0.00451766 0.0124796 0.0288414 0.057395 0.100867 0.159936 0.232931 0.316244 0.40516 0.494771 0.580714 0.659617 0.729288 0.78869 0.83777 0.877206 0.908132 0.931888 0.949826 0.963186 0.973033 0.980236 0.985481 0.989289 0.992055 0.994066 0.995534 0.996609 0.997401 0.997988 0.998427 0.998757 0.999008 0.999199 0.999347 0.999462 0.999552 0.999624 0.999681 0.999726 0.999763 0.999794 0.999819 0.999839 0.999857 0.999871 0.999883 0.999894 0.999903 0.99991 0.999917 0.999922 0.999927 0.999932 0.999936 0.999939 0.999942 0.999945 0.999947 0.999949 0.999951 0.999953 0.999954 0.999955 0.999957 0.999958 0.999959 0.99996 0.99996 0.999961 0.999961 0.999962 0.999962 0.999963 0.999963 0.999963 0.999964 0.999964 0.999964 0.999964 0.999965 0.999965 0.999965 0.999965 0.999965 0.999965 0.999966 0.999966 0.999966 0.999966 0.999966 0.999966 0.999966 0.999966 0.999966 0.999966 0.999966 0.999967
 #wt and selex for gender,fleet: 1 6 6_OR_REC
 0.00896707 0.00911118 0.0350629 0.0853228 0.15637 0.244014 0.342968 0.448776 0.558589 0.672134 0.791568 0.919542 1.05721 1.20364 1.35648 1.51297 1.67067 1.82762 1.98239 2.13392 2.28142 2.42432 2.56218 2.6947 2.82169 2.94303 3.05866 3.16861 3.27292 3.3717 3.46508 3.55321 3.63627 3.71444 3.78794 3.85695 3.92169 3.98236 4.03918 4.09234 4.14204 4.18849 4.23186 4.27234 4.3101 4.3453 4.37811 4.40867 4.43713 4.46363 4.48828 4.51122 4.53256 4.5524 4.57084 4.58798 4.60391 4.6187 4.63245 4.64522 4.65707 4.66808 4.6783 4.68779 4.6966 4.70477 4.71235 4.71939 4.72592 4.73198 4.73763 4.74291 4.74781 4.75235 4.75656 4.76047 4.76409 4.76745 4.77057 4.77346 4.77614 4.77862 4.78093 4.78306 4.78504 4.78688 4.78858 4.79016 4.79163 4.79298 4.79424 4.79541 4.79649 4.79749 4.79842 4.79928 4.80008 4.80082 4.80151 4.80215 4.80307
 0 1.78435e-05 8.99649e-05 0.00136118 0.0105251 0.0469974 0.13742 0.290916 0.482127 0.665944 0.808173 0.900344 0.952253 0.978483 0.99068 0.995993 0.998175 0.999005 0.99927 0.999304 0.999244 0.999145 0.999032 0.998914 0.998795 0.998678 0.998564 0.998454 0.998348 0.998246 0.998149 0.998056 0.997968 0.997885 0.997806 0.997732 0.997662 0.997596 0.997534 0.997476 0.997421 0.99737 0.997323 0.997278 0.997236 0.997197 0.997161 0.997127 0.997095 0.997065 0.997038 0.997012 0.996989 0.996966 0.996946 0.996926 0.996909 0.996892 0.996877 0.996862 0.996849 0.996837 0.996825 0.996814 0.996805 0.996795 0.996787 0.996779 0.996772 0.996765 0.996758 0.996752 0.996747 0.996742 0.996737 0.996733 0.996728 0.996725 0.996721 0.996718 0.996715 0.996712 0.996709 0.996707 0.996705 0.996703 0.996701 0.996699 0.996697 0.996696 0.996694 0.996693 0.996692 0.996691 0.99669 0.996689 0.996688 0.996687 0.996686 0.996685 0.996684
 #wt and selex for gender,fleet: 1 7 7_WA_REC
 0.00896707 0.00911101 0.0345833 0.085895 0.160798 0.256134 0.366862 0.488143 0.615948 0.747194 0.879788 1.01277 1.14637 1.28159 1.41951 1.56068 1.70485 1.85106 1.99793 2.144 2.28789 2.42848 2.56491 2.69657 2.82304 2.94407 3.05954 3.16939 3.27366 3.37242 3.46579 3.55393 3.63701 3.7152 3.78871 3.85774 3.9225 3.98319 4.04002 4.09319 4.14291 4.18937 4.23275 4.27324 4.31101 4.34623 4.37904 4.40962 4.43809 4.46459 4.48925 4.5122 4.53354 4.55338 4.57183 4.58897 4.60491 4.61971 4.63346 4.64623 4.65809 4.6691 4.67932 4.68881 4.69762 4.7058 4.71338 4.72042 4.72695 4.73301 4.73867 4.74395 4.74885 4.75339 4.75761 4.76151 4.76514 4.7685 4.77162 4.77451 4.77719 4.77968 4.78198 4.78412 4.7861 4.78794 4.78964 4.79122 4.79269 4.79405 4.79531 4.79647 4.79755 4.79856 4.79949 4.80035 4.80115 4.80189 4.80258 4.80321 4.80414
 0 2.50786e-06 1.17368e-05 0.000172442 0.00145619 0.00765311 0.0275257 0.0733644 0.154466 0.270174 0.408392 0.550566 0.679301 0.783871 0.861404 0.914726 0.949237 0.97053 0.983195 0.990527 0.994691 0.997028 0.998331 0.999056 0.999461 0.999689 0.999817 0.999891 0.999934 0.999959 0.999974 0.999983 0.999989 0.999993 0.999995 0.999996 0.999997 0.999998 0.999998 0.999999 0.999999 0.999999 0.999999 0.999999 0.999999 0.999999 0.999999 0.999999 0.999999 0.999999 0.999999 0.999999 0.999999 0.999999 0.999999 0.999999 0.999999 0.999999 0.999999 0.999999 0.999999 0.999999 0.999999 0.999999 0.999999 0.999999 0.999999 0.999999 0.999999 0.999999 0.999999 0.999999 0.999999 0.999999 0.999999 0.999999 0.999999 0.999999 0.999999 0.999999 0.999999 0.999999 0.999999 0.999999 0.999999 0.999999 0.999999 0.999999 0.999999 0.999999 0.999999 0.999999 0.999999 0.999999 0.999999 0.999999 0.999999 0.999999 0.999999 0.999999 0.999999
# Sex ratio correction
1
# M and current age-structure in year Yinit: 2011
 # gender = 1
 0.0455 0.0455 0.0455 0.0455 0.0455 0.0455 0.0455 0.0455 0.0455 0.0455 0.0455 0.0455 0.0455 0.0455 0.0455 0.0455 0.0455 0.0455 0.0455 0.0455 0.0455 0.0455 0.0455 0.0455 0.0455 0.0455 0.0455 0.0455 0.0455 0.0455 0.0455 0.0455 0.0455 0.0455 0.0455 0.0455 0.0455 0.0455 0.0455 0.0455 0.0455 0.0455 0.0455 0.0455 0.0455 0.0455 0.0455 0.0455 0.0455 0.0455 0.0455 0.0455 0.0455 0.0455 0.0455 0.0455 0.0455 0.0455 0.0455 0.0455 0.0455 0.0455 0.0455 0.0455 0.0455 0.0455 0.0455 0.0455 0.0455 0.0455 0.0455 0.0455 0.0455 0.0455 0.0455 0.0455 0.0455 0.0455 0.0455 0.0455 0.0455 0.0455 0.0455 0.0455 0.0455 0.0455 0.0455 0.0455 0.0455 0.0455 0.0455 0.0455 0.0455 0.0455 0.0455 0.0455 0.0455 0.0455 0.0455 0.0455 0.0455
 248.688 307.054 315.012 365.573 214.019 196.683 111.778 69.9056 99.3884 227.637 66.5252 53.1153 93.0946 59.2352 36.6836 29.0997 28.9963 56.7948 61.0024 29.636 23.8186 23.8839 23.2496 23.6819 27.0358 29.9201 36.8153 35.6068 22.2446 24.0357 20.4292 16.338 11.8027 7.93773 9.07345 8.23521 8.36114 5.25016 4.28795 5.05739 7.76733 4.9191 3.65839 3.07914 2.39131 2.01362 1.59471 1.30128 1.21765 1.27968 1.39546 1.41587 1.27952 1.10858 0.978533 0.895461 0.85419 0.850932 0.884896 0.958429 1.07004 1.19684 1.2703 1.21523 1.06771 0.91621 0.796106 0.70816 0.644757 0.597808 0.561964 0.533682 0.510769 0.491588 0.474545 0.458297 0.441863 0.424932 0.407693 0.390697 0.374519 0.359589 0.34602 0.333769 0.322586 0.312094 0.301768 0.291601 0.281392 0.271043 0.260527 0.249869 0.239146 0.228492 0.217938 0.20763 0.197659 0.18808 0.178927 0.170215 3.49051
# Age-structure at Ydeclare= 2013
 505.372 216.397 227.055 280.341 287.598 333.729 195.337 179.441 101.911 63.6771 90.4391 206.926 60.4169 48.2023 84.436 53.7041 33.249 26.3704 26.2736 51.4583 55.2681 26.8495 21.5787 21.6376 21.0627 21.4541 24.4922 27.1048 33.3507 32.2552 20.1502 21.772 18.5046 14.7985 10.6902 7.18935 8.2178 7.45844 7.57234 4.75475 3.88326 4.58 7.03402 4.45461 3.31289 2.78831 2.16542 1.82339 1.44404 1.17833 1.10259 1.15875 1.26359 1.28207 1.15859 1.00381 0.886052 0.81083 0.773459 0.770509 0.801261 0.867844 0.968903 1.08372 1.15024 1.10037 0.966788 0.829612 0.720859 0.641225 0.583815 0.541303 0.508847 0.483238 0.462491 0.445122 0.42969 0.414978 0.400097 0.384767 0.369157 0.353768 0.339119 0.3256 0.313314 0.302221 0.292095 0.282594 0.273245 0.264039 0.254795 0.245423 0.235902 0.226251 0.216542 0.206895 0.197339 0.188005 0.178977 0.170303 3.47673
# Year for Tmin Age-structure (set to Ydecl by SS)
2013
#  recruitment and biomass
# Number of historical assessment years
137
# Historical data
# year recruitment spawner in B0 in R project in R/S project
1888  1889 1890 1891 1892 1893 1894 1895 1896 1897 1898 1899 1900 1901 1902 1903 1904 1905 1906 1907 1908 1909 1910 1911 1912 1913 1914 1915 1916 1917 1918 1919 1920 1921 1922 1923 1924 1925 1926 1927 1928 1929 1930 1931 1932 1933 1934 1935 1936 1937 1938 1939 1940 1941 1942 1943 1944 1945 1946 1947 1948 1949 1950 1951 1952 1953 1954 1955 1956 1957 1958 1959 1960 1961 1962 1963 1964 1965 1966 1967 1968 1969 1970 1971 1972 1973 1974 1975 1976 1977 1978 1979 1980 1981 1982 1983 1984 1985 1986 1987 1988 1989 1990 1991 1992 1993 1994 1995 1996 1997 1998 1999 2000 2001 2002 2003 2004 2005 2006 2007 2008 2009 2010 2011 2012 2013 2014 2015 2016 2017 2018 2019 2020 2021 2022 2023 2024 #years (with first value representing R0)
233.65 239.54 239.759 239.986 240.223 240.459 240.705 240.961 241.235 241.522 241.822 242.135 242.464 242.808 243.169 243.544 243.939 244.357 244.798 245.272 245.774 246.305 246.864 247.442 248.035 248.618 249.163 249.618 249.926 250.016 249.794 249.132 248.04 246.435 244.295 241.657 238.588 235.203 231.679 228.022 224.589 221.575 219.053 216.954 215.126 213.272 211.084 208.334 205.02 201.375 197.876 195.052 193.415 193.375 195.415 200.305 209.157 223.576 244.679 271.132 293.397 291.536 261.047 221.762 188.7 165.483 151.123 144.039 143.337 148.639 159.735 174.794 183.258 170.978 148.255 133.188 134.119 154.441 182.641 202.29 241.714 264.873 326.233 468.259 274.966 208.61 226.839 318.5 274.578 262.804 198.094 251.615 295.004 310.001 304.458 234.166 311.079 267.472 181.864 138.714 103.737 88.0977 79.4682 70.6723 79.6454 150.647 130.475 62.5307 59.2827 70.8607 108.745 162.615 88.3569 105.45 344.043 143.309 96.2185 146.928 246.968 256.754 419.047 345.024 321.348 248.688 226.47 505.372 247.302 329.369 233.178 118.065 114.412 120.35 119.784 158.811 178.241 183.554 197.624  #recruits; first value is R0 (virgin)
1102.95  1102.95 1102.95 1102.93 1102.91 1102.44 1101.99 1101.53 1101.37 1101.3 1101.23 1101.17 1101.12 1101.1 1101.12 1101.2 1101.33 1101.52 1101.78 1102.09 1102.45 1102.74 1103.19 1103.68 1104.2 1104.74 1105.32 1105.93 1106.49 1107.15 1107.67 1106.17 1106.28 1106.53 1106.89 1107.56 1108.18 1108.29 1108.08 1107.1 1105.44 1103.9 1102.84 1101.46 1101.12 1100.93 1100.74 1099.99 1099.17 1097.31 1095.63 1093.55 1091.97 1089.11 1084.61 1079.6 1069.95 1059.48 1043.66 1028.93 1021.77 1013.72 1007.21 999.769 990.62 982.562 976.17 968.655 961.481 954.322 946.142 938.842 932.808 928.113 925.368 921.975 920.141 919.378 908.687 904.874 899.02 892.512 877.175 866.512 852.507 835.187 816.844 796.502 776.325 753.321 730.6 695.36 658.522 630.529 595.198 540.166 511.288 489.399 462.359 440.03 412.577 388.705 359.329 338.545 302.624 270.536 239.891 223.322 207.244 189.606 169.057 162.218 151.361 153.338 154.202 160.418 166.645 173.179 179.68 186.555 192.826 199.497 206.008 213.085 220.599 228.52 237.463 247.261 257.712 269.312 281.146 294.725 309.715 327.175 346.269 365.738 386.008 #spbio; first value is SSB_virgin (virgin)
1 0 0 0 0 0 0 0 0 0 0 0 0 0 0 0 0 0 0 0 0 0 0 0 0 0 0 0 0 0 0 0 0 0 0 0 0 0 0 0 0 0 0 0 0 0 0 0 0 0 0 0 0 0 0 0 0 0 0 0 0 0 0 0 0 0 0 0 0 0 0 0 0 0 0 0 0 0 0 0 0 0 0 0 0 0 0 0 0 0 0 0 0 0 0 0 0 0 0 0 0 0 0 0 0 0 0 0 0 0 0 0 0 0 0 0 0 0 0 0 0 0 0 0 0 0 0 0 0 0 0 0 0 0 0 0 0  # in Bzero
0 1 1 1 1 1 1 1 1 1 1 1 1 1 1 1 1 1 1 1 1 1 1 1 1 1 1 1 1 1 1 1 1 1 1 1 1 1 1 1 1 1 1 1 1 1 1 1 1 1 1 1 1 1 1 1 1 1 1 1 1 1 1 1 1 1 1 1 1 1 1 1 1 1 1 1 1 1 1 1 1 1 1 1 1 1 1 1 1 1 1 1 1 1 1 1 1 1 1 1 1 1 1 1 1 1 1 1 1 1 1 1 1 1 1 1 1 1 1 1 1 1 1 1 1 1 1 1 1 1 1 1 1 1  0 0 0 # in R project
0 1 1 1 1 1 1 1 1 1 1 1 1 1 1 1 1 1 1 1 1 1 1 1 1 1 1 1 1 1 1 1 1 1 1 1 1 1 1 1 1 1 1 1 1 1 1 1 1 1 1 1 1 1 1 1 1 1 1 1 1 1 1 1 1 1 1 1 1 1 1 1 1 1 1 1 1 1 1 1 1 1 1 1 1 1 1 1 1 1 1 1 1 1 1 1 1 1 1 1 1 1 1 1 1 1 1 1 1 1 1 1 1 1 1 1 1 1 1 1 1 1 1 1 1 1 1 1 1 1 1 1 1 1  0 0 0 # in R/S project
# Number of years with pre-specified catches
0
# catches for years with pre-specified catches go next
# Number of future recruitments to override
-2
# Process for overiding (-1 for average otherwise index in data list)
# Which probability to product detailed results for (1=0.5; 2=0.6; etc.)
3
# Steepness sigma-R Auto-correlation
0.718 0.5 0
# Target SPR rate (FMSY Proxy); manually change to SPR_MSY if not using SPR_target
0.5
# Discount rate (for cumulative catch)
0.1
# Truncate the series when 0.4B0 is reached (1=Yes)
0
# Set F to FMSY once 0.4B0 is reached (1=Yes)
0
# Maximum possible F for projection (-1 to set to FMSY)
-1
# Defintion of recovery (1=now only;2=now or before)
2
# Projection type
4
# Definition of the 40-10 rule
10 40
# Sigma Assessment Error (Base, Year1, Slope, MaxSigma)
1.0 2025 0.075 2.0
# Pstar
0.45
# Constrain catches by the ABC (1=yes, 2=no)
2
# Implementation Error (0=no; 1=lognormal; 2=uniform)
0
#Parameters of Implementaion Error
1 0.3
# Calculate coefficients of variation (1=Yes)
0
# Number of replicates to use
10
# Random number seed
-99004
# File with multiple parameter vectors 
rebuild.SSO
# User-specific projection (1=Yes); Output replaced (1->9)
0  5
# Catches and Fs (Year; 1/2/3 (F or C or SPR); value); Final row is -1
2024 1 1
-1 -1 -1
# Fixed catch project (1=Yes); Output replaced (1->9); Approach (-1=Read in else 1-9)
0 2 -1
# (48a) Special catch options (1-Yes) [CUT_OFF, Emsy, distribution, MAXCAT, Add, replace_code]
0 0.18 1.00 1.00 0 6
# (48b) B1Target
150000
# Split of Fs
2011  0.0167721
 0
 0.395584
 0.0237701
 0.191744
 0.195055
 0.177075
-1  1 1 1 1 1 1 1 1 1 1 1 1
# Yrs to define T_target for projection type 4 (a.k.a. 5 pre-specified inputs)
2030 2031 2032 2033 2034 
# Year for probability of recovery
2034 2035 2036 2037 2038 2039 2040 2041
# Time varying weight-at-age (1=Yes;0=No)
0
# File with time series of weight-at-age data
none
# Use bisection (0) or linear interpolation (1)
1
# Target Depletion
0.4
# CV of implementation error
0
