#Title, #runnumber: 1 yelloweye_data.ss yelloweye_control.ss 5700.25 1132.38 423.634 StartTime: Sun Apr 27 22:20:28 2025
SSv3_default_rebuild.dat
# Number of sexes
1
# Age range to consider (minimum age; maximum age)
0 100
# Number of fleets
7
# First year of projection (Yinit)
2011
# First Year of rebuilding period (Ydecl)
2013
# Number of simulations
1000
# Maximum number of years
500
# Conduct projections with multiple starting values (0=No;else yes)
0
# Number of parameter vectors
1000
# Is the maximum age a plus-group (1=Yes;2=No)
1
# Generate future recruitments using historical recruitments (1)  historical recruits/spawner (2)  or a stock-recruitment (3)
3
# Constant fishing mortality (1) or constant Catch (2) projections
1
# Fishing mortality based on SPR (1) or actual rate (2)
1
# Pre-specify the year of recovery (or -1) to ignore
-1
# Fecundity-at-age
# 0 1 2 3 4 5 6 7 8 9 10 11 12 13 14 15 16 17 18 19 20 21 22 23 24 25 26 27 28 29 30 31 32 33 34 35 36 37 38 39 40 41 42 43 44 45 46 47 48 49 50 51 52 53 54 55 56 57 58 59 60 61 62 63 64 65 66 67 68 69 70 71 72 73 74 75 76 77 78 79 80 81 82 83 84 85 86 87 88 89 90 91 92 93 94 95 96 97 98 99 100 #runnumber: 1 yelloweye_data.ss yelloweye_control.ss 5700.25 1132.38 423.634
 0 0 3.18037e-08 3.99465e-07 3.57664e-06 2.46799e-05 0.000136044 0.000603274 0.00214552 0.00616652 0.014644 0.0295852 0.0523549 0.0832694 0.121606 0.16592 0.214452 0.265484 0.317554 0.369547 0.420691 0.470499 0.518702 0.565177 0.609889 0.652859 0.694127 0.733744 0.771762 0.808228 0.843185 0.876672 0.908727 0.939384 0.968678 0.996643 1.02331 1.04873 1.07292 1.09593 1.1178 1.13856 1.15826 1.17693 1.19463 1.21138 1.22723 1.24221 1.25637 1.26975 1.28238 1.29429 1.30553 1.31613 1.32612 1.33552 1.34439 1.35273 1.36058 1.36797 1.37492 1.38146 1.38761 1.39338 1.39881 1.40392 1.40871 1.41322 1.41745 1.42142 1.42515 1.42874 1.43212 1.43528 1.43826 1.44104 1.44366 1.44612 1.44842 1.45058 1.45261 1.45451 1.4563 1.45797 1.45954 1.46101 1.46239 1.46369 1.4649 1.46604 1.4671 1.4681 1.46904 1.46992 1.47075 1.47152 1.47224 1.47292 1.47356 1.47415 1.47509 #female fecundity; weighted by N in year Y_init across morphs and areas
# Age specific selectivity and weight adjusted for discard and discard mortality
 #wt and selex for gender,fleet: 1 1 1_CA_TWL
 0.0111395 0.023263 0.0626774 0.120991 0.197721 0.289917 0.394157 0.507309 0.62677 0.750506 0.877032 1.00538 1.13508 1.266 1.39828 1.53207 1.66746 1.80431 1.94231 2.08089 2.21939 2.35704 2.49309 2.62682 2.75762 2.885 3.00854 3.12797 3.24307 3.35373 3.45989 3.56152 3.65867 3.75138 3.83975 3.92386 4.00384 4.07981 4.15191 4.22027 4.28503 4.34635 4.40436 4.4592 4.51102 4.55996 4.60616 4.64974 4.69084 4.72958 4.76609 4.80048 4.83286 4.86334 4.89203 4.91901 4.9444 4.96827 4.99071 5.0118 5.03162 5.05024 5.06774 5.08417 5.09961 5.1141 5.1277 5.14048 5.15247 5.16372 5.17438 5.18448 5.19396 5.20285 5.2112 5.21902 5.22636 5.23325 5.23971 5.24576 5.25144 5.25677 5.26177 5.26645 5.27084 5.27496 5.27882 5.28244 5.28583 5.28902 5.292 5.29479 5.29742 5.29987 5.30218 5.30433 5.30636 5.30825 5.31003 5.3117 5.31431
 0 0.000722816 0.00273864 0.00898317 0.0236931 0.0519654 0.0979578 0.163195 0.245831 0.341073 0.442398 0.542994 0.636991 0.72022 0.790454 0.84722 0.891358 0.924501 0.948623 0.965694 0.977476 0.985431 0.990696 0.994123 0.996321 0.997713 0.998585 0.999128 0.999463 0.999669 0.999796 0.999873 0.999921 0.99995 0.999968 0.999979 0.999986 0.999991 0.999993 0.999995 0.999996 0.999997 0.999997 0.999998 0.999998 0.999998 0.999998 0.999998 0.999998 0.999998 0.999998 0.999998 0.999998 0.999998 0.999998 0.999998 0.999998 0.999998 0.999998 0.999998 0.999998 0.999998 0.999998 0.999998 0.999998 0.999998 0.999998 0.999998 0.999998 0.999997 0.999997 0.999997 0.999997 0.999997 0.999997 0.999997 0.999997 0.999997 0.999997 0.999997 0.999997 0.999997 0.999997 0.999997 0.999997 0.999997 0.999997 0.999997 0.999997 0.999997 0.999997 0.999997 0.999997 0.999997 0.999997 0.999997 0.999997 0.999997 0.999997 0.999997 0.999997
 #wt and selex for gender,fleet: 1 3 3_CA_REC
 0.0110381 0.0216155 0.0565747 0.10919 0.178974 0.263682 0.360541 0.466891 0.580435 0.69935 0.82236 0.948751 1.07827 1.21093 1.34674 1.48555 1.62696 1.7703 1.9147 2.05921 2.20287 2.34479 2.48423 2.62056 2.75329 2.88204 3.00655 3.12664 3.2422 3.35316 3.45951 3.56128 3.65851 3.75128 3.83968 3.92382 4.00381 4.07979 4.1519 4.22026 4.28503 4.34635 4.40435 4.4592 4.51102 4.55996 4.60616 4.64974 4.69084 4.72958 4.76609 4.80048 4.83286 4.86334 4.89203 4.91902 4.9444 4.96827 4.99071 5.0118 5.03162 5.05024 5.06774 5.08417 5.09961 5.1141 5.1277 5.14048 5.15247 5.16372 5.17438 5.18448 5.19396 5.20285 5.2112 5.21902 5.22636 5.23325 5.23971 5.24576 5.25145 5.25677 5.26177 5.26645 5.27084 5.27496 5.27882 5.28244 5.28584 5.28902 5.292 5.2948 5.29742 5.29987 5.30218 5.30434 5.30636 5.30826 5.31003 5.3117 5.31431
 0 0.00588624 0.0158722 0.0382977 0.0783922 0.139504 0.221209 0.319141 0.42617 0.534189 0.635809 0.725558 0.800412 0.859675 0.904426 0.936803 0.959338 0.974483 0.984347 0.990592 0.994447 0.996774 0.998152 0.998953 0.999412 0.999672 0.999818 0.999899 0.999944 0.999969 0.999983 0.99999 0.999994 0.999997 0.999998 0.999999 0.999999 0.999999 0.999999 0.999999 0.999999 0.999999 0.999999 0.999999 0.999999 0.999999 0.999999 0.999999 0.999999 0.999999 0.999999 0.999999 0.999999 0.999999 0.999999 0.999999 0.999999 0.999999 0.999999 0.999999 0.999999 0.999999 0.999999 0.999999 0.999999 0.999999 0.999999 0.999999 0.999999 0.999999 0.999999 0.999999 0.999999 0.999999 0.999999 0.999999 0.999999 0.999999 0.999999 0.999999 0.999999 0.999999 0.999999 0.999999 0.999999 0.999999 0.999999 0.999999 0.999999 0.999999 0.999999 0.999999 0.999999 0.999999 0.999999 0.999999 0.999999 0.999999 0.999999 0.999999 0.999999
 #wt and selex for gender,fleet: 1 4 4_ORWA_TWL
 0.0109584 0.0203005 0.0515674 0.100433 0.166967 0.249862 0.347062 0.456276 0.575264 0.701974 0.834594 0.971563 1.11155 1.25346 1.39639 1.53962 1.68259 1.82485 1.96603 2.10582 2.2439 2.37995 2.51365 2.64467 2.77271 2.89745 3.01863 3.13601 3.2494 3.35866 3.46369 3.56445 3.66091 3.75309 3.84105 3.92485 4.0046 4.08039 4.15236 4.22061 4.2853 4.34656 4.40452 4.45933 4.51113 4.56005 4.60622 4.64979 4.69089 4.72962 4.76612 4.80051 4.83288 4.86336 4.89204 4.91903 4.94441 4.96828 4.99072 5.01181 5.03163 5.05025 5.06775 5.08418 5.09961 5.1141 5.12771 5.14048 5.15247 5.16372 5.17438 5.18448 5.19396 5.20285 5.2112 5.21902 5.22637 5.23325 5.23971 5.24577 5.25145 5.25677 5.26177 5.26645 5.27084 5.27496 5.27882 5.28244 5.28584 5.28902 5.292 5.2948 5.29742 5.29987 5.30218 5.30434 5.30636 5.30826 5.31003 5.3117 5.31431
 0 0.0115145 0.0233517 0.0439591 0.0750224 0.117537 0.17124 0.234637 0.305316 0.380361 0.456771 0.531783 0.603088 0.668935 0.72816 0.780147 0.824758 0.862235 0.893102 0.918057 0.937887 0.953397 0.965353 0.974447 0.981283 0.986368 0.990117 0.992859 0.994851 0.996291 0.997329 0.998074 0.998608 0.998991 0.999266 0.999463 0.999605 0.999708 0.999782 0.999836 0.999876 0.999905 0.999927 0.999943 0.999955 0.999964 0.999971 0.999977 0.999981 0.999984 0.999986 0.999988 0.99999 0.999991 0.999992 0.999993 0.999994 0.999994 0.999995 0.999995 0.999995 0.999996 0.999996 0.999996 0.999996 0.999996 0.999996 0.999996 0.999996 0.999997 0.999997 0.999997 0.999997 0.999997 0.999997 0.999997 0.999997 0.999997 0.999997 0.999997 0.999997 0.999997 0.999997 0.999997 0.999997 0.999997 0.999997 0.999997 0.999997 0.999997 0.999997 0.999997 0.999997 0.999997 0.999997 0.999997 0.999997 0.999997 0.999997 0.999997 0.999997
 #wt and selex for gender,fleet: 1 5 5_ORWA_NONTWL
 0.0110542 0.0219066 0.0581109 0.113246 0.187301 0.278176 0.383013 0.498911 0.623242 0.753763 0.888624 1.02633 1.16569 1.30578 1.44593 1.58563 1.72455 1.86246 1.99919 2.13459 2.26847 2.40063 2.53082 2.65874 2.7841 2.90657 3.02586 3.1417 3.25384 3.36211 3.46636 3.5665 3.66249 3.7543 3.84198 3.92557 4.00516 4.08082 4.15269 4.22088 4.28551 4.34672 4.40465 4.45943 4.51121 4.56011 4.60628 4.64984 4.69092 4.72965 4.76615 4.80053 4.8329 4.86338 4.89206 4.91904 4.94442 4.96829 4.99072 5.01182 5.03163 5.05026 5.06775 5.08418 5.09962 5.11411 5.12771 5.14049 5.15247 5.16373 5.17439 5.18449 5.19397 5.20286 5.2112 5.21903 5.22637 5.23325 5.23971 5.24577 5.25145 5.25678 5.26177 5.26646 5.27085 5.27497 5.27883 5.28245 5.28584 5.28902 5.292 5.2948 5.29742 5.29988 5.30218 5.30434 5.30636 5.30826 5.31004 5.3117 5.31432
 0 0.00122554 0.00355123 0.00937925 0.021191 0.0417967 0.0735452 0.117652 0.173859 0.240491 0.314804 0.393484 0.473129 0.550647 0.623509 0.689889 0.748677 0.799415 0.842186 0.877474 0.906021 0.928706 0.946442 0.960111 0.970508 0.978328 0.984152 0.988453 0.991607 0.993908 0.995578 0.996788 0.997662 0.998293 0.99875 0.99908 0.999319 0.999493 0.99962 0.999713 0.999782 0.999833 0.999871 0.999899 0.999921 0.999937 0.99995 0.99996 0.999967 0.999973 0.999978 0.999981 0.999984 0.999987 0.999989 0.99999 0.999991 0.999992 0.999993 0.999994 0.999995 0.999995 0.999996 0.999996 0.999996 0.999997 0.999997 0.999997 0.999997 0.999997 0.999998 0.999998 0.999998 0.999998 0.999998 0.999998 0.999998 0.999998 0.999998 0.999998 0.999998 0.999998 0.999998 0.999998 0.999998 0.999998 0.999998 0.999998 0.999998 0.999998 0.999998 0.999998 0.999998 0.999998 0.999998 0.999998 0.999998 0.999998 0.999998 0.999998 0.999998
 #wt and selex for gender,fleet: 1 6 6_OR_REC
 0.0116792 0.0304996 0.080898 0.148759 0.230911 0.321808 0.417189 0.514565 0.613393 0.714821 0.82086 0.933463 1.05387 1.18231 1.31806 1.45968 1.6054 1.75344 1.90217 2.05026 2.19667 2.34058 2.48137 2.61858 2.75186 2.88095 3.00566 3.12585 3.24146 3.35244 3.45879 3.56055 3.65777 3.75052 3.83891 3.92303 4.00301 4.07898 4.15107 4.21942 4.28418 4.34549 4.40349 4.45832 4.51014 4.55907 4.60526 4.64884 4.68994 4.72868 4.76518 4.79956 4.83194 4.86242 4.8911 4.91809 4.94347 4.96733 4.98977 5.01086 5.03068 5.0493 5.0668 5.08323 5.09866 5.11315 5.12676 5.13953 5.15152 5.16277 5.17343 5.18353 5.193 5.20189 5.21023 5.21805 5.22539 5.23227 5.23873 5.24478 5.25046 5.25579 5.26078 5.26546 5.26985 5.27397 5.27783 5.28145 5.28484 5.28802 5.291 5.2938 5.29642 5.29887 5.30117 5.30333 5.30535 5.30725 5.30903 5.31069 5.3133
 0 6.60901e-05 0.000796046 0.00576352 0.025327 0.0756998 0.168762 0.301169 0.454127 0.603539 0.730979 0.828337 0.896293 0.940299 0.967044 0.982433 0.990864 0.995277 0.99748 0.998515 0.998956 0.999103 0.999109 0.999048 0.998956 0.998852 0.998742 0.998632 0.998523 0.998415 0.998311 0.99821 0.998112 0.998018 0.997928 0.997841 0.997758 0.997679 0.997604 0.997532 0.997463 0.997398 0.997336 0.997278 0.997222 0.99717 0.99712 0.997073 0.997029 0.996987 0.996947 0.99691 0.996875 0.996842 0.996811 0.996781 0.996754 0.996727 0.996703 0.99668 0.996658 0.996638 0.996619 0.996601 0.996584 0.996568 0.996553 0.996539 0.996526 0.996513 0.996502 0.99649 0.99648 0.99647 0.996461 0.996452 0.996444 0.996437 0.996429 0.996423 0.996417 0.996411 0.996405 0.9964 0.996395 0.996391 0.996386 0.996382 0.996378 0.996375 0.996372 0.996369 0.996366 0.996363 0.99636 0.996358 0.996356 0.996354 0.996352 0.99635 0.996347
 #wt and selex for gender,fleet: 1 7 7_WA_REC
 0.0116551 0.0304366 0.0827614 0.15612 0.248138 0.353107 0.465985 0.582993 0.701582 0.820261 0.938477 1.05647 1.17501 1.29512 1.41776 1.54362 1.67297 1.80562 1.94099 2.07821 2.21622 2.35394 2.49036 2.62458 2.75587 2.88368 3.00758 3.12728 3.24259 3.3534 3.45966 3.56137 3.65857 3.75131 3.8397 3.92383 4.00382 4.0798 4.1519 4.22026 4.28503 4.34635 4.40435 4.4592 4.51102 4.55996 4.60616 4.64974 4.69084 4.72958 4.76609 4.80048 4.83286 4.86334 4.89203 4.91902 4.9444 4.96827 4.99071 5.0118 5.03162 5.05024 5.06774 5.08417 5.09961 5.1141 5.1277 5.14048 5.15247 5.16372 5.17438 5.18448 5.19396 5.20285 5.2112 5.21902 5.22636 5.23325 5.23971 5.24576 5.25145 5.25677 5.26177 5.26645 5.27084 5.27496 5.27882 5.28244 5.28584 5.28902 5.292 5.2948 5.29742 5.29987 5.30218 5.30434 5.30636 5.30826 5.31003 5.3117 5.31431
 0 7.02961e-06 8.82934e-05 0.000726491 0.0038131 0.0139511 0.0384159 0.0846496 0.156559 0.25215 0.363903 0.481328 0.594135 0.694567 0.77835 0.844437 0.894093 0.929856 0.954677 0.971352 0.982241 0.989175 0.993497 0.996141 0.997732 0.998677 0.999233 0.999557 0.999744 0.999852 0.999915 0.99995 0.999971 0.999983 0.99999 0.999994 0.999996 0.999997 0.999998 0.999999 0.999999 0.999999 0.999999 0.999999 0.999999 0.999999 0.999999 0.999999 0.999999 0.999999 0.999999 0.999999 0.999999 0.999999 0.999999 0.999999 0.999999 0.999999 0.999999 0.999999 0.999999 0.999999 0.999999 0.999999 0.999999 0.999999 0.999999 0.999999 0.999999 0.999999 0.999999 0.999999 0.999999 0.999999 0.999999 0.999999 0.999999 0.999999 0.999999 0.999999 0.999999 0.999999 0.999999 0.999999 0.999999 0.999999 0.999999 0.999999 0.999999 0.999999 0.999999 0.999999 0.999999 0.999999 0.999999 0.999999 0.999999 0.999999 0.999999 0.999999 0.999999
# Sex ratio correction
1
# M and current age-structure in year Yinit: 2011
 # gender = 1
 0.0439034 0.0439034 0.0439034 0.0439034 0.0439034 0.0439034 0.0439034 0.0439034 0.0439034 0.0439034 0.0439034 0.0439034 0.0439034 0.0439034 0.0439034 0.0439034 0.0439034 0.0439034 0.0439034 0.0439034 0.0439034 0.0439034 0.0439034 0.0439034 0.0439034 0.0439034 0.0439034 0.0439034 0.0439034 0.0439034 0.0439034 0.0439034 0.0439034 0.0439034 0.0439034 0.0439034 0.0439034 0.0439034 0.0439034 0.0439034 0.0439034 0.0439034 0.0439034 0.0439034 0.0439034 0.0439034 0.0439034 0.0439034 0.0439034 0.0439034 0.0439034 0.0439034 0.0439034 0.0439034 0.0439034 0.0439034 0.0439034 0.0439034 0.0439034 0.0439034 0.0439034 0.0439034 0.0439034 0.0439034 0.0439034 0.0439034 0.0439034 0.0439034 0.0439034 0.0439034 0.0439034 0.0439034 0.0439034 0.0439034 0.0439034 0.0439034 0.0439034 0.0439034 0.0439034 0.0439034 0.0439034 0.0439034 0.0439034 0.0439034 0.0439034 0.0439034 0.0439034 0.0439034 0.0439034 0.0439034 0.0439034 0.0439034 0.0439034 0.0439034 0.0439034 0.0439034 0.0439034 0.0439034 0.0439034 0.0439034 0.0439034
 231.328 231.962 207.217 263.688 165.373 124.109 92.4976 68.9137 143.283 268.66 100.761 72.2642 132.978 70.1916 40.7213 33.1048 33.1434 66.7446 88.0176 34.1068 25.678 26.9996 29.4947 30.1963 30.3793 29.2471 33.3645 40.5225 31.804 36.1896 24.5341 16.3846 11.6554 8.93881 9.46789 8.79629 8.30134 5.2642 4.88561 5.84923 9.00203 6.0783 4.51373 3.30903 2.50711 2.02708 1.5463 1.25349 1.18031 1.2578 1.40793 1.49493 1.40572 1.22096 1.04837 0.925592 0.857417 0.837985 0.861852 0.926745 1.02584 1.13145 1.18184 1.12577 0.99796 0.865711 0.757651 0.676191 0.616055 0.570585 0.535191 0.506728 0.483232 0.46317 0.444909 0.427016 0.408507 0.389239 0.369691 0.350683 0.332946 0.316928 0.302707 0.290187 0.279078 0.269026 0.259712 0.25087 0.242282 0.233812 0.225375 0.216931 0.208487 0.200108 0.191789 0.183492 0.17544 0.167669 0.160201 0.153054 3.38579
# Age-structure at Ydeclare= 2013
 121.963 113.552 211.881 212.457 189.784 241.477 151.409 113.587 84.6081 62.9912 130.864 245.173 91.8805 65.8494 121.102 63.8924 37.0529 30.1139 30.1425 60.6918 80.0264 31.0077 23.3434 24.5436 26.8107 27.4475 27.613 26.5829 30.3241 36.8285 28.9037 32.8879 22.2949 14.8887 10.5909 8.12217 8.60268 7.99225 7.54237 4.7828 4.43872 5.31408 8.17823 5.52194 4.10049 3.00602 2.27749 1.8414 1.40463 1.13864 1.07215 1.14252 1.27889 1.35791 1.27686 1.10903 0.952259 0.840737 0.77881 0.761158 0.782835 0.841777 0.931785 1.02771 1.07348 1.02255 0.906457 0.786333 0.68818 0.614189 0.559566 0.518265 0.486116 0.460263 0.438921 0.420698 0.404111 0.387859 0.371047 0.353546 0.335791 0.318526 0.302416 0.287866 0.274949 0.263578 0.253487 0.244357 0.235897 0.227866 0.220066 0.212372 0.204709 0.197039 0.189369 0.181759 0.174203 0.166667 0.159353 0.152295 3.35987
# Year for Tmin Age-structure (set to Ydecl by SS)
2013
#  recruitment and biomass
# Number of historical assessment years
137
# Historical data
# year recruitment spawner in B0 in R project in R/S project
1888  1889 1890 1891 1892 1893 1894 1895 1896 1897 1898 1899 1900 1901 1902 1903 1904 1905 1906 1907 1908 1909 1910 1911 1912 1913 1914 1915 1916 1917 1918 1919 1920 1921 1922 1923 1924 1925 1926 1927 1928 1929 1930 1931 1932 1933 1934 1935 1936 1937 1938 1939 1940 1941 1942 1943 1944 1945 1946 1947 1948 1949 1950 1951 1952 1953 1954 1955 1956 1957 1958 1959 1960 1961 1962 1963 1964 1965 1966 1967 1968 1969 1970 1971 1972 1973 1974 1975 1976 1977 1978 1979 1980 1981 1982 1983 1984 1985 1986 1987 1988 1989 1990 1991 1992 1993 1994 1995 1996 1997 1998 1999 2000 2001 2002 2003 2004 2005 2006 2007 2008 2009 2010 2011 2012 2013 2014 2015 2016 2017 2018 2019 2020 2021 2022 2023 2024 #years (with first value representing R0)
218.533 216.861 216.808 216.753 216.697 216.631 216.564 216.495 216.429 216.362 216.294 216.226 216.15 216.076 216.004 215.92 215.837 215.756 215.679 215.615 215.558 215.501 215.452 215.404 215.354 215.281 215.162 214.958 214.633 214.142 213.25 212.034 210.525 208.69 206.547 204.158 201.605 198.995 196.476 194.202 192.331 191.01 190.316 190.192 190.49 190.894 191.008 190.475 189.17 187.267 185.254 183.7 183.134 183.934 186.531 191.611 200.127 213.391 232.045 254.561 273.258 272.945 248.588 214.38 184.18 162.852 150.503 146.313 149.993 161.221 178.025 194.108 195.201 173.515 145.96 128.596 127.764 146.808 178.387 203.329 245.739 304.78 370.414 491.279 283.658 208.944 197.116 270.293 247.428 228.644 184.233 203.905 242.161 305.266 378.279 279.2 299.434 208.429 155.605 138.961 120.089 103.248 84.2941 72.4262 88.0004 210.116 148.854 69.5688 65.7611 76.8225 126.056 227.643 118.032 157.127 400.206 203.992 93.8113 120.439 154.611 197.138 300.818 226.236 242.373 231.328 118.649 121.963 126.436 147.12 171.226 173.506 175.566 177.591 179.492 181.407 183.214 184.774 186.168  #recruits; first value is R0 (virgin)
1132.38  1132.38 1132.37 1132.36 1132.33 1131.87 1131.41 1130.94 1130.79 1130.71 1130.62 1130.53 1130.42 1130.28 1130.11 1129.9 1129.66 1129.37 1129.06 1128.71 1128.33 1127.8 1127.36 1126.88 1126.38 1125.85 1125.29 1124.71 1124.04 1123.41 1122.61 1119.73 1118.42 1117.21 1116.06 1115.18 1114.22 1112.69 1110.79 1108.07 1104.61 1101.24 1098.31 1095.01 1092.72 1090.57 1088.39 1085.64 1082.84 1079.02 1075.44 1071.53 1068.23 1063.76 1057.77 1051.44 1040.59 1029.09 1012.39 997.069 989.633 981.311 974.863 967.825 959.305 951.997 946.629 940.233 934.355 928.54 921.697 915.599 910.631 906.844 904.952 902.411 901.506 901.973 892.806 890.856 887.262 883.462 870.644 862.568 851.345 836.952 821.152 803.546 786.251 766.164 746.393 714.041 679.959 654.449 621.477 566.031 518.802 492.186 456.173 427.789 401.224 378.332 349.152 328.811 294.782 264.244 235.303 220.488 205.482 189.272 170.449 165.516 156.555 159.381 161.762 169.293 177.132 185.267 193.454 202.012 210.2 218.916 227.802 237.667 248.089 259.023 270.927 283.731 296.818 310.738 324.138 338.137 352.099 367.046 382.036 395.741 408.626 #spbio; first value is SSB_virgin (virgin)
1 0 0 0 0 0 0 0 0 0 0 0 0 0 0 0 0 0 0 0 0 0 0 0 0 0 0 0 0 0 0 0 0 0 0 0 0 0 0 0 0 0 0 0 0 0 0 0 0 0 0 0 0 0 0 0 0 0 0 0 0 0 0 0 0 0 0 0 0 0 0 0 0 0 0 0 0 0 0 0 0 0 0 0 0 0 0 0 0 0 0 0 0 0 0 0 0 0 0 0 0 0 0 0 0 0 0 0 0 0 0 0 0 0 0 0 0 0 0 0 0 0 0 0 0 0 0 0 0 0 0 0 0 0 0 0 0  # in Bzero
0 1 1 1 1 1 1 1 1 1 1 1 1 1 1 1 1 1 1 1 1 1 1 1 1 1 1 1 1 1 1 1 1 1 1 1 1 1 1 1 1 1 1 1 1 1 1 1 1 1 1 1 1 1 1 1 1 1 1 1 1 1 1 1 1 1 1 1 1 1 1 1 1 1 1 1 1 1 1 1 1 1 1 1 1 1 1 1 1 1 1 1 1 1 1 1 1 1 1 1 1 1 1 1 1 1 1 1 1 1 1 1 1 1 1 1 1 1 1 1 1 1 1 1 1 1 1 1 1 1 1 1 1 1  0 0 0 # in R project
0 1 1 1 1 1 1 1 1 1 1 1 1 1 1 1 1 1 1 1 1 1 1 1 1 1 1 1 1 1 1 1 1 1 1 1 1 1 1 1 1 1 1 1 1 1 1 1 1 1 1 1 1 1 1 1 1 1 1 1 1 1 1 1 1 1 1 1 1 1 1 1 1 1 1 1 1 1 1 1 1 1 1 1 1 1 1 1 1 1 1 1 1 1 1 1 1 1 1 1 1 1 1 1 1 1 1 1 1 1 1 1 1 1 1 1 1 1 1 1 1 1 1 1 1 1 1 1 1 1 1 1 1 1  0 0 0 # in R/S project
# Number of years with pre-specified catches
0
# catches for years with pre-specified catches go next
# Number of future recruitments to override
-2
# Process for overiding (-1 for average otherwise index in data list)
# Which probability to product detailed results for (1=0.5; 2=0.6; etc.)
3
# Steepness sigma-R Auto-correlation
0.718 0.5 0
# Target SPR rate (FMSY Proxy); manually change to SPR_MSY if not using SPR_target
0.5
# Discount rate (for cumulative catch)
0.1
# Truncate the series when 0.4B0 is reached (1=Yes)
0
# Set F to FMSY once 0.4B0 is reached (1=Yes)
0
# Maximum possible F for projection (-1 to set to FMSY)
-1
# Defintion of recovery (1=now only;2=now or before)
2
# Projection type
4
# Definition of the 40-10 rule
10 40
# Sigma Assessment Error (Base, Year1, Slope, MaxSigma)
1.0 2025 0.075 2.0
# Pstar
0.45
# Constrain catches by the ABC (1=yes, 2=no)
2
# Implementation Error (0=no; 1=lognormal; 2=uniform)
0
#Parameters of Implementaion Error
1 0.3
# Calculate coefficients of variation (1=Yes)
0
# Number of replicates to use
10
# Random number seed
-99004
# File with multiple parameter vectors 
rebuild.SSO
# User-specific projection (1=Yes); Output replaced (1->9)
0  5
# Catches and Fs (Year; 1/2/3 (F or C or SPR); value); Final row is -1
2024 1 1
-1 -1 -1
# Fixed catch project (1=Yes); Output replaced (1->9); Approach (-1=Read in else 1-9)
0 2 -1
# (48a) Special catch options (1-Yes) [CUT_OFF, Emsy, distribution, MAXCAT, Add, replace_code]
0 0.18 1.00 1.00 0 6
# (48b) B1Target
150000
# Split of Fs
2011  0.0172542
 0
 0.405043
 0.0239261
 0.173872
 0.186971
 0.192934
-1  1 1 1 1 1 1 1 1 1 1 1 1
# Yrs to define T_target for projection type 4 (a.k.a. 5 pre-specified inputs)
2030 2031 2032 2033 2034 
# Year for probability of recovery
2034 2035 2036 2037 2038 2039 2040 2041
# Time varying weight-at-age (1=Yes;0=No)
0
# File with time series of weight-at-age data
none
# Use bisection (0) or linear interpolation (1)
1
# Target Depletion
0.4
# CV of implementation error
0
