#Title, #runnumber: 1 yelloweye_data.ss control_modified.ss 7228.41 1090.58 377.367 StartTime: Wed Apr 23 21:13:26 2025
SSv3_default_rebuild.dat
# Number of sexes
1
# Age range to consider (minimum age; maximum age)
0 100
# Number of fleets
7
# First year of projection (Yinit)
2011
# First Year of rebuilding period (Ydecl)
2013
# Number of simulations
1000
# Maximum number of years
500
# Conduct projections with multiple starting values (0=No;else yes)
0
# Number of parameter vectors
1000
# Is the maximum age a plus-group (1=Yes;2=No)
1
# Generate future recruitments using historical recruitments (1)  historical recruits/spawner (2)  or a stock-recruitment (3)
3
# Constant fishing mortality (1) or constant Catch (2) projections
1
# Fishing mortality based on SPR (1) or actual rate (2)
1
# Pre-specify the year of recovery (or -1) to ignore
-1
# Fecundity-at-age
# 0 1 2 3 4 5 6 7 8 9 10 11 12 13 14 15 16 17 18 19 20 21 22 23 24 25 26 27 28 29 30 31 32 33 34 35 36 37 38 39 40 41 42 43 44 45 46 47 48 49 50 51 52 53 54 55 56 57 58 59 60 61 62 63 64 65 66 67 68 69 70 71 72 73 74 75 76 77 78 79 80 81 82 83 84 85 86 87 88 89 90 91 92 93 94 95 96 97 98 99 100 #runnumber: 1 yelloweye_data.ss control_modified.ss 7228.41 1090.58 377.367
 0 0 2.77792e-09 5.76647e-08 7.32053e-07 6.55799e-06 4.50528e-05 0.000247422 0.0010991 0.00392566 0.0112548 0.0263043 0.0515653 0.0875795 0.132833 0.184587 0.239904 0.296331 0.35215 0.406323 0.458324 0.507949 0.555176 0.60007 0.642728 0.683252 0.721738 0.758269 0.792923 0.825768 0.856868 0.886285 0.91408 0.940313 0.965044 0.988335 1.01025 1.03084 1.05018 1.06832 1.08532 1.10124 1.11615 1.13009 1.14311 1.15528 1.16664 1.17724 1.18713 1.19635 1.20493 1.21293 1.22038 1.22732 1.23377 1.23977 1.24535 1.25054 1.25536 1.25985 1.26402 1.26789 1.27148 1.27482 1.27792 1.2808 1.28347 1.28596 1.28826 1.2904 1.29238 1.29425 1.29599 1.2976 1.29909 1.30048 1.30176 1.30295 1.30406 1.30509 1.30604 1.30692 1.30774 1.3085 1.3092 1.30985 1.31046 1.31102 1.31154 1.31202 1.31247 1.31288 1.31327 1.31362 1.31395 1.31426 1.31454 1.31481 1.31505 1.31528 1.31561 #female fecundity; weighted by N in year Y_init across morphs and areas
# Age specific selectivity and weight adjusted for discard and discard mortality
 #wt and selex for gender,fleet: 1 1 1_CA_TWL
 0.00896707 0.00910988 0.0278052 0.0692121 0.131457 0.213663 0.313043 0.426291 0.55016 0.681736 0.81858 0.958885 1.10162 1.24646 1.39339 1.54224 1.69249 1.8432 1.99323 2.1414 2.28664 2.42808 2.56504 2.69701 2.82367 2.94482 3.06035 3.17024 3.27453 3.3733 3.46668 3.55482 3.63789 3.71607 3.78957 3.85859 3.92334 3.98402 4.04083 4.094 4.1437 4.19015 4.23352 4.274 4.31175 4.34695 4.37976 4.41032 4.43877 4.46527 4.48992 4.51285 4.53418 4.55402 4.57245 4.58959 4.60551 4.62031 4.63405 4.64681 4.65866 4.66967 4.67988 4.68936 4.69817 4.70634 4.71392 4.72095 4.72748 4.73353 4.73918 4.74446 4.74935 4.75389 4.7581 4.76201 4.76563 4.76899 4.7721 4.77499 4.77767 4.78015 4.78246 4.78459 4.78657 4.78841 4.79011 4.79169 4.79315 4.79451 4.79576 4.79693 4.79801 4.79901 4.79994 4.8008 4.8016 4.80234 4.80303 4.80366 4.80459
 0 0.00109156 0.00246938 0.00932157 0.0276257 0.0655695 0.12969 0.221164 0.334485 0.459095 0.582669 0.694404 0.78725 0.858666 0.909927 0.94458 0.966858 0.980608 0.988829 0.993628 0.996383 0.997947 0.998831 0.999329 0.999611 0.999772 0.999864 0.999918 0.999949 0.999968 0.999979 0.999986 0.99999 0.999993 0.999994 0.999996 0.999996 0.999997 0.999997 0.999997 0.999997 0.999997 0.999997 0.999997 0.999997 0.999997 0.999997 0.999997 0.999997 0.999997 0.999997 0.999997 0.999997 0.999997 0.999997 0.999997 0.999997 0.999997 0.999997 0.999997 0.999997 0.999997 0.999997 0.999997 0.999997 0.999997 0.999997 0.999997 0.999997 0.999997 0.999997 0.999997 0.999997 0.999997 0.999997 0.999997 0.999997 0.999997 0.999997 0.999997 0.999997 0.999997 0.999997 0.999997 0.999997 0.999997 0.999997 0.999997 0.999997 0.999997 0.999997 0.999997 0.999997 0.999997 0.999997 0.999997 0.999997 0.999997 0.999997 0.999997 0.999997
 #wt and selex for gender,fleet: 1 3 3_CA_REC
 0.00896707 0.00910977 0.0269229 0.0666497 0.126466 0.205571 0.301425 0.410972 0.531169 0.659288 0.793186 0.931591 1.07408 1.22059 1.37078 1.5238 1.67833 1.83288 1.98602 2.13654 2.28345 2.42602 2.56372 2.69618 2.82314 2.94448 3.06014 3.1701 3.27444 3.37324 3.46664 3.55479 3.63787 3.71606 3.78957 3.85859 3.92333 3.98401 4.04083 4.094 4.1437 4.19015 4.23352 4.274 4.31175 4.34695 4.37976 4.41032 4.43878 4.46527 4.48992 4.51285 4.53418 4.55402 4.57245 4.58959 4.60551 4.62031 4.63405 4.64681 4.65866 4.66967 4.67988 4.68937 4.69817 4.70634 4.71392 4.72095 4.72748 4.73353 4.73918 4.74446 4.74935 4.75389 4.75811 4.76201 4.76563 4.76899 4.77211 4.77499 4.77767 4.78016 4.78246 4.78459 4.78657 4.78841 4.79011 4.79169 4.79315 4.79451 4.79577 4.79693 4.79801 4.79901 4.79994 4.8008 4.8016 4.80234 4.80303 4.80366 4.80459
 0 0.00395922 0.00823636 0.0254377 0.0633869 0.129954 0.227111 0.348707 0.482263 0.613137 0.728724 0.821317 0.889011 0.934563 0.963082 0.979898 0.989345 0.99446 0.997154 0.998547 0.999259 0.99962 0.999804 0.999897 0.999946 0.999971 0.999984 0.999991 0.999995 0.999997 0.999998 0.999999 0.999999 0.999999 0.999999 0.999999 0.999999 0.999999 0.999999 0.999999 0.999999 0.999999 0.999999 0.999999 0.999999 0.999999 0.999999 0.999999 0.999999 0.999999 0.999999 0.999999 0.999999 0.999999 0.999999 0.999999 0.999999 0.999999 0.999999 0.999999 0.999999 0.999999 0.999999 0.999999 0.999999 0.999999 0.999999 0.999999 0.999999 0.999999 0.999999 0.999999 0.999999 0.999999 0.999999 0.999999 0.999999 0.999999 0.999999 0.999999 0.999999 0.999999 0.999999 0.999999 0.999999 0.999999 0.999999 0.999999 0.999999 0.999999 0.999999 0.999999 0.999999 0.999999 0.999999 0.999999 0.999999 0.999999 0.999999 0.999999 0.999999
 #wt and selex for gender,fleet: 1 4 4_ORWA_TWL
 0.00896707 0.00910961 0.025507 0.0627336 0.119651 0.195903 0.289609 0.398213 0.518964 0.649202 0.786531 0.92899 1.0752 1.22431 1.37573 1.52883 1.68273 1.83636 1.98859 2.13833 2.28466 2.42681 2.56423 2.6965 2.82335 2.94462 3.06022 3.17016 3.27447 3.37326 3.46666 3.5548 3.63788 3.71607 3.78957 3.85859 3.92333 3.98401 4.04083 4.094 4.1437 4.19015 4.23352 4.27399 4.31175 4.34695 4.37976 4.41032 4.43877 4.46527 4.48992 4.51285 4.53418 4.55402 4.57245 4.58959 4.60551 4.62031 4.63405 4.64681 4.65866 4.66967 4.67988 4.68936 4.69817 4.70634 4.71392 4.72095 4.72748 4.73353 4.73918 4.74446 4.74935 4.75389 4.7581 4.76201 4.76563 4.76899 4.7721 4.77499 4.77767 4.78015 4.78246 4.78459 4.78657 4.78841 4.79011 4.79169 4.79315 4.79451 4.79576 4.79693 4.79801 4.79901 4.79994 4.8008 4.8016 4.80234 4.80303 4.80366 4.80459
 0 0.0140292 0.0255767 0.0572442 0.110535 0.187224 0.284506 0.395436 0.510897 0.621832 0.720932 0.803546 0.86794 0.914986 0.947348 0.968446 0.981587 0.989471 0.994064 0.996682 0.998153 0.99897 0.999424 0.999675 0.999814 0.999892 0.999936 0.999962 0.999976 0.999985 0.99999 0.999993 0.999995 0.999996 0.999997 0.999997 0.999997 0.999997 0.999997 0.999998 0.999998 0.999998 0.999997 0.999997 0.999997 0.999997 0.999997 0.999997 0.999997 0.999997 0.999997 0.999997 0.999997 0.999997 0.999997 0.999997 0.999997 0.999997 0.999997 0.999997 0.999997 0.999997 0.999997 0.999997 0.999997 0.999997 0.999997 0.999997 0.999997 0.999997 0.999997 0.999997 0.999997 0.999997 0.999997 0.999997 0.999997 0.999997 0.999997 0.999997 0.999997 0.999997 0.999997 0.999997 0.999997 0.999997 0.999997 0.999997 0.999997 0.999997 0.999997 0.999997 0.999997 0.999997 0.999997 0.999997 0.999997 0.999997 0.999997 0.999997 0.999997
 #wt and selex for gender,fleet: 1 5 5_ORWA_NONTWL
 0.00896707 0.0091098 0.0271666 0.0678626 0.129934 0.213063 0.314956 0.432573 0.562712 0.702334 0.848716 0.999503 1.1527 1.30667 1.4601 1.61201 1.76172 1.90881 2.05299 2.19403 2.33174 2.46586 2.59612 2.72224 2.84395 2.96101 3.07322 3.18045 3.28264 3.37975 3.47183 3.55895 3.64123 3.71879 3.79179 3.86042 3.92486 3.98529 4.04191 4.09491 4.14449 4.19083 4.23411 4.27452 4.31221 4.34736 4.38013 4.41065 4.43908 4.46554 4.49017 4.51309 4.5344 4.55422 4.57264 4.58977 4.60568 4.62047 4.6342 4.64696 4.6588 4.6698 4.68001 4.68949 4.69829 4.70645 4.71403 4.72106 4.72759 4.73364 4.73929 4.74456 4.74946 4.754 4.75821 4.76211 4.76573 4.76909 4.7722 4.77509 4.77777 4.78025 4.78255 4.78469 4.78667 4.7885 4.7902 4.79178 4.79324 4.7946 4.79586 4.79702 4.7981 4.7991 4.80003 4.80089 4.80169 4.80243 4.80312 4.80375 4.80468
 0 0.000652363 0.00138542 0.0046049 0.0126788 0.0292224 0.0580227 0.101781 0.161135 0.234377 0.317865 0.40687 0.496484 0.582354 0.661126 0.730629 0.789844 0.838736 0.877994 0.908762 0.932382 0.950208 0.963477 0.973254 0.980402 0.985605 0.989383 0.992125 0.994119 0.995573 0.996639 0.997424 0.998006 0.998441 0.998768 0.999016 0.999206 0.999352 0.999466 0.999556 0.999627 0.999683 0.999728 0.999765 0.999795 0.99982 0.99984 0.999858 0.999872 0.999884 0.999894 0.999903 0.999911 0.999917 0.999923 0.999928 0.999932 0.999936 0.999939 0.999942 0.999945 0.999947 0.999949 0.999951 0.999953 0.999954 0.999956 0.999957 0.999958 0.999959 0.99996 0.99996 0.999961 0.999961 0.999962 0.999962 0.999963 0.999963 0.999963 0.999964 0.999964 0.999964 0.999964 0.999965 0.999965 0.999965 0.999965 0.999965 0.999966 0.999966 0.999966 0.999966 0.999966 0.999966 0.999966 0.999966 0.999966 0.999966 0.999967 0.999967 0.999967
 #wt and selex for gender,fleet: 1 6 6_OR_REC
 0.00896707 0.0091112 0.035045 0.0852705 0.156271 0.243859 0.342753 0.448501 0.558266 0.67181 0.791323 0.919452 1.05731 1.20392 1.35692 1.51353 1.67131 1.82833 1.98315 2.13471 2.28224 2.42516 2.56304 2.69558 2.82258 2.94393 3.05957 3.16951 3.27382 3.3726 3.46597 3.5541 3.63715 3.71532 3.7888 3.8578 3.92253 3.98319 4.03999 4.09314 4.14283 4.18927 4.23262 4.27309 4.31083 4.34602 4.37882 4.40937 4.43782 4.4643 4.48895 4.51188 4.5332 4.55303 4.57146 4.58859 4.60451 4.6193 4.63304 4.6458 4.65764 4.66865 4.67886 4.68834 4.69714 4.70531 4.71288 4.71992 4.72644 4.73249 4.73814 4.74342 4.74831 4.75285 4.75706 4.76096 4.76458 4.76794 4.77105 4.77394 4.77661 4.7791 4.7814 4.78353 4.78551 4.78735 4.78905 4.79062 4.79209 4.79344 4.7947 4.79586 4.79694 4.79795 4.79887 4.79973 4.80053 4.80127 4.80196 4.80259 4.80352
 0 1.83614e-05 9.24189e-05 0.00139234 0.0107243 0.0477213 0.139105 0.293661 0.48546 0.6691 0.810601 0.901925 0.953156 0.978949 0.990903 0.996093 0.998217 0.999021 0.999274 0.999303 0.99924 0.99914 0.999026 0.998907 0.998788 0.998671 0.998556 0.998446 0.998339 0.998237 0.99814 0.998047 0.997959 0.997876 0.997797 0.997722 0.997652 0.997586 0.997524 0.997466 0.997411 0.99736 0.997312 0.997268 0.997226 0.997187 0.99715 0.997116 0.997084 0.997055 0.997027 0.997002 0.996978 0.996956 0.996935 0.996916 0.996898 0.996881 0.996866 0.996851 0.996838 0.996826 0.996814 0.996804 0.996794 0.996784 0.996776 0.996768 0.996761 0.996754 0.996747 0.996741 0.996736 0.996731 0.996726 0.996722 0.996718 0.996714 0.99671 0.996707 0.996704 0.996701 0.996698 0.996696 0.996694 0.996692 0.99669 0.996688 0.996686 0.996685 0.996683 0.996682 0.996681 0.99668 0.996679 0.996678 0.996677 0.996676 0.996675 0.996674 0.996673
 #wt and selex for gender,fleet: 1 7 7_WA_REC
 0.00896707 0.00911105 0.0346013 0.085924 0.160837 0.256171 0.366882 0.488127 0.615877 0.747053 0.879569 1.01249 1.14607 1.28132 1.41934 1.56065 1.70498 1.85135 1.99838 2.14457 2.28856 2.42922 2.56571 2.6974 2.8239 2.94496 3.06043 3.17029 3.27456 3.37332 3.46669 3.55483 3.63789 3.71608 3.78958 3.85859 3.92334 3.98402 4.04084 4.094 4.14371 4.19015 4.23352 4.274 4.31175 4.34695 4.37976 4.41032 4.43878 4.46527 4.48992 4.51285 4.53418 4.55402 4.57245 4.58959 4.60551 4.62031 4.63405 4.64681 4.65866 4.66967 4.67988 4.68937 4.69817 4.70634 4.71392 4.72095 4.72748 4.73353 4.73918 4.74446 4.74936 4.75389 4.75811 4.76201 4.76563 4.76899 4.77211 4.77499 4.77767 4.78016 4.78246 4.78459 4.78657 4.78841 4.79011 4.79169 4.79315 4.79451 4.79577 4.79693 4.79801 4.79901 4.79994 4.8008 4.8016 4.80234 4.80303 4.80366 4.80459
 0 2.52075e-06 1.18272e-05 0.000174182 0.0014725 0.00774078 0.0278316 0.0741241 0.155907 0.27237 0.411183 0.553611 0.682217 0.786373 0.863364 0.916151 0.950215 0.971171 0.9836 0.990776 0.994842 0.997118 0.998385 0.999088 0.99948 0.9997 0.999824 0.999895 0.999937 0.999961 0.999975 0.999984 0.999989 0.999993 0.999995 0.999996 0.999997 0.999998 0.999998 0.999999 0.999999 0.999999 0.999999 0.999999 0.999999 0.999999 0.999999 0.999999 0.999999 0.999999 0.999999 0.999999 0.999999 0.999999 0.999999 0.999999 0.999999 0.999999 0.999999 0.999999 0.999999 0.999999 0.999999 0.999999 0.999999 0.999999 0.999999 0.999999 0.999999 0.999999 0.999999 0.999999 0.999999 0.999999 0.999999 0.999999 0.999999 0.999999 0.999999 0.999999 0.999999 0.999999 0.999999 0.999999 0.999999 0.999999 0.999999 0.999999 0.999999 0.999999 0.999999 0.999999 0.999999 0.999999 0.999999 0.999999 0.999999 0.999999 0.999999 0.999999 0.999999
# Sex ratio correction
1
# M and current age-structure in year Yinit: 2011
 # gender = 1
 0.044 0.044 0.044 0.044 0.044 0.044 0.044 0.044 0.044 0.044 0.044 0.044 0.044 0.044 0.044 0.044 0.044 0.044 0.044 0.044 0.044 0.044 0.044 0.044 0.044 0.044 0.044 0.044 0.044 0.044 0.044 0.044 0.044 0.044 0.044 0.044 0.044 0.044 0.044 0.044 0.044 0.044 0.044 0.044 0.044 0.044 0.044 0.044 0.044 0.044 0.044 0.044 0.044 0.044 0.044 0.044 0.044 0.044 0.044 0.044 0.044 0.044 0.044 0.044 0.044 0.044 0.044 0.044 0.044 0.044 0.044 0.044 0.044 0.044 0.044 0.044 0.044 0.044 0.044 0.044 0.044 0.044 0.044 0.044 0.044 0.044 0.044 0.044 0.044 0.044 0.044 0.044 0.044 0.044 0.044 0.044 0.044 0.044 0.044 0.044 0.044
 223.974 276.98 284.152 330.593 193.232 178.148 101.116 63.2075 89.9265 206.881 60.1312 48.0992 84.6598 53.7543 33.3946 26.5241 26.4711 51.6699 55.5343 27.1045 21.7669 21.8072 21.2175 21.5897 24.6107 27.1941 33.4404 32.4128 20.0751 21.8098 18.5595 14.8033 10.7049 7.1521 8.22451 7.43292 7.60849 4.73192 3.85613 4.54028 7.12308 4.42372 3.30554 2.78888 2.16039 1.81875 1.43685 1.17058 1.09565 1.15335 1.26074 1.2807 1.15603 1.00024 0.882311 0.807255 0.770145 0.767492 0.798611 0.865788 0.967972 1.08467 1.15275 1.102 0.96661 0.828579 0.719644 0.64006 0.582762 0.540358 0.507997 0.482474 0.461806 0.444523 0.429193 0.41461 0.39989 0.384751 0.369354 0.354179 0.339732 0.326391 0.314253 0.303277 0.293243 0.283815 0.274532 0.265394 0.256231 0.246961 0.237566 0.228065 0.218528 0.20907 0.19971 0.190575 0.181741 0.173253 0.165138 0.157409 3.3702
# Age-structure at Ydeclare= 2013
 456.022 195.048 205.106 253.643 260.201 302.699 176.887 163.005 92.4528 57.7346 82.0463 188.538 54.7447 43.7548 76.9657 48.8474 30.3371 24.0909 24.0398 46.9205 50.4272 24.6111 19.7642 19.8005 19.2649 19.6026 22.3453 24.6904 30.361 29.4272 18.2254 19.7996 16.8483 13.438 9.71724 6.49205 7.4653 6.74661 6.90581 4.2948 3.49984 4.12069 6.46467 4.01475 2.9999 2.53097 1.96057 1.65051 1.30392 1.06228 0.994272 1.04663 1.14408 1.16219 1.04905 0.907674 0.800658 0.732546 0.69887 0.696462 0.7247 0.78566 0.878385 0.984281 1.04606 1.00001 0.877147 0.75189 0.653037 0.580818 0.528824 0.490344 0.460979 0.437817 0.419062 0.403379 0.389468 0.376234 0.362877 0.34914 0.335167 0.321397 0.308287 0.296181 0.285166 0.275207 0.266101 0.257546 0.249122 0.24083 0.232515 0.224103 0.215577 0.206956 0.198302 0.189719 0.181225 0.172936 0.16492 0.157217 3.35097
# Year for Tmin Age-structure (set to Ydecl by SS)
2013
#  recruitment and biomass
# Number of historical assessment years
137
# Historical data
# year recruitment spawner in B0 in R project in R/S project
1888  1889 1890 1891 1892 1893 1894 1895 1896 1897 1898 1899 1900 1901 1902 1903 1904 1905 1906 1907 1908 1909 1910 1911 1912 1913 1914 1915 1916 1917 1918 1919 1920 1921 1922 1923 1924 1925 1926 1927 1928 1929 1930 1931 1932 1933 1934 1935 1936 1937 1938 1939 1940 1941 1942 1943 1944 1945 1946 1947 1948 1949 1950 1951 1952 1953 1954 1955 1956 1957 1958 1959 1960 1961 1962 1963 1964 1965 1966 1967 1968 1969 1970 1971 1972 1973 1974 1975 1976 1977 1978 1979 1980 1981 1982 1983 1984 1985 1986 1987 1988 1989 1990 1991 1992 1993 1994 1995 1996 1997 1998 1999 2000 2001 2002 2003 2004 2005 2006 2007 2008 2009 2010 2011 2012 2013 2014 2015 2016 2017 2018 2019 2020 2021 2022 2023 2024 #years (with first value representing R0)
216.101 219.93 220.066 220.207 220.353 220.495 220.643 220.797 220.964 221.138 221.32 221.509 221.709 221.917 222.136 222.364 222.604 222.861 223.133 223.433 223.756 224.103 224.475 224.868 225.277 225.686 226.07 226.389 226.594 226.628 226.411 225.831 224.902 223.546 221.745 219.521 216.928 214.059 211.062 207.935 204.995 202.415 200.263 198.48 196.935 195.363 193.492 191.118 188.242 185.076 182.053 179.655 178.353 178.527 180.627 185.376 193.818 207.479 227.463 252.657 274.225 273.036 244.485 207.586 176.621 154.948 141.602 135.092 134.594 139.783 150.517 165.147 173.572 161.962 140.28 125.978 126.982 146.629 174.023 192.985 231.391 253.143 310.504 454.68 261.432 198.688 216.485 306.753 262.104 251.658 188.268 240.214 280.584 294.619 287.783 219.036 291.816 248.774 168.118 127.551 94.8962 80.1759 71.9685 63.7767 71.6927 134.685 116.44 55.9788 53.0027 63.3155 96.9468 145.43 78.7762 93.9546 308.602 128.148 86.1004 131.728 222.027 230.43 377.251 310.291 289.439 223.974 203.822 456.022 222.643 297.192 210.188 106.379 103.093 108.486 108.021 143.375 161.124 166.114 179.599  #recruits; first value is R0 (virgin)
1090.58  1090.58 1090.57 1090.55 1090.53 1090.06 1089.6 1089.14 1088.99 1088.91 1088.83 1088.77 1088.7 1088.65 1088.62 1088.62 1088.65 1088.71 1088.81 1088.95 1089.11 1089.18 1089.39 1089.62 1089.86 1090.12 1090.4 1090.69 1090.91 1091.23 1091.39 1089.51 1089.23 1089.09 1089.03 1089.27 1089.46 1089.12 1088.44 1086.99 1084.83 1082.79 1081.23 1079.34 1078.5 1077.82 1077.15 1075.93 1074.67 1072.39 1070.33 1067.9 1066.03 1062.91 1058.19 1053 1043.2 1032.63 1016.71 1001.94 994.817 986.835 980.44 973.157 964.19 956.352 950.217 942.976 936.091 929.226 921.333 914.312 908.552 904.132 901.676 898.592 897.112 896.757 886.501 883.204 877.919 872.03 857.329 847.343 834.032 817.416 799.785 780.155 760.689 738.381 716.339 681.72 645.45 617.981 583.109 528.403 499.835 478.221 451.401 429.265 401.953 378.175 348.822 328.037 292.009 259.724 228.779 211.86 195.34 177.197 156.08 148.652 137.197 138.595 138.904 144.595 150.322 156.374 162.411 168.842 174.69 180.954 187.067 193.736 200.815 208.254 216.661 225.866 235.666 246.551 257.583 270.249 284.193 300.476 318.274 336.347 355.142 #spbio; first value is SSB_virgin (virgin)
1 0 0 0 0 0 0 0 0 0 0 0 0 0 0 0 0 0 0 0 0 0 0 0 0 0 0 0 0 0 0 0 0 0 0 0 0 0 0 0 0 0 0 0 0 0 0 0 0 0 0 0 0 0 0 0 0 0 0 0 0 0 0 0 0 0 0 0 0 0 0 0 0 0 0 0 0 0 0 0 0 0 0 0 0 0 0 0 0 0 0 0 0 0 0 0 0 0 0 0 0 0 0 0 0 0 0 0 0 0 0 0 0 0 0 0 0 0 0 0 0 0 0 0 0 0 0 0 0 0 0 0 0 0 0 0 0  # in Bzero
0 1 1 1 1 1 1 1 1 1 1 1 1 1 1 1 1 1 1 1 1 1 1 1 1 1 1 1 1 1 1 1 1 1 1 1 1 1 1 1 1 1 1 1 1 1 1 1 1 1 1 1 1 1 1 1 1 1 1 1 1 1 1 1 1 1 1 1 1 1 1 1 1 1 1 1 1 1 1 1 1 1 1 1 1 1 1 1 1 1 1 1 1 1 1 1 1 1 1 1 1 1 1 1 1 1 1 1 1 1 1 1 1 1 1 1 1 1 1 1 1 1 1 1 1 1 1 1 1 1 1 1 1 1  0 0 0 # in R project
0 1 1 1 1 1 1 1 1 1 1 1 1 1 1 1 1 1 1 1 1 1 1 1 1 1 1 1 1 1 1 1 1 1 1 1 1 1 1 1 1 1 1 1 1 1 1 1 1 1 1 1 1 1 1 1 1 1 1 1 1 1 1 1 1 1 1 1 1 1 1 1 1 1 1 1 1 1 1 1 1 1 1 1 1 1 1 1 1 1 1 1 1 1 1 1 1 1 1 1 1 1 1 1 1 1 1 1 1 1 1 1 1 1 1 1 1 1 1 1 1 1 1 1 1 1 1 1 1 1 1 1 1 1  0 0 0 # in R/S project
# Number of years with pre-specified catches
0
# catches for years with pre-specified catches go next
# Number of future recruitments to override
-2
# Process for overiding (-1 for average otherwise index in data list)
# Which probability to product detailed results for (1=0.5; 2=0.6; etc.)
3
# Steepness sigma-R Auto-correlation
0.718 0.5 0
# Target SPR rate (FMSY Proxy); manually change to SPR_MSY if not using SPR_target
0.5
# Discount rate (for cumulative catch)
0.1
# Truncate the series when 0.4B0 is reached (1=Yes)
0
# Set F to FMSY once 0.4B0 is reached (1=Yes)
0
# Maximum possible F for projection (-1 to set to FMSY)
-1
# Defintion of recovery (1=now only;2=now or before)
2
# Projection type
4
# Definition of the 40-10 rule
10 40
# Sigma Assessment Error (Base, Year1, Slope, MaxSigma)
1.0 2025 0.075 2.0
# Pstar
0.45
# Constrain catches by the ABC (1=yes, 2=no)
2
# Implementation Error (0=no; 1=lognormal; 2=uniform)
0
#Parameters of Implementaion Error
1 0.3
# Calculate coefficients of variation (1=Yes)
0
# Number of replicates to use
10
# Random number seed
-99004
# File with multiple parameter vectors 
rebuild.SSO
# User-specific projection (1=Yes); Output replaced (1->9)
0  5
# Catches and Fs (Year; 1/2/3 (F or C or SPR); value); Final row is -1
2024 1 1
-1 -1 -1
# Fixed catch project (1=Yes); Output replaced (1->9); Approach (-1=Read in else 1-9)
0 2 -1
# (48a) Special catch options (1-Yes) [CUT_OFF, Emsy, distribution, MAXCAT, Add, replace_code]
0 0.18 1.00 1.00 0 6
# (48b) B1Target
150000
# Split of Fs
2011  0.016606
 0
 0.391745
 0.0239716
 0.192902
 0.196441
 0.178334
-1  1 1 1 1 1 1 1 1 1 1 1 1
# Yrs to define T_target for projection type 4 (a.k.a. 5 pre-specified inputs)
2030 2031 2032 2033 2034 
# Year for probability of recovery
2034 2035 2036 2037 2038 2039 2040 2041
# Time varying weight-at-age (1=Yes;0=No)
0
# File with time series of weight-at-age data
none
# Use bisection (0) or linear interpolation (1)
1
# Target Depletion
0.4
# CV of implementation error
0
