#Title, #runnumber: 3 yelloweye_data.ss yelloweye_control.ss 7250.18 1090.16 376.77 StartTime: Wed Apr 23 09:00:41 2025
SSv3_default_rebuild.dat
# Number of sexes
1
# Age range to consider (minimum age; maximum age)
0 100
# Number of fleets
7
# First year of projection (Yinit)
2011
# First Year of rebuilding period (Ydecl)
2013
# Number of simulations
1000
# Maximum number of years
500
# Conduct projections with multiple starting values (0=No;else yes)
0
# Number of parameter vectors
1000
# Is the maximum age a plus-group (1=Yes;2=No)
1
# Generate future recruitments using historical recruitments (1)  historical recruits/spawner (2)  or a stock-recruitment (3)
3
# Constant fishing mortality (1) or constant Catch (2) projections
1
# Fishing mortality based on SPR (1) or actual rate (2)
1
# Pre-specify the year of recovery (or -1) to ignore
-1
# Fecundity-at-age
# 0 1 2 3 4 5 6 7 8 9 10 11 12 13 14 15 16 17 18 19 20 21 22 23 24 25 26 27 28 29 30 31 32 33 34 35 36 37 38 39 40 41 42 43 44 45 46 47 48 49 50 51 52 53 54 55 56 57 58 59 60 61 62 63 64 65 66 67 68 69 70 71 72 73 74 75 76 77 78 79 80 81 82 83 84 85 86 87 88 89 90 91 92 93 94 95 96 97 98 99 100 #runnumber: 3 yelloweye_data.ss yelloweye_control.ss 7250.18 1090.16 376.77
 0 0 2.78181e-09 5.77664e-08 7.33482e-07 6.5716e-06 4.51491e-05 0.000247949 0.00110132 0.00393277 0.011272 0.0263368 0.0516145 0.0876422 0.132902 0.184654 0.239963 0.296376 0.352179 0.406334 0.458315 0.50792 0.555126 0.599998 0.642634 0.683135 0.721597 0.758105 0.792734 0.825554 0.856629 0.886021 0.91379 0.939998 0.964705 0.987972 1.00986 1.03043 1.04974 1.06786 1.08484 1.10075 1.11563 1.12955 1.14256 1.15471 1.16605 1.17664 1.18651 1.19571 1.20428 1.21227 1.2197 1.22663 1.23307 1.23906 1.24463 1.24981 1.25462 1.2591 1.26326 1.26712 1.27071 1.27404 1.27713 1.28001 1.28267 1.28515 1.28745 1.28958 1.29156 1.29342 1.29516 1.29676 1.29825 1.29963 1.30092 1.30211 1.30321 1.30423 1.30518 1.30606 1.30688 1.30763 1.30834 1.30899 1.30959 1.31015 1.31067 1.31115 1.31159 1.31201 1.31239 1.31275 1.31308 1.31338 1.31366 1.31393 1.31417 1.3144 1.31472 #female fecundity; weighted by N in year Y_init across morphs and areas
# Age specific selectivity and weight adjusted for discard and discard mortality
 #wt and selex for gender,fleet: 1 1 1_CA_TWL
 0.00896707 0.00911053 0.027822 0.0692481 0.131518 0.21375 0.313153 0.426418 0.550297 0.681874 0.81871 0.959002 1.10173 1.24656 1.39347 1.54232 1.69255 1.84324 1.99324 2.14138 2.28658 2.42796 2.56485 2.69676 2.82335 2.94443 3.05988 3.16969 3.2739 3.3726 3.4659 3.55396 3.63695 3.71506 3.78849 3.85744 3.92211 3.98272 4.03948 4.09258 4.14222 4.18861 4.23192 4.27234 4.31005 4.3452 4.37796 4.40847 4.43688 4.46333 4.48795 4.51084 4.53214 4.55194 4.57034 4.58745 4.60334 4.61811 4.63183 4.64457 4.65639 4.66738 4.67757 4.68704 4.69582 4.70397 4.71154 4.71856 4.72507 4.73111 4.73675 4.74201 4.74689 4.75142 4.75562 4.75952 4.76313 4.76648 4.76959 4.77247 4.77514 4.77762 4.77992 4.78205 4.78402 4.78585 4.78755 4.78912 4.79058 4.79193 4.79319 4.79435 4.79543 4.79643 4.79735 4.79821 4.79901 4.79974 4.80043 4.80106 4.80199
 0 0.00109458 0.00247783 0.00935325 0.027714 0.0657611 0.130028 0.221667 0.335134 0.459835 0.583428 0.695111 0.787852 0.859138 0.910272 0.944818 0.967013 0.980705 0.988887 0.993662 0.996403 0.997958 0.998837 0.999333 0.999614 0.999773 0.999865 0.999918 0.999949 0.999968 0.999979 0.999986 0.99999 0.999993 0.999994 0.999996 0.999996 0.999997 0.999997 0.999997 0.999997 0.999997 0.999997 0.999997 0.999997 0.999997 0.999997 0.999997 0.999997 0.999997 0.999997 0.999997 0.999997 0.999997 0.999997 0.999997 0.999997 0.999997 0.999997 0.999997 0.999997 0.999997 0.999997 0.999997 0.999997 0.999997 0.999997 0.999997 0.999997 0.999997 0.999997 0.999997 0.999997 0.999997 0.999997 0.999997 0.999997 0.999997 0.999997 0.999997 0.999997 0.999997 0.999997 0.999997 0.999997 0.999997 0.999997 0.999997 0.999997 0.999997 0.999997 0.999997 0.999997 0.999997 0.999997 0.999997 0.999997 0.999997 0.999997 0.999997 0.999997
 #wt and selex for gender,fleet: 1 3 3_CA_REC
 0.00896707 0.00911042 0.0269355 0.066675 0.126508 0.20563 0.3015 0.411058 0.531262 0.659383 0.79328 0.931685 1.07418 1.22069 1.37089 1.52391 1.67843 1.83296 1.98607 2.13654 2.2834 2.42591 2.56354 2.69593 2.82283 2.94409 3.05967 3.16956 3.27381 3.37254 3.46586 3.55394 3.63694 3.71505 3.78848 3.85743 3.92211 3.98272 4.03948 4.09258 4.14222 4.18861 4.23192 4.27234 4.31005 4.3452 4.37796 4.40847 4.43689 4.46333 4.48795 4.51084 4.53214 4.55194 4.57034 4.58745 4.60334 4.61811 4.63183 4.64457 4.65639 4.66738 4.67757 4.68704 4.69582 4.70397 4.71154 4.71856 4.72507 4.73111 4.73675 4.74201 4.7469 4.75142 4.75563 4.75952 4.76313 4.76648 4.76959 4.77247 4.77514 4.77762 4.77992 4.78205 4.78402 4.78585 4.78755 4.78912 4.79058 4.79193 4.79319 4.79435 4.79543 4.79643 4.79735 4.79821 4.79901 4.79975 4.80043 4.80106 4.80199
 0 0.00398194 0.00828558 0.0255695 0.0636646 0.130429 0.227795 0.349555 0.483192 0.614045 0.729525 0.821957 0.889478 0.934877 0.96328 0.980015 0.989412 0.994497 0.997174 0.998557 0.999264 0.999623 0.999805 0.999898 0.999946 0.999971 0.999984 0.999991 0.999995 0.999997 0.999998 0.999999 0.999999 0.999999 0.999999 0.999999 0.999999 0.999999 0.999999 0.999999 0.999999 0.999999 0.999999 0.999999 0.999999 0.999999 0.999999 0.999999 0.999999 0.999999 0.999999 0.999999 0.999999 0.999999 0.999999 0.999999 0.999999 0.999999 0.999999 0.999999 0.999999 0.999999 0.999999 0.999999 0.999999 0.999999 0.999999 0.999999 0.999999 0.999999 0.999999 0.999999 0.999999 0.999999 0.999999 0.999999 0.999999 0.999999 0.999999 0.999999 0.999999 0.999999 0.999999 0.999999 0.999999 0.999999 0.999999 0.999999 0.999999 0.999999 0.999999 0.999999 0.999999 0.999999 0.999999 0.999999 0.999999 0.999999 0.999999 0.999999 0.999999
 #wt and selex for gender,fleet: 1 4 4_ORWA_TWL
 0.00896707 0.00911025 0.0255311 0.0627904 0.119742 0.196019 0.289733 0.398318 0.519019 0.649177 0.786401 0.928746 1.07486 1.22392 1.37534 1.52848 1.68244 1.83614 1.98841 2.13817 2.28449 2.42663 2.564 2.69622 2.82301 2.94421 3.05974 3.1696 3.27384 3.37256 3.46587 3.55394 3.63694 3.71506 3.78849 3.85743 3.92211 3.98272 4.03948 4.09258 4.14222 4.18861 4.23192 4.27234 4.31005 4.3452 4.37796 4.40847 4.43688 4.46333 4.48795 4.51084 4.53214 4.55194 4.57034 4.58745 4.60334 4.61811 4.63183 4.64456 4.65639 4.66738 4.67757 4.68704 4.69582 4.70397 4.71154 4.71855 4.72507 4.73111 4.73675 4.74201 4.74689 4.75142 4.75562 4.75952 4.76313 4.76648 4.76959 4.77247 4.77514 4.77762 4.77992 4.78205 4.78402 4.78585 4.78755 4.78912 4.79058 4.79193 4.79319 4.79435 4.79543 4.79643 4.79735 4.79821 4.79901 4.79974 4.80043 4.80106 4.80199
 0 0.0140526 0.025652 0.0575322 0.111239 0.188542 0.286558 0.398207 0.514229 0.625464 0.724552 0.806866 0.870754 0.917203 0.948984 0.969589 0.982348 0.98996 0.99437 0.99687 0.998266 0.999038 0.999464 0.999699 0.999829 0.999901 0.999942 0.999965 0.999978 0.999986 0.999991 0.999993 0.999995 0.999996 0.999997 0.999997 0.999997 0.999997 0.999998 0.999998 0.999998 0.999998 0.999998 0.999997 0.999997 0.999997 0.999997 0.999997 0.999997 0.999997 0.999997 0.999997 0.999997 0.999997 0.999997 0.999997 0.999997 0.999997 0.999997 0.999997 0.999997 0.999997 0.999997 0.999997 0.999997 0.999997 0.999997 0.999997 0.999997 0.999997 0.999997 0.999997 0.999997 0.999997 0.999997 0.999997 0.999997 0.999997 0.999997 0.999997 0.999997 0.999997 0.999997 0.999997 0.999997 0.999997 0.999997 0.999997 0.999997 0.999997 0.999997 0.999997 0.999997 0.999997 0.999997 0.999997 0.999997 0.999997 0.999997 0.999997 0.999997
 #wt and selex for gender,fleet: 1 5 5_ORWA_NONTWL
 0.00896707 0.00911044 0.0271827 0.0678973 0.129992 0.213145 0.315059 0.432689 0.562832 0.702447 0.848812 0.999571 1.15273 1.30665 1.46003 1.61188 1.76154 1.90858 2.05271 2.19372 2.33139 2.46547 2.5957 2.72178 2.84345 2.96046 3.07262 3.1798 3.28192 3.37898 3.47099 3.55805 3.64025 3.71774 3.79068 3.85924 3.92361 3.98398 4.04054 4.09348 4.143 4.18928 4.23251 4.27286 4.3105 4.3456 4.37832 4.4088 4.43718 4.46361 4.4882 4.51108 4.53235 4.55214 4.57053 4.58763 4.60351 4.61827 4.63198 4.64471 4.65653 4.66751 4.6777 4.68716 4.69594 4.70409 4.71165 4.71867 4.72518 4.73122 4.73685 4.74212 4.747 4.75152 4.75572 4.75962 4.76323 4.76658 4.76969 4.77257 4.77524 4.77771 4.78001 4.78214 4.78411 4.78594 4.78764 4.78921 4.79067 4.79202 4.79328 4.79444 4.79552 4.79652 4.79744 4.7983 4.7991 4.79983 4.80052 4.80115 4.80208
 0 0.000656134 0.00139422 0.00463387 0.0127555 0.0293893 0.0583313 0.102279 0.161854 0.23532 0.319009 0.408166 0.497871 0.583765 0.662497 0.731909 0.790996 0.839739 0.878843 0.909463 0.932949 0.950658 0.963831 0.973528 0.980615 0.985768 0.989508 0.992221 0.994193 0.995631 0.996684 0.997459 0.998034 0.998463 0.998786 0.99903 0.999218 0.999362 0.999474 0.999562 0.999632 0.999688 0.999733 0.999769 0.999798 0.999823 0.999843 0.99986 0.999874 0.999886 0.999896 0.999905 0.999912 0.999919 0.999924 0.999929 0.999933 0.999937 0.99994 0.999943 0.999946 0.999948 0.99995 0.999952 0.999954 0.999955 0.999956 0.999958 0.999959 0.99996 0.99996 0.999961 0.999962 0.999962 0.999962 0.999963 0.999963 0.999964 0.999964 0.999964 0.999965 0.999965 0.999965 0.999965 0.999965 0.999966 0.999966 0.999966 0.999966 0.999966 0.999966 0.999966 0.999967 0.999967 0.999967 0.999967 0.999967 0.999967 0.999967 0.999967 0.999967
 #wt and selex for gender,fleet: 1 6 6_OR_REC
 0.00896707 0.00911186 0.0350715 0.085322 0.156348 0.243953 0.342849 0.448584 0.558329 0.67186 0.791382 0.919539 1.05743 1.20407 1.35708 1.51369 1.67145 1.82843 1.98321 2.13472 2.28219 2.42505 2.56287 2.69534 2.82227 2.94353 3.0591 3.16896 3.2732 3.3719 3.46519 3.55324 3.63622 3.71431 3.78772 3.85665 3.9213 3.9819 4.03864 4.09172 4.14135 4.18772 4.23102 4.27143 4.30913 4.34427 4.37702 4.40752 4.43593 4.46237 4.48698 4.50987 4.53116 4.55095 4.56935 4.58645 4.60234 4.6171 4.63082 4.64355 4.65538 4.66636 4.67655 4.68601 4.69479 4.70294 4.7105 4.71752 4.72403 4.73007 4.73571 4.74097 4.74585 4.75038 4.75458 4.75847 4.76208 4.76543 4.76853 4.77141 4.77408 4.77656 4.77886 4.78099 4.78296 4.78479 4.78649 4.78806 4.78952 4.79087 4.79212 4.79328 4.79436 4.79536 4.79628 4.79714 4.79794 4.79867 4.79936 4.79999 4.80092
 0 1.83896e-05 9.27533e-05 0.00139831 0.0107702 0.0479079 0.13957 0.294447 0.486428 0.670012 0.81129 0.90236 0.953396 0.979068 0.990957 0.996117 0.998226 0.999024 0.999275 0.999302 0.999238 0.999138 0.999024 0.998906 0.998786 0.998669 0.998555 0.998444 0.998338 0.998236 0.998138 0.998046 0.997958 0.997874 0.997795 0.997721 0.997651 0.997585 0.997523 0.997465 0.99741 0.997359 0.997311 0.997266 0.997225 0.997186 0.997149 0.997115 0.997083 0.997054 0.997026 0.997001 0.996977 0.996955 0.996934 0.996915 0.996897 0.996881 0.996865 0.996851 0.996838 0.996825 0.996814 0.996803 0.996793 0.996784 0.996775 0.996768 0.99676 0.996753 0.996747 0.996741 0.996735 0.99673 0.996726 0.996721 0.996717 0.996713 0.99671 0.996707 0.996704 0.996701 0.996698 0.996696 0.996693 0.996691 0.996689 0.996688 0.996686 0.996685 0.996683 0.996682 0.996681 0.996679 0.996678 0.996677 0.996677 0.996676 0.996675 0.996674 0.996673
 #wt and selex for gender,fleet: 1 7 7_WA_REC
 0.00896707 0.00911171 0.0346676 0.0860668 0.161068 0.256474 0.367223 0.488464 0.616165 0.747252 0.879649 1.01245 1.14592 1.28111 1.41911 1.56043 1.70479 1.8512 1.99825 2.14444 2.28841 2.42905 2.56549 2.69713 2.82357 2.94455 3.05995 3.16974 3.27393 3.37261 3.46591 3.55397 3.63696 3.71507 3.78849 3.85744 3.92212 3.98273 4.03948 4.09258 4.14222 4.18861 4.23192 4.27234 4.31005 4.3452 4.37796 4.40847 4.43689 4.46333 4.48795 4.51084 4.53214 4.55194 4.57034 4.58745 4.60335 4.61811 4.63183 4.64457 4.65639 4.66738 4.67757 4.68704 4.69582 4.70397 4.71154 4.71856 4.72507 4.73111 4.73675 4.74201 4.7469 4.75142 4.75563 4.75952 4.76313 4.76648 4.76959 4.77247 4.77514 4.77762 4.77992 4.78205 4.78402 4.78585 4.78755 4.78912 4.79058 4.79193 4.79319 4.79435 4.79543 4.79643 4.79735 4.79821 4.79901 4.79975 4.80043 4.80106 4.80199
 0 2.46269e-06 1.16328e-05 0.000172715 0.00146802 0.00774423 0.0279024 0.0743956 0.156545 0.273472 0.412699 0.555349 0.683933 0.787874 0.864554 0.917023 0.950815 0.971565 0.98385 0.99093 0.994935 0.997174 0.998418 0.999108 0.999492 0.999707 0.999829 0.999898 0.999938 0.999962 0.999976 0.999985 0.99999 0.999993 0.999995 0.999997 0.999997 0.999998 0.999998 0.999999 0.999999 0.999999 0.999999 0.999999 0.999999 0.999999 0.999999 0.999999 0.999999 0.999999 0.999999 0.999999 0.999999 0.999999 0.999999 0.999999 0.999999 0.999999 0.999999 0.999999 0.999999 0.999999 0.999999 0.999999 0.999999 0.999999 0.999999 0.999999 0.999999 0.999999 0.999999 0.999999 0.999999 0.999999 0.999999 0.999999 0.999999 0.999999 0.999999 0.999999 0.999999 0.999999 0.999999 0.999999 0.999999 0.999999 0.999999 0.999999 0.999999 0.999999 0.999999 0.999999 0.999999 0.999999 0.999999 0.999999 0.999999 0.999999 0.999999 0.999999 0.999999
# Sex ratio correction
1
# M and current age-structure in year Yinit: 2011
 # gender = 1
 0.0439034 0.0439034 0.0439034 0.0439034 0.0439034 0.0439034 0.0439034 0.0439034 0.0439034 0.0439034 0.0439034 0.0439034 0.0439034 0.0439034 0.0439034 0.0439034 0.0439034 0.0439034 0.0439034 0.0439034 0.0439034 0.0439034 0.0439034 0.0439034 0.0439034 0.0439034 0.0439034 0.0439034 0.0439034 0.0439034 0.0439034 0.0439034 0.0439034 0.0439034 0.0439034 0.0439034 0.0439034 0.0439034 0.0439034 0.0439034 0.0439034 0.0439034 0.0439034 0.0439034 0.0439034 0.0439034 0.0439034 0.0439034 0.0439034 0.0439034 0.0439034 0.0439034 0.0439034 0.0439034 0.0439034 0.0439034 0.0439034 0.0439034 0.0439034 0.0439034 0.0439034 0.0439034 0.0439034 0.0439034 0.0439034 0.0439034 0.0439034 0.0439034 0.0439034 0.0439034 0.0439034 0.0439034 0.0439034 0.0439034 0.0439034 0.0439034 0.0439034 0.0439034 0.0439034 0.0439034 0.0439034 0.0439034 0.0439034 0.0439034 0.0439034 0.0439034 0.0439034 0.0439034 0.0439034 0.0439034 0.0439034 0.0439034 0.0439034 0.0439034 0.0439034 0.0439034 0.0439034 0.0439034 0.0439034 0.0439034 0.0439034
 222.728 275.721 282.996 329.181 192.62 177.698 100.765 63.0769 89.8083 206.525 59.9917 48.0334 84.5566 53.5338 33.2188 26.3994 26.3696 51.5017 55.4075 26.9851 21.6574 21.6888 21.097 21.4871 24.5356 27.1176 33.3156 32.2722 20.0106 21.8852 18.5785 14.8174 10.6941 7.13032 8.22878 7.43567 7.64179 4.7357 3.85593 4.5492 7.18012 4.42116 3.30724 2.79181 2.16397 1.82179 1.43781 1.17105 1.09669 1.15572 1.26487 1.2851 1.15875 1.00165 0.883254 0.808221 0.771379 0.769161 0.800928 0.869149 0.973111 1.09257 1.1631 1.11147 0.973027 0.832624 0.722345 0.642047 0.584362 0.541724 0.509205 0.483561 0.462803 0.445456 0.430087 0.415488 0.400772 0.38565 0.370276 0.355129 0.340711 0.3274 0.31529 0.304343 0.294332 0.284923 0.27565 0.266514 0.257343 0.248057 0.23864 0.229114 0.219549 0.210061 0.200673 0.191511 0.18265 0.174138 0.165999 0.158248 3.39717
# Age-structure at Ydeclare= 2013
 453.355 193.959 204.003 252.538 259.193 301.463 176.36 162.625 92.1495 57.6259 81.9532 188.247 54.6273 43.7026 76.8853 48.6556 30.1828 23.9819 23.9519 46.7761 50.3211 24.5072 19.6683 19.6966 19.1589 19.513 22.2811 24.6254 30.2531 29.3049 18.1701 19.8717 16.8686 13.4532 9.70922 6.47346 7.47053 6.75033 6.9373 4.29902 3.50029 4.12954 6.51763 4.01316 3.00199 2.53409 1.96418 1.65357 1.30504 1.0629 0.9954 1.04897 1.14803 1.16639 1.05171 0.909117 0.80166 0.733558 0.700118 0.698104 0.726936 0.788854 0.883211 0.991632 1.05565 1.00879 0.883132 0.755699 0.655609 0.582729 0.530373 0.491674 0.462159 0.438885 0.420044 0.4043 0.39035 0.3771 0.363744 0.350019 0.336066 0.322318 0.309232 0.297151 0.28616 0.276224 0.267139 0.258599 0.250182 0.24189 0.233567 0.225139 0.216592 0.207946 0.199265 0.190654 0.182133 0.173817 0.165775 0.158049 3.3776
# Year for Tmin Age-structure (set to Ydecl by SS)
2013
#  recruitment and biomass
# Number of historical assessment years
137
# Historical data
# year recruitment spawner in B0 in R project in R/S project
1888  1889 1890 1891 1892 1893 1894 1895 1896 1897 1898 1899 1900 1901 1902 1903 1904 1905 1906 1907 1908 1909 1910 1911 1912 1913 1914 1915 1916 1917 1918 1919 1920 1921 1922 1923 1924 1925 1926 1927 1928 1929 1930 1931 1932 1933 1934 1935 1936 1937 1938 1939 1940 1941 1942 1943 1944 1945 1946 1947 1948 1949 1950 1951 1952 1953 1954 1955 1956 1957 1958 1959 1960 1961 1962 1963 1964 1965 1966 1967 1968 1969 1970 1971 1972 1973 1974 1975 1976 1977 1978 1979 1980 1981 1982 1983 1984 1985 1986 1987 1988 1989 1990 1991 1992 1993 1994 1995 1996 1997 1998 1999 2000 2001 2002 2003 2004 2005 2006 2007 2008 2009 2010 2011 2012 2013 2014 2015 2016 2017 2018 2019 2020 2021 2022 2023 2024 #years (with first value representing R0)
215.164 218.904 219.036 219.173 219.315 219.454 219.598 219.747 219.909 220.079 220.255 220.44 220.633 220.837 221.05 221.27 221.504 221.755 222.02 222.313 222.629 222.968 223.334 223.719 224.123 224.525 224.905 225.221 225.426 225.461 225.249 224.677 223.757 222.413 220.624 218.411 215.826 212.962 209.965 206.837 203.892 201.304 199.143 197.35 195.795 194.218 192.346 189.98 187.122 183.984 180.995 178.635 177.371 177.579 179.711 184.491 192.98 206.735 226.925 252.524 274.64 273.582 244.585 207.284 176.13 154.382 140.996 134.45 133.913 139.071 149.816 164.55 173.15 161.561 139.78 125.409 126.357 145.973 173.45 192.389 230.59 252.195 309.087 456.615 261.041 198.043 216.025 307.28 261.583 251.275 187.373 239.64 280.55 294.686 288.614 218.242 290.454 247.766 167.582 127.1 94.385 79.6551 71.506 63.3817 71.2847 134.194 115.899 55.6872 52.6834 62.9028 96.4347 145.093 78.5882 93.6489 307.81 127.882 85.8651 131.196 221.36 229.612 375.53 308.97 288.096 222.728 202.664 453.355 221.326 294.835 208.66 105.733 102.457 107.822 107.412 142.677 160.421 165.395 178.769  #recruits; first value is R0 (virgin)
1090.16  1090.16 1090.15 1090.14 1090.11 1089.64 1089.19 1088.72 1088.57 1088.49 1088.41 1088.35 1088.28 1088.23 1088.2 1088.19 1088.22 1088.27 1088.37 1088.5 1088.65 1088.71 1088.91 1089.13 1089.36 1089.61 1089.87 1090.14 1090.36 1090.65 1090.8 1088.9 1088.61 1088.45 1088.37 1088.6 1088.76 1088.4 1087.71 1086.23 1084.05 1081.99 1080.41 1078.5 1077.64 1076.94 1076.25 1075.01 1073.73 1071.44 1069.36 1066.92 1065.03 1061.9 1057.15 1051.96 1042.14 1031.55 1015.61 1000.82 993.679 985.678 979.265 971.965 962.981 955.129 948.981 941.732 934.844 927.981 920.1 913.102 907.38 903.01 900.617 897.604 896.198 895.92 885.74 882.512 877.293 871.463 856.817 846.881 833.616 817.041 799.449 779.854 760.419 738.139 716.12 681.522 645.271 617.822 582.973 528.294 499.752 478.166 451.376 429.266 401.982 378.229 348.901 328.135 292.128 259.858 228.922 212.002 195.474 177.313 156.167 148.709 137.22 138.588 138.865 144.528 150.228 156.253 162.262 168.666 174.488 180.727 186.817 193.465 200.525 207.949 216.341 225.535 235.325 246.199 257.222 269.874 283.801 300.059 317.826 335.858 354.604 #spbio; first value is SSB_virgin (virgin)
1 0 0 0 0 0 0 0 0 0 0 0 0 0 0 0 0 0 0 0 0 0 0 0 0 0 0 0 0 0 0 0 0 0 0 0 0 0 0 0 0 0 0 0 0 0 0 0 0 0 0 0 0 0 0 0 0 0 0 0 0 0 0 0 0 0 0 0 0 0 0 0 0 0 0 0 0 0 0 0 0 0 0 0 0 0 0 0 0 0 0 0 0 0 0 0 0 0 0 0 0 0 0 0 0 0 0 0 0 0 0 0 0 0 0 0 0 0 0 0 0 0 0 0 0 0 0 0 0 0 0 0 0 0 0 0 0  # in Bzero
0 1 1 1 1 1 1 1 1 1 1 1 1 1 1 1 1 1 1 1 1 1 1 1 1 1 1 1 1 1 1 1 1 1 1 1 1 1 1 1 1 1 1 1 1 1 1 1 1 1 1 1 1 1 1 1 1 1 1 1 1 1 1 1 1 1 1 1 1 1 1 1 1 1 1 1 1 1 1 1 1 1 1 1 1 1 1 1 1 1 1 1 1 1 1 1 1 1 1 1 1 1 1 1 1 1 1 1 1 1 1 1 1 1 1 1 1 1 1 1 1 1 1 1 1 1 1 1 1 1 1 1 1 1  0 0 0 # in R project
0 1 1 1 1 1 1 1 1 1 1 1 1 1 1 1 1 1 1 1 1 1 1 1 1 1 1 1 1 1 1 1 1 1 1 1 1 1 1 1 1 1 1 1 1 1 1 1 1 1 1 1 1 1 1 1 1 1 1 1 1 1 1 1 1 1 1 1 1 1 1 1 1 1 1 1 1 1 1 1 1 1 1 1 1 1 1 1 1 1 1 1 1 1 1 1 1 1 1 1 1 1 1 1 1 1 1 1 1 1 1 1 1 1 1 1 1 1 1 1 1 1 1 1 1 1 1 1 1 1 1 1 1 1  0 0 0 # in R/S project
# Number of years with pre-specified catches
0
# catches for years with pre-specified catches go next
# Number of future recruitments to override
-2
# Process for overiding (-1 for average otherwise index in data list)
# Which probability to product detailed results for (1=0.5; 2=0.6; etc.)
3
# Steepness sigma-R Auto-correlation
0.718 0.5 0
# Target SPR rate (FMSY Proxy); manually change to SPR_MSY if not using SPR_target
0.5
# Discount rate (for cumulative catch)
0.1
# Truncate the series when 0.4B0 is reached (1=Yes)
0
# Set F to FMSY once 0.4B0 is reached (1=Yes)
0
# Maximum possible F for projection (-1 to set to FMSY)
-1
# Defintion of recovery (1=now only;2=now or before)
2
# Projection type
4
# Definition of the 40-10 rule
10 40
# Sigma Assessment Error (Base, Year1, Slope, MaxSigma)
1.0 2025 0.075 2.0
# Pstar
0.45
# Constrain catches by the ABC (1=yes, 2=no)
2
# Implementation Error (0=no; 1=lognormal; 2=uniform)
0
#Parameters of Implementaion Error
1 0.3
# Calculate coefficients of variation (1=Yes)
0
# Number of replicates to use
10
# Random number seed
-99004
# File with multiple parameter vectors 
rebuild.SSO
# User-specific projection (1=Yes); Output replaced (1->9)
0  5
# Catches and Fs (Year; 1/2/3 (F or C or SPR); value); Final row is -1
2024 1 1
-1 -1 -1
# Fixed catch project (1=Yes); Output replaced (1->9); Approach (-1=Read in else 1-9)
0 2 -1
# (48a) Special catch options (1-Yes) [CUT_OFF, Emsy, distribution, MAXCAT, Add, replace_code]
0 0.18 1.00 1.00 0 6
# (48b) B1Target
150000
# Split of Fs
2011  0.0166127
 0
 0.391944
 0.0239563
 0.192736
 0.196462
 0.178288
-1  1 1 1 1 1 1 1 1 1 1 1 1
# Yrs to define T_target for projection type 4 (a.k.a. 5 pre-specified inputs)
2030 2031 2032 2033 2034 
# Year for probability of recovery
2034 2035 2036 2037 2038 2039 2040 2041
# Time varying weight-at-age (1=Yes;0=No)
0
# File with time series of weight-at-age data
none
# Use bisection (0) or linear interpolation (1)
1
# Target Depletion
0.4
# CV of implementation error
0
