#Title, #runnumber: 1 yelloweye_data.ss yelloweye_control.ss 6666.71 1089.99 359.56 StartTime: Thu Apr 24 14:47:37 2025
SSv3_default_rebuild.dat
# Number of sexes
1
# Age range to consider (minimum age; maximum age)
0 100
# Number of fleets
7
# First year of projection (Yinit)
2011
# First Year of rebuilding period (Ydecl)
2013
# Number of simulations
1000
# Maximum number of years
500
# Conduct projections with multiple starting values (0=No;else yes)
0
# Number of parameter vectors
1000
# Is the maximum age a plus-group (1=Yes;2=No)
1
# Generate future recruitments using historical recruitments (1)  historical recruits/spawner (2)  or a stock-recruitment (3)
3
# Constant fishing mortality (1) or constant Catch (2) projections
1
# Fishing mortality based on SPR (1) or actual rate (2)
1
# Pre-specify the year of recovery (or -1) to ignore
-1
# Fecundity-at-age
# 0 1 2 3 4 5 6 7 8 9 10 11 12 13 14 15 16 17 18 19 20 21 22 23 24 25 26 27 28 29 30 31 32 33 34 35 36 37 38 39 40 41 42 43 44 45 46 47 48 49 50 51 52 53 54 55 56 57 58 59 60 61 62 63 64 65 66 67 68 69 70 71 72 73 74 75 76 77 78 79 80 81 82 83 84 85 86 87 88 89 90 91 92 93 94 95 96 97 98 99 100 #runnumber: 1 yelloweye_data.ss yelloweye_control.ss 6666.71 1089.99 359.56
 0 0 3.74022e-09 7.5092e-08 9.3508e-07 8.28764e-06 5.64398e-05 0.000305761 0.0013238 0.00455205 0.0125099 0.0281387 0.0535233 0.0889793 0.133088 0.183418 0.237356 0.292668 0.347723 0.401473 0.453333 0.50303 0.550476 0.595691 0.638738 0.679697 0.718649 0.755673 0.790839 0.824212 0.855855 0.885827 0.914187 0.940991 0.9663 0.990171 1.01266 1.03383 1.05374 1.07245 1.09002 1.10649 1.12193 1.1364 1.14994 1.16261 1.17446 1.18553 1.19587 1.20553 1.21454 1.22295 1.23079 1.23809 1.24491 1.25125 1.25716 1.26267 1.26779 1.27256 1.277 1.28113 1.28497 1.28854 1.29186 1.29495 1.29782 1.30049 1.30298 1.30528 1.30743 1.30946 1.31134 1.3131 1.31473 1.31624 1.31765 1.31895 1.32016 1.32129 1.32234 1.32331 1.32421 1.32505 1.32583 1.32655 1.32722 1.32784 1.32842 1.32896 1.32946 1.32992 1.33035 1.33075 1.33112 1.33146 1.33178 1.33208 1.33235 1.33261 1.33298 #female fecundity; weighted by N in year Y_init across morphs and areas
# Age specific selectivity and weight adjusted for discard and discard mortality
 #wt and selex for gender,fleet: 1 1 1_CA_TWL
 0.00896707 0.00944866 0.0307824 0.0745055 0.139147 0.223424 0.324289 0.438313 0.562242 0.693241 0.829005 0.967882 1.10895 1.25188 1.39663 1.54307 1.69082 1.83912 1.98704 2.13352 2.27755 2.41826 2.55492 2.68699 2.81408 2.93593 3.05238 3.16338 3.26892 3.36906 3.46391 3.55359 3.63826 3.71809 3.79325 3.86396 3.93039 3.99275 4.05124 4.10606 4.15739 4.20543 4.25037 4.29236 4.3316 4.36824 4.40244 4.43435 4.46411 4.49185 4.5177 4.54179 4.56423 4.58513 4.60458 4.62269 4.63954 4.65522 4.6698 4.68337 4.69598 4.70771 4.71862 4.72876 4.73818 4.74694 4.75507 4.76264 4.76966 4.77619 4.7823 4.78802 4.79333 4.79826 4.80285 4.8071 4.81106 4.81473 4.81813 4.8213 4.82424 4.82697 4.8295 4.83186 4.83404 4.83607 4.83795 4.8397 4.84132 4.84283 4.84423 4.84553 4.84673 4.84785 4.84889 4.84986 4.85075 4.85158 4.85236 4.85307 4.85412
 0 0.00128869 0.00311212 0.0109172 0.0304902 0.0691696 0.132303 0.220301 0.3279 0.445746 0.563152 0.67074 0.762201 0.834884 0.889297 0.927978 0.954297 0.971568 0.982576 0.989434 0.993634 0.996175 0.997701 0.998613 0.999158 0.999485 0.999681 0.9998 0.999873 0.999918 0.999946 0.999964 0.999975 0.999983 0.999987 0.999991 0.999993 0.999994 0.999995 0.999996 0.999996 0.999997 0.999997 0.999997 0.999997 0.999997 0.999997 0.999997 0.999997 0.999997 0.999997 0.999997 0.999997 0.999997 0.999997 0.999997 0.999997 0.999997 0.999997 0.999997 0.999997 0.999997 0.999997 0.999997 0.999997 0.999997 0.999997 0.999997 0.999997 0.999997 0.999997 0.999997 0.999997 0.999997 0.999997 0.999997 0.999997 0.999997 0.999997 0.999997 0.999997 0.999997 0.999997 0.999997 0.999997 0.999997 0.999997 0.999997 0.999997 0.999997 0.999997 0.999997 0.999997 0.999997 0.999997 0.999997 0.999997 0.999997 0.999997 0.999997 0.999997
 #wt and selex for gender,fleet: 1 3 3_CA_REC
 0.00896707 0.00944733 0.0299987 0.0722359 0.134583 0.215756 0.312864 0.422668 0.542106 0.668581 0.800227 0.936102 1.07601 1.21995 1.36766 1.51837 1.67087 1.82377 1.97569 2.12539 2.27189 2.41439 2.55232 2.68526 2.81293 2.93517 3.05187 3.16304 3.26869 3.36891 3.46381 3.55352 3.63821 3.71805 3.79323 3.86394 3.93038 3.99274 4.05124 4.10605 4.15739 4.20543 4.25036 4.29236 4.3316 4.36824 4.40244 4.43435 4.46411 4.49185 4.5177 4.5418 4.56423 4.58513 4.60458 4.62269 4.63954 4.65522 4.6698 4.68337 4.69598 4.70771 4.71862 4.72876 4.73818 4.74694 4.75507 4.76264 4.76966 4.77619 4.7823 4.78802 4.79333 4.79826 4.80285 4.8071 4.81106 4.81473 4.81814 4.8213 4.82424 4.82697 4.8295 4.83186 4.83404 4.83607 4.83795 4.8397 4.84133 4.84283 4.84423 4.84553 4.84674 4.84785 4.84889 4.84986 4.85075 4.85158 4.85236 4.85307 4.85413
 0 0.00375911 0.00848182 0.0259597 0.0640822 0.130291 0.226128 0.345359 0.475889 0.603775 0.717183 0.808986 0.877388 0.924749 0.95554 0.974535 0.985765 0.992186 0.995763 0.99772 0.998776 0.999343 0.999645 0.999807 0.999894 0.999941 0.999967 0.999981 0.999989 0.999993 0.999996 0.999997 0.999998 0.999999 0.999999 0.999999 0.999999 0.999999 0.999999 0.999999 0.999999 0.999999 0.999999 0.999999 0.999999 0.999999 0.999999 0.999999 0.999999 0.999999 0.999999 0.999999 0.999999 0.999999 0.999999 0.999999 0.999999 0.999999 0.999999 0.999999 0.999999 0.999999 0.999999 0.999999 0.999999 0.999999 0.999999 0.999999 0.999999 0.999999 0.999999 0.999999 0.999999 0.999999 0.999999 0.999999 0.999999 0.999999 0.999999 0.999999 0.999999 0.999999 0.999999 0.999999 0.999999 0.999999 0.999999 0.999999 0.999999 0.999999 0.999999 0.999999 0.999999 0.999999 0.999999 0.999999 0.999999 0.999999 0.999999 0.999999 0.999999
 #wt and selex for gender,fleet: 1 4 4_ORWA_TWL
 0.00896707 0.0094433 0.0275613 0.0658935 0.123891 0.201062 0.295523 0.404758 0.526077 0.656885 0.794818 0.937838 1.08432 1.23308 1.3833 1.53433 1.68556 1.8363 1.98577 2.13316 2.27767 2.41858 2.5553 2.68735 2.81439 2.93618 3.05258 3.16353 3.26903 3.36915 3.46398 3.55364 3.6383 3.71811 3.79328 3.86397 3.9304 3.99276 4.05125 4.10607 4.1574 4.20544 4.25037 4.29237 4.3316 4.36824 4.40244 4.43435 4.46411 4.49185 4.51771 4.5418 4.56423 4.58513 4.60458 4.62269 4.63954 4.65522 4.6698 4.68337 4.69598 4.70771 4.71862 4.72876 4.73818 4.74694 4.75507 4.76264 4.76966 4.77619 4.7823 4.78802 4.79333 4.79826 4.80285 4.8071 4.81106 4.81473 4.81813 4.8213 4.82424 4.82697 4.8295 4.83186 4.83404 4.83607 4.83795 4.8397 4.84132 4.84283 4.84423 4.84553 4.84673 4.84785 4.84889 4.84986 4.85075 4.85158 4.85236 4.85307 4.85412
 0 0.0176593 0.032294 0.0653228 0.116652 0.186777 0.273063 0.370274 0.471887 0.571445 0.663553 0.744413 0.811985 0.865863 0.906967 0.937076 0.958347 0.97291 0.982622 0.988962 0.993034 0.995618 0.997243 0.998261 0.998898 0.999296 0.999546 0.999705 0.999805 0.99987 0.999911 0.999939 0.999957 0.999969 0.999977 0.999983 0.999987 0.99999 0.999992 0.999993 0.999994 0.999995 0.999995 0.999996 0.999996 0.999996 0.999996 0.999996 0.999997 0.999997 0.999997 0.999997 0.999997 0.999997 0.999997 0.999997 0.999997 0.999997 0.999997 0.999997 0.999997 0.999997 0.999997 0.999997 0.999997 0.999997 0.999997 0.999997 0.999997 0.999997 0.999997 0.999997 0.999997 0.999997 0.999997 0.999997 0.999997 0.999997 0.999997 0.999997 0.999997 0.999997 0.999997 0.999997 0.999997 0.999997 0.999997 0.999997 0.999997 0.999997 0.999997 0.999997 0.999997 0.999997 0.999997 0.999997 0.999997 0.999997 0.999997 0.999997 0.999997
 #wt and selex for gender,fleet: 1 5 5_ORWA_NONTWL
 0.00896707 0.00944746 0.0301542 0.0733083 0.138002 0.223485 0.327129 0.445696 0.575913 0.71478 0.859674 1.00838 1.15907 1.31027 1.46087 1.61009 1.75741 1.90249 2.04511 2.18504 2.32203 2.45581 2.58605 2.71243 2.83465 2.95243 3.06555 3.17386 3.27726 3.3757 3.46921 3.55784 3.64168 3.72086 3.79552 3.86581 3.93193 3.99403 4.05232 4.10697 4.15817 4.2061 4.25094 4.29287 4.33205 4.36863 4.40279 4.43466 4.46439 4.49211 4.51794 4.54201 4.56443 4.58532 4.60476 4.62285 4.63969 4.65536 4.66994 4.6835 4.69611 4.70783 4.71873 4.72887 4.73828 4.74704 4.75517 4.76273 4.76976 4.77628 4.78239 4.78811 4.79342 4.79835 4.80293 4.80719 4.81114 4.81481 4.81822 4.82138 4.82432 4.82705 4.82958 4.83194 4.83412 4.83615 4.83803 4.83978 4.8414 4.84291 4.84431 4.84561 4.84681 4.84793 4.84897 4.84993 4.85083 4.85166 4.85243 4.85315 4.8542
 0 0.000783265 0.00178459 0.00570953 0.0151812 0.0339438 0.0656517 0.112605 0.174912 0.25038 0.335072 0.424178 0.5129 0.597111 0.673739 0.740902 0.79783 0.84467 0.882218 0.911646 0.934275 0.951402 0.964203 0.973678 0.980641 0.985735 0.989452 0.992163 0.994142 0.99559 0.996655 0.99744 0.998024 0.99846 0.998788 0.999036 0.999226 0.999372 0.999486 0.999575 0.999645 0.999701 0.999745 0.999781 0.999811 0.999835 0.999854 0.999871 0.999885 0.999896 0.999906 0.999914 0.999922 0.999928 0.999933 0.999938 0.999942 0.999945 0.999948 0.999951 0.999954 0.999956 0.999958 0.999959 0.999961 0.999962 0.999963 0.999965 0.999966 0.999966 0.999967 0.999968 0.999968 0.999969 0.999969 0.999969 0.99997 0.99997 0.99997 0.999971 0.999971 0.999971 0.999971 0.999971 0.999972 0.999972 0.999972 0.999972 0.999972 0.999972 0.999972 0.999972 0.999973 0.999973 0.999973 0.999973 0.999973 0.999973 0.999973 0.999973 0.999973
 #wt and selex for gender,fleet: 1 6 6_OR_REC
 0.00896707 0.00947433 0.0406339 0.0952562 0.170267 0.260426 0.360047 0.464779 0.572374 0.68329 0.799954 0.924899 1.05925 1.20233 1.35213 1.50616 1.66201 1.81768 1.97163 2.12272 2.2701 2.41313 2.55137 2.68448 2.81224 2.9345 3.05122 3.16237 3.26801 3.3682 3.46307 3.55276 3.63743 3.71724 3.7924 3.86309 3.92951 3.99185 4.05033 4.10513 4.15645 4.20448 4.2494 4.29139 4.33061 4.36724 4.40143 4.43333 4.46308 4.49081 4.51666 4.54075 4.56318 4.58407 4.60352 4.62162 4.63847 4.65414 4.66872 4.68228 4.69489 4.70662 4.71752 4.72766 4.73708 4.74583 4.75397 4.76153 4.76855 4.77508 4.78119 4.7869 4.79221 4.79714 4.80172 4.80598 4.80993 4.8136 4.817 4.82017 4.82311 4.82583 4.82837 4.83072 4.8329 4.83493 4.83681 4.83856 4.84018 4.84169 4.84309 4.84438 4.84559 4.84671 4.84775 4.84871 4.84961 4.85044 4.85121 4.85192 4.85298
 0 1.70062e-05 0.00011328 0.00162743 0.0118823 0.050449 0.141718 0.291484 0.47454 0.650449 0.789484 0.883528 0.939846 0.970542 0.9861 0.993547 0.996941 0.998409 0.998993 0.99918 0.999193 0.999128 0.999031 0.998921 0.998806 0.99869 0.998577 0.998466 0.99836 0.998257 0.998159 0.998066 0.997976 0.997892 0.997812 0.997736 0.997664 0.997597 0.997533 0.997474 0.997418 0.997365 0.997316 0.997269 0.997226 0.997186 0.997148 0.997112 0.997079 0.997049 0.99702 0.996993 0.996968 0.996945 0.996923 0.996903 0.996884 0.996866 0.99685 0.996835 0.996821 0.996808 0.996795 0.996784 0.996773 0.996764 0.996754 0.996746 0.996738 0.996731 0.996724 0.996717 0.996711 0.996706 0.996701 0.996696 0.996691 0.996687 0.996683 0.99668 0.996677 0.996673 0.996671 0.996668 0.996665 0.996663 0.996661 0.996659 0.996657 0.996656 0.996654 0.996653 0.996651 0.99665 0.996649 0.996648 0.996647 0.996646 0.996645 0.996644 0.996643
 #wt and selex for gender,fleet: 1 7 7_WA_REC
 0.00896707 0.00946734 0.0388735 0.0937035 0.172305 0.270893 0.384099 0.506985 0.635585 0.766963 0.899201 1.03146 1.16391 1.29737 1.4328 1.57079 1.71133 1.85384 1.99731 2.14053 2.28225 2.42136 2.55695 2.68831 2.81494 2.93649 3.05275 3.16361 3.26908 3.36917 3.46398 3.55364 3.63829 3.71811 3.79327 3.86397 3.9304 3.99276 4.05125 4.10606 4.1574 4.20544 4.25037 4.29237 4.3316 4.36824 4.40244 4.43435 4.46411 4.49185 4.51771 4.5418 4.56424 4.58513 4.60458 4.62269 4.63954 4.65522 4.6698 4.68337 4.69598 4.70771 4.71862 4.72876 4.73818 4.74694 4.75507 4.76264 4.76966 4.77619 4.7823 4.78802 4.79333 4.79826 4.80285 4.8071 4.81106 4.81473 4.81814 4.8213 4.82424 4.82697 4.8295 4.83186 4.83404 4.83607 4.83795 4.8397 4.84133 4.84283 4.84423 4.84553 4.84674 4.84785 4.84889 4.84986 4.85075 4.85158 4.85236 4.85307 4.85413
 0 4.25855e-06 2.27052e-05 0.000271805 0.00195217 0.00908018 0.0298633 0.0747262 0.150838 0.257142 0.383726 0.515686 0.638654 0.742892 0.824521 0.884384 0.925996 0.953701 0.971529 0.982704 0.989574 0.993738 0.996239 0.997735 0.998628 0.999162 0.999483 0.999678 0.999796 0.999869 0.999915 0.999944 0.999962 0.999974 0.999982 0.999987 0.999991 0.999993 0.999995 0.999996 0.999997 0.999997 0.999998 0.999998 0.999998 0.999999 0.999999 0.999999 0.999999 0.999999 0.999999 0.999999 0.999999 0.999999 0.999999 0.999999 0.999999 0.999999 0.999999 0.999999 0.999999 0.999999 0.999999 0.999999 0.999999 0.999999 0.999999 0.999999 0.999999 0.999999 0.999999 0.999999 0.999999 0.999999 0.999999 0.999999 0.999999 0.999999 0.999999 0.999999 0.999999 0.999999 0.999999 0.999999 0.999999 0.999999 0.999999 0.999999 0.999999 0.999999 0.999999 0.999999 0.999999 0.999999 0.999999 0.999999 0.999999 0.999999 0.999999 0.999999 0.999999
# Sex ratio correction
1
# M and current age-structure in year Yinit: 2011
 # gender = 1
 0.0439034 0.0439034 0.0439034 0.0439034 0.0439034 0.0439034 0.0439034 0.0439034 0.0439034 0.0439034 0.0439034 0.0439034 0.0439034 0.0439034 0.0439034 0.0439034 0.0439034 0.0439034 0.0439034 0.0439034 0.0439034 0.0439034 0.0439034 0.0439034 0.0439034 0.0439034 0.0439034 0.0439034 0.0439034 0.0439034 0.0439034 0.0439034 0.0439034 0.0439034 0.0439034 0.0439034 0.0439034 0.0439034 0.0439034 0.0439034 0.0439034 0.0439034 0.0439034 0.0439034 0.0439034 0.0439034 0.0439034 0.0439034 0.0439034 0.0439034 0.0439034 0.0439034 0.0439034 0.0439034 0.0439034 0.0439034 0.0439034 0.0439034 0.0439034 0.0439034 0.0439034 0.0439034 0.0439034 0.0439034 0.0439034 0.0439034 0.0439034 0.0439034 0.0439034 0.0439034 0.0439034 0.0439034 0.0439034 0.0439034 0.0439034 0.0439034 0.0439034 0.0439034 0.0439034 0.0439034 0.0439034 0.0439034 0.0439034 0.0439034 0.0439034 0.0439034 0.0439034 0.0439034 0.0439034 0.0439034 0.0439034 0.0439034 0.0439034 0.0439034 0.0439034 0.0439034 0.0439034 0.0439034 0.0439034 0.0439034 0.0439034
 247.084 334.278 305.585 305.599 187.669 162.835 96.9408 62.0942 94.5297 204.958 56.8197 44.3877 75.3936 51.7473 30.2876 24.4632 24.9879 51.6185 53.5035 24.6537 19.5016 19.5955 19.3998 19.5457 21.7187 24.082 30.0398 29.5905 18.2875 20.6403 16.5589 13.0269 9.22822 6.4466 7.42189 6.95981 6.93242 4.08672 3.49327 4.23879 6.42156 3.93899 2.97031 2.45599 1.90449 1.58726 1.24798 1.02213 0.963183 1.01917 1.11664 1.13494 1.02736 0.891996 0.787814 0.720299 0.686376 0.68369 0.711954 0.773254 0.866506 0.972856 1.03428 0.986941 0.863627 0.739047 0.641219 0.569969 0.518798 0.481013 0.452235 0.429572 0.411243 0.395934 0.382371 0.369481 0.35647 0.34307 0.329408 0.315911 0.303037 0.291137 0.280311 0.270532 0.261605 0.25323 0.24499 0.23688 0.228743 0.220507 0.212152 0.203697 0.195205 0.18678 0.178441 0.170302 0.16243 0.154867 0.147635 0.140746 3.02209
# Age-structure at Ydeclare= 2013
 438.531 200.256 226.312 306.171 279.88 279.862 171.82 149.01 88.6402 56.7177 86.2419 186.767 51.7217 40.3695 68.5217 47.0068 27.5031 22.2086 22.6813 46.8485 48.556 22.373 17.6969 17.7818 17.6039 17.736 19.7075 21.8514 27.2567 26.8482 16.5921 18.7261 15.0226 11.8179 8.37144 5.84789 6.73239 6.31306 6.28806 3.70677 3.16842 3.84453 5.82414 3.57246 2.69387 2.22738 1.72719 1.43947 1.13177 0.926941 0.873477 0.924248 1.01263 1.02923 0.931656 0.808902 0.714424 0.653197 0.622434 0.619997 0.645627 0.701215 0.78578 0.882221 0.937924 0.894991 0.783166 0.670192 0.581478 0.516865 0.470462 0.436198 0.410101 0.389548 0.372927 0.359044 0.346745 0.335056 0.323257 0.311105 0.298717 0.286478 0.274802 0.264012 0.254194 0.245327 0.237231 0.229636 0.222164 0.21481 0.207431 0.199963 0.192386 0.184719 0.177018 0.169378 0.161816 0.154435 0.147297 0.140438 3.00204
# Year for Tmin Age-structure (set to Ydecl by SS)
2013
#  recruitment and biomass
# Number of historical assessment years
137
# Historical data
# year recruitment spawner in B0 in R project in R/S project
1888  1889 1890 1891 1892 1893 1894 1895 1896 1897 1898 1899 1900 1901 1902 1903 1904 1905 1906 1907 1908 1909 1910 1911 1912 1913 1914 1915 1916 1917 1918 1919 1920 1921 1922 1923 1924 1925 1926 1927 1928 1929 1930 1931 1932 1933 1934 1935 1936 1937 1938 1939 1940 1941 1942 1943 1944 1945 1946 1947 1948 1949 1950 1951 1952 1953 1954 1955 1956 1957 1958 1959 1960 1961 1962 1963 1964 1965 1966 1967 1968 1969 1970 1971 1972 1973 1974 1975 1976 1977 1978 1979 1980 1981 1982 1983 1984 1985 1986 1987 1988 1989 1990 1991 1992 1993 1994 1995 1996 1997 1998 1999 2000 2001 2002 2003 2004 2005 2006 2007 2008 2009 2010 2011 2012 2013 2014 2015 2016 2017 2018 2019 2020 2021 2022 2023 2024 #years (with first value representing R0)
214.35 218.067 218.198 218.335 218.476 218.614 218.758 218.907 219.068 219.237 219.414 219.598 219.791 219.994 220.207 220.427 220.66 220.909 221.174 221.465 221.78 222.118 222.48 222.862 223.26 223.658 224.031 224.339 224.536 224.561 224.338 223.753 222.819 221.459 219.652 217.423 214.825 211.951 208.949 205.819 202.875 200.288 198.123 196.318 194.739 193.126 191.213 188.811 185.931 182.786 179.799 177.437 176.154 176.321 178.389 183.082 191.456 205.051 225.017 250.352 272.365 271.687 243.202 206.111 174.98 153.245 139.954 133.597 133.276 138.522 148.984 162.904 170.725 159.195 137.525 122.806 122.862 140.981 167.916 187.819 224.585 250.257 303.645 449.415 267.166 196.692 203.926 304.138 266.285 245.55 182.759 222.065 263.601 279.356 288.133 210.139 279.273 233.149 154.568 116.297 88.3436 75.0452 65.9283 58.0231 65.979 130.864 116.995 53.0317 48.9839 57.482 93.3613 129.512 72.6817 88.7477 305.591 134.637 84.5385 126.225 202.85 223.712 348.629 333.632 349.28 247.084 209.244 438.531 201.881 261.388 139.492 96.616 105.729 135.492 145.143 151.66 157.679 173.023 175.776  #recruits; first value is R0 (virgin)
1089.99  1089.99 1089.98 1089.97 1089.94 1089.47 1089.01 1088.55 1088.4 1088.32 1088.24 1088.18 1088.11 1088.06 1088.03 1088.02 1088.05 1088.1 1088.19 1088.31 1088.46 1088.51 1088.7 1088.91 1089.14 1089.38 1089.64 1089.9 1090.11 1090.4 1090.54 1088.64 1088.33 1088.17 1088.09 1088.31 1088.47 1088.1 1087.4 1085.91 1083.72 1081.65 1080.05 1078.13 1077.25 1076.53 1075.81 1074.55 1073.25 1070.93 1068.82 1066.36 1064.44 1061.3 1056.54 1051.33 1041.49 1030.87 1014.89 1000.07 992.915 984.904 978.484 971.177 962.186 954.328 948.18 940.929 934.041 927.171 919.265 912.216 906.402 901.89 899.316 896.093 894.483 894.025 883.678 880.367 875.114 869.294 854.663 844.763 831.512 814.92 797.283 777.618 758.09 735.694 713.54 678.746 642.276 614.579 579.395 524.243 495.355 473.463 446.377 424.03 396.484 372.401 342.644 321.507 284.943 252.099 220.593 203.108 185.901 167.077 145.248 137.071 124.921 125.604 125.244 130.316 135.477 141.005 146.556 152.542 157.993 163.893 169.671 176.017 182.787 189.928 198.043 206.97 216.524 227.193 238.056 250.583 264.469 280.818 298.883 317.443 336.837 #spbio; first value is SSB_virgin (virgin)
1 0 0 0 0 0 0 0 0 0 0 0 0 0 0 0 0 0 0 0 0 0 0 0 0 0 0 0 0 0 0 0 0 0 0 0 0 0 0 0 0 0 0 0 0 0 0 0 0 0 0 0 0 0 0 0 0 0 0 0 0 0 0 0 0 0 0 0 0 0 0 0 0 0 0 0 0 0 0 0 0 0 0 0 0 0 0 0 0 0 0 0 0 0 0 0 0 0 0 0 0 0 0 0 0 0 0 0 0 0 0 0 0 0 0 0 0 0 0 0 0 0 0 0 0 0 0 0 0 0 0 0 0 0 0 0 0  # in Bzero
0 1 1 1 1 1 1 1 1 1 1 1 1 1 1 1 1 1 1 1 1 1 1 1 1 1 1 1 1 1 1 1 1 1 1 1 1 1 1 1 1 1 1 1 1 1 1 1 1 1 1 1 1 1 1 1 1 1 1 1 1 1 1 1 1 1 1 1 1 1 1 1 1 1 1 1 1 1 1 1 1 1 1 1 1 1 1 1 1 1 1 1 1 1 1 1 1 1 1 1 1 1 1 1 1 1 1 1 1 1 1 1 1 1 1 1 1 1 1 1 1 1 1 1 1 1 1 1 1 1 1 1 1 1  0 0 0 # in R project
0 1 1 1 1 1 1 1 1 1 1 1 1 1 1 1 1 1 1 1 1 1 1 1 1 1 1 1 1 1 1 1 1 1 1 1 1 1 1 1 1 1 1 1 1 1 1 1 1 1 1 1 1 1 1 1 1 1 1 1 1 1 1 1 1 1 1 1 1 1 1 1 1 1 1 1 1 1 1 1 1 1 1 1 1 1 1 1 1 1 1 1 1 1 1 1 1 1 1 1 1 1 1 1 1 1 1 1 1 1 1 1 1 1 1 1 1 1 1 1 1 1 1 1 1 1 1 1 1 1 1 1 1 1  0 0 0 # in R/S project
# Number of years with pre-specified catches
0
# catches for years with pre-specified catches go next
# Number of future recruitments to override
-2
# Process for overiding (-1 for average otherwise index in data list)
# Which probability to product detailed results for (1=0.5; 2=0.6; etc.)
3
# Steepness sigma-R Auto-correlation
0.718 0.5 0
# Target SPR rate (FMSY Proxy); manually change to SPR_MSY if not using SPR_target
0.5
# Discount rate (for cumulative catch)
0.1
# Truncate the series when 0.4B0 is reached (1=Yes)
0
# Set F to FMSY once 0.4B0 is reached (1=Yes)
0
# Maximum possible F for projection (-1 to set to FMSY)
-1
# Defintion of recovery (1=now only;2=now or before)
2
# Projection type
4
# Definition of the 40-10 rule
10 40
# Sigma Assessment Error (Base, Year1, Slope, MaxSigma)
1.0 2025 0.075 2.0
# Pstar
0.45
# Constrain catches by the ABC (1=yes, 2=no)
2
# Implementation Error (0=no; 1=lognormal; 2=uniform)
0
#Parameters of Implementaion Error
1 0.3
# Calculate coefficients of variation (1=Yes)
0
# Number of replicates to use
10
# Random number seed
-99004
# File with multiple parameter vectors 
rebuild.SSO
# User-specific projection (1=Yes); Output replaced (1->9)
0  5
# Catches and Fs (Year; 1/2/3 (F or C or SPR); value); Final row is -1
2024 1 1
-1 -1 -1
# Fixed catch project (1=Yes); Output replaced (1->9); Approach (-1=Read in else 1-9)
0 2 -1
# (48a) Special catch options (1-Yes) [CUT_OFF, Emsy, distribution, MAXCAT, Add, replace_code]
0 0.18 1.00 1.00 0 6
# (48b) B1Target
150000
# Split of Fs
2011  0.0165765
 0
 0.389517
 0.0243932
 0.192049
 0.197209
 0.180255
-1  1 1 1 1 1 1 1 1 1 1 1 1
# Yrs to define T_target for projection type 4 (a.k.a. 5 pre-specified inputs)
2030 2031 2032 2033 2034 
# Year for probability of recovery
2034 2035 2036 2037 2038 2039 2040 2041
# Time varying weight-at-age (1=Yes;0=No)
0
# File with time series of weight-at-age data
none
# Use bisection (0) or linear interpolation (1)
1
# Target Depletion
0.4
# CV of implementation error
0
